%YAML:1.0
---
mat: !!opencv-matrix
   rows: 126
   cols: 128
   dt: f
   data: [ 3., 5., 99., 39., 9., 1., 3., 1., 3., 16., 130., 128., 9., 0.,
       0., 0., 29., 86., 109., 16., 2., 0., 0., 0., 1., 2., 1., 0., 0.,
       0., 0., 0., 56., 12., 30., 36., 105., 31., 9., 11., 34., 26., 78.,
       109., 130., 119., 26., 9., 130., 87., 34., 9., 5., 12., 12., 36.,
       9., 2., 0., 0., 0., 0., 0., 1., 32., 6., 0., 2., 21., 30., 80.,
       44., 11., 1., 0., 1., 26., 130., 130., 29., 88., 2., 0., 0., 2.,
       41., 130., 130., 3., 0., 0., 0., 0., 0., 1., 5., 24., 4., 42.,
       23., 0., 1., 16., 39., 2., 25., 61., 8., 5., 18., 28., 3., 1., 6.,
       3., 1., 11., 11., 25., 5., 0., 0., 0., 0., 0., 0., 0., 0., 0., 0.,
       0., 0., 0., 0., 0., 0., 0., 3., 5., 1., 0., 0., 0., 0., 4., 16.,
       6., 0., 0., 0., 0., 3., 1., 1., 0., 10., 6., 1., 3., 7., 0., 0.,
       7., 46., 28., 2., 0., 0., 15., 37., 129., 129., 15., 2., 1., 5.,
       129., 129., 88., 18., 0., 0., 1., 14., 32., 9., 0., 12., 46., 24.,
       5., 9., 0., 0., 3., 44., 117., 129., 7., 2., 35., 9., 34., 102.,
       67., 129., 73., 78., 129., 74., 12., 6., 1., 2., 27., 129., 44.,
       51., 31., 8., 9., 18., 1., 3., 1., 2., 2., 0., 10., 88., 10., 3.,
       2., 1., 4., 7., 26., 129., 80., 46., 24., 25., 38., 46., 7., 9.,
       46., 81., 12., 51., 50., 31., 6., 1., 1., 2., 9., 2., 0., 0.,
       116., 20., 0., 0., 116., 33., 2., 8., 66., 11., 0., 4., 56., 14.,
       1., 23., 116., 17., 0., 11., 116., 16., 0., 3., 18., 1., 0., 18.,
       4., 1., 0., 0., 116., 20., 0., 1., 116., 31., 3., 8., 87., 19.,
       5., 21., 53., 21., 2., 22., 56., 98., 15., 19., 77., 89., 1., 3.,
       22., 12., 1., 12., 3., 0., 0., 0., 116., 18., 0., 0., 116., 16.,
       0., 0., 95., 15., 3., 11., 67., 10., 0., 2., 87., 93., 8., 7.,
       68., 68., 1., 2., 67., 29., 0., 2., 1., 0., 0., 2., 113., 8., 0.,
       0., 116., 33., 1., 1., 90., 9., 3., 5., 58., 23., 4., 33., 79.,
       6., 3., 3., 56., 2., 0., 12., 64., 5., 5., 49., 39., 17., 0., 1.,
       59., 77., 1., 1., 67., 102., 9., 8., 42., 19., 0., 1., 78., 19.,
       5., 18., 118., 8., 0., 0., 118., 12., 0., 1., 3., 0., 0., 0., 44.,
       3., 0., 20., 99., 45., 1., 6., 94., 52., 7., 26., 84., 25., 3.,
       35., 105., 17., 3., 13., 118., 47., 4., 17., 118., 16., 0., 0.,
       7., 2., 0., 0., 24., 0., 0., 9., 118., 43., 0., 14., 118., 37.,
       2., 11., 87., 48., 5., 13., 96., 28., 3., 20., 118., 21., 3., 7.,
       118., 32., 0., 1., 14., 2., 1., 3., 2., 0., 0., 0., 20., 46., 2.,
       5., 20., 15., 2., 3., 14., 94., 69., 7., 19., 13., 4., 15., 41.,
       25., 109., 18., 58., 13., 0., 0., 4., 3., 39., 44., 2., 2., 25.,
       35., 74., 9., 0., 1., 42., 35., 96., 21., 31., 10., 3., 21., 16.,
       86., 71., 6., 23., 14., 3., 5., 23., 51., 3., 2., 0., 0., 0., 0.,
       10., 1., 0., 7., 121., 8., 0., 1., 121., 10., 1., 11., 110., 15.,
       3., 34., 88., 39., 6., 22., 121., 25., 2., 16., 121., 41., 1.,
       15., 14., 0., 0., 11., 10., 1., 0., 10., 121., 0., 0., 1., 121.,
       30., 4., 26., 96., 14., 4., 24., 85., 20., 3., 48., 91., 40., 4.,
       40., 100., 24., 0., 15., 42., 1., 0., 35., 13., 0., 0., 7., 121.,
       0., 0., 2., 121., 1., 0., 3., 58., 21., 5., 35., 36., 27., 0., 2.,
       89., 86., 5., 8., 66., 62., 1., 3., 41., 8., 0., 1., 17., 15.,
       95., 85., 4., 1., 1., 2., 34., 69., 113., 15., 21., 2., 0., 2.,
       139., 115., 18., 1., 1., 0., 0., 0., 29., 5., 0., 1., 3., 1., 0.,
       0., 37., 6., 10., 22., 26., 17., 28., 86., 76., 14., 4., 4., 74.,
       73., 15., 50., 139., 49., 2., 1., 9., 10., 1., 14., 58., 6., 0.,
       0., 2., 1., 0., 0., 26., 3., 0., 0., 2., 17., 139., 112., 21., 0.,
       0., 0., 56., 139., 70., 59., 139., 12., 0., 0., 14., 47., 12.,
       30., 71., 6., 0., 0., 2., 1., 0., 1., 80., 32., 28., 3., 1., 2.,
       27., 23., 4., 16., 16., 2., 56., 100., 19., 6., 102., 1., 0., 0.,
       16., 57., 21., 55., 43., 1., 0., 0., 1., 0., 0., 10., 38., 34.,
       65., 10., 33., 15., 2., 14., 69., 115., 29., 7., 21., 5., 0., 0.,
       23., 19., 8., 85., 24., 0., 0., 1., 40., 4., 17., 35., 3., 0., 3.,
       29., 92., 32., 2., 22., 99., 18., 1., 12., 115., 45., 1., 15.,
       74., 10., 1., 27., 87., 16., 2., 65., 115., 0., 0., 5., 115., 6.,
       1., 9., 7., 0., 0., 21., 106., 12., 1., 7., 53., 58., 13., 36.,
       102., 96., 2., 6., 61., 69., 6., 11., 80., 53., 2., 11., 109.,
       25., 1., 2., 115., 26., 0., 0., 8., 5., 0., 1., 115., 23., 1., 9.,
       60., 15., 2., 7., 68., 20., 1., 15., 115., 28., 5., 30., 89., 15.,
       0., 0., 15., 62., 11., 39., 59., 40., 1., 0., 3., 34., 10., 3.,
       31., 126., 26., 5., 2., 1., 3., 20., 23., 47., 59., 94., 46., 12.,
       1., 8., 132., 118., 26., 13., 5., 2., 0., 7., 33., 10., 0., 0.,
       1., 1., 0., 0., 120., 28., 3., 5., 19., 8., 6., 41., 68., 17., 3.,
       46., 132., 39., 8., 25., 132., 42., 2., 9., 16., 6., 3., 31., 63.,
       7., 2., 0., 0., 0., 0., 1., 85., 5., 0., 2., 13., 13., 56., 102.,
       33., 3., 0., 11., 60., 102., 127., 70., 132., 7., 0., 2., 4., 12.,
       65., 132., 35., 3., 3., 1., 0., 0., 0., 12., 2., 0., 1., 0., 0.,
       2., 109., 52., 1., 0., 1., 0., 0., 8., 91., 31., 4., 1., 3., 0.,
       0., 1., 32., 44., 2., 1., 6., 1., 0., 0., 0., 3., 1., 1., 0., 1.,
       3., 0., 0., 0., 13., 7., 0., 1., 0., 0., 0., 0., 2., 2., 15., 14.,
       0., 0., 0., 0., 0., 11., 33., 2., 0., 0., 0., 0., 12., 9., 2., 9.,
       118., 72., 10., 9., 118., 51., 3., 13., 29., 16., 11., 42., 31.,
       11., 83., 118., 110., 29., 0., 1., 34., 105., 118., 32., 15., 11.,
       1., 6., 11., 11., 5., 6., 103., 113., 15., 9., 83., 81., 25., 14.,
       42., 33., 19., 44., 20., 51., 16., 18., 118., 118., 2., 1., 107.,
       47., 17., 7., 72., 69., 10., 36., 30., 10., 1., 10., 114., 19.,
       0., 0., 30., 54., 12., 20., 82., 20., 0., 2., 54., 61., 4., 3.,
       86., 27., 1., 4., 48., 30., 1., 2., 115., 44., 2., 8., 18., 119.,
       31., 2., 0., 1., 15., 11., 21., 119., 30., 9., 1., 0., 2., 11.,
       10., 45., 64., 82., 13., 1., 0., 3., 69., 95., 21., 5., 1., 0.,
       0., 1., 20., 24., 3., 4., 34., 41., 82., 26., 91., 60., 11., 7.,
       15., 6., 6., 56., 52., 22., 15., 54., 114., 27., 3., 18., 119.,
       40., 5., 5., 6., 2., 0., 13., 13., 3., 1., 32., 104., 40., 15.,
       10., 119., 15., 1., 6., 25., 14., 10., 57., 47., 9., 1., 30.,
       111., 67., 44., 38., 119., 16., 1., 3., 4., 4., 16., 75., 2., 0.,
       0., 11., 13., 35., 119., 16., 21., 0., 0., 0., 1., 8., 103., 104.,
       4., 0., 0., 0., 4., 40., 119., 45., 20., 0., 0., 0., 0., 1., 34.,
       77., 0., 2., 37., 70., 14., 0., 0., 0., 1., 28., 105., 56., 7.,
       0., 0., 0., 2., 5., 95., 116., 34., 0., 0., 0., 29., 28., 116.,
       14., 1., 0., 0., 19., 4., 6., 24., 85., 116., 26., 1., 2., 106.,
       76., 52., 36., 44., 12., 1., 17., 23., 14., 7., 39., 116., 30.,
       1., 3., 104., 59., 19., 6., 11., 5., 2., 21., 4., 2., 0., 3.,
       116., 62., 3., 3., 116., 40., 3., 13., 61., 26., 12., 40., 18.,
       8., 4., 43., 88., 68., 20., 8., 16., 24., 76., 38., 23., 46., 11.,
       2., 0., 0., 0., 0., 74., 99., 15., 2., 19., 3., 0., 2., 16., 55.,
       64., 88., 3., 0., 1., 10., 14., 95., 46., 21., 0., 0., 3., 7.,
       14., 116., 46., 1., 8., 1., 5., 14., 18., 20., 3., 14., 10., 1.,
       1., 4., 27., 60., 48., 33., 2., 0., 1., 14., 61., 117., 117., 73.,
       15., 1., 1., 2., 4., 36., 74., 117., 33., 14., 0., 1., 77., 112.,
       9., 9., 116., 27., 3., 5., 10., 13., 48., 86., 18., 15., 11., 55.,
       34., 61., 117., 66., 71., 39., 7., 17., 17., 21., 39., 89., 17.,
       3., 2., 13., 117., 41., 7., 12., 92., 84., 78., 24., 22., 9., 5.,
       24., 47., 49., 44., 67., 38., 8., 13., 53., 74., 16., 3., 11.,
       17., 7., 10., 67., 0., 0., 0., 5., 86., 64., 19., 1., 17., 16.,
       17., 9., 27., 46., 80., 40., 57., 33., 5., 0., 0., 0., 53., 83.,
