%YAML:1.0
---
mat: !!opencv-matrix
   rows: 145
   cols: 128
   dt: f
   data: [ 6., 1., 2., 1., 0., 0., 0., 0., 10., 5., 27., 4., 0., 0., 0.,
       0., 10., 11., 44., 1., 0., 0., 0., 0., 8., 15., 27., 0., 0., 0.,
       0., 0., 1., 1., 6., 19., 21., 7., 0., 0., 6., 13., 142., 105.,
       72., 21., 0., 0., 68., 68., 142., 20., 10., 11., 4., 15., 6., 80.,
       131., 16., 25., 28., 4., 5., 0., 0., 0., 2., 28., 20., 0., 0.,
       29., 7., 12., 21., 142., 105., 0., 0., 142., 43., 13., 6., 59.,
       32., 7., 23., 44., 31., 11., 12., 142., 88., 7., 9., 0., 0., 0.,
       0., 13., 2., 0., 0., 11., 3., 0., 0., 142., 42., 0., 0., 142.,
       76., 4., 9., 83., 13., 1., 3., 41., 21., 6., 50., 107., 25., 7.,
       11., 127., 8., 2., 31., 39., 5., 4., 68., 40., 4., 1., 27., 139.,
       22., 8., 38., 139., 0., 0., 8., 75., 2., 0., 48., 59., 0., 0., 0.,
       0., 0., 0., 11., 139., 40., 5., 11., 33., 70., 31., 18., 57., 23.,
       8., 103., 139., 23., 16., 8., 139., 17., 0., 13., 51., 5., 11.,
       40., 54., 7., 0., 0., 0., 0., 0., 5., 8., 5., 1., 3., 6., 93.,
       93., 6., 8., 4., 2., 19., 45., 121., 139., 11., 100., 10., 0., 1.,
       7., 25., 139., 86., 27., 5., 0., 0., 0., 0., 4., 14., 0., 0., 0.,
       2., 11., 7., 5., 0., 0., 0., 0., 2., 12., 14., 22., 0., 0., 0.,
       0., 2., 8., 7., 27., 4., 0., 0., 0., 0., 2., 1., 2., 2., 0., 0.,
       26., 1., 0., 0., 0., 0., 0., 1., 36., 16., 0., 0., 0., 0., 5.,
       17., 23., 7., 0., 0., 0., 1., 2., 1., 0., 0., 0., 0., 4., 1., 0.,
       1., 149., 12., 0., 0., 26., 3., 12., 19., 149., 69., 0., 1., 37.,
       5., 149., 97., 80., 19., 0., 0., 7., 15., 27., 3., 0., 0., 0., 1.,
       10., 5., 5., 15., 65., 5., 1., 5., 149., 53., 14., 6., 59., 27.,
       7., 42., 149., 24., 149., 13., 9., 8., 3., 17., 59., 83., 34., 0.,
       0., 0., 0., 0., 12., 12., 5., 58., 121., 20., 4., 16., 36., 12.,
       17., 14., 149., 71., 6., 10., 37., 41., 124., 11., 19., 17., 3.,
       4., 5., 86., 16., 0., 0., 0., 0., 0., 10., 12., 0., 0., 14., 11.,
       9., 1., 0., 0., 0., 0., 32., 19., 11., 1., 0., 0., 0., 7., 34.,
       10., 7., 0., 0., 0., 0., 3., 2., 1., 1., 0., 0., 0., 18., 13.,
       94., 44., 7., 7., 4., 17., 8., 12., 146., 122., 69., 26., 3., 2.,
       117., 93., 137., 26., 7., 1., 0., 10., 31., 14., 3., 0., 0., 0.,
       0., 5., 124., 13., 11., 9., 20., 20., 11., 69., 33., 6., 8., 19.,
       146., 111., 7., 8., 146., 37., 8., 5., 52., 12., 0., 16., 55., 5.,
       0., 0., 0., 0., 0., 6., 106., 92., 8., 2., 14., 9., 1., 4., 16.,
       16., 9., 14., 146., 37., 0., 0., 146., 45., 0., 1., 76., 9., 0.,
       0., 59., 10., 0., 0., 0., 0., 0., 0., 0., 0., 0., 2., 18., 0., 0.,
       0., 18., 0., 0., 32., 152., 0., 0., 3., 152., 0., 0., 8., 70., 4.,
       4., 61., 47., 2., 0., 2., 70., 86., 11., 19., 0., 0., 0., 18.,
       33., 1., 0., 0., 35., 0., 0., 91., 152., 17., 9., 6., 152., 26.,
       5., 15., 50., 4., 8., 34., 52., 13., 10., 79., 108., 7., 2., 4.,
       0., 0., 0., 8., 27., 19., 5., 1., 8., 0., 0., 23., 91., 109.,
       152., 17., 99., 20., 5., 5., 8., 17., 152., 86., 11., 10., 10.,
       53., 33., 27., 91., 21., 4., 0., 0., 0., 0., 2., 3., 2., 8., 0.,
       0., 0., 0., 6., 37., 8., 8., 0., 0., 0., 0., 1., 54., 13., 5., 0.,
       0., 0., 0., 3., 46., 15., 1., 4., 40., 35., 23., 2., 0., 0., 13.,
       54., 113., 15., 6., 1., 0., 2., 8., 72., 68., 4., 2., 1., 0., 1.,
       15., 36., 4., 1., 0., 0., 0., 0., 5., 2., 10., 21., 121., 17., 0.,
       0., 121., 34., 35., 16., 80., 13., 5., 30., 64., 86., 40., 19.,
       103., 22., 5., 12., 101., 89., 6., 25., 9., 0., 0., 4., 7., 1.,
       0., 7., 121., 2., 0., 0., 121., 31., 5., 17., 103., 8., 3., 17.,
       92., 20., 5., 38., 107., 33., 6., 33., 121., 26., 2., 30., 47.,
       1., 0., 31., 8., 0., 0., 7., 121., 1., 0., 1., 121., 3., 0., 3.,
       65., 14., 7., 38., 45., 22., 2., 5., 81., 82., 10., 15., 62., 63.,
       4., 7., 47., 11., 1., 6., 6., 2., 2., 7., 117., 16., 0., 0., 117.,
       32., 11., 12., 91., 11., 2., 7., 116., 60., 12., 14., 52., 8., 2.,
       11., 74., 29., 11., 58., 32., 0., 0., 2., 6., 1., 0., 1., 117.,
       12., 0., 1., 117., 16., 1., 3., 115., 32., 11., 39., 86., 54., 4.,
       8., 73., 68., 13., 21., 90., 43., 5., 16., 46., 16., 8., 11., 3.,
       0., 0., 4., 117., 26., 8., 1., 117., 27., 2., 7., 96., 27., 35.,
       44., 64., 17., 2., 17., 111., 33., 41., 77., 58., 6., 0., 0., 5.,
       31., 51., 103., 1., 0., 0., 0., 16., 31., 29., 4., 16., 1., 0.,
       0., 7., 21., 100., 63., 11., 1., 0., 1., 4., 6., 72., 76., 13.,
       0., 0., 0., 0., 4., 17., 49., 8., 6., 75., 102., 8., 2., 3., 2.,
       22., 42., 127., 29., 20., 4., 1., 2., 140., 96., 24., 2., 1., 0.,
       0., 1., 31., 4., 0., 0., 12., 4., 0., 1., 23., 3., 7., 29., 39.,
       21., 28., 52., 60., 14., 6., 5., 71., 80., 17., 33., 140., 45.,
       2., 0., 7., 11., 3., 10., 61., 4., 0., 0., 12., 5., 0., 1., 20.,
       2., 0., 0., 3., 28., 140., 79., 19., 0., 0., 0., 62., 140., 85.,
       41., 140., 13., 0., 0., 20., 52., 8., 20., 74., 5., 0., 0., 11.,
       3., 0., 1., 75., 28., 28., 4., 1., 4., 41., 21., 2., 12., 17., 3.,
       83., 125., 22., 5., 117., 2., 0., 0., 32., 74., 16., 48., 49., 1.,
       0., 0., 8., 3., 0., 9., 35., 38., 61., 9., 27., 17., 5., 6., 56.,
       117., 30., 7., 17., 5., 0., 0., 24., 23., 12., 82., 23., 0., 0.,
       0., 58., 10., 18., 26., 2., 1., 2., 20., 96., 33., 6., 18., 88.,
       22., 5., 7., 117., 55., 3., 12., 69., 13., 1., 29., 91., 24., 5.,
       64., 117., 1., 0., 3., 117., 18., 2., 9., 10., 0., 0., 7., 117.,
       18., 2., 7., 31., 53., 18., 25., 73., 99., 7., 6., 62., 75., 10.,
       10., 75., 71., 5., 8., 106., 38., 3., 4., 117., 42., 0., 0., 12.,
       13., 2., 2., 117., 33., 2., 8., 33., 13., 3., 7., 51., 16., 2.,
       17., 117., 34., 8., 29., 101., 14., 0., 0., 11., 53., 18., 57.,
       56., 29., 1., 0., 2., 40., 26., 9., 1., 44., 38., 10., 38., 25.,
       0., 0., 14., 41., 18., 53., 116., 19., 0., 0., 116., 51., 7., 17.,
       42., 20., 3., 12., 29., 16., 4., 5., 116., 45., 2., 4., 11., 20.,
       4., 3., 116., 63., 0., 0., 92., 49., 4., 3., 64., 85., 8., 6.,
       53., 81., 14., 9., 69., 99., 10., 5., 33., 46., 20., 17., 116.,
       31., 2., 8., 9., 1., 0., 2., 116., 36., 1., 5., 116., 5., 0., 1.,
       84., 32., 4., 46., 65., 14., 1., 16., 116., 73., 4., 9., 90., 32.,
       4., 5., 82., 40., 6., 13., 2., 1., 2., 16., 72., 11., 11., 17.,
       34., 0., 0., 0., 24., 20., 12., 85., 12., 3., 0., 0., 42., 116.,
       31., 8., 21., 17., 4., 3., 20., 41., 75., 11., 6., 2., 1., 14.,
       72., 65., 81., 16., 65., 17., 6., 32., 145., 21., 25., 19., 145.,
       81., 7., 5., 11., 1., 0., 9., 12., 11., 23., 4., 0., 0., 0., 0.,
       0., 0., 17., 22., 98., 17., 15., 0., 53., 30., 12., 71., 145.,
       32., 11., 12., 145., 102., 12., 14., 16., 4., 6., 28., 26., 15.,
       31., 2., 0., 0., 0., 0., 0., 0., 42., 17., 40., 10., 0., 0., 18.,
       1., 7., 9., 144., 128., 112., 43., 145., 13., 14., 1., 6., 13.,
       70., 126., 12., 8., 49., 1., 0., 0., 0., 1., 0., 1., 51., 3., 0.,
       1., 0., 0., 0., 2., 50., 3., 1., 7., 14., 2., 1., 3., 54., 2., 0.,
       0., 9., 6., 0., 1., 51., 1., 0., 0., 0., 0., 37., 133., 16., 1.,
       2., 2., 5., 10., 19., 63., 75., 68., 23., 0., 0., 5., 133., 133.,
       44., 26., 6., 0., 0., 1., 47., 31., 7., 1., 3., 3., 0., 0., 114.,
       50., 8., 17., 22., 2., 2., 12., 73., 27., 12., 107., 102., 12.,
       4., 16., 133., 54., 9., 25., 16., 2., 2., 24., 81., 27., 19., 0.,
       0., 0., 0., 1., 77., 7., 1., 8., 9., 13., 88., 86., 38., 5., 2.,
       19., 48., 76., 114., 79., 133., 16., 3., 3., 4., 10., 49., 133.,
       39., 21., 34., 0., 0., 0., 0., 5., 1., 1., 9., 0., 0., 8., 89.,
       29., 1., 5., 12., 0., 0., 4., 68., 35., 11., 10., 27., 0., 0., 0.,
       18., 37., 2., 8., 45., 0., 0., 0., 0., 1., 0., 2., 22., 65., 67.,
