%YAML:1.0
---
mat: !!opencv-matrix
   rows: 31
   cols: 128
   dt: f
   data: [ 55., 11., 10., 19., 1., 0., 0., 7., 2., 3., 16., 120., 74.,
       0., 0., 0., 58., 31., 10., 64., 57., 1., 6., 15., 105., 93., 1.,
       0., 1., 2., 4., 10., 22., 23., 23., 63., 36., 0., 0., 2., 19.,
       23., 37., 120., 120., 12., 3., 3., 120., 54., 23., 28., 11., 6.,
       35., 58., 68., 48., 1., 0., 0., 5., 54., 43., 7., 63., 50., 81.,
       29., 0., 0., 0., 32., 30., 10., 78., 98., 47., 64., 39., 120.,
       27., 10., 2., 3., 11., 51., 117., 29., 26., 26., 0., 0., 1., 10.,
       11., 24., 27., 18., 39., 36., 7., 0., 4., 16., 120., 49., 28.,
       43., 19., 9., 9., 15., 120., 93., 13., 2., 1., 9., 18., 4., 68.,
       76., 7., 2., 1., 0., 0., 129., 31., 7., 4., 19., 22., 16., 33.,
       62., 16., 1., 4., 68., 42., 7., 10., 129., 44., 1., 1., 1., 1.,
       1., 11., 23., 2., 0., 0., 0., 0., 9., 25., 102., 2., 1., 4., 26.,
       33., 30., 57., 44., 22., 10., 16., 129., 89., 9., 18., 129., 96.,
       9., 6., 9., 8., 5., 25., 73., 5., 0., 0., 0., 0., 7., 29., 20.,
       1., 0., 2., 11., 39., 114., 111., 11., 2., 1., 2., 90., 129., 46.,
       41., 129., 8., 1., 1., 10., 47., 36., 92., 101., 1., 0., 0., 0.,
       0., 4., 27., 1., 0., 0., 0., 2., 10., 41., 16., 0., 0., 0., 0.,
       57., 116., 13., 3., 96., 6., 0., 1., 21., 42., 11., 27., 83., 4.,
       0., 0., 0., 0., 4., 22., 0., 3., 22., 12., 2., 0., 0., 0., 0., 1.,
       13., 126., 37., 0., 0., 0., 77., 17., 14., 62., 21., 0., 1., 11.,
       91., 11., 3., 0., 0., 0., 0., 21., 0., 1., 26., 60., 24., 0., 0.,
       0., 11., 18., 37., 126., 105., 3., 1., 2., 126., 76., 42., 43.,
       5., 1., 1., 13., 81., 35., 44., 1., 0., 0., 0., 5., 0., 0., 14.,
       97., 72., 0., 0., 0., 31., 6., 6., 121., 126., 23., 9., 30., 126.,
       31., 33., 48., 12., 6., 7., 67., 33., 75., 126., 51., 6., 0., 2.,
       8., 0., 1., 8., 114., 64., 0., 0., 0., 51., 10., 7., 62., 52., 2.,
       2., 35., 52., 11., 18., 119., 35., 0., 0., 31., 57., 68., 25.,
       41., 9., 0., 2., 18., 31., 11., 0., 0., 9., 61., 39., 6., 31.,
       12., 6., 15., 12., 36., 63., 35., 19., 25., 12., 8., 35., 72.,
       11., 10., 38., 37., 8., 6., 42., 43., 8., 8., 92., 53., 0., 8.,
       17., 12., 14., 5., 9., 16., 32., 111., 111., 35., 28., 8., 111.,
       109., 48., 47., 21., 32., 11., 32., 56., 8., 0., 1., 19., 88.,
       79., 49., 83., 72., 0., 2., 22., 39., 5., 4., 34., 18., 2., 23.,
       96., 111., 65., 20., 111., 47., 15., 16., 23., 43., 65., 98.,
       104., 55., 3., 1., 0., 6., 41., 39., 51., 17., 0., 0., 5., 61.,
       24., 12., 66., 20., 0., 1., 26., 63., 13., 8., 28., 21., 10., 14.,
       64., 108., 23., 14., 111., 68., 4., 1., 1., 4., 6., 13., 10., 55.,
       76., 23., 5., 0., 0., 1., 1., 10., 19., 112., 112., 11., 4., 2.,
       104., 28., 15., 32., 29., 11., 13., 49., 60., 6., 1., 28., 39.,
       1., 0., 12., 85., 78., 45., 55., 19., 2., 1., 16., 19., 36., 77.,
       112., 81., 17., 10., 8., 112., 112., 55., 26., 10., 7., 12., 51.,
       46., 21., 11., 83., 36., 0., 0., 7., 90., 13., 4., 15., 34., 13.,
       4., 50., 15., 15., 12., 39., 79., 67., 112., 46., 92., 24., 7.,
       21., 28., 6., 81., 112., 48., 9., 4., 65., 88., 1., 0., 13., 84.,
       18., 10., 30., 13., 1., 0., 5., 33., 67., 35., 30., 12., 4., 15.,
       14., 25., 43., 7., 49., 37., 0., 11., 17., 44., 10., 3., 59., 56.,
       0., 0., 1., 3., 63., 86., 9., 5., 18., 7., 1., 2., 40., 60., 7.,
       11., 69., 8., 0., 0., 18., 48., 10., 17., 110., 26., 0., 0., 28.,
       58., 2., 4., 57., 21., 0., 15., 33., 33., 13., 26., 111., 47.,
       14., 20., 67., 111., 85., 61., 27., 12., 11., 93., 111., 93., 18.,
       7., 40., 16., 9., 15., 12., 12., 9., 7., 111., 28., 0., 0., 0.,
       14., 49., 40., 109., 32., 2., 10., 11., 33., 33., 98., 111., 55.,
       19., 111., 37., 15., 22., 13., 35., 55., 77., 19., 22., 72., 64.,
       16., 13., 2., 1., 0., 3., 37., 84., 75., 25., 0., 0., 5., 77.,
       85., 24., 19., 43., 21., 4., 5., 46., 59., 9., 13., 21., 26., 10.,
       1., 14., 31., 17., 31., 53., 13., 1., 54., 3., 0., 0., 151., 48.,
       0., 3., 151., 17., 0., 4., 18., 4., 10., 17., 18., 18., 17., 24.,
       28., 1., 12., 17., 38., 29., 6., 1., 0., 0., 2., 5., 46., 1., 0.,
       0., 151., 65., 0., 3., 151., 23., 0., 1., 39., 15., 0., 5., 47.,
       8., 2., 7., 61., 44., 3., 10., 98., 10., 1., 1., 2., 3., 2., 25.,
       31., 0., 0., 0., 151., 60., 0., 1., 151., 9., 0., 0., 52., 16.,
       0., 3., 65., 5., 0., 0., 58., 42., 3., 10., 80., 12., 0., 0., 4.,
       4., 2., 19., 15., 1., 0., 0., 151., 45., 0., 0., 151., 11., 0.,
       0., 56., 14., 0., 1., 58., 7., 5., 19., 44., 19., 2., 3., 59.,
       20., 6., 6., 4., 4., 2., 12., 0., 17., 58., 17., 4., 5., 6., 6.,
       2., 52., 76., 35., 5., 3., 2., 3., 3., 10., 133., 79., 4., 6.,
       11., 8., 21., 55., 92., 13., 3., 0., 5., 20., 1., 8., 15., 54.,
       61., 17., 11., 11., 81., 64., 45., 56., 39., 16., 28., 15., 23.,
       4., 41., 40., 10., 27., 133., 74., 22., 15., 13., 13., 29., 4.,
       79., 100., 12., 3., 3., 133., 118., 0., 0., 3., 133., 29., 7.,
       57., 44., 0., 4., 40., 93., 3., 0., 0., 0., 0., 33., 30., 2., 1.,
       0., 25., 84., 11., 13., 8., 40., 1., 0., 119., 115., 0., 0., 20.,
       133., 1., 1., 21., 17., 0., 0., 110., 47., 6., 0., 0., 0., 0., 0.,
       10., 2., 3., 0., 1., 23., 22., 7., 0., 36., 6., 0., 0., 146., 54.,
       0., 0., 146., 45., 2., 4., 22., 6., 2., 2., 39., 14., 6., 9., 5.,
       4., 9., 29., 62., 6., 0., 0., 0., 0., 1., 29., 25., 2., 0., 0.,
       146., 73., 0., 0., 146., 16., 0., 1., 43., 15., 10., 29., 45.,
       11., 7., 10., 4., 1., 40., 84., 34., 25., 4., 1., 0., 0., 2., 39.,
       11., 0., 0., 0., 146., 74., 1., 1., 146., 18., 0., 1., 67., 23.,
       3., 9., 82., 18., 8., 20., 39., 11., 3., 7., 82., 34., 5., 3., 4.,
       2., 1., 9., 3., 0., 0., 0., 146., 54., 0., 1., 146., 7., 0., 0.,
       77., 25., 1., 6., 93., 3., 0., 0., 24., 35., 4., 8., 76., 2., 0.,
       0., 4., 8., 2., 21., 108., 36., 0., 0., 28., 43., 10., 32., 35.,
       11., 3., 6., 57., 82., 26., 22., 113., 26., 3., 5., 30., 11., 6.,
       24., 39., 10., 2., 19., 66., 27., 4., 7., 62., 13., 0., 3., 31.,
       23., 26., 92., 10., 15., 28., 94., 113., 82., 26., 13., 113.,
       100., 35., 24., 18., 22., 12., 25., 50., 9., 0., 2., 53., 72.,
       12., 13., 52., 54., 21., 2., 18., 16., 4., 7., 21., 8., 3., 17.,
       91., 113., 70., 13., 113., 13., 3., 6., 15., 49., 77., 75., 58.,
       5., 2., 4., 87., 42., 1., 9., 113., 58., 14., 1., 6., 9., 15.,
       24., 52., 7., 0., 2., 37., 92., 25., 19., 41., 2., 1., 7., 28.,
       46., 60., 61., 27., 1., 1., 3., 56., 84., 17., 39., 20., 8., 40.,
       74., 3., 0., 5., 25., 13., 2., 25., 36., 2., 2., 15., 108., 20.,
       26., 80., 53., 0., 1., 7., 51., 53., 110., 41., 5., 0., 0., 4.,
       13., 36., 5., 17., 43., 7., 1., 27., 87., 21., 20., 91., 111.,
       39., 16., 7., 28., 111., 76., 66., 42., 3., 4., 12., 48., 90.,
       18., 22., 21., 0., 0., 10., 75., 8., 10., 66., 107., 12., 2., 9.,
       16., 51., 22., 25., 46., 39., 56., 89., 62., 111., 17., 8., 22.,
       7., 11., 76., 111., 27., 5., 53., 102., 30., 5., 0., 16., 31.,
       11., 25., 35., 6., 2., 9., 65., 69., 17., 41., 36., 2., 0., 14.,
       97., 15., 39., 83., 45., 6., 0., 13., 24., 13., 6., 5., 26., 96.,
       20., 1., 3., 20., 10., 87., 62., 0., 0., 0., 10., 55., 102., 81.,
       24., 9., 0., 0., 3., 50., 52., 10., 50., 101., 0., 0., 0., 115.,
       99., 11., 5., 6., 2., 8., 5., 22., 15., 78., 125., 0., 0., 16.,
       23., 125., 65., 27., 12., 13., 1., 10., 24., 103., 15., 2., 25.,
       125., 8., 0., 18., 125., 38., 10., 8., 21., 2., 0., 36., 20., 0.,
       3., 16., 8., 15., 61., 125., 125., 18., 1., 3., 19., 15., 33.,
       44., 87., 11., 2., 8., 89., 18., 4., 29., 115., 9., 4., 11., 11.,
