%YAML:1.0
---
mat: !!opencv-matrix
   rows: 63
   cols: 128
   dt: f
   data: [ 0., 0., 1., 3., 2., 2., 3., 1., 2., 10., 30., 18., 1., 1., 1.,
       1., 1., 25., 30., 3., 2., 1., 0., 0., 1., 2., 5., 26., 10., 2.,
       0., 0., 6., 16., 4., 27., 41., 2., 3., 1., 10., 34., 117., 127.,
       98., 8., 1., 4., 127., 127., 94., 23., 7., 2., 1., 12., 23., 10.,
       2., 67., 82., 3., 0., 1., 31., 18., 3., 7., 79., 22., 4., 29.,
       20., 9., 8., 48., 127., 127., 41., 54., 127., 31., 6., 6., 9.,
       15., 26., 127., 29., 2., 2., 19., 127., 35., 2., 15., 36., 30.,
       7., 0., 50., 10., 3., 11., 27., 5., 2., 9., 127., 38., 11., 17.,
       127., 10., 1., 1., 6., 5., 7., 60., 12., 1., 1., 16., 127., 21.,
       2., 8., 0., 0., 7., 34., 14., 0., 0., 0., 15., 48., 45., 39., 7.,
       0., 0., 0., 14., 25., 21., 72., 25., 0., 0., 0., 54., 32., 17.,
       17., 3., 0., 0., 2., 1., 1., 3., 44., 120., 1., 0., 0., 120., 44.,
       19., 52., 85., 1., 0., 10., 88., 14., 3., 56., 120., 1., 0., 12.,
       120., 6., 2., 7., 11., 1., 0., 31., 2., 0., 0., 10., 120., 1., 0.,
       1., 120., 11., 0., 14., 117., 3., 1., 13., 110., 12., 1., 58.,
       112., 0., 0., 4., 120., 7., 0., 3., 4., 0., 0., 8., 1., 1., 0.,
       12., 120., 0., 0., 0., 120., 20., 1., 17., 93., 0., 0., 1., 97.,
       14., 2., 39., 95., 0., 0., 0., 120., 9., 0., 1., 1., 0., 0., 0.,
       49., 41., 62., 26., 42., 5., 7., 42., 125., 116., 22., 19., 20.,
       0., 0., 8., 31., 12., 5., 29., 113., 13., 3., 19., 68., 7., 3.,
       13., 78., 5., 1., 61., 60., 8., 2., 100., 119., 4., 8., 64., 125.,
       32., 1., 20., 27., 1., 0., 50., 78., 3., 0., 25., 125., 26., 18.,
       57., 55., 0., 0., 7., 49., 28., 25., 106., 42., 8., 2., 52., 98.,
       55., 95., 47., 125., 39., 1., 4., 4., 6., 65., 86., 91., 8., 0.,
       0., 14., 25., 35., 47., 15., 0., 0., 0., 1., 10., 28., 54., 26.,
       5., 0., 0., 2., 18., 62., 17., 41., 5., 0., 0., 0., 6., 61., 68.,
       48., 3., 0., 0., 0., 0., 1., 21., 19., 2., 0., 0., 0., 0., 0., 2.,
       59., 26., 34., 111., 40., 19., 1., 12., 124., 23., 19., 16., 5.,
       17., 22., 62., 48., 9., 4., 32., 89., 7., 9., 63., 124., 28., 1.,
       10., 26., 0., 0., 7., 109., 19., 3., 2., 69., 102., 9., 55., 124.,
       61., 0., 2., 26., 26., 2., 22., 65., 9., 1., 58., 124., 37., 28.,
       32., 124., 47., 1., 11., 14., 4., 31., 43., 62., 1., 0., 0., 120.,
       61., 3., 46., 124., 13., 0., 0., 62., 37., 5., 30., 78., 7., 0.,
       1., 23., 45., 68., 29., 26., 4., 0., 0., 1., 6., 86., 60., 16.,
       2., 0., 0., 31., 32., 12., 10., 72., 3., 0., 0., 14., 26., 35.,
       75., 49., 15., 0., 0., 0., 0., 1., 12., 19., 17., 0., 0., 0., 0.,
       2., 4., 10., 120., 103., 2., 1., 0., 0., 1., 34., 120., 52., 0.,
       0., 0., 0., 1., 43., 73., 25., 5., 0., 0., 0., 1., 46., 50., 9.,
       0., 0., 0., 0., 1., 21., 55., 46., 3., 7., 3., 9., 39., 120.,
       116., 26., 1., 3., 2., 7., 46., 74., 78., 42., 31., 56., 46., 3.,
       11., 53., 120., 33., 4., 5., 10., 1., 1., 5., 2., 0., 0., 1., 9.,
       120., 120., 120., 13., 0., 0., 1., 16., 111., 111., 75., 9., 0.,
       1., 31., 101., 30., 32., 46., 58., 10., 0., 4., 60., 53., 31.,
       16., 9., 2., 0., 0., 2., 55., 41., 25., 8., 1., 0., 0., 4., 57.,
       68., 20., 4., 0., 0., 0., 10., 44., 49., 13., 1., 0., 0., 0., 13.,
       86., 59., 16., 5., 0., 0., 8., 101., 47., 14., 114., 16., 0., 0.,
       1., 16., 33., 51., 82., 5., 0., 0., 0., 0., 14., 83., 1., 0., 0.,
       0., 0., 0., 30., 87., 70., 5., 0., 1., 0., 35., 54., 44., 66.,
       11., 0., 0., 0., 95., 89., 29., 114., 27., 0., 0., 0., 6., 14.,
       67., 28., 0., 0., 0., 0., 0., 39., 84., 85., 0., 0., 0., 0., 7.,
       29., 114., 29., 0., 0., 0., 0., 93., 114., 69., 114., 2., 0., 0.,
       0., 29., 95., 107., 78., 0., 0., 0., 0., 0., 30., 88., 9., 0., 0.,
       0., 0., 3., 64., 107., 19., 0., 0., 0., 0., 9., 46., 104., 22.,
       0., 0., 0., 0., 43., 100., 48., 72., 0., 0., 0., 0., 3., 13., 54.,
       6., 62., 22., 1., 0., 0., 0., 0., 8., 73., 80., 16., 0., 0., 0.,
       0., 20., 32., 111., 38., 0., 0., 0., 1., 67., 47., 25., 3., 0.,
       0., 0., 2., 0., 75., 72., 17., 0., 0., 0., 0., 10., 34., 111.,
       111., 0., 0., 0., 1., 111., 110., 82., 21., 0., 0., 0., 3., 51.,
       67., 65., 0., 0., 0., 0., 1., 0., 31., 105., 75., 0., 0., 0., 0.,
       75., 30., 71., 104., 0., 0., 0., 10., 111., 59., 73., 10., 0., 0.,
       0., 16., 9., 91., 111., 3., 0., 0., 0., 0., 13., 13., 63., 111.,
       1., 0., 0., 9., 111., 58., 38., 19., 0., 0., 0., 21., 29., 30.,
       105., 40., 1., 1., 1., 2., 28., 78., 69., 6., 0., 1., 1., 3., 50.,
       48., 13., 3., 1., 6., 32., 25., 65., 9., 0., 0., 0., 28., 64.,
       29., 89., 0., 0., 0., 0., 8., 46., 61., 15., 0., 0., 0., 1., 12.,
       59., 35., 44., 18., 5., 13., 20., 48., 53., 18., 123., 34., 2.,
       1., 0., 18., 44., 41., 71., 0., 0., 0., 0., 28., 101., 82., 31.,
       0., 0., 0., 1., 26., 54., 60., 14., 3., 1., 2., 9., 123., 62.,
       12., 123., 37., 0., 0., 1., 43., 23., 47., 123., 8., 0., 0., 0.,
       8., 93., 73., 18., 0., 0., 0., 0., 10., 70., 80., 3., 0., 0., 0.,
       1., 123., 69., 16., 84., 3., 0., 0., 1., 90., 107., 97., 110., 3.,
       0., 0., 0., 5., 36., 111., 13., 0., 0., 0., 0., 9., 45., 42., 15.,
       1., 0., 0., 17., 123., 21., 13., 110., 32., 1., 2., 18., 88., 29.,
       17., 123., 22., 0., 0., 0., 0., 18., 37., 3., 0., 1., 1., 2., 13.,
       56., 15., 59., 9., 0., 0., 16., 70., 28., 29., 45., 25., 4., 15.,
       122., 123., 31., 15., 123., 59., 2., 5., 8., 9., 13., 47., 21.,
       0., 12., 15., 29., 30., 17., 17., 117., 15., 0., 0., 6., 28., 17.,
       64., 11., 1., 0., 1., 53., 123., 88., 26., 123., 4., 0., 0., 6.,
       40., 58., 110., 46., 0., 1., 3., 24., 100., 33., 27., 105., 59.,
       12., 0., 0., 2., 9., 37., 16., 1., 0., 0., 9., 84., 50., 17., 61.,
       9., 1., 3., 15., 47., 43., 38., 64., 9., 0., 0., 4., 26., 18.,
       22., 105., 14., 0., 0., 47., 100., 6., 7., 108., 9., 1., 2., 9.,
       18., 33., 63., 55., 32., 7., 3., 7., 19., 9., 35., 40., 8., 0.,
       0., 0., 0., 18., 36., 66., 3., 0., 0., 58., 123., 16., 8., 123.,
       8., 0., 0., 7., 61., 20., 30., 76., 7., 0., 0., 11., 118., 20.,
       22., 121., 4., 0., 0., 0., 2., 9., 57., 10., 0., 0., 0., 49.,
       123., 8., 3., 123., 16., 0., 0., 25., 83., 13., 17., 78., 5., 0.,
       0., 14., 116., 20., 20., 121., 21., 1., 1., 5., 14., 5., 27., 0.,
       0., 0., 0., 21., 70., 1., 0., 102., 5., 0., 0., 31., 120., 7.,
       17., 93., 4., 1., 1., 30., 54., 9., 12., 72., 25., 2., 2., 19.,
       33., 16., 14., 38., 23., 45., 6., 1., 42., 46., 25., 109., 30.,
       4., 1., 23., 36., 9., 35., 5., 4., 14., 20., 49., 54., 20., 7.,
       97., 17., 9., 4., 3., 4., 11., 14., 18., 36., 60., 8., 3., 50.,
       88., 27., 110., 67., 17., 2., 16., 37., 23., 45., 23., 4., 5., 7.,
       93., 110., 16., 20., 92., 19., 6., 3., 4., 11., 14., 94., 7., 48.,
       65., 4., 4., 83., 99., 16., 110., 40., 41., 3., 4., 31., 48., 59.,
       57., 6., 0., 0., 51., 110., 39., 29., 35., 34., 2., 0., 6., 27.,
       77., 79., 1., 9., 45., 29., 10., 110., 64., 4., 110., 65., 23.,
       10., 4., 24., 36., 65., 62., 31., 0., 0., 2., 31., 54., 35., 1.,
       0., 0., 0., 0., 7., 89., 41., 1., 18., 78., 49., 32., 7., 0., 0.,
       37., 108., 105., 7., 6., 2., 0., 1., 15., 35., 30., 83., 78., 4.,
       0., 0., 12., 61., 27., 44., 74., 14., 15., 6., 11., 10., 71.,
       105., 41., 8., 2., 2., 114., 45., 28., 31., 15., 2., 1., 11., 40.,
       27., 32., 114., 70., 22., 5., 2., 47., 108., 24., 44., 25., 77.,
       25., 8., 28., 19., 23., 47., 28., 12., 17., 16., 114., 20., 9.,
       42., 31., 2., 5., 38., 18., 64., 33., 114., 107., 37., 12., 1.,
       37., 114., 40., 8., 21., 77., 11., 2., 28., 17., 19., 5., 6., 10.,
       23., 14., 64., 14., 8., 78., 45., 3., 2., 14., 14., 63., 40., 85.,
