%YAML:1.0
---
mat: !!opencv-matrix
   rows: 61
   cols: 128
   dt: f
   data: [ 0., 0., 0., 0., 0., 0., 10., 59., 5., 5., 3., 1., 0., 0., 26.,
       128., 15., 8., 1., 0., 5., 20., 50., 117., 1., 3., 17., 28., 73.,
       106., 19., 6., 0., 0., 0., 0., 4., 7., 48., 128., 15., 34., 32.,
       33., 46., 38., 20., 63., 128., 97., 20., 7., 4., 14., 18., 40.,
       30., 1., 0., 2., 26., 128., 53., 18., 0., 0., 0., 0., 2., 16.,
       42., 113., 10., 5., 2., 5., 36., 128., 62., 29., 128., 24., 2.,
       2., 4., 45., 34., 85., 84., 12., 0., 0., 22., 61., 11., 14., 0.,
       0., 0., 0., 0., 1., 25., 91., 0., 0., 0., 0., 7., 116., 46., 28.,
       47., 39., 8., 4., 24., 75., 14., 16., 30., 115., 11., 2., 6., 8.,
       0., 0., 0., 0., 0., 0., 0., 0., 15., 110., 10., 3., 3., 1., 0.,
       0., 7., 88., 19., 8., 2., 0., 0., 0., 3., 71., 11., 0., 0., 0.,
       0., 0., 4., 67., 5., 0., 0., 2., 10., 1., 11., 88., 9., 26., 45.,
       67., 59., 4., 9., 23., 123., 102., 36., 11., 3., 1., 1., 36., 36.,
       2., 0., 0., 3., 2., 12., 118., 14., 4., 1., 1., 25., 13., 7., 47.,
       12., 6., 7., 24., 123., 89., 26., 17., 123., 45., 8., 5., 8., 12.,
       15., 71., 113., 6., 0., 0., 12., 8., 8., 66., 86., 68., 15., 2.,
       2., 9., 16., 26., 7., 2., 3., 8., 77., 123., 45., 19., 123., 123.,
       21., 20., 74., 50., 3., 7., 115., 93., 45., 2., 5., 5., 1., 5.,
       0., 0., 0., 1., 0., 0., 9., 84., 3., 7., 14., 14., 0., 0., 9.,
       54., 18., 17., 8., 2., 8., 7., 7., 36., 5., 2., 2., 7., 54., 54.,
       15., 8., 2., 1., 0., 9., 18., 6., 7., 55., 23., 43., 59., 127.,
       96., 28., 5., 13., 127., 118., 36., 16., 5., 7., 12., 40., 22.,
       3., 2., 4., 64., 110., 32., 26., 48., 43., 30., 8., 13., 22., 8.,
       32., 32., 7., 3., 15., 89., 127., 59., 35., 127., 60., 2., 2., 8.,
       42., 32., 75., 70., 25., 0., 0., 34., 77., 8., 15., 64., 34., 33.,
       12., 0., 2., 9., 127., 20., 20., 4., 0., 24., 127., 25., 21., 83.,
       63., 3., 4., 47., 92., 6., 5., 94., 80., 2., 1., 4., 11., 2., 2.,
       9., 42., 22., 22., 5., 0., 0., 0., 0., 2., 17., 114., 123., 9.,
       0., 0., 51., 18., 7., 20., 61., 24., 32., 48., 89., 2., 0., 1.,
       3., 2., 15., 116., 9., 123., 82., 63., 19., 8., 2., 2., 11., 32.,
       75., 123., 83., 36., 5., 3., 123., 88., 37., 22., 12., 10., 8.,
       66., 110., 10., 6., 22., 3., 0., 0., 50., 26., 63., 18., 7., 14.,
       37., 71., 39., 15., 12., 7., 22., 62., 123., 46., 28., 123., 33.,
       5., 2., 4., 36., 38., 85., 63., 25., 26., 87., 17., 1., 0., 3.,
       0., 22., 76., 3., 1., 2., 15., 5., 3., 14., 60., 13., 17., 8., 7.,
       8., 29., 39., 55., 1., 1., 3., 6., 27., 6., 18., 54., 26., 22.,
       7., 2., 1., 36., 80., 31., 6., 16., 108., 89., 16., 117., 58., 2.,
       2., 3., 13., 38., 99., 70., 9., 2., 52., 98., 1., 0., 18., 77.,
       5., 2., 26., 49., 2., 1., 23., 18., 6., 2., 28., 58., 117., 93.,
       19., 117., 38., 3., 20., 44., 36., 14., 21., 79., 16., 8., 117.,
       101., 0., 0., 6., 101., 13., 4., 56., 56., 2., 0., 15., 12., 3.,
       20., 117., 44., 4., 2., 7., 117., 21., 14., 70., 38., 4., 1., 24.,
       55., 37., 29., 117., 52., 11., 9., 14., 64., 44., 27., 56., 34.,
       6., 2., 9., 4., 2., 41., 26., 15., 5., 4., 6., 17., 7., 56., 16.,
       11., 4., 2., 9., 10., 3., 50., 17., 22., 19., 21., 18., 12., 4.,
       42., 18., 12., 8., 5., 10., 2., 3., 4., 3., 1., 0., 23., 117.,
       10., 9., 4., 4., 12., 15., 13., 56., 84., 19., 5., 6., 15., 18.,
       4., 26., 49., 5., 0., 1., 11., 7., 9., 38., 17., 16., 14., 22.,
       35., 31., 14., 29., 117., 39., 13., 9., 19., 50., 18., 41., 72.,
       56., 13., 2., 56., 117., 9., 14., 43., 59., 117., 60., 19., 16.,
       3., 5., 55., 28., 4., 1., 14., 76., 32., 35., 117., 40., 0., 0.,
       18., 72., 22., 30., 53., 26., 7., 3., 45., 117., 14., 5., 1., 13.,
       80., 69., 62., 117., 45., 2., 104., 55., 5., 3., 16., 28., 5.,
       14., 73., 37., 0., 0., 35., 87., 5., 4., 79., 67., 0., 1., 37.,
       60., 4., 2., 2., 6., 8., 31., 100., 117., 48., 3., 0., 0., 1., 2.,
       13., 22., 53., 17., 6., 7., 6., 5., 9., 8., 28., 17., 23., 2., 1.,
       0., 0., 0., 47., 70., 3., 0., 0., 0., 0., 0., 87., 97., 3., 3.,
       1., 10., 98., 75., 41., 40., 76., 13., 5., 10., 55., 31., 48.,
       129., 39., 1., 0., 0., 0., 5., 129., 129., 20., 0., 2., 1., 0.,
       0., 40., 129., 9., 26., 26., 109., 108., 11., 3., 6., 129., 54.,
       8., 43., 47., 5., 7., 43., 114., 11., 2., 0., 0., 7., 62., 40.,
       6., 1., 7., 22., 19., 1., 16., 26., 11., 13., 18., 75., 75., 66.,
       5., 1., 129., 106., 10., 25., 21., 17., 1., 7., 80., 67., 39., 1.,
       0., 0., 1., 2., 2., 17., 16., 11., 38., 0., 0., 1., 24., 11., 5.,
       16., 144., 66., 0., 0., 144., 69., 4., 5., 43., 14., 2., 3., 58.,
       11., 2., 4., 34., 33., 8., 6., 6., 4., 8., 28., 45., 12., 1., 2.,
       12., 5., 13., 16., 144., 120., 11., 10., 144., 24., 0., 2., 50.,
       51., 21., 94., 81., 5., 0., 1., 72., 20., 2., 15., 4., 1., 0., 1.,
       80., 46., 1., 3., 5., 5., 35., 108., 66., 53., 12., 4., 144., 49.,
       6., 28., 20., 14., 13., 36., 75., 22., 4., 15., 64., 10., 0., 6.,
       5., 6., 4., 25., 72., 18., 1., 3., 2., 1., 8., 17., 18., 126.,
       66., 4., 79., 22., 4., 9., 12., 33., 69., 25., 30., 32., 23., 57.,
       21., 0., 0., 1., 2., 13., 19., 40., 32., 0., 0., 0., 25., 2., 0.,
       0., 47., 46., 6., 27., 36., 12., 2., 4., 87., 74., 13., 21., 123.,
       53., 1., 1., 1., 2., 10., 45., 10., 8., 0., 0., 0., 19., 29., 7.,
       25., 54., 6., 7., 73., 9., 0., 3., 15., 24., 22., 61., 123., 35.,
       2., 3., 123., 123., 18., 11., 6., 4., 2., 13., 56., 26., 1., 0.,
       0., 1., 2., 2., 7., 97., 33., 16., 35., 12., 8., 3., 11., 17.,
       50., 95., 123., 68., 6., 8., 123., 117., 23., 14., 9., 14., 6.,
       26., 63., 42., 13., 8., 1., 0., 0., 1., 20., 11., 7., 6., 17.,
       40., 32., 12., 4., 9., 27., 57., 35., 123., 47., 2., 93., 123.,
       19., 9., 9., 75., 18., 3., 48., 123., 17., 7., 1., 1., 2., 1.,
       65., 138., 16., 2., 6., 5., 9., 18., 24., 74., 29., 18., 92., 15.,
       1., 5., 138., 13., 2., 2., 16., 4., 0., 10., 28., 1., 0., 0., 1.,
       2., 1., 2., 92., 79., 5., 2., 2., 25., 103., 127., 42., 63., 53.,
       14., 23., 70., 35., 19., 138., 35., 12., 3., 4., 5., 1., 9., 43.,
       0., 0., 1., 4., 3., 1., 4., 138., 25., 2., 2., 4., 21., 24., 89.,
       47., 3., 1., 1., 67., 138., 24., 26., 138., 7., 0., 0., 9., 31.,
       9., 43., 46., 1., 1., 1., 11., 2., 0., 4., 138., 17., 2., 2., 4.,
       3., 4., 37., 31., 6., 4., 34., 75., 37., 3., 7., 91., 35., 7.,
       10., 15., 12., 3., 17., 19., 13., 26., 8., 4., 0., 0., 1., 1., 0.,
       0., 2., 9., 72., 106., 9., 0., 0., 0., 1., 11., 73., 32., 7., 0.,
       0., 0., 0., 0., 3., 51., 25., 0., 0., 0., 0., 0., 0., 9., 2., 10.,
       1., 5., 100., 102., 41., 28., 19., 102., 9., 12., 53., 42., 54.,
       71., 101., 19., 1., 5., 3., 0., 5., 135., 131., 0., 0., 1., 0.,
       0., 3., 47., 5., 18., 7., 10., 135., 135., 0., 0., 2., 135., 58.,
       16., 39., 36., 0., 3., 28., 68., 24., 25., 29., 0., 0., 17., 21.,
       0., 0., 3., 2., 0., 0., 2., 0., 38., 6., 6., 134., 118., 1., 0.,
       38., 135., 25., 9., 19., 7., 1., 1., 125., 34., 11., 14., 9., 2.,
       0., 0., 6., 0., 0., 0., 0., 0., 0., 0., 0., 5., 0., 0., 0., 0.,
       0., 0., 0., 70., 1., 0., 0., 0., 0., 0., 25., 11., 0., 0., 1., 2.,
       0., 0., 5., 0., 0., 0., 0., 0., 0., 0., 0., 43., 3., 0., 0., 0.,
       0., 8., 17., 143., 53., 12., 1., 2., 1., 4., 39., 50., 24., 36.,
       10., 36., 11., 0., 7., 0., 1., 5., 4., 11., 4., 0., 0., 22., 1.,
       0., 0., 4., 20., 53., 137., 66., 109., 97., 5., 34., 87., 47.,
       28., 7., 133., 143., 17., 16., 23., 9., 0., 11., 121., 99., 10.,
       11., 4., 3., 0., 76., 42., 3., 0., 2., 26., 18., 80., 3., 20., 7.,
       1., 16., 143., 59., 5., 1., 34., 55., 12., 47., 143., 32., 0.,
