%YAML:1.0
---
mat: !!opencv-matrix
   rows: 136
   cols: 128
   dt: f
   data: [ 0., 1., 0., 0., 0., 0., 0., 0., 20., 100., 21., 0., 0., 0.,
       0., 0., 139., 96., 5., 0., 0., 0., 0., 1., 136., 3., 0., 0., 0.,
       0., 0., 8., 0., 1., 0., 0., 0., 0., 1., 0., 37., 78., 30., 2., 1.,
       11., 20., 7., 139., 103., 11., 0., 0., 1., 5., 17., 139., 2., 0.,
       0., 0., 0., 0., 13., 0., 1., 0., 0., 0., 1., 4., 0., 23., 11., 3.,
       0., 0., 32., 131., 49., 139., 7., 0., 0., 0., 3., 48., 139., 139.,
       3., 0., 0., 0., 0., 0., 16., 0., 5., 4., 0., 0., 0., 0., 0., 15.,
       137., 36., 0., 0., 1., 13., 13., 62., 139., 33., 0., 0., 0., 6.,
       34., 99., 86., 16., 0., 0., 0., 0., 4., 75., 0., 0., 1., 132.,
       26., 3., 19., 40., 0., 0., 1., 116., 47., 9., 3., 132., 1., 0.,
       0., 0., 1., 1., 3., 20., 0., 0., 0., 0., 0., 0., 0., 14., 12.,
       61., 14., 102., 119., 22., 29., 31., 1., 8., 33., 132., 132., 27.,
       3., 132., 1., 0., 2., 15., 7., 1., 6., 26., 0., 0., 0., 0., 0.,
       0., 1., 0., 43., 132., 35., 11., 14., 35., 1., 27., 3., 78., 132.,
       85., 19., 35., 11., 132., 2., 0., 7., 10., 0., 7., 24., 25., 0.,
       0., 0., 0., 0., 0., 1., 0., 2., 13., 1., 0., 31., 132., 0., 3.,
       0., 6., 5., 0., 31., 132., 13., 47., 0., 0., 0., 0., 5., 36., 44.,
       11., 0., 0., 0., 0., 0., 0., 2., 0., 0., 0., 0., 0., 0., 0., 0.,
       6., 5., 21., 51., 39., 0., 0., 6., 27., 75., 70., 19., 8., 7.,
       48., 59., 3., 122., 90., 0., 0., 18., 74., 7., 0., 0., 0., 2., 5.,
       0., 0., 0., 44., 19., 4., 58., 125., 0., 0., 6., 130., 83., 24.,
       17., 15., 11., 49., 67., 64., 41., 32., 5., 1., 38., 130., 30.,
       0., 0., 0., 1., 16., 4., 0., 0., 58., 4., 0., 22., 130., 41., 7.,
       29., 130., 42., 24., 20., 34., 4., 4., 69., 130., 48., 24., 14.,
       15., 1., 5., 54., 0., 0., 0., 0., 3., 10., 4., 1., 14., 2., 0.,
       0., 21., 97., 75., 14., 51., 44., 35., 6., 4., 50., 78., 16., 86.,
       130., 55., 5., 3., 10., 23., 11., 3., 8., 122., 73., 35., 6., 6.,
       8., 33., 9., 17., 69., 122., 18., 3., 2., 122., 47., 1., 2., 4.,
       1., 0., 0., 31., 38., 6., 1., 0., 0., 0., 0., 9., 9., 47., 13.,
       9., 20., 87., 122., 33., 1., 5., 13., 122., 122., 38., 27., 122.,
       26., 0., 0., 17., 9., 1., 5., 40., 37., 5., 1., 0., 0., 0., 0.,
       0., 3., 122., 71., 11., 6., 49., 62., 29., 3., 90., 122., 122.,
       26., 7., 7., 122., 19., 2., 8., 20., 3., 0., 6., 39., 28., 5., 1.,
       0., 0., 0., 0., 0., 0., 118., 40., 0., 0., 7., 6., 34., 5., 64.,
       30., 1., 0., 12., 36., 111., 9., 2., 2., 0., 0., 2., 30., 26.,
       13., 5., 1., 0., 0., 0., 1., 103., 56., 8., 2., 0., 0., 0., 46.,
       38., 61., 118., 52., 0., 0., 0., 2., 96., 42., 95., 31., 0., 0.,
       0., 30., 96., 26., 7., 0., 0., 0., 0., 92., 49., 79., 18., 10.,
       2., 1., 0., 5., 48., 37., 67., 53., 6., 10., 5., 8., 127., 42.,
       9., 4., 0., 0., 1., 45., 127., 55., 0., 0., 0., 0., 0., 45., 40.,
       87., 0., 1., 1., 2., 0., 0., 68., 49., 1., 2., 3., 14., 18., 42.,
       127., 76., 0., 0., 0., 0., 4., 49., 84., 127., 0., 0., 0., 0., 0.,
       0., 21., 53., 0., 0., 0., 0., 0., 0., 60., 107., 0., 0., 0., 0.,
       0., 2., 74., 127., 0., 0., 0., 0., 0., 2., 51., 118., 0., 0., 0.,
       0., 0., 0., 35., 24., 5., 1., 35., 8., 0., 0., 129., 60., 2., 3.,
       61., 9., 0., 0., 60., 29., 11., 14., 129., 24., 0., 0., 129., 52.,
       4., 3., 5., 8., 5., 1., 39., 3., 0., 0., 61., 19., 0., 4., 129.,
       37., 6., 2., 38., 16., 0., 19., 72., 12., 8., 10., 129., 102., 3.,
       12., 129., 35., 7., 6., 15., 11., 2., 20., 18., 3., 0., 0., 35.,
       59., 32., 4., 95., 87., 72., 6., 5., 17., 39., 10., 16., 31.,
       127., 65., 43., 34., 22., 5., 54., 88., 94., 11., 6., 6., 12.,
       11., 1., 0., 0., 0., 2., 19., 44., 3., 1., 3., 7., 0., 0., 20.,
       93., 7., 0., 2., 15., 4., 0., 24., 122., 8., 1., 9., 14., 1., 0.,
       7., 118., 9., 0., 20., 38., 2., 7., 74., 46., 2., 0., 71., 76.,
       2., 3., 21., 24., 2., 0., 64., 68., 1., 0., 4., 8., 0., 0., 21.,
       36., 2., 2., 0., 0., 0., 15., 6., 2., 68., 112., 71., 34., 8.,
       77., 24., 5., 19., 27., 52., 108., 44., 6., 40., 26., 21., 71.,
       101., 64., 6., 19., 76., 35., 5., 12., 3., 0., 0., 30., 6., 1.,
       75., 125., 1., 1., 8., 125., 19., 1., 36., 65., 5., 5., 35., 21.,
       2., 1., 117., 125., 19., 5., 4., 82., 14., 2., 13., 16., 1., 0.,
       11., 25., 1., 0., 18., 125., 31., 18., 20., 125., 0., 0., 18.,
       93., 5., 9., 63., 10., 0., 0., 41., 125., 6., 0., 3., 79., 0., 0.,
       1., 4., 1., 0., 17., 10., 3., 1., 21., 123., 3., 0., 0., 123.,
       45., 7., 10., 30., 1., 0., 8., 36., 20., 91., 59., 10., 6., 3.,
       4., 4., 8., 123., 37., 13., 3., 6., 3., 13., 2., 1., 47., 123.,
       0., 0., 1., 123., 31., 8., 14., 47., 8., 1., 21., 29., 8., 65.,
       78., 40., 74., 37., 8., 1., 6., 115., 23., 6., 17., 89., 23., 6.,
       4., 2., 41., 123., 3., 0., 0., 87., 92., 60., 36., 39., 6., 6.,
       3., 8., 15., 123., 123., 8., 10., 24., 2., 1., 7., 123., 26., 1.,
       2., 38., 10., 0., 0., 1., 14., 42., 22., 7., 0., 0., 11., 12., 5.,
       12., 23., 76., 5., 0., 1., 8., 14., 3., 4., 109., 10., 0., 1., 2.,
       1., 0., 1., 91., 18., 0., 0., 5., 37., 14., 0., 0., 1., 3., 59.,
       47., 33., 7., 1., 11., 10., 13., 117., 27., 0., 0., 3., 6., 2.,
       28., 105., 10., 0., 0., 0., 0., 4., 16., 5., 2., 76., 49., 0., 0.,
       5., 112., 19., 7., 19., 10., 24., 76., 90., 9., 65., 22., 1., 1.,
       117., 104., 13., 3., 117., 40., 0., 0., 35., 38., 2., 45., 5., 2.,
       72., 56., 0., 0., 33., 117., 20., 25., 32., 6., 5., 7., 81., 70.,
       40., 58., 29., 5., 79., 54., 18., 18., 12., 4., 1., 2., 117.,
       116., 10., 52., 6., 2., 13., 28., 12., 6., 82., 64., 7., 12., 60.,
       54., 2., 1., 92., 117., 16., 13., 27., 13., 3., 5., 116., 25., 2.,
       2., 17., 11., 33., 22., 25., 53., 41., 7., 3., 11., 4., 44., 51.,
       13., 17., 24., 10., 2., 52., 126., 12., 8., 14., 25., 3., 1., 22.,
       126., 22., 1., 5., 24., 1., 0., 46., 112., 3., 126., 83., 3., 6.,
       22., 0., 1., 5., 93., 51., 43., 83., 65., 7., 12., 3., 126., 67.,
       28., 24., 12., 12., 40., 17., 25., 12., 7., 17., 24., 49., 51.,
       17., 126., 5., 1., 2., 31., 3., 0., 36., 126., 8., 3., 25., 126.,
       16., 1., 25., 126., 18., 8., 7., 19., 9., 8., 36., 16., 12., 10.,
       40., 55., 12., 20., 16., 62., 33., 19., 3., 8., 22., 23., 16.,
       44., 42., 59., 31., 54., 19., 9., 16., 100., 73., 62., 14., 6.,
       3., 2., 25., 4., 47., 59., 16., 32., 14., 1., 0., 44., 15., 3.,
       6., 127., 27., 0., 0., 127., 60., 3., 4., 12., 7., 2., 1., 34.,
       26., 16., 17., 17., 14., 21., 16., 5., 9., 2., 42., 106., 33., 2.,
       6., 46., 11., 18., 17., 126., 82., 3., 10., 127., 47., 16., 7.,
       23., 21., 3., 33., 49., 57., 46., 36., 51., 11., 0., 2., 8., 57.,
       39., 9., 47., 78., 3., 0., 7., 21., 106., 46., 21., 20., 31., 2.,
       43., 107., 114., 14., 6., 7., 32., 9., 6., 44., 127., 45., 8., 1.,
       16., 3., 0., 45., 127., 16., 3., 3., 6., 1., 0., 0., 4., 1., 0.,
       17., 93., 8., 1., 5., 6., 0., 0., 10., 127., 14., 1., 5., 11., 0.,
       0., 9., 127., 9., 0., 2., 8., 0., 0., 15., 102., 1., 16., 6., 0.,
       5., 97., 9., 0., 1., 93., 66., 33., 33., 16., 2., 13., 20., 3.,
       6., 102., 116., 4., 5., 50., 15., 9., 9., 86., 35., 0., 0., 50.,
       44., 10., 2., 0., 1., 119., 29., 1., 4., 119., 24., 8., 8., 23.,
       9., 48., 85., 16., 7., 16., 20., 3., 11., 119., 83., 4., 6., 5.,
       9., 8., 2., 119., 100., 9., 0., 0., 0., 119., 35., 2., 3., 119.,
       63., 7., 1., 20., 8., 5., 25., 56., 43., 46., 20., 0., 0., 26.,
       60., 20., 17., 34., 15., 13., 17., 10., 28., 2., 0., 0., 0., 119.,
       11., 0., 1., 119., 24., 1., 0., 20., 4., 0., 16., 79., 20., 19.,
       73., 6., 1., 2., 49., 1., 17., 90., 80., 3., 2., 7., 11., 7., 0.,
