%YAML:1.0
---
mat: !!opencv-matrix
   rows: 62
   cols: 128
   dt: f
   data: [ 0., 2., 13., 8., 1., 0., 0., 0., 1., 6., 69., 33., 1., 0., 0.,
       0., 4., 41., 78., 4., 0., 0., 0., 0., 2., 16., 28., 0., 0., 0.,
       0., 0., 0., 5., 14., 45., 32., 0., 0., 0., 16., 21., 96., 149.,
       107., 0., 0., 1., 149., 130., 101., 33., 5., 0., 0., 6., 39., 22.,
       16., 0., 0., 0., 0., 0., 1., 6., 13., 44., 74., 0., 0., 0., 59.,
       9., 6., 97., 149., 18., 0., 12., 149., 37., 5., 9., 16., 6., 0.,
       28., 41., 17., 21., 1., 0., 0., 0., 1., 1., 3., 6., 38., 74., 0.,
       0., 0., 38., 31., 16., 99., 149., 4., 0., 2., 149., 109., 9., 10.,
       7., 1., 0., 4., 29., 23., 16., 5., 0., 0., 0., 0., 0., 3., 10.,
       45., 88., 0., 0., 0., 53., 39., 10., 64., 159., 6., 1., 4., 159.,
       144., 8., 7., 15., 2., 1., 8., 22., 29., 30., 6., 0., 0., 0., 0.,
       0., 1., 10., 60., 102., 10., 0., 0., 71., 6., 0., 63., 159., 84.,
       9., 17., 159., 51., 2., 3., 17., 11., 7., 38., 34., 34., 30., 0.,
       0., 0., 0., 0., 0., 2., 20., 33., 28., 18., 0., 0., 16., 5., 4.,
       4., 65., 159., 80., 26., 147., 16., 4., 0., 2., 30., 70., 96.,
       19., 12., 33., 3., 0., 0., 0., 2., 0., 5., 21., 9., 4., 0., 0.,
       0., 4., 19., 15., 4., 2., 11., 14., 2., 3., 5., 19., 10., 3., 7.,
       14., 6., 1., 7., 24., 2., 0., 0., 0., 0., 39., 5., 8., 13., 6.,
       35., 78., 13., 21., 7., 14., 22., 9., 68., 108., 29., 128., 19.,
       5., 2., 1., 3., 18., 78., 15., 0., 0., 0., 0., 3., 35., 28., 91.,
       9., 6., 9., 8., 32., 80., 42., 30., 22., 21., 37., 124., 126.,
       39., 5., 128., 57., 10., 7., 14., 10., 5., 32., 44., 1., 0., 0.,
       0., 0., 30., 49., 96., 72., 24., 2., 11., 18., 21., 41., 19., 21.,
       16., 3., 115., 128., 54., 17., 128., 3., 0., 0., 10., 48., 65.,
       110., 76., 5., 0., 0., 0., 0., 18., 47., 74., 33., 14., 1., 5.,
       5., 52., 50., 19., 25., 13., 8., 10., 57., 73., 22., 43., 29., 6.,
       5., 4., 23., 31., 51., 44., 26., 1., 0., 0., 0., 8., 43., 0., 5.,
       32., 18., 10., 1., 0., 0., 0., 5., 29., 87., 48., 10., 0., 0.,
       26., 50., 30., 26., 28., 11., 9., 6., 23., 80., 62., 26., 10., 2.,
       2., 2., 0., 4., 61., 42., 14., 0., 0., 0., 15., 24., 46., 122.,
       121., 0., 0., 1., 122., 120., 45., 41., 20., 13., 4., 10., 20.,
       23., 27., 28., 52., 71., 8., 4., 0., 5., 31., 74., 38., 0., 0.,
       0., 33., 5., 6., 122., 122., 25., 20., 20., 122., 76., 26., 11.,
       11., 8., 17., 38., 18., 33., 45., 116., 66., 21., 2., 2., 0., 2.,
       27., 115., 33., 0., 0., 0., 9., 88., 51., 80., 28., 8., 14., 8.,
       18., 92., 23., 4., 3., 5., 34., 14., 7., 16., 21., 105., 98., 1.,
       6., 3., 4., 50., 100., 66., 10., 9., 0., 0., 119., 92., 56., 42.,
       3., 3., 1., 2., 21., 9., 31., 47., 40., 32., 6., 1., 58., 57.,
       61., 31., 54., 10., 0., 0., 19., 13., 21., 31., 75., 54., 13., 5.,
       124., 32., 5., 16., 13., 20., 6., 13., 59., 4., 1., 52., 103.,
       44., 3., 1., 124., 17., 0., 31., 123., 29., 1., 6., 14., 2., 0.,
       5., 40., 73., 124., 16., 124., 1., 0., 1., 12., 20., 82., 118.,
       41., 1., 0., 30., 68., 61., 36., 16., 66., 1., 0., 7., 61., 52.,
       85., 59., 2., 1., 0., 0., 0., 18., 86., 6., 5., 0., 0., 0., 0.,
       3., 66., 52., 2., 0., 0., 0., 2., 22., 47., 16., 3., 0., 0., 0.,
       0., 7., 71., 28., 10., 19., 103., 61., 30., 15., 16., 2., 130.,
       41., 67., 17., 1., 1., 7., 57., 91., 7., 1., 0., 10., 12., 3.,
       45., 10., 0., 0., 2., 17., 8., 3., 25., 7., 7., 15., 12., 15.,
       90., 130., 10., 130., 22., 5., 2., 0., 10., 130., 130., 72., 4.,
       0., 0., 4., 14., 9., 63., 8., 0., 0., 2., 39., 8., 5., 28., 1.,
       59., 130., 12., 1., 12., 49., 3., 100., 83., 71., 5., 0., 4., 35.,
       39., 47., 7., 0., 0., 1., 9., 11., 39., 3., 0., 0., 1., 51., 16.,
       5., 22., 3., 22., 43., 4., 1., 38., 130., 18., 89., 29., 17., 0.,
       0., 4., 107., 130., 29., 1., 0., 0., 0., 2., 14., 48., 2., 0., 0.,
       0., 23., 29., 8., 13., 61., 80., 26., 56., 12., 2., 11., 26., 62.,
       74., 2., 0., 0., 14., 10., 4., 38., 5., 0., 0., 1., 19., 7., 7.,
       4., 1., 0., 0., 25., 93., 5., 1., 48., 119., 37., 78., 17., 3.,
       15., 48., 119., 119., 4., 0., 0., 2., 8., 69., 50., 15., 0., 0.,
       0., 5., 16., 13., 22., 1., 0., 0., 4., 55., 9., 7., 9., 6., 9.,
       15., 12., 16., 119., 119., 60., 46., 51., 50., 3., 0., 34., 119.,
       57., 114., 25., 9., 0., 1., 4., 10., 37., 3., 0., 0., 0., 6., 6.,
       15., 0., 0., 32., 104., 36., 17., 32., 23., 15., 16., 118., 119.,
       3., 1., 26., 78., 119., 72., 27., 12., 0., 0., 14., 119., 31., 4.,
       0., 0., 0., 1., 9., 19., 40., 2., 0., 0., 30., 97., 15., 24., 90.,
       4., 0., 0., 31., 74., 14., 33., 101., 20., 0., 2., 39., 64., 12.,
       30., 76., 9., 0., 0., 9., 21., 11., 23., 45., 16., 1., 5., 79.,
       66., 5., 12., 111., 34., 1., 6., 46., 60., 9., 24., 108., 11., 0.,
       1., 66., 111., 12., 24., 111., 5., 0., 0., 3., 12., 15., 49., 83.,
       3., 0., 1., 43., 106., 12., 30., 111., 6., 0., 1., 40., 97., 14.,
       40., 82., 1., 0., 0., 74., 86., 36., 42., 111., 0., 0., 0., 2.,
       10., 19., 86., 48., 0., 0., 0., 22., 57., 18., 54., 63., 0., 0.,
       0., 39., 90., 18., 45., 45., 1., 0., 0., 7., 49., 46., 44., 80.,
       3., 0., 0., 3., 11., 14., 48., 0., 0., 1., 21., 91., 68., 5., 0.,
       35., 20., 27., 57., 64., 81., 57., 28., 116., 33., 7., 2., 0., 1.,
       12., 46., 16., 0., 0., 0., 11., 27., 5., 19., 0., 0., 0., 3., 63.,
       76., 13., 1., 10., 13., 27., 79., 116., 107., 51., 17., 116., 75.,
       26., 16., 3., 5., 19., 57., 53., 4., 0., 0., 16., 26., 7., 27.,
       1., 0., 0., 1., 40., 54., 20., 5., 3., 2., 8., 26., 116., 116.,
       69., 17., 116., 45., 24., 12., 7., 13., 56., 103., 78., 15., 0.,
       0., 3., 18., 9., 36., 3., 0., 0., 0., 12., 23., 16., 7., 0., 0.,
       4., 16., 82., 111., 71., 6., 31., 20., 15., 10., 8., 19., 116.,
       113., 38., 6., 0., 0., 0., 1., 25., 73., 4., 38., 37., 0., 0., 0.,
       9., 11., 8., 43., 51., 1., 0., 0., 19., 11., 10., 45., 43., 1.,
       0., 0., 18., 23., 21., 45., 23., 1., 0., 0., 2., 14., 33., 74.,
       114., 25., 20., 10., 3., 13., 31., 77., 114., 45., 33., 17., 4.,
       11., 61., 114., 114., 29., 15., 5., 3., 13., 114., 103., 57., 22.,
       10., 3., 1., 7., 33., 8., 4., 5., 21., 61., 114., 107., 31., 7.,
       4., 8., 32., 103., 114., 91., 61., 14., 3., 5., 16., 37., 114.,
       114., 114., 9., 1., 4., 11., 24., 67., 103., 4., 1., 0., 0., 0.,
       6., 55., 34., 13., 1., 0., 0., 0., 8., 66., 34., 14., 2., 0., 0.,
       0., 3., 68., 42., 15., 1., 0., 0., 0., 2., 34., 42., 59., 14., 8.,
       5., 0., 0., 0., 13., 6., 8., 45., 97., 29., 3., 0., 0., 11., 102.,
       115., 47., 24., 16., 8., 6., 40., 115., 28., 0., 0., 0., 2., 7.,
       24., 6., 24., 53., 10., 0., 0., 12., 4., 23., 87., 115., 57., 11.,
       3., 2., 90., 91., 56., 20., 16., 26., 32., 57., 109., 33., 2., 0.,
       0., 0., 9., 77., 2., 3., 33., 115., 27., 1., 0., 0., 27., 51.,
       43., 100., 62., 38., 51., 29., 115., 42., 9., 3., 2., 7., 43.,
       115., 63., 20., 6., 1., 0., 0., 0., 28., 2., 6., 15., 89., 57.,
       25., 21., 2., 99., 60., 23., 21., 12., 19., 56., 79., 115., 17.,
       0., 0., 0., 0., 6., 70., 7., 15., 9., 14., 2., 0., 0., 3., 67.,
       7., 1., 0., 15., 22., 11., 47., 39., 4., 1., 2., 83., 98., 14.,
       25., 99., 10., 1., 2., 33., 36., 9., 37., 34., 19., 2., 12., 67.,
       54., 7., 11., 109., 40., 8., 4., 25., 14., 2., 15., 39., 16., 5.,
       20., 119., 54., 3., 7., 119., 44., 5., 10., 29., 34., 5., 22.,
       50., 4., 0., 1., 89., 119., 7., 14., 119., 4., 0., 0., 27., 42.,
       5., 26., 63., 1., 0., 2., 107., 119., 10., 18., 119., 7., 0., 4.,
       38., 57., 6., 32., 44., 3., 1., 8., 115., 46., 14., 15., 75., 0.,
       0., 0., 23., 44., 23., 41., 51., 0., 0., 0., 87., 76., 5., 26.,
