%YAML:1.0
---
mat: !!opencv-matrix
   rows: 54
   cols: 128
   dt: f
   data: [ 25., 6., 15., 1., 0., 0., 0., 3., 169., 5., 1., 0., 0., 0.,
       0., 101., 169., 51., 3., 0., 0., 0., 0., 57., 5., 11., 2., 0., 0.,
       0., 0., 1., 75., 14., 15., 0., 0., 3., 10., 12., 169., 38., 5.,
       0., 0., 0., 0., 68., 169., 91., 44., 0., 0., 0., 0., 10., 0., 7.,
       5., 0., 0., 0., 0., 0., 46., 3., 1., 0., 0., 44., 84., 29., 169.,
       147., 48., 0., 0., 1., 8., 29., 23., 121., 160., 1., 0., 0., 0.,
       0., 0., 1., 3., 0., 0., 0., 0., 0., 3., 0., 0., 0., 0., 11., 9.,
       2., 15., 17., 11., 2., 0., 1., 2., 2., 1., 11., 28., 3., 0., 0.,
       0., 0., 0., 0., 0., 0., 0., 0., 0., 0., 0., 0., 14., 4., 3., 13.,
       4., 0., 38., 3., 8., 1., 1., 7., 11., 22., 204., 2., 0., 0., 0.,
       0., 2., 204., 114., 0., 0., 0., 0., 0., 0., 73., 0., 1., 51., 2.,
       0., 7., 28., 0., 117., 20., 41., 1., 0., 5., 20., 12., 204., 61.,
       2., 0., 0., 0., 1., 94., 91., 13., 0., 0., 0., 0., 0., 14., 0.,
       0., 2., 0., 0., 10., 54., 0., 65., 5., 3., 0., 0., 12., 72., 23.,
       204., 142., 9., 0., 0., 0., 6., 21., 11., 22., 3., 0., 0., 0., 0.,
       0., 0., 0., 0., 0., 0., 0., 0., 0., 1., 0., 0., 0., 0., 0., 0.,
       0., 5., 4., 0., 0., 0., 0., 0., 0., 0., 0., 0., 0., 0., 0., 0.,
       0., 1., 2., 2., 1., 1., 0., 0., 0., 1., 0., 0., 2., 8., 2., 2.,
       3., 42., 3., 0., 0., 5., 3., 20., 61., 84., 25., 11., 21., 17.,
       9., 7., 54., 4., 1., 1., 0., 0., 5., 86., 34., 16., 1., 0., 1.,
       3., 43., 81., 15., 65., 24., 15., 2., 1., 10., 45., 109., 9., 10.,
       96., 43., 18., 46., 32., 40., 121., 9., 0., 13., 19., 24., 95.,
       76., 26., 6., 1., 54., 97., 101., 77., 13., 122., 24., 3., 10.,
       20., 26., 57., 95., 7., 2., 10., 16., 83., 122., 59., 9., 122.,
       20., 2., 21., 24., 27., 4., 7., 31., 5., 1., 53., 122., 75., 3.,
       2., 122., 26., 8., 8., 26., 15., 10., 13., 19., 8., 22., 19.,
       122., 53., 16., 4., 0., 0., 0., 0., 4., 11., 1., 0., 56., 35., 2.,
       0., 1., 6., 3., 32., 95., 35., 17., 59., 10., 11., 11., 34., 5.,
       5., 4., 112., 34., 41., 46., 4., 0., 0., 1., 1., 2., 3., 2., 4.,
       48., 33., 3., 0., 1., 3., 22., 28., 106., 64., 19., 22., 5., 5.,
       45., 98., 8., 10., 2., 15., 22., 105., 116., 42., 26., 3., 1., 0.,
       0., 0., 15., 93., 17., 4., 0., 1., 35., 46., 116., 116., 71.,
       116., 9., 2., 42., 64., 29., 20., 45., 116., 7., 14., 14., 31.,
       34., 22., 71., 93., 1., 0., 0., 0., 2., 37., 48., 116., 1., 2.,
       42., 54., 48., 39., 8., 34., 2., 2., 79., 116., 52., 2., 34.,
       116., 20., 13., 18., 30., 17., 3., 9., 14., 18., 7., 26., 72.,
       32., 46., 106., 18., 5., 2., 26., 63., 21., 102., 71., 18., 43.,
       34., 4., 8., 46., 77., 13., 3., 81., 86., 27., 39., 20., 15., 3.,
       88., 93., 35., 12., 9., 1., 2., 45., 98., 87., 40., 22., 13., 2.,
       6., 26., 50., 108., 108., 4., 4., 37., 30., 11., 2., 86., 80., 1.,
       5., 73., 79., 4., 18., 12., 3., 0., 0., 6., 8., 50., 25., 33.,
       11., 0., 0., 1., 8., 108., 51., 13., 5., 1., 12., 70., 75., 31.,
       7., 43., 36., 2., 18., 94., 103., 0., 0., 0., 0., 1., 1., 4., 2.,
       16., 13., 0., 0., 2., 1., 1., 0., 69., 108., 57., 14., 0., 0., 4.,
       3., 6., 18., 108., 107., 0., 1., 5., 4., 3., 0., 0., 0., 1., 15.,
       99., 67., 1., 0., 0., 0., 1., 17., 111., 52., 1., 0., 0., 0., 0.,
       39., 102., 24., 1., 0., 0., 0., 0., 21., 60., 7., 78., 11., 5.,
       21., 64., 29., 60., 55., 111., 5., 2., 13., 41., 23., 88., 86.,
       30., 2., 0., 12., 70., 90., 111., 45., 31., 1., 0., 2., 46., 64.,
       102., 46., 70., 50., 34., 67., 42., 3., 6., 16., 111., 65., 16.,
       45., 30., 2., 5., 29., 66., 39., 30., 95., 99., 6., 2., 9., 78.,
       26., 23., 45., 94., 6., 3., 13., 29., 5., 7., 10., 36., 15., 14.,
       54., 35., 14., 11., 62., 25., 2., 12., 60., 6., 30., 55., 103.,
       8., 0., 0., 0., 6., 34., 82., 46., 14., 0., 0., 0., 141., 61., 1.,
       0., 0., 0., 0., 41., 126., 36., 0., 0., 3., 20., 9., 47., 1., 0.,
       0., 0., 10., 45., 6., 2., 0., 0., 0., 0., 0., 1., 0., 0., 141.,
       127., 4., 0., 0., 0., 3., 26., 141., 126., 3., 2., 4., 16., 22.,
       84., 16., 6., 4., 7., 69., 129., 37., 29., 0., 0., 0., 0., 9.,
       13., 2., 0., 124., 69., 9., 5., 1., 3., 13., 19., 141., 141., 22.,
       4., 3., 1., 2., 24., 69., 66., 21., 15., 48., 48., 73., 42., 0.,
       0., 0., 0., 5., 22., 45., 2., 13., 32., 9., 5., 1., 14., 18., 2.,
       96., 99., 2., 0., 0., 0., 0., 2., 49., 13., 0., 0., 0., 2., 9.,
       15., 0., 0., 0., 0., 0., 2., 5., 1., 116., 19., 4., 8., 0., 1.,
       10., 70., 38., 11., 3., 62., 103., 15., 42., 30., 116., 9., 3.,
       30., 45., 13., 42., 53., 19., 1., 0., 8., 30., 40., 102., 22.,
       116., 93., 16., 5., 1., 5., 31., 37., 44., 43., 37., 116., 88.,
       3., 6., 10., 116., 39., 5., 24., 28., 1., 5., 72., 40., 16., 9.,
       82., 99., 7., 10., 14., 34., 14., 10., 33., 68., 38., 58., 56.,
       53., 18., 18., 32., 18., 12., 61., 51., 82., 59., 25., 31., 8.,
       7., 59., 33., 16., 33., 48., 96., 33., 1., 0., 6., 20., 22., 38.,
       35., 60., 16., 21., 26., 42., 27., 14., 22., 26., 8., 40., 101.,
       6., 1., 26., 104., 44., 6., 12., 9., 2., 12., 23., 42., 4., 0.,
       0., 0., 32., 0., 0., 0., 0., 6., 21., 42., 58., 0., 0., 0., 0.,
       0., 16., 70., 57., 0., 0., 0., 0., 2., 23., 33., 43., 0., 0., 0.,
       0., 0., 0., 13., 50., 4., 2., 13., 36., 26., 24., 31., 123., 9.,
       1., 2., 6., 11., 56., 123., 25., 3., 1., 8., 68., 66., 83., 41.,
       50., 1., 0., 0., 8., 4., 1., 6., 35., 10., 9., 23., 16., 2., 123.,
       60., 123., 61., 16., 12., 7., 20., 123., 73., 24., 22., 22., 67.,
       87., 40., 21., 9., 35., 0., 0., 2., 9., 1., 0., 16., 43., 31., 3.,
       3., 32., 41., 123., 99., 59., 47., 17., 91., 47., 76., 123., 88.,
       8., 2., 6., 88., 99., 95., 33., 6., 23., 0., 0., 1., 2., 1., 0.,
       16., 34., 2., 4., 3., 3., 18., 25., 70., 11., 3., 36., 54., 50.,
       60., 12., 12., 37., 11., 24., 21., 17., 27., 31., 40., 5., 8.,
       31., 61., 47., 70., 17., 3., 123., 7., 1., 3., 24., 29., 19., 43.,
       35., 3., 2., 7., 123., 110., 11., 9., 123., 9., 2., 4., 47., 39.,
       22., 45., 10., 1., 2., 8., 123., 120., 15., 7., 113., 49., 58.,
       29., 18., 7., 1., 7., 20., 7., 80., 69., 123., 48., 3., 4., 123.,
       50., 44., 47., 38., 22., 3., 11., 8., 7., 62., 88., 112., 33., 3.,
       2., 6., 41., 63., 23., 2., 1., 0., 0., 1., 5., 77., 59., 15., 4.,
       0., 0., 9., 35., 62., 37., 8., 4., 0., 0., 0., 2., 53., 54., 16.,
       16., 0., 0., 23., 12., 1., 0., 0., 2., 68., 48., 8., 5., 0., 1.,
       13., 41., 73., 35., 12., 2., 0., 0., 4., 13., 77., 43., 2., 1.,
       0., 0., 5., 33., 58., 13., 125., 26., 4., 4., 8., 5., 56., 70.,
       39., 15., 4., 36., 125., 38., 52., 38., 125., 22., 2., 9., 22.,
       10., 100., 66., 12., 3., 1., 11., 76., 57., 94., 26., 125., 113.,
       18., 13., 10., 0., 3., 18., 63., 32., 21., 86., 125., 2., 2., 9.,
       125., 67., 9., 14., 26., 2., 4., 28., 30., 16., 11., 58., 125.,
       6., 4., 7., 33., 41., 15., 9., 20., 19., 48., 48., 34., 21., 20.,
       36., 25., 9., 35., 30., 60., 64., 19., 21., 9., 4., 38., 33., 8.,
       23., 32., 76., 33., 1., 1., 2., 37., 2., 3., 3., 5., 23., 29.,
       69., 12., 3., 31., 47., 60., 74., 13., 10., 46., 9., 21., 18.,
       16., 29., 34., 46., 3., 6., 25., 49., 51., 86., 20., 4., 125., 9.,
       3., 4., 26., 26., 14., 36., 35., 3., 3., 8., 125., 100., 9., 8.,
       125., 11., 3., 5., 50., 36., 17., 39., 12., 2., 3., 12., 125.,
       107., 12., 6., 95., 55., 72., 33., 15., 6., 1., 5., 16., 7., 96.,
       78., 125., 41., 2., 4., 125., 55., 51., 52., 34., 20., 3., 9., 7.,
       7., 72., 96., 92., 28., 3., 1., 4., 37., 58., 20., 2., 1., 0., 0.,
       1., 5., 70., 56., 13., 3., 0., 0., 6., 32., 65., 35., 6., 3., 0.,
