%YAML:1.0
---
mat: !!opencv-matrix
   rows: 87
   cols: 128
   dt: f
   data: [ 0., 0., 0., 0., 0., 1., 10., 3., 170., 2., 0., 0., 0., 0., 4.,
       11., 200., 5., 0., 0., 0., 0., 0., 32., 19., 0., 0., 0., 0., 0.,
       0., 5., 0., 0., 0., 0., 0., 5., 16., 7., 179., 2., 0., 0., 0., 0.,
       19., 42., 200., 32., 4., 0., 0., 0., 2., 27., 61., 13., 6., 1.,
       0., 0., 0., 5., 2., 0., 0., 0., 0., 4., 129., 49., 62., 0., 0.,
       0., 0., 1., 122., 154., 200., 52., 9., 2., 0., 0., 19., 59., 26.,
       22., 14., 4., 0., 0., 0., 0., 4., 0., 0., 0., 1., 6., 33., 12.,
       9., 0., 0., 0., 0., 1., 10., 16., 11., 2., 0., 0., 0., 0., 2., 2.,
       1., 0., 0., 0., 0., 0., 0., 0., 110., 7., 1., 0., 0., 0., 2., 9.,
       198., 43., 0., 0., 1., 7., 3., 25., 55., 15., 1., 0., 3., 25.,
       17., 16., 16., 15., 6., 1., 1., 2., 1., 4., 123., 9., 2., 2., 0.,
       0., 0., 4., 198., 35., 0., 1., 2., 2., 2., 61., 67., 10., 1., 12.,
       42., 22., 8., 30., 6., 8., 9., 12., 12., 5., 1., 4., 120., 19.,
       4., 1., 0., 0., 0., 0., 198., 63., 1., 5., 2., 0., 1., 13., 70.,
       22., 3., 34., 32., 7., 27., 41., 3., 1., 1., 9., 41., 32., 19.,
       24., 76., 23., 5., 0., 0., 0., 0., 0., 198., 46., 1., 1., 0., 0.,
       0., 16., 73., 12., 33., 27., 3., 2., 12., 39., 2., 2., 24., 43.,
       55., 9., 7., 9., 61., 5., 3., 0., 0., 0., 0., 3., 174., 10., 1.,
       1., 1., 1., 0., 19., 66., 15., 7., 24., 11., 11., 5., 10., 7.,
       12., 3., 21., 76., 3., 4., 8., 84., 9., 2., 0., 0., 0., 0., 0.,
       174., 38., 1., 1., 1., 1., 0., 4., 89., 18., 4., 14., 26., 24.,
       5., 14., 13., 11., 2., 20., 121., 8., 4., 14., 84., 10., 2., 0.,
       0., 0., 0., 7., 174., 18., 1., 0., 0., 1., 0., 46., 107., 9., 6.,
       1., 7., 22., 10., 24., 4., 2., 1., 13., 169., 20., 7., 15., 93.,
       10., 2., 0., 0., 0., 0., 5., 174., 29., 5., 0., 0., 0., 1., 43.,
       46., 41., 40., 2., 1., 2., 10., 21., 6., 15., 7., 18., 142., 9.,
       2., 6., 23., 0., 0., 0., 0., 0., 0., 2., 167., 5., 0., 1., 0., 1.,
       2., 34., 46., 4., 7., 15., 6., 17., 17., 18., 1., 1., 5., 31.,
       167., 11., 5., 2., 23., 1., 0., 0., 0., 0., 0., 1., 167., 14., 1.,
       2., 2., 3., 3., 27., 65., 5., 14., 35., 25., 43., 34., 14., 0.,
       0., 9., 50., 167., 42., 21., 1., 15., 1., 0., 0., 0., 0., 0., 1.,
       167., 37., 2., 2., 1., 1., 1., 22., 72., 26., 13., 26., 19., 19.,
       16., 6., 1., 6., 3., 29., 167., 27., 10., 1., 8., 0., 0., 0., 0.,
       0., 0., 1., 167., 7., 1., 4., 2., 1., 0., 23., 54., 23., 9., 28.,
       20., 10., 2., 8., 8., 12., 2., 4., 167., 28., 1., 3., 0., 12., 5.,
       0., 0., 0., 0., 0., 24., 13., 1., 0., 0., 0., 0., 7., 116., 5.,
       5., 6., 0., 4., 30., 116., 20., 11., 14., 13., 2., 67., 116., 43.,
       8., 12., 3., 0., 0., 1., 5., 13., 58., 11., 0., 0., 0., 8., 22.,
       32., 116., 66., 46., 34., 1., 5., 15., 52., 50., 83., 95., 59.,
       2., 8., 11., 6., 61., 5., 1., 4., 4., 3., 6., 54., 82., 23., 1.,
       9., 12., 19., 41., 114., 60., 51., 22., 7., 1., 78., 116., 91.,
       4., 34., 64., 11., 3., 112., 116., 3., 69., 13., 8., 16., 6., 1.,
       1., 24., 103., 41., 20., 22., 9., 0., 1., 97., 89., 75., 72., 11.,
       1., 10., 28., 79., 14., 21., 37., 51., 9., 52., 68., 5., 32., 27.,
       8., 0., 0., 0., 0., 4., 118., 118., 13., 15., 23., 2., 13., 54.,
       7., 53., 78., 84., 69., 4., 9., 19., 2., 7., 56., 108., 31., 1.,
       16., 39., 4., 16., 15., 2., 0., 0., 0., 0., 42., 118., 42., 7.,
       5., 0., 1., 5., 46., 62., 63., 71., 36., 3., 45., 115., 7., 11.,
       14., 26., 16., 4., 110., 118., 6., 4., 14., 4., 0., 0., 0., 2.,
       68., 34., 6., 1., 1., 4., 17., 39., 118., 118., 72., 5., 4., 5.,
       19., 79., 59., 84., 70., 70., 17., 2., 13., 42., 3., 7., 15., 3.,
       0., 0., 0., 0., 48., 80., 6., 1., 5., 6., 3., 4., 52., 88., 28.,
       8., 31., 19., 1., 0., 66., 62., 33., 105., 25., 2., 8., 10., 17.,
       6., 3., 0., 0., 1., 11., 19., 91., 40., 6., 1., 1., 3., 19., 73.,
       41., 38., 29., 5., 2., 1., 111., 111., 9., 14., 7., 15., 20., 5.,
       111., 65., 77., 29., 2., 0., 5., 3., 5., 10., 80., 87., 15., 3.,
       33., 10., 7., 13., 111., 111., 70., 22., 1., 0., 2., 27., 33.,
       27., 111., 111., 17., 1., 1., 5., 54., 64., 8., 1., 2., 0., 0.,
       0., 64., 55., 14., 25., 40., 5., 1., 2., 111., 73., 50., 96., 8.,
       4., 13., 17., 4., 2., 91., 111., 8., 4., 74., 29., 31., 35., 7.,
       1., 0., 0., 0., 1., 51., 28., 6., 7., 6., 15., 9., 12., 89., 47.,
       17., 8., 5., 9., 43., 75., 12., 25., 23., 6., 4., 3., 111., 86.,
       25., 7., 2., 1., 3., 9., 15., 20., 111., 47., 12., 1., 7., 16.,
       18., 53., 64., 48., 81., 38., 0., 2., 70., 88., 33., 33., 29.,
       35., 35., 8., 35., 42., 76., 48., 2., 1., 10., 10., 3., 5., 60.,
       71., 22., 3., 70., 42., 2., 3., 114., 65., 76., 63., 8., 1., 0.,
       80., 47., 10., 88., 114., 13., 2., 1., 34., 45., 58., 10., 1., 1.,
       1., 0., 0., 56., 57., 20., 28., 66., 22., 3., 3., 114., 83., 34.,
       87., 27., 6., 12., 23., 6., 3., 21., 114., 26., 4., 94., 54., 14.,
       24., 8., 2., 0., 0., 0., 1., 55., 35., 7., 7., 13., 20., 13., 16.,
       100., 49., 12., 5., 22., 23., 22., 43., 47., 34., 58., 32., 2.,
       1., 114., 89., 25., 92., 9., 0., 0., 0., 0., 1., 37., 38., 0., 0.,
       0., 0., 1., 9., 7., 1., 0., 0., 0., 1., 5., 11., 0., 0., 0., 0.,
       0., 0., 0., 0., 114., 101., 44., 0., 0., 0., 0., 4., 124., 57.,
       17., 4., 4., 3., 7., 63., 48., 7., 5., 31., 36., 16., 18., 50.,
       84., 2., 1., 2., 1., 0., 0., 113., 82., 51., 42., 5., 5., 11.,
       16., 53., 124., 103., 52., 40., 3., 1., 2., 37., 124., 46., 71.,
       91., 19., 1., 0., 50., 124., 5., 1., 1., 0., 0., 0., 124., 30.,
       4., 4., 7., 6., 8., 40., 124., 36., 8., 17., 91., 31., 6., 17.,
       70., 124., 20., 23., 37., 3., 1., 3., 93., 58., 5., 0., 0., 0.,
       0., 0., 6., 111., 16., 5., 12., 0., 1., 4., 86., 63., 20., 5.,
       76., 58., 7., 31., 38., 70., 6., 4., 84., 71., 17., 23., 47., 30.,
       1., 0., 2., 10., 43., 99., 31., 90., 64., 13., 2., 6., 28., 68.,
       37., 32., 54., 61., 111., 50., 12., 10., 6., 111., 27., 3., 50.,
       31., 2., 6., 98., 56., 17., 7., 67., 57., 10., 24., 33., 31., 11.,
       12., 83., 80., 41., 36., 39., 61., 19., 21., 35., 15., 33., 75.,
       44., 86., 71., 22., 24., 11., 40., 64., 18., 21., 46., 65., 97.,
       29., 1., 0., 5., 11., 37., 47., 34., 32., 16., 27., 20., 45., 31.,
       14., 44., 26., 9., 42., 86., 5., 2., 35., 111., 34., 14., 7., 5.,
       8., 24., 34., 38., 3., 1., 0., 1., 32., 6., 8., 2., 4., 28., 47.,
       63., 15., 8., 60., 37., 44., 78., 16., 9., 48., 15., 31., 14.,
       10., 24., 45., 55., 4., 8., 41., 42., 47., 71., 26., 3., 125., 8.,
       4., 5., 27., 37., 21., 33., 45., 3., 3., 11., 125., 98., 8., 7.,
       125., 8., 2., 5., 36., 33., 22., 45., 7., 1., 2., 9., 125., 98.,
       15., 5., 79., 58., 78., 44., 14., 4., 1., 3., 26., 7., 90., 64.,
       125., 40., 3., 5., 125., 57., 60., 54., 23., 16., 3., 13., 5., 7.,
       83., 78., 94., 35., 4., 3., 6., 43., 61., 17., 1., 1., 0., 0., 2.,
       7., 79., 42., 11., 4., 0., 0., 7., 36., 79., 31., 4., 2., 1., 0.,
       0., 3., 73., 36., 7., 6., 8., 0., 3., 6., 6., 0., 1., 5., 10., 6.,
       5., 5., 8., 0., 1., 9., 23., 29., 0., 3., 14., 3., 4., 30., 20.,
       5., 0., 6., 17., 1., 0., 1., 4., 0., 17., 28., 44., 7., 3., 5.,
       6., 5., 131., 15., 11., 7., 3., 38., 41., 100., 18., 4., 25., 14.,
       12., 131., 123., 25., 1., 7., 11., 0., 1., 22., 131., 4., 29.,
       35., 41., 1., 0., 1., 3., 1., 131., 97., 28., 43., 6., 6., 9.,
       14., 26., 32., 131., 97., 16., 35., 96., 39., 27., 57., 59., 4.,
       0., 5., 103., 63., 25., 18., 34., 7., 3., 3., 5., 3., 131., 58.,
       16., 8., 5., 3., 17., 36., 36., 82., 60., 17., 20., 13., 131.,
       69., 4., 9., 56., 81., 50., 26., 48., 42., 44., 12., 4., 0., 0.,
