%YAML:1.0
---
mat: !!opencv-matrix
   rows: 138
   cols: 128
   dt: f
   data: [ 15., 0., 0., 0., 0., 0., 0., 1., 154., 7., 1., 1., 0., 0., 0.,
       9., 103., 9., 46., 23., 1., 0., 0., 2., 0., 13., 63., 7., 2., 0.,
       0., 0., 22., 1., 0., 0., 0., 0., 0., 2., 154., 19., 4., 17., 6.,
       0., 0., 11., 70., 17., 97., 154., 63., 0., 0., 0., 0., 67., 154.,
       39., 6., 0., 0., 0., 18., 1., 0., 0., 0., 0., 0., 7., 154., 21.,
       3., 24., 28., 0., 0., 28., 27., 7., 6., 130., 154., 8., 1., 1.,
       0., 7., 37., 29., 19., 7., 10., 2., 13., 6., 0., 0., 0., 0., 0.,
       2., 154., 27., 0., 2., 31., 7., 1., 10., 16., 1., 0., 7., 136.,
       58., 2., 1., 0., 0., 18., 41., 44., 12., 3., 1., 34., 20., 3., 0.,
       0., 0., 0., 2., 141., 46., 2., 0., 49., 13., 0., 3., 7., 1., 0.,
       0., 113., 76., 3., 1., 0., 0., 4., 27., 50., 23., 3., 2., 44., 9.,
       0., 0., 0., 0., 1., 8., 141., 30., 1., 6., 18., 23., 6., 27., 25.,
       2., 20., 59., 75., 131., 9., 4., 0., 1., 16., 44., 135., 59., 2.,
       0., 17., 8., 2., 0., 0., 0., 3., 13., 141., 53., 4., 23., 45., 1.,
       4., 32., 23., 14., 59., 141., 141., 4., 0., 1., 1., 10., 71., 82.,
       72., 7., 1., 0., 13., 8., 2., 0., 0., 0., 0., 2., 141., 56., 5.,
       10., 50., 0., 0., 5., 18., 10., 5., 47., 141., 0., 0., 0., 3., 9.,
       23., 19., 23., 3., 1., 0., 6., 2., 0., 0., 0., 0., 0., 1., 9., 7.,
       0., 0., 1., 5., 9., 5., 9., 0., 0., 0., 0., 18., 74., 38., 16.,
       1., 0., 0., 3., 16., 95., 75., 54., 7., 0., 0., 1., 10., 21., 47.,
       153., 19., 0., 0., 1., 4., 39., 151., 26., 0., 0., 0., 0., 10.,
       153., 153., 2., 0., 0., 0., 0., 1., 153., 126., 42., 7., 1., 1.,
       4., 52., 50., 20., 153., 37., 0., 0., 1., 7., 7., 47., 127., 20.,
       2., 0., 0., 0., 20., 37., 0., 0., 4., 2., 0., 0., 7., 4., 13.,
       11., 5., 2., 9., 23., 15., 15., 153., 38., 0., 0., 4., 12., 4.,
       4., 134., 29., 3., 0., 0., 0., 0., 0., 0., 0., 6., 3., 0., 0., 0.,
       0., 10., 54., 142., 0., 3., 2., 3., 9., 24., 135., 142., 0., 0.,
       0., 10., 7., 96., 142., 59., 23., 64., 2., 0., 1., 2., 2., 6.,
       33., 92., 13., 2., 0., 62., 6., 5., 4., 13., 2., 5., 22., 67.,
       20., 12., 27., 6., 3., 17., 16., 142., 48., 4., 7., 67., 4., 1.,
       7., 11., 1., 2., 13., 133., 14., 0., 1., 23., 14., 29., 12., 10.,
       4., 8., 10., 92., 12., 33., 27., 3., 0., 2., 30., 142., 6., 1.,
       3., 63., 5., 0., 25., 13., 0., 0., 9., 118., 21., 0., 1., 3., 2.,
       2., 3., 6., 11., 40., 20., 60., 1., 1., 0., 1., 2., 20., 55.,
       142., 2., 0., 3., 54., 5., 3., 54., 7., 0., 0., 13., 94., 11., 1.,
       2., 0., 0., 0., 0., 7., 11., 4., 2., 56., 4., 0., 0., 0., 3., 6.,
       24., 52., 3., 0., 0., 0., 8., 85., 91., 3., 0., 0., 0., 0., 6.,
       166., 125., 1., 0., 0., 0., 19., 43., 42., 6., 157., 2., 0., 0.,
       1., 30., 64., 59., 166., 11., 0., 0., 0., 0., 48., 166., 23., 3.,
       1., 0., 0., 0., 109., 85., 5., 5., 0., 0., 0., 3., 14., 12., 103.,
       9., 1., 0., 3., 30., 34., 26., 166., 48., 0., 0., 0., 2., 3., 9.,
       52., 14., 6., 2., 0., 0., 0., 1., 1., 0., 0., 0., 0., 0., 3., 13.,
       43., 3., 1., 8., 6., 14., 16., 22., 166., 45., 0., 1., 1., 3., 2.,
       4., 54., 19., 5., 1., 0., 0., 0., 0., 1., 1., 14., 8., 0., 4.,
       33., 13., 132., 17., 1., 2., 1., 8., 14., 9., 147., 52., 0., 0.,
       0., 0., 0., 2., 27., 3., 0., 0., 0., 1., 1., 1., 8., 14., 10., 1.,
       4., 11., 27., 10., 113., 7., 1., 1., 12., 23., 12., 22., 147.,
       38., 0., 0., 0., 0., 1., 24., 51., 7., 6., 3., 0., 0., 1., 1., 6.,
       15., 9., 1., 1., 1., 93., 59., 28., 3., 5., 1., 3., 4., 108.,
       147., 147., 17., 52., 14., 0., 0., 15., 144., 26., 8., 137., 69.,
       0., 0., 0., 1., 0., 0., 36., 28., 0., 0., 103., 48., 1., 4., 91.,
       47., 0., 0., 47., 49., 5., 16., 122., 42., 4., 0., 4., 15., 0.,
       1., 84., 72., 8., 0., 0., 0., 114., 25., 1., 1., 0., 0., 2., 27.,
       77., 113., 7., 1., 6., 2., 2., 34., 16., 41., 4., 2., 112., 72.,
       1., 2., 0., 0., 0., 0., 24., 30., 1., 0., 62., 9., 1., 1., 0., 0.,
       17., 67., 74., 87., 9., 3., 0., 0., 1., 11., 113., 63., 1., 1.,
       64., 54., 1., 8., 1., 0., 0., 5., 86., 52., 1., 1., 35., 11., 10.,
       3., 0., 1., 52., 30., 67., 8., 8., 5., 0., 0., 39., 43., 125., 6.,
       0., 0., 39., 43., 10., 69., 7., 0., 0., 0., 125., 109., 2., 6.,
       2., 1., 1., 0., 0., 5., 125., 17., 8., 0., 0., 0., 0., 0., 125.,
       73., 42., 0., 0., 0., 17., 20., 64., 122., 3., 0., 0., 0., 125.,
       108., 3., 7., 1., 1., 1., 1., 0., 3., 34., 5., 1., 3., 2., 0., 0.,
       1., 48., 14., 3., 1., 0., 0., 0., 0., 107., 29., 0., 0., 0., 0.,
       0., 0., 128., 16., 1., 60., 116., 22., 0., 4., 33., 5., 24., 85.,
       110., 15., 0., 1., 36., 18., 134., 91., 8., 0., 0., 0., 99., 60.,
       21., 3., 1., 0., 0., 0., 134., 30., 3., 112., 115., 4., 1., 1.,
       0., 0., 129., 117., 48., 3., 0., 0., 0., 18., 134., 33., 2., 0.,
       0., 0., 0., 64., 35., 7., 12., 0., 0., 0., 1., 4., 17., 26., 3.,
       1., 7., 21., 7., 26., 134., 42., 0., 0., 0., 0., 0., 68., 134.,
       29., 2., 0., 0., 0., 0., 42., 9., 6., 16., 1., 0., 0., 0., 1., 8.,
       12., 3., 1., 5., 38., 36., 17., 129., 4., 1., 1., 13., 59., 26.,
       23., 206., 5., 0., 0., 0., 0., 2., 44., 58., 6., 2., 0., 0., 0.,
       7., 11., 10., 22., 5., 3., 5., 7., 24., 31., 130., 5., 2., 2.,
       24., 42., 16., 18., 206., 10., 0., 0., 0., 1., 1., 14., 75., 9.,
       5., 0., 0., 0., 0., 0., 15., 4., 5., 8., 6., 7., 18., 38., 96.,
       3., 7., 17., 31., 36., 12., 20., 206., 27., 0., 0., 1., 2., 1.,
       16., 75., 15., 4., 1., 0., 0., 0., 0., 2., 1., 4., 8., 12., 16.,
       15., 5., 70., 4., 8., 14., 9., 20., 27., 22., 206., 17., 0., 0.,
       0., 0., 1., 18., 64., 14., 5., 1., 0., 0., 0., 0., 48., 5., 0.,
       0., 80., 103., 8., 15., 92., 56., 28., 1., 0., 4., 33., 35., 147.,
       39., 7., 0., 0., 0., 16., 85., 24., 0., 0., 0., 26., 31., 32.,
       38., 6., 5., 3., 1., 147., 146., 13., 4., 71., 48., 44., 6., 8.,
       27., 28., 14., 147., 71., 13., 1., 0., 0., 4., 27., 63., 12., 30.,
       33., 50., 13., 7., 12., 0., 0., 1., 11., 117., 126., 53., 0., 26.,
       3., 5., 1., 2., 93., 137., 37., 147., 59., 25., 1., 0., 2., 20.,
       55., 15., 25., 83., 47., 11., 0., 0., 0., 0., 0., 0., 4., 7., 6.,
       2., 0., 0., 0., 0., 0., 0., 7., 5., 1., 2., 1., 0., 0., 0., 0.,
       1., 1., 0., 0., 0., 0., 0., 0., 0., 0., 5., 41., 68., 25., 0., 0.,
       0., 0., 144., 60., 25., 3., 0., 0., 0., 13., 144., 20., 4., 1.,
       0., 0., 0., 9., 0., 1., 13., 1., 0., 0., 0., 0., 34., 98., 36.,
       0., 0., 1., 1., 23., 144., 36., 12., 1., 0., 0., 0., 60., 144.,
       14., 8., 3., 0., 0., 0., 21., 0., 1., 18., 5., 0., 0., 0., 0.,
       52., 30., 4., 0., 1., 2., 7., 89., 144., 140., 3., 0., 0., 0., 1.,
       38., 108., 126., 11., 1., 0., 0., 0., 1., 0., 3., 22., 5., 0., 0.,
       0., 0., 42., 77., 12., 8., 6., 0., 0., 3., 64., 144., 13., 2., 0.,
       0., 0., 1., 111., 144., 5., 0., 0., 0., 0., 0., 7., 19., 22., 2.,
       0., 0., 0., 0., 1., 42., 114., 23., 0., 0., 10., 3., 136., 103.,
       43., 3., 0., 0., 11., 19., 118., 26., 3., 0., 0., 0., 34., 24.,
       0., 2., 9., 0., 0., 0., 28., 6., 28., 97., 46., 1., 1., 5., 2.,
       15., 136., 56., 6., 0., 0., 0., 0., 49., 136., 15., 11., 1., 0.,
       0., 0., 19., 0., 2., 25., 1., 0., 0., 0., 0., 56., 32., 4., 4.,
       14., 18., 5., 41., 136., 136., 0., 0., 0., 0., 0., 29., 103.,
       118., 14., 1., 0., 0., 0., 2., 0., 3., 32., 2., 0., 0., 0., 0.,
       41., 57., 11., 28., 30., 3., 0., 0., 94., 136., 7., 0., 0., 0.,
       0., 0., 132., 136., 7., 0., 0., 0., 0., 0., 4., 11., 30., 3., 0.,
       0., 0., 0., 7., 2., 2., 6., 3., 3., 18., 23., 8., 3., 1., 1., 0.,
       4., 20., 24., 3., 2., 5., 11., 2., 1., 56., 69., 0., 0., 8., 4.,
       4., 37., 105., 39., 11., 18., 25., 17., 7., 5., 11., 8., 105.,
