%YAML:1.0
---
mat: !!opencv-matrix
   rows: 129
   cols: 128
   dt: f
   data: [ 3., 4., 13., 24., 16., 15., 1., 0., 34., 21., 73., 82., 31.,
       39., 15., 25., 42., 29., 49., 77., 63., 19., 35., 27., 16., 40.,
       15., 26., 10., 10., 101., 43., 0., 1., 3., 6., 20., 12., 2., 1.,
       17., 14., 38., 122., 122., 60., 24., 13., 122., 53., 60., 62.,
       25., 11., 24., 65., 34., 8., 31., 93., 37., 10., 33., 23., 7., 3.,
       0., 1., 9., 10., 5., 3., 21., 13., 5., 17., 73., 122., 122., 34.,
       86., 6., 11., 9., 25., 58., 122., 122., 9., 2., 6., 21., 49., 95.,
       90., 25., 5., 11., 4., 0., 0., 0., 0., 1., 17., 71., 69., 0., 0.,
       2., 24., 7., 1., 18., 116., 6., 3., 8., 26., 9., 0., 0., 60., 30.,
       5., 20., 19., 4., 92., 53., 14., 31., 17., 26., 7., 7., 25., 18.,
       31., 8., 26., 95., 51., 16., 90., 31., 8., 1., 7., 15., 37., 99.,
       11., 3., 0., 0., 59., 38., 4., 14., 45., 33., 41., 27., 39., 70.,
       66., 25., 21., 59., 122., 61., 50., 60., 29., 12., 122., 122.,
       83., 9., 14., 8., 20., 53., 24., 10., 1., 14., 122., 8., 1., 4.,
       15., 24., 42., 25., 72., 86., 30., 32., 25., 15., 20., 17., 38.,
       122., 122., 59., 122., 38., 20., 13., 5., 15., 78., 122., 22., 8.,
       16., 63., 68., 0., 0., 1., 3., 1., 4., 6., 17., 37., 19., 18., 3.,
       1., 0., 1., 4., 6., 23., 18., 5., 3., 4., 2., 0., 1., 9., 10., 0.,
       1., 4., 6., 2., 0., 0., 0., 93., 7., 33., 18., 6., 6., 49., 92.,
       10., 8., 42., 77., 102., 20., 19., 8., 47., 111., 21., 27., 39.,
       12., 8., 3., 14., 34., 38., 23., 5., 31., 38., 3., 18., 15., 57.,
       83., 111., 13., 15., 10., 111., 31., 61., 51., 35., 36., 55., 30.,
       35., 44., 10., 19., 28., 77., 111., 46., 13., 23., 50., 55., 37.,
       60., 27., 22., 15., 1., 2., 30., 103., 80., 76., 16., 111., 14.,
       1., 1., 12., 19., 75., 82., 34., 9., 12., 30., 74., 97., 45., 10.,
       21., 17., 47., 30., 28., 80., 37., 26., 0., 0., 1., 4., 9., 48.,
       88., 3., 16., 4., 3., 5., 6., 24., 85., 22., 15., 9., 4., 9., 10.,
       65., 14., 3., 6., 1., 2., 8., 11., 69., 34., 19., 23., 9., 3., 9.,
       43., 111., 19., 21., 46., 21., 11., 10., 29., 51., 30., 81., 81.,
       22., 23., 8., 20., 25., 20., 96., 23., 2., 1., 4., 2., 21., 12.,
       30., 21., 10., 15., 115., 41., 16., 13., 12., 115., 77., 26., 40.,
       12., 19., 30., 36., 51., 14., 41., 32., 4., 12., 45., 82., 36.,
       13., 15., 15., 2., 6., 4., 18., 19., 6., 4., 37., 26., 38., 115.,
       28., 87., 27., 65., 41., 42., 51., 62., 28., 54., 66., 115., 73.,
       4., 3., 14., 21., 115., 59., 17., 3., 1., 3., 8., 11., 52., 36.,
       89., 14., 11., 15., 26., 18., 11., 25., 37., 17., 69., 94., 72.,
       17., 29., 8., 13., 9., 5., 35., 115., 77., 115., 8., 0., 0., 0.,
       6., 15., 41., 19., 10., 8., 2., 6., 84., 37., 12., 22., 108., 30.,
       2., 3., 51., 51., 13., 18., 87., 20., 7., 60., 102., 61., 12.,
       31., 98., 15., 1., 9., 30., 53., 24., 5., 15., 70., 59., 67., 35.,
       20., 5., 89., 65., 54., 10., 7., 59., 79., 44., 35., 46., 18.,
       14., 44., 32., 77., 42., 10., 44., 24., 20., 9., 20., 56., 13.,
       8., 6., 12., 28., 58., 108., 108., 21., 108., 24., 22., 28., 31.,
       26., 108., 108., 42., 23., 37., 70., 84., 22., 32., 21., 20., 32.,
       15., 15., 24., 30., 58., 36., 1., 1., 0., 1., 3., 20., 58., 4.,
       0., 0., 2., 13., 93., 52., 56., 7., 63., 15., 7., 11., 50., 40.,
       64., 44., 37., 5., 0., 2., 9., 37., 35., 27., 40., 17., 32., 108.,
       8., 3., 28., 44., 64., 15., 13., 39., 13., 12., 6., 39., 47., 24.,
       16., 46., 16., 23., 24., 23., 39., 18., 22., 1., 0., 4., 19., 54.,
       52., 10., 26., 102., 12., 7., 64., 88., 85., 41., 38., 50., 12.,
       14., 39., 38., 36., 19., 37., 23., 41., 68., 77., 20., 60., 49.,
       83., 10., 8., 10., 34., 27., 35., 11., 25., 92., 21., 2., 5., 71.,
       73., 49., 97., 62., 53., 9., 11., 60., 108., 102., 98., 15., 25.,
       32., 41., 29., 43., 3., 1., 1., 3., 23., 108., 54., 26., 17., 11.,
       6., 8., 4., 20., 82., 18., 5., 7., 20., 65., 76., 79., 38., 108.,
       18., 7., 4., 6., 17., 38., 108., 31., 2., 1., 1., 0., 4., 8., 17.,
       0., 1., 10., 0., 0., 0., 0., 0., 49., 8., 5., 0., 0., 0., 0., 1.,
       202., 2., 0., 0., 0., 0., 0., 11., 35., 0., 0., 1., 2., 0., 0.,
       4., 4., 5., 43., 0., 0., 0., 3., 7., 143., 28., 20., 0., 0., 1.,
       14., 15., 202., 11., 0., 0., 0., 0., 0., 24., 84., 3., 1., 8., 5.,
       0., 0., 4., 52., 3., 4., 0., 0., 1., 7., 43., 134., 1., 0., 0.,
       2., 20., 41., 57., 202., 1., 0., 0., 0., 1., 2., 41., 70., 2., 1.,
       9., 10., 0., 0., 2., 96., 0., 0., 0., 0., 1., 1., 29., 118., 0.,
       0., 0., 18., 26., 6., 30., 202., 1., 0., 0., 2., 2., 1., 21., 47.,
       2., 0., 3., 10., 3., 0., 1., 7., 3., 2., 11., 93., 25., 16., 14.,
       28., 16., 6., 11., 37., 41., 28., 55., 86., 16., 6., 25., 27.,
       46., 30., 67., 113., 7., 0., 0., 33., 2., 1., 46., 30., 48., 8.,
       9., 83., 34., 2., 7., 113., 21., 2., 7., 58., 64., 17., 31., 113.,
       43., 6., 21., 85., 104., 10., 22., 113., 27., 0., 2., 43., 4., 1.,
       16., 31., 18., 4., 9., 32., 73., 49., 80., 113., 13., 5., 38.,
       59., 58., 27., 41., 113., 22., 10., 90., 113., 55., 13., 21.,
       113., 17., 1., 1., 40., 10., 2., 14., 7., 21., 41., 51., 13., 19.,
       14., 19., 45., 18., 10., 21., 24., 38., 10., 11., 49., 2., 1., 2.,
       37., 83., 30., 36., 99., 6., 0., 0., 20., 7., 6., 33., 7., 1.,
       28., 2., 3., 0., 7., 42., 3., 4., 40., 2., 1., 13., 107., 74., 0.,
       3., 49., 1., 1., 50., 107., 28., 1., 2., 41., 0., 0., 8., 107.,
       47., 107., 6., 0., 1., 5., 0., 2., 74., 60., 10., 31., 52., 57.,
       23., 47., 87., 94., 27., 35., 17., 19., 40., 68., 72., 48., 20.,
       10., 28., 65., 16., 75., 60., 107., 82., 2., 0., 5., 0., 0., 3.,
       56., 101., 54., 19., 51., 56., 25., 7., 100., 73., 75., 31., 19.,
       20., 30., 31., 53., 60., 65., 15., 72., 35., 10., 19., 5., 35.,
       7., 1., 5., 0., 0., 0., 3., 71., 107., 13., 1., 1., 1., 0., 0.,
       40., 107., 38., 1., 1., 1., 0., 1., 57., 107., 8., 1., 1., 1., 1.,
       1., 5., 61., 18., 0., 0., 0., 0., 2., 26., 68., 15., 1., 0., 0.,
       0., 1., 16., 98., 21., 2., 0., 0., 0., 2., 13., 70., 9., 0., 0.,
       0., 0., 13., 23., 114., 105., 35., 10., 0., 1., 114., 108., 93.,
       31., 23., 20., 2., 5., 21., 41., 114., 48., 80., 96., 6., 6.,
       102., 59., 93., 6., 3., 8., 5., 37., 23., 5., 5., 14., 46., 114.,
       96., 31., 114., 13., 3., 2., 5., 28., 71., 114., 35., 3., 2., 1.,
       35., 114., 69., 38., 74., 4., 1., 2., 7., 31., 67., 112., 2., 0.,
       0., 0., 0., 25., 75., 15., 5., 0., 0., 0., 0., 3., 60., 53., 3.,
       0., 0., 0., 0., 12., 21., 12., 1., 0., 0., 0., 1., 5., 22., 15.,
       12., 6., 36., 71., 1., 5., 13., 17., 22., 83., 76., 29., 0., 0.,
       0., 1., 9., 21., 11., 4., 0., 0., 0., 0., 0., 3., 8., 1., 0., 0.,
       0., 0., 4., 5., 22., 115., 51., 93., 14., 3., 115., 81., 34., 47.,
       16., 37., 7., 29., 58., 38., 92., 115., 13., 0., 0., 1., 10.,
       115., 84., 15., 1., 0., 0., 0., 1., 0., 0., 0., 11., 115., 37.,
       2., 65., 3., 1., 26., 39., 114., 76., 57., 22., 16., 26., 115.,
       109., 61., 28., 12., 108., 104., 33., 27., 8., 6., 16., 36., 0.,
       0., 0., 2., 1., 11., 4., 0., 0., 0., 0., 2., 16., 66., 21., 1.,
       1., 0., 0., 2., 23., 115., 107., 7., 20., 0., 1., 20., 38., 44.,
       73., 45., 0., 0., 0., 2., 18., 6., 2., 0., 1., 4., 28., 75., 120.,
       56., 15., 2., 86., 72., 53., 21., 15., 23., 42., 70., 59., 12.,
       0., 0., 0., 0., 2., 27., 0., 0., 0., 8., 35., 8., 3., 0., 5., 12.,
       27., 120., 120., 73., 19., 6., 120., 79., 35., 33., 15., 22., 31.,
       88., 69., 4., 0., 0., 0., 1., 4., 28., 0., 0., 0., 7., 33., 15.,
       2., 0., 6., 7., 23., 89., 120., 120., 60., 12., 120., 33., 20.,
