%YAML:1.0
---
mat: !!opencv-matrix
   rows: 79
   cols: 128
   dt: f
   data: [ 10., 12., 94., 13., 1., 0., 30., 35., 8., 8., 80., 18., 2.,
       6., 43., 35., 1., 1., 71., 55., 8., 26., 61., 15., 1., 0., 60.,
       35., 1., 3., 107., 29., 105., 14., 30., 11., 25., 9., 1., 39.,
       72., 20., 28., 30., 81., 35., 12., 56., 109., 28., 21., 13., 20.,
       32., 54., 42., 47., 28., 17., 12., 10., 13., 89., 54., 88., 72.,
       1., 1., 41., 18., 0., 3., 67., 109., 41., 7., 61., 71., 15., 13.,
       101., 22., 81., 49., 16., 31., 26., 33., 14., 18., 109., 81., 9.,
       8., 27., 7., 28., 27., 1., 0., 23., 25., 38., 21., 8., 62., 39.,
       3., 1., 3., 104., 78., 1., 4., 42., 26., 0., 3., 109., 59., 0.,
       0., 17., 14., 0., 1., 109., 45., 9., 2., 12., 0., 0., 28., 80.,
       36., 1., 6., 25., 2., 1., 19., 107., 27., 2., 8., 37., 1., 1.,
       32., 107., 21., 0., 7., 48., 4., 1., 8., 97., 32., 39., 9., 1.,
       1., 10., 47., 72., 56., 26., 23., 14., 44., 107., 33., 84., 31.,
       107., 49., 11., 35., 67., 35., 84., 26., 8., 20., 46., 79., 77.,
       13., 36., 15., 14., 93., 103., 36., 14., 11., 17., 8., 23., 46.,
       92., 24., 107., 51., 14., 20., 107., 21., 49., 80., 79., 19., 14.,
       38., 17., 4., 3., 56., 100., 28., 13., 8., 0., 32., 78., 8., 0.,
       2., 26., 1., 1., 45., 107., 6., 2., 3., 24., 1., 29., 54., 82.,
       18., 5., 8., 19., 6., 16., 25., 37., 7., 7., 49., 46., 17., 8.,
       56., 45., 20., 15., 20., 32., 7., 6., 10., 18., 7., 33., 55., 79.,
       18., 2., 5., 24., 1., 1., 50., 107., 4., 0., 4., 31., 0., 0., 31.,
       70., 5., 96., 25., 9., 8., 18., 5., 4., 65., 78., 18., 14., 42.,
       107., 20., 48., 86., 107., 46., 14., 21., 23., 52., 91., 23., 13.,
       10., 14., 6., 14., 98., 107., 35., 68., 16., 45., 17., 7., 19.,
       49., 78., 62., 39., 85., 27., 107., 44., 11., 37., 107., 31., 83.,
       29., 26., 22., 14., 47., 12., 49., 67., 55., 37., 11., 1., 2., 0.,
       10., 93., 28., 0., 10., 50., 3., 0., 37., 107., 16., 2., 10., 36.,
       1., 1., 24., 107., 22., 1., 6., 21., 2., 0., 35., 79., 40., 10.,
       2., 8., 0., 28., 1., 0., 0., 30., 54., 4., 19., 102., 5., 3., 0.,
       10., 24., 54., 69., 42., 0., 1., 0., 79., 95., 37., 21., 64., 0.,
       0., 0., 4., 4., 0., 16., 42., 1., 0., 0., 87., 67., 3., 21., 127.,
       17., 1., 1., 39., 33., 5., 43., 76., 5., 1., 3., 127., 120., 8.,
       13., 127., 9., 0., 0., 17., 13., 3., 3., 45., 2., 0., 0., 127.,
       61., 0., 10., 127., 68., 13., 5., 36., 27., 1., 16., 42., 32.,
       25., 23., 127., 64., 1., 3., 127., 17., 0., 1., 35., 22., 2., 0.,
       35., 5., 0., 1., 127., 51., 2., 3., 39., 24., 22., 8., 18., 28.,
       12., 14., 12., 33., 59., 22., 37., 14., 13., 14., 86., 27., 5.,
       10., 24., 8., 2., 1., 8., 2., 0., 24., 81., 0., 0., 1., 76., 6.,
       5., 17., 42., 26., 25., 26., 14., 16., 19., 14., 29., 50., 38.,
       11., 43., 13., 4., 9., 25., 5., 4., 16., 29., 5., 1., 42., 116.,
       0., 0., 1., 130., 13., 1., 17., 49., 16., 14., 42., 41., 7., 2.,
       55., 130., 39., 14., 11., 130., 10., 2., 28., 37., 0., 0., 9.,
       52., 6., 2., 64., 97., 0., 0., 3., 130., 32., 10., 51., 57., 2.,
       1., 21., 64., 9., 6., 130., 130., 3., 1., 2., 130., 7., 5., 31.,
       22., 0., 0., 12., 38., 14., 4., 52., 26., 0., 0., 1., 80., 64.,
       73., 40., 21., 1., 2., 3., 36., 16., 28., 90., 79., 1., 0., 0.,
       130., 19., 10., 21., 5., 0., 0., 12., 8., 17., 3., 0., 49., 121.,
       33., 7., 104., 38., 7., 6., 5., 65., 44., 61., 63., 11., 0., 1.,
       1., 86., 121., 81., 106., 14., 0., 0., 0., 13., 56., 117., 4., 0.,
       0., 0., 4., 114., 63., 51., 102., 17., 0., 0., 19., 121., 66.,
       40., 121., 27., 0., 0., 0., 19., 76., 96., 14., 0., 1., 3., 0.,
       2., 59., 89., 2., 0., 0., 0., 2., 16., 51., 70., 8., 0., 0., 0.,
       10., 118., 121., 45., 60., 1., 1., 8., 0., 8., 73., 121., 8., 0.,
       8., 28., 0., 0., 1., 10., 8., 2., 2., 0., 0., 0., 6., 27., 1., 1.,
       5., 13., 1., 2., 22., 7., 0., 0., 3., 34., 1., 0., 9., 4., 0., 0.,
       3., 16., 0., 0., 0., 0., 0., 0., 0., 90., 64., 0., 0., 0., 34.,
       2., 12., 116., 31., 0., 0., 31., 35., 8., 53., 26., 1., 0., 15.,
       94., 2., 2., 106., 41., 3., 5., 38., 21., 4., 0., 1., 43., 116.,
       12., 0., 0., 116., 5., 2., 30., 69., 16., 6., 59., 31., 5., 50.,
       47., 32., 94., 58., 28., 0., 0., 92., 41., 3., 15., 116., 28., 3.,
       0., 0., 1., 116., 84., 1., 1., 116., 41., 0., 0., 46., 84., 16.,
       20., 57., 52., 9., 0., 1., 60., 74., 9., 0., 4., 7., 1., 1., 13.,
       116., 24., 0., 0., 2., 3., 27., 43., 1., 0., 18., 15., 17., 52.,
       49., 76., 16., 4., 14., 84., 116., 24., 4., 2., 5., 5., 0., 77.,
       76., 8., 0., 0., 3., 1., 0., 0., 0., 0., 1., 1., 7., 1., 0., 1.,
       13., 36., 9., 2., 3., 0., 2., 14., 27., 37., 70., 35., 11., 1.,
       1., 1., 1., 18., 37., 97., 90., 12., 0., 0., 0., 8., 20., 3., 6.,
       1., 7., 15., 39., 127., 121., 5., 1., 2., 127., 122., 65., 64.,
       12., 10., 10., 14., 32., 11., 14., 0., 1., 45., 57., 14., 0., 0.,
       0., 3., 47., 10., 3., 0., 12., 4., 3., 49., 127., 121., 15., 16.,
       127., 67., 83., 15., 24., 41., 19., 51., 21., 39., 127., 1., 0.,
       1., 8., 2., 0., 0., 0., 0., 25., 10., 3., 0., 1., 1., 0., 2.,
       127., 80., 5., 1., 9., 17., 38., 5., 21., 68., 111., 12., 2., 12.,
       76., 2., 1., 5., 127., 10., 1., 18., 65., 63., 9., 23., 28., 5.,
       25., 124., 52., 7., 2., 3., 1., 1., 22., 100., 8., 1., 0., 0., 0.,
       0., 1., 3., 2., 4., 0., 0., 0., 0., 2., 6., 66., 91., 5., 13.,
       81., 103., 27., 116., 72., 27., 80., 70., 42., 33., 124., 124.,
       26., 6., 7., 5., 3., 15., 19., 13., 5., 4., 0., 0., 0., 0., 0.,
       0., 4., 6., 8., 25., 99., 111., 19., 5., 6., 10., 87., 124., 77.,
       40., 124., 18., 2., 1., 5., 34., 54., 120., 29., 4., 3., 4., 0.,
       0., 0., 3., 0., 30., 120., 31., 1., 1., 5., 5., 10., 43., 89.,
       65., 6., 23., 14., 5., 45., 47., 12., 1., 0., 6., 18., 36., 5.,
       2., 3., 4., 0., 0., 0., 3., 2., 7., 63., 48., 0., 0., 0., 0., 4.,
       7., 82., 115., 6., 7., 4., 2., 10., 56., 111., 32., 6., 14., 6.,
       4., 37., 115., 18., 0., 0., 0., 0., 2., 17., 18., 106., 115., 14.,
       2., 1., 2., 115., 52., 58., 33., 20., 17., 7., 18., 39., 29., 4.,
       19., 92., 34., 8., 11., 115., 57., 1., 1., 2., 0., 0., 15., 23.,
       9., 21., 29., 16., 8., 59., 102., 115., 13., 4., 15., 20., 17.,
       70., 115., 30., 9., 2., 46., 85., 35., 59., 73., 88., 7., 0., 1.,
       2., 0., 9., 115., 11., 1., 0., 0., 0., 1., 57., 115., 6., 4., 0.,
       0., 1., 14., 63., 63., 4., 3., 0., 0., 3., 24., 88., 49., 10., 4.,
       0., 0., 0., 0., 11., 57., 0., 0., 0., 4., 27., 6., 0., 0., 7.,
       10., 14., 71., 87., 39., 10., 1., 66., 32., 14., 18., 14., 36.,
       63., 13., 11., 16., 6., 2., 138., 119., 20., 1., 0., 0., 0., 3.,
       48., 2., 0., 0., 36., 7., 5., 28., 143., 8., 0., 2., 143., 26.,
       4., 6., 46., 3., 0., 6., 23., 2., 0., 4., 143., 25., 0., 1., 0.,
       0., 0., 13., 46., 1., 0., 0., 23., 6., 1., 27., 143., 17., 6., 8.,
       135., 85., 33., 7., 35., 7., 10., 17., 13., 21., 20., 47., 143.,
       7., 7., 10., 0., 0., 0., 6., 29., 13., 2., 0., 1., 2., 1., 13.,
       62., 69., 87., 0., 3., 35., 19., 3., 4., 60., 141., 2., 1., 12.,
       14., 16., 29., 21., 97., 22., 32., 21., 96., 23., 1., 13., 14.,
       18., 4., 63., 135., 2., 3., 37., 19., 3., 60., 72., 88., 0., 1.,
       3., 1., 13., 29., 13., 2., 0., 0., 0., 0., 6., 144., 7., 6., 10.,
       13., 20., 19., 51., 34., 6., 9., 18., 137., 85., 32., 8., 144.,
       16., 6., 8., 23., 6., 1., 32., 46., 1., 0., 0., 0., 0., 0., 14.,
       144., 22., 0., 1., 24., 1., 0., 5., 46., 2., 0., 7., 144., 22.,
       5., 7., 144., 4., 0., 3., 35., 6., 5., 30., 47., 1., 0., 0., 0.,
       0., 0., 4., 137., 118., 21., 2., 10., 16., 7., 2., 13., 36., 62.,
