%YAML:1.0
---
mat: !!opencv-matrix
   rows: 74
   cols: 128
   dt: f
   data: [ 13., 15., 103., 14., 0., 0., 23., 46., 14., 9., 73., 24., 4.,
       7., 33., 33., 2., 1., 54., 59., 12., 27., 56., 19., 3., 0., 39.,
       37., 1., 3., 109., 49., 108., 17., 36., 12., 12., 7., 1., 29.,
       87., 21., 28., 32., 67., 36., 5., 46., 109., 32., 21., 13., 19.,
       30., 45., 44., 45., 38., 23., 22., 10., 13., 65., 55., 82., 67.,
       1., 0., 22., 13., 0., 3., 70., 109., 40., 5., 43., 70., 13., 10.,
       98., 25., 80., 47., 13., 32., 28., 29., 10., 14., 109., 97., 8.,
       7., 40., 15., 35., 28., 1., 0., 13., 16., 26., 19., 10., 67., 35.,
       2., 2., 4., 87., 102., 1., 7., 37., 20., 1., 1., 109., 95., 0.,
       0., 11., 12., 0., 0., 109., 63., 93., 13., 15., 12., 52., 32., 4.,
       39., 64., 0., 3., 12., 150., 72., 1., 6., 150., 0., 0., 0., 11.,
       6., 0., 15., 4., 0., 0., 0., 0., 0., 0., 0., 71., 35., 61., 21.,
       24., 8., 19., 13., 71., 2., 17., 17., 150., 44., 9., 10., 150.,
       0., 0., 0., 22., 6., 0., 13., 7., 0., 0., 0., 0., 0., 0., 0., 20.,
       65., 107., 17., 16., 12., 31., 22., 68., 31., 38., 24., 142., 25.,
       9., 20., 150., 10., 0., 2., 20., 7., 0., 18., 8., 0., 0., 0., 0.,
       0., 0., 1., 5., 27., 70., 24., 6., 13., 65., 27., 52., 18., 35.,
       116., 41., 2., 15., 18., 150., 53., 3., 11., 6., 0., 0., 1., 5.,
       3., 0., 0., 0., 0., 0., 0., 47., 0., 0., 0., 150., 30., 1., 7.,
       58., 1., 0., 0., 105., 32., 0., 11., 150., 11., 1., 1., 18., 10.,
       2., 52., 20., 3., 2., 9., 92., 45., 2., 12., 61., 0., 0., 0.,
       150., 34., 0., 4., 82., 1., 0., 0., 138., 29., 1., 9., 150., 32.,
       18., 5., 23., 9., 4., 17., 13., 12., 35., 23., 70., 24., 10., 7.,
       57., 2., 0., 0., 150., 24., 0., 0., 70., 4., 0., 1., 89., 27., 8.,
       13., 53., 26., 37., 13., 27., 15., 16., 30., 10., 39., 75., 12.,
       34., 10., 15., 13., 40., 5., 0., 2., 150., 11., 0., 0., 53., 19.,
       7., 20., 62., 2., 1., 1., 4., 46., 34., 12., 24., 19., 29., 7.,
       6., 13., 39., 30., 10., 6., 41., 29., 14., 5., 38., 25., 8., 19.,
       34., 28., 19., 25., 38., 8., 6., 44., 32., 12., 51., 2., 1., 4.,
       40., 23., 9., 33., 150., 0., 0., 3., 52., 3., 0., 31., 46., 8.,
       16., 9., 9., 43., 57., 12., 23., 11., 16., 32., 56., 32., 36.,
       13., 96., 15., 11., 20., 60., 1., 0., 4., 150., 0., 0., 6., 59.,
       0., 0., 27., 77., 18., 9., 7., 23., 13., 38., 21., 34., 6., 3.,
       37., 150., 19., 14., 2., 150., 8., 1., 19., 71., 0., 0., 2., 150.,
       1., 0., 10., 49., 0., 0., 17., 81., 25., 3., 25., 35., 2., 1.,
       13., 37., 6., 2., 68., 146., 3., 0., 0., 118., 12., 1., 20., 50.,
       0., 0., 0., 150., 2., 1., 10., 31., 0., 0., 10., 37., 0., 0., 0.,
       139., 39., 1., 10., 57., 2., 0., 0., 75., 39., 1., 11., 139., 11.,
       0., 1., 11., 9., 16., 31., 19., 1., 0., 6., 104., 37., 13., 7.,
       56., 0., 0., 0., 139., 45., 1., 5., 81., 1., 0., 0., 121., 39.,
       0., 12., 139., 21., 7., 4., 21., 15., 2., 49., 16., 4., 9., 13.,
       112., 60., 2., 7., 53., 2., 0., 0., 139., 42., 0., 2., 79., 2.,
       0., 0., 116., 31., 3., 8., 136., 34., 25., 6., 16., 8., 8., 16.,
       7., 12., 35., 17., 67., 22., 13., 7., 36., 3., 0., 0., 139., 26.,
       0., 0., 51., 7., 1., 3., 57., 16., 5., 8., 17., 20., 30., 13.,
       24., 15., 18., 17., 9., 25., 45., 12., 24., 7., 16., 17., 28., 0.,
       0., 0., 25., 60., 12., 14., 126., 4., 1., 0., 6., 20., 53., 74.,
       34., 0., 0., 0., 86., 112., 47., 24., 84., 1., 0., 0., 12., 11.,
       0., 17., 33., 1., 0., 0., 70., 80., 4., 16., 126., 14., 0., 1.,
       24., 31., 5., 39., 64., 4., 1., 3., 126., 126., 6., 16., 126., 8.,
       0., 0., 34., 31., 0., 4., 33., 0., 0., 0., 107., 67., 2., 8.,
       126., 62., 8., 3., 28., 27., 5., 12., 40., 39., 23., 25., 126.,
       56., 1., 3., 121., 10., 0., 1., 58., 33., 0., 3., 27., 3., 0., 1.,
       112., 47., 3., 1., 41., 23., 18., 6., 18., 27., 16., 10., 11.,
       39., 70., 17., 32., 10., 7., 9., 69., 21., 6., 13., 33., 9., 0.,
       2., 4., 7., 0., 1., 45., 125., 34., 7., 105., 29., 4., 3., 6.,
       105., 45., 50., 76., 12., 0., 1., 2., 86., 119., 78., 85., 14.,
       0., 0., 1., 37., 89., 115., 3., 0., 0., 0., 6., 93., 54., 50.,
       71., 12., 0., 0., 42., 125., 57., 27., 125., 38., 0., 0., 1., 25.,
       62., 91., 23., 0., 0., 1., 0., 6., 78., 84., 0., 0., 0., 0., 2.,
       14., 49., 57., 4., 0., 0., 0., 14., 125., 125., 36., 51., 1., 1.,
       3., 1., 14., 95., 125., 11., 0., 3., 15., 0., 0., 1., 20., 2., 0.,
       1., 0., 0., 0., 6., 23., 1., 0., 4., 7., 0., 2., 21., 7., 0., 0.,
       3., 17., 0., 0., 11., 5., 0., 0., 2., 9., 0., 0., 0., 0., 84.,
       125., 82., 13., 0., 0., 0., 27., 62., 80., 23., 1., 0., 2., 0.,
       3., 1., 18., 11., 0., 2., 17., 0., 0., 0., 0., 0., 0., 1., 9., 0.,
       0., 125., 78., 72., 15., 0., 1., 1., 85., 60., 89., 125., 46., 0.,
       0., 1., 21., 93., 125., 52., 1., 0., 4., 0., 13., 11., 6., 0., 0.,
       2., 17., 0., 0., 48., 54., 112., 33., 5., 3., 3., 82., 65., 27.,
       76., 17., 0., 0., 31., 125., 125., 39., 4., 0., 0., 0., 12., 125.,
       21., 9., 1., 0., 3., 6., 0., 2., 39., 5., 5., 11., 1., 1., 42.,
       125., 59., 48., 4., 0., 0., 0., 5., 104., 45., 63., 1., 0., 0.,
       0., 2., 14., 6., 26., 3., 0., 1., 0., 0., 0., 0., 4., 9., 1., 0.,
       1., 15., 1., 0., 2., 19., 5., 0., 3., 19., 0., 0., 7., 10., 0.,
       0., 2., 19., 0., 0., 1., 0., 0., 0., 4., 12., 0., 8., 103., 110.,
       34., 3., 0., 0., 0., 8., 46., 127., 127., 15., 0., 1., 0., 52.,
       127., 87., 9., 0., 0., 2., 2., 5., 25., 16., 2., 0., 2., 4., 0.,
       100., 127., 81., 69., 14., 0., 0., 1., 103., 54., 59., 127., 56.,
       0., 0., 11., 127., 93., 32., 8., 0., 0., 0., 36., 11., 47., 62.,
       1., 0., 0., 0., 0., 36., 45., 58., 31., 17., 9., 17., 18., 127.,
       63., 35., 88., 29., 4., 2., 9., 127., 75., 37., 3., 0., 0., 0.,
       8., 0., 37., 56., 2., 0., 0., 0., 0., 0., 0., 0., 1., 1., 1., 6.,
       1., 0., 1., 14., 40., 9., 1., 3., 1., 2., 15., 32., 49., 65., 22.,
       7., 1., 1., 1., 3., 35., 51., 85., 79., 10., 0., 0., 0., 11., 23.,
       1., 6., 1., 7., 14., 40., 128., 121., 5., 2., 3., 128., 115., 69.,
       66., 12., 10., 11., 16., 33., 12., 11., 0., 5., 58., 63., 15., 0.,
       0., 0., 4., 58., 7., 3., 0., 13., 4., 3., 53., 128., 106., 14.,
       18., 128., 70., 78., 14., 20., 32., 16., 50., 22., 59., 128., 0.,
       0., 3., 5., 2., 0., 0., 0., 1., 38., 9., 2., 0., 2., 2., 0., 3.,
       128., 73., 6., 1., 9., 19., 39., 4., 17., 65., 116., 10., 2., 23.,
       74., 3., 0., 14., 128., 7., 1., 20., 62., 55., 8., 22., 28., 4.,
       22., 126., 51., 6., 1., 3., 1., 1., 19., 105., 7., 1., 0., 0., 0.,
       0., 1., 2., 2., 4., 0., 0., 0., 0., 3., 6., 64., 97., 4., 11.,
       66., 92., 25., 113., 72., 26., 68., 67., 38., 31., 126., 126.,
       24., 6., 7., 6., 2., 13., 21., 14., 2., 5., 0., 0., 0., 0., 0.,
       1., 4., 5., 5., 25., 107., 126., 17., 5., 5., 11., 73., 126., 80.,
       40., 126., 20., 1., 1., 6., 36., 55., 119., 35., 5., 2., 6., 0.,
       0., 0., 4., 1., 31., 122., 22., 2., 2., 8., 9., 10., 41., 78.,
       78., 10., 23., 15., 4., 54., 50., 13., 2., 0., 6., 19., 38., 7.,
       2., 3., 4., 0., 0., 0., 4., 41., 2., 0., 0., 21., 39., 7., 5.,
       66., 11., 10., 5., 15., 21., 11., 16., 22., 11., 3., 3., 35., 48.,
       9., 13., 11., 5., 0., 0., 0., 1., 1., 9., 26., 1., 0., 0., 55.,
       93., 20., 15., 122., 9., 4., 2., 8., 33., 67., 81., 60., 2., 1.,
       1., 74., 122., 58., 37., 74., 3., 0., 0., 6., 7., 0., 15., 22.,
       1., 0., 0., 122., 116., 8., 19., 122., 23., 1., 1., 29., 50., 9.,
       29., 96., 10., 1., 4., 122., 122., 9., 15., 120., 15., 0., 0.,
       22., 26., 0., 2., 21., 0., 0., 0., 122., 102., 1., 5., 122., 45.,
       6., 2., 30., 37., 6., 7., 47., 40., 27., 17., 86., 49., 1., 2.,
