%YAML:1.0
---
mat: !!opencv-matrix
   rows: 93
   cols: 128
   dt: f
   data: [ 1., 0., 0., 0., 0., 0., 0., 0., 34., 69., 48., 0., 0., 2., 8.,
       25., 6., 145., 145., 11., 7., 13., 9., 6., 12., 145., 145., 13.,
       4., 1., 0., 7., 13., 0., 0., 0., 0., 0., 0., 2., 145., 12., 2.,
       2., 4., 21., 36., 102., 19., 5., 5., 22., 118., 126., 44., 27.,
       55., 5., 12., 30., 55., 6., 0., 14., 24., 2., 0., 0., 0., 0., 0.,
       1., 145., 102., 51., 14., 5., 3., 2., 12., 19., 32., 71., 134.,
       121., 18., 3., 4., 56., 0., 1., 33., 95., 7., 1., 14., 5., 0., 0.,
       0., 0., 0., 0., 1., 15., 12., 15., 3., 0., 0., 0., 1., 6., 3.,
       20., 27., 10., 0., 0., 1., 44., 0., 0., 5., 26., 35., 8., 17., 0.,
       0., 0., 0., 0., 0., 0., 0., 5., 0., 0., 0., 0., 0., 0., 0., 3.,
       0., 0., 0., 0., 0., 0., 0., 0., 0., 0., 0., 0., 0., 0., 0., 33.,
       8., 5., 0., 0., 0., 0., 8., 205., 6., 1., 0., 0., 0., 0., 33.,
       171., 11., 10., 0., 0., 0., 0., 16., 2., 7., 12., 0., 0., 0., 0.,
       5., 56., 39., 33., 1., 0., 0., 0., 1., 205., 89., 3., 0., 0., 0.,
       0., 9., 193., 66., 60., 1., 0., 0., 0., 3., 0., 34., 63., 0., 0.,
       0., 0., 0., 42., 30., 22., 1., 0., 0., 0., 0., 205., 109., 3., 0.,
       0., 0., 0., 0., 119., 66., 49., 1., 0., 0., 0., 0., 0., 39., 49.,
       0., 0., 0., 0., 0., 1., 0., 0., 0., 0., 0., 0., 0., 7., 0., 0.,
       0., 0., 0., 0., 1., 2., 0., 0., 0., 0., 0., 0., 0., 0., 0., 0.,
       0., 0., 0., 0., 0., 50., 13., 5., 0., 0., 0., 0., 3., 215., 11.,
       1., 0., 0., 0., 0., 44., 149., 24., 9., 0., 0., 0., 0., 12., 3.,
       11., 14., 0., 0., 0., 0., 0., 87., 50., 18., 0., 0., 0., 0., 0.,
       215., 91., 3., 0., 0., 0., 0., 11., 143., 104., 52., 0., 0., 0.,
       0., 2., 0., 34., 80., 0., 0., 0., 0., 0., 93., 28., 8., 0., 0.,
       0., 0., 2., 215., 67., 2., 0., 0., 0., 0., 2., 73., 88., 39., 0.,
       0., 0., 0., 0., 0., 25., 76., 9., 0., 0., 0., 0., 4., 19., 121.,
       3., 1., 17., 49., 9., 20., 86., 121., 1., 2., 42., 19., 2., 70.,
       102., 42., 6., 48., 5., 0., 1., 16., 1., 0., 1., 51., 7., 0., 2.,
       107., 50., 19., 33., 29., 30., 42., 25., 104., 16., 3., 15., 105.,
       121., 27., 13., 121., 20., 1., 2., 56., 9., 1., 4., 29., 1., 0.,
       0., 63., 3., 0., 3., 92., 21., 19., 31., 18., 12., 28., 62., 87.,
       9., 20., 121., 95., 13., 24., 26., 121., 2., 0., 8., 54., 4., 8.,
       42., 28., 1., 0., 1., 63., 3., 0., 3., 12., 31., 29., 8., 1., 4.,
       41., 22., 11., 34., 31., 19., 4., 6., 121., 64., 34., 15., 29.,
       22., 37., 11., 48., 97., 14., 1., 1., 14., 44., 6., 6., 6., 0.,
       17., 75., 7., 0., 8., 28., 0., 0., 27., 62., 0., 0., 14., 44., 0.,
       9., 21., 15., 1., 4., 24., 55., 5., 121., 5., 2., 1., 9., 22.,
       10., 39., 5., 20., 65., 8., 2., 13., 66., 53., 15., 55., 93., 1.,
       9., 68., 41., 4., 114., 89., 27., 28., 20., 13., 9., 8., 147., 8.,
       2., 36., 31., 10., 3., 78., 20., 41., 104., 20., 8., 21., 31.,
       38., 29., 47., 53., 12., 44., 74., 20., 12., 113., 14., 7., 58.,
       24., 12., 2., 22., 147., 3., 3., 33., 11., 0., 0., 122., 15., 10.,
       15., 14., 15., 52., 33., 8., 30., 34., 33., 23., 12., 7., 9., 8.,
       83., 16., 8., 48., 23., 0., 0., 24., 147., 1., 1., 8., 3., 0., 0.,
       129., 1., 29., 114., 0., 0., 3., 67., 9., 4., 32., 114., 1., 1.,
       2., 59., 18., 2., 33., 114., 1., 1., 24., 38., 4., 22., 87., 114.,
       1., 2., 11., 3., 1., 13., 5., 20., 12., 28., 21., 101., 21., 26.,
       20., 20., 67., 67., 12., 76., 27., 114., 46., 19., 19., 33., 82.,
       58., 25., 104., 21., 6., 5., 52., 76., 10., 5., 7., 43., 114.,
       16., 11., 1., 19., 6., 39., 43., 49., 34., 52., 18., 27., 35.,
       114., 25., 27., 70., 40., 15., 23., 59., 100., 3., 6., 65., 67.,
       11., 10., 21., 2., 15., 30., 0., 0., 1., 96., 18., 23., 33., 31.,
       0., 0., 1., 47., 47., 9., 33., 33., 21., 4., 7., 69., 23., 20.,
       19., 20., 14., 3., 3., 82., 71., 5., 21., 31., 9., 17., 75., 26.,
       7., 2., 1., 11., 6., 7., 39., 112., 21., 2., 1., 10., 2., 1., 33.,
       112., 12., 0., 0., 5., 1., 0., 30., 112., 20., 112., 41., 22., 3.,
       8., 5., 10., 41., 53., 17., 14., 47., 101., 24., 56., 37., 102.,
       43., 13., 13., 14., 20., 89., 22., 6., 6., 19., 7., 16., 40., 74.,
       21., 109., 4., 21., 14., 6., 8., 21., 110., 47., 7., 65., 39.,
       107., 53., 11., 23., 106., 26., 92., 27., 16., 15., 11., 32., 5.,
       11., 93., 56., 37., 2., 0., 0., 3., 2., 101., 67., 0., 3., 25.,
       20., 1., 8., 112., 50., 3., 2., 36., 3., 1., 7., 112., 38., 0.,
       1., 43., 2., 0., 8., 99., 30., 1., 1., 38., 1., 15., 1., 0., 0.,
       154., 51., 0., 1., 45., 9., 0., 0., 71., 17., 0., 2., 135., 17.,
       0., 0., 14., 7., 5., 19., 20., 1., 0., 0., 102., 33., 3., 4., 17.,
       1., 0., 0., 154., 77., 0., 1., 61., 2., 0., 0., 95., 35., 0., 4.,
       154., 21., 6., 2., 13., 11., 2., 24., 19., 4., 8., 8., 102., 59.,
       2., 4., 18., 1., 0., 0., 154., 78., 0., 1., 52., 1., 0., 0., 85.,
       47., 3., 11., 147., 24., 19., 3., 9., 8., 9., 20., 9., 12., 28.,
       11., 58., 30., 14., 4., 16., 0., 0., 0., 154., 66., 0., 3., 37.,
       1., 0., 0., 35., 41., 15., 19., 23., 12., 25., 12., 18., 29., 33.,
       24., 12., 26., 39., 8., 22., 14., 27., 22., 2., 1., 0., 0., 68.,
       81., 7., 1., 67., 6., 0., 1., 63., 122., 41., 28., 115., 8., 0.,
       0., 61., 38., 6., 21., 78., 28., 2., 2., 48., 32., 4., 8., 1., 0.,
       0., 0., 26., 38., 35., 3., 38., 10., 0., 9., 122., 80., 11., 7.,
       122., 20., 0., 4., 67., 60., 8., 22., 73., 35., 2., 4., 94., 100.,
       18., 20., 0., 0., 0., 0., 19., 45., 65., 4., 15., 1., 0., 1.,
       122., 122., 41., 17., 122., 30., 2., 2., 29., 59., 20., 51., 30.,
       15., 2., 8., 49., 89., 29., 30., 6., 0., 0., 0., 0., 10., 27.,
       24., 4., 0., 0., 1., 59., 122., 29., 7., 41., 43., 5., 4., 70.,
       89., 12., 30., 31., 22., 2., 9., 46., 47., 10., 23., 52., 35., 6.,
       14., 35., 18., 2., 14., 64., 50., 12., 37., 55., 44., 3., 6.,
       107., 122., 15., 5., 3., 1., 0., 2., 1., 17., 24., 23., 6., 0.,
       0., 0., 63., 92., 34., 39., 31., 8., 1., 7., 38., 52., 17., 69.,
       122., 21., 1., 3., 122., 122., 29., 20., 15., 1., 0., 5., 22.,
       58., 54., 4., 0., 0., 0., 0., 122., 71., 10., 16., 77., 26., 3.,
       5., 76., 44., 6., 39., 122., 8., 0., 8., 122., 63., 8., 7., 31.,
       4., 0., 26., 26., 32., 39., 1., 0., 0., 0., 1., 66., 24., 4., 14.,
       66., 11., 2., 1., 56., 25., 10., 42., 122., 3., 0., 1., 96., 122.,
       26., 24., 34., 2., 0., 3., 53., 45., 5., 1., 3., 1., 0., 1., 21.,
       12., 1., 1., 130., 24., 0., 0., 91., 32., 14., 7., 26., 18., 15.,
       26., 18., 1., 3., 6., 88., 44., 10., 11., 9., 0., 0., 0., 1., 0.,
       0., 3., 24., 3., 0., 0., 141., 81., 0., 2., 141., 15., 1., 0.,
       46., 31., 5., 33., 55., 2., 1., 1., 141., 98., 7., 19., 32., 0.,
       0., 0., 4., 5., 1., 10., 13., 0., 0., 0., 141., 111., 4., 3.,
       141., 37., 9., 3., 29., 26., 8., 19., 60., 18., 15., 9., 138.,
       58., 3., 13., 66., 0., 0., 0., 11., 8., 1., 15., 1., 0., 0., 0.,
       141., 94., 22., 9., 35., 17., 19., 3., 6., 31., 61., 24., 34.,
       21., 31., 12., 37., 26., 33., 21., 84., 3., 0., 2., 9., 6., 0.,
       7., 1., 0., 0., 20., 27., 0., 0., 0., 57., 11., 11., 40., 49.,
       14., 9., 12., 17., 41., 56., 19., 23., 39., 23., 9., 84., 37.,
       36., 11., 4., 4., 1., 12., 6., 2., 1., 32., 25., 0., 0., 0., 152.,
       16., 4., 38., 42., 8., 7., 29., 40., 12., 8., 74., 152., 22., 12.,
       11., 152., 34., 12., 17., 14., 0., 0., 32., 20., 3., 0., 24., 20.,
       0., 0., 2., 152., 27., 8., 48., 44., 1., 1., 15., 62., 7., 5.,
       123., 152., 1., 1., 3., 152., 5., 0., 7., 8., 0., 0., 43., 26.,
       1., 2., 8., 6., 1., 1., 7., 89., 26., 19., 26., 24., 8., 13., 24.,
       37., 3., 8., 41., 102., 11., 3., 12., 152., 0., 0., 0., 1., 0.,
