%YAML:1.0
---
mat: !!opencv-matrix
   rows: 73
   cols: 128
   dt: f
   data: [ 0., 0., 0., 0., 0., 0., 0., 0., 1., 0., 0., 0., 0., 0., 1.,
       3., 0., 0., 0., 0., 0., 0., 23., 17., 0., 0., 0., 0., 0., 0., 57.,
       36., 28., 6., 4., 0., 0., 0., 0., 0., 169., 8., 0., 0., 0., 0.,
       15., 116., 37., 0., 0., 0., 0., 0., 155., 169., 1., 0., 0., 0.,
       0., 0., 137., 99., 58., 8., 4., 1., 0., 0., 0., 5., 169., 57., 0.,
       0., 0., 0., 1., 30., 164., 16., 0., 0., 0., 0., 16., 46., 6., 0.,
       0., 0., 0., 0., 6., 18., 26., 3., 0., 0., 0., 0., 3., 8., 169.,
       75., 0., 0., 0., 0., 0., 1., 169., 36., 0., 0., 0., 0., 0., 2.,
       9., 0., 0., 0., 0., 0., 0., 4., 0., 0., 0., 0., 0., 0., 0., 0.,
       2., 0., 0., 0., 0., 0., 0., 0., 1., 0., 0., 0., 0., 0., 4., 3.,
       0., 0., 0., 0., 0., 0., 14., 5., 30., 1., 0., 0., 0., 0., 3., 11.,
       196., 7., 0., 0., 0., 0., 2., 49., 121., 2., 0., 0., 0., 0., 58.,
       87., 2., 2., 1., 0., 0., 0., 80., 44., 34., 0., 0., 0., 0., 0.,
       18., 32., 196., 41., 0., 0., 0., 0., 7., 53., 196., 50., 10., 0.,
       0., 0., 5., 18., 2., 17., 21., 1., 0., 0., 4., 5., 9., 4., 2., 0.,
       0., 0., 8., 10., 196., 110., 3., 0., 0., 0., 4., 17., 181., 105.,
       22., 1., 0., 0., 0., 0., 0., 9., 49., 9., 0., 0., 0., 0., 0., 0.,
       0., 0., 0., 0., 0., 0., 6., 0., 0., 0., 0., 0., 0., 1., 2., 0.,
       0., 0., 0., 0., 0., 1., 0., 0., 0., 0., 0., 0., 1., 0., 8., 0.,
       0., 0., 0., 0., 0., 5., 171., 10., 0., 0., 0., 0., 0., 77., 144.,
       15., 22., 3., 0., 0., 12., 43., 0., 2., 48., 6., 0., 2., 26., 6.,
       10., 4., 0., 0., 0., 0., 0., 2., 171., 147., 4., 0., 0., 0., 0.,
       24., 148., 98., 119., 62., 5., 1., 1., 6., 3., 28., 171., 57., 4.,
       2., 4., 2., 5., 2., 0., 0., 0., 0., 0., 0., 171., 87., 1., 0., 0.,
       0., 0., 0., 146., 45., 15., 23., 11., 13., 13., 4., 5., 9., 16.,
       15., 8., 18., 57., 9., 34., 58., 28., 42., 53., 8., 101., 30.,
       165., 143., 12., 4., 5., 9., 103., 90., 54., 5., 0., 0., 36., 58.,
       113., 18., 0., 0., 0., 0., 0., 1., 2., 0., 57., 28., 19., 45.,
       142., 37., 23., 52., 165., 90., 5., 5., 11., 5., 11., 142., 117.,
       11., 1., 13., 74., 7., 0., 8., 0., 0., 0., 0., 1., 0., 0., 0.,
       35., 39., 37., 40., 12., 9., 7., 19., 165., 90., 4., 3., 2., 1.,
       3., 51., 42., 19., 4., 29., 25., 0., 0., 3., 0., 0., 0., 1., 0.,
       0., 0., 0., 0., 0., 0., 0., 0., 0., 0., 0., 0., 0., 0., 0., 0.,
       0., 0., 0., 0., 0., 0., 0., 0., 0., 0., 0., 0., 0., 0., 0., 0.,
       0., 0., 0., 2., 4., 105., 69., 2., 1., 51., 13., 2., 3., 45., 64.,
       17., 5., 53., 10., 0., 0., 23., 105., 26., 24., 57., 5., 0., 0.,
       23., 58., 3., 9., 103., 23., 90., 17., 56., 59., 35., 9., 4., 29.,
       55., 17., 28., 49., 99., 44., 9., 35., 89., 24., 16., 27., 29.,
       31., 70., 34., 20., 13., 22., 29., 11., 14., 99., 47., 92., 78.,
       3., 1., 75., 45., 1., 7., 59., 105., 47., 18., 83., 98., 15., 13.,
       78., 18., 51., 80., 24., 42., 23., 24., 5., 8., 90., 105., 12.,
       11., 2., 1., 26., 28., 3., 0., 36., 80., 83., 12., 6., 58., 41.,
       9., 3., 15., 105., 33., 0., 2., 19., 38., 7., 34., 44., 4., 0.,
       0., 6., 18., 5., 23., 6., 0., 12., 9., 0., 0., 0., 2., 101., 29.,
       18., 40., 2., 1., 1., 3., 74., 32., 5., 54., 57., 3., 4., 24.,
       29., 10., 8., 101., 105., 5., 5., 12., 1., 0., 13., 12., 29., 14.,
       18., 20., 105., 34., 27., 25., 19., 67., 71., 16., 89., 34., 105.,
       48., 19., 20., 58., 89., 44., 26., 77., 34., 24., 9., 90., 76.,
       4., 7., 9., 71., 105., 13., 6., 1., 30., 15., 42., 41., 39., 38.,
       48., 16., 35., 51., 105., 19., 16., 83., 63., 18., 24., 57., 83.,
       1., 2., 66., 97., 12., 13., 31., 4., 32., 16., 0., 0., 1., 105.,
       39., 17., 33., 30., 0., 0., 3., 72., 62., 3., 15., 36., 22., 11.,
       33., 84., 11., 13., 7., 19., 16., 13., 15., 95., 59., 0., 0., 0.,
       0., 0., 0., 0., 0., 8., 0., 0., 84., 80., 0., 0., 4., 83., 8.,
       20., 61., 70., 3., 21., 128., 12., 28., 128., 36., 4., 14., 95.,
       75., 0., 0., 0., 1., 0., 0., 0., 0., 39., 12., 4., 119., 43., 0.,
       0., 2., 128., 33., 16., 56., 43., 38., 17., 23., 19., 26., 91.,
       54., 37., 108., 79., 17., 0., 0., 0., 6., 0., 0., 0., 0., 80., 7.,
       4., 86., 24., 0., 0., 9., 128., 40., 39., 12., 4., 20., 25., 41.,
       13., 29., 76., 28., 35., 88., 79., 13., 0., 0., 2., 7., 0., 0.,
       0., 0., 110., 13., 7., 36., 3., 0., 0., 5., 128., 37., 9., 4., 2.,
       10., 35., 34., 7., 16., 17., 47., 90., 26., 52., 9., 6., 28., 48.,
       13., 19., 49., 21., 6., 4., 2., 17., 8., 17., 57., 108., 11., 2.,
       1., 18., 4., 1., 38., 108., 5., 0., 0., 11., 3., 0., 37., 108.,
       7., 108., 31., 25., 6., 6., 5., 7., 53., 70., 14., 9., 34., 108.,
       32., 55., 52., 107., 42., 10., 21., 25., 26., 91., 24., 6., 2.,
       14., 27., 15., 52., 91., 13., 85., 8., 35., 19., 3., 18., 41.,
       82., 53., 16., 108., 39., 105., 39., 6., 21., 90., 23., 103., 45.,
       24., 20., 8., 28., 5., 8., 91., 99., 22., 1., 0., 0., 1., 1., 92.,
       53., 0., 12., 35., 6., 0., 9., 108., 36., 1., 10., 30., 1., 0.,
       3., 108., 37., 1., 10., 17., 0., 0., 3., 77., 32., 2., 7., 7., 0.,
       2., 5., 4., 0., 0., 7., 85., 36., 0., 11., 13., 1., 1., 6., 107.,
       29., 1., 15., 27., 0., 0., 16., 107., 22., 0., 18., 35., 2., 0.,
       1., 92., 42., 18., 2., 1., 0., 5., 11., 83., 94., 23., 18., 8.,
       34., 93., 22., 106., 37., 105., 32., 6., 23., 44., 21., 107., 38.,
       3., 17., 44., 81., 65., 9., 54., 22., 13., 64., 107., 11., 6., 2.,
       12., 20., 25., 34., 90., 24., 106., 37., 10., 23., 107., 29., 51.,
       59., 70., 13., 9., 40., 7., 6., 7., 70., 107., 26., 16., 6., 0.,
       37., 98., 3., 0., 0., 20., 2., 1., 51., 107., 3., 1., 1., 23., 3.,
       25., 69., 100., 13., 6., 4., 15., 7., 18., 35., 16., 7., 10., 41.,
       50., 15., 10., 0., 3., 82., 35., 8., 7., 15., 22., 4., 12., 67.,
       101., 21., 7., 8., 85., 11., 8., 29., 14., 11., 96., 63., 29.,
       14., 3., 5., 11., 4., 83., 79., 70., 30., 1., 19., 73., 11., 3.,
       12., 55., 13., 1., 5., 124., 61., 6., 10., 124., 25., 0., 1., 22.,
       8., 11., 40., 38., 3., 0., 35., 54., 7., 15., 11., 21., 68., 15.,
       5., 76., 49., 0., 0., 18., 58., 45., 11., 94., 47., 21., 29.,
       116., 18., 55., 13., 7., 13., 19., 109., 20., 3., 29., 124., 63.,
       5., 0., 4., 0., 6., 6., 1., 29., 124., 14., 0., 2., 36., 56., 2.,
       4., 84., 68., 3., 8., 31., 115., 9., 0., 5., 69., 43., 5., 5.,
       32., 25., 18., 35., 42., 53., 40., 50., 28., 18., 4., 5., 29.,
       52., 0., 3., 59., 38., 8., 45., 112., 8., 3., 82., 65., 5., 3.,
       56., 46., 1., 32., 126., 14., 0., 0., 7., 6., 0., 35., 0., 0., 7.,
       20., 2., 21., 126., 9., 9., 24., 126., 99., 18., 43., 10., 91.,
       31., 28., 35., 17., 67., 36., 14., 84., 47., 0., 0., 21., 62.,
       14., 6., 35., 5., 45., 25., 42., 0., 0., 21., 38., 4., 17., 74.,
       126., 1., 0., 4., 126., 16., 6., 15., 49., 9., 2., 19., 72., 3.,
       1., 11., 75., 27., 2., 25., 4., 12., 124., 66., 29., 28., 11., 4.,
       24., 17., 61., 44., 65., 4., 21., 50., 109., 15., 10., 13., 13.,
       1., 15., 57., 28., 3., 5., 17., 13., 1., 3., 93., 37., 4., 0., 0.,
       46., 40., 3., 6., 101., 12., 3., 2., 17., 26., 47., 40., 4., 0.,
       1., 0., 115., 89., 23., 7., 0., 0., 0., 0., 8., 8., 2., 1., 35.,
       3., 0., 0., 95., 86., 7., 15., 125., 21., 1., 1., 29., 44., 10.,
       54., 20., 3., 2., 3., 125., 125., 13., 15., 0., 0., 0., 0., 18.,
       31., 11., 7., 37., 0., 0., 0., 125., 117., 7., 25., 125., 39.,
       13., 4., 29., 47., 8., 32., 28., 18., 27., 17., 123., 120., 18.,
       12., 3., 0., 0., 0., 40., 50., 9., 29., 46., 0., 0., 0., 125.,
       105., 7., 15., 50., 12., 24., 9., 24., 62., 40., 29., 22., 30.,
       73., 19., 38., 41., 40., 40., 29., 4., 2., 7., 29., 34., 7., 32.,
