%YAML:1.0
---
mat: !!opencv-matrix
   rows: 77
   cols: 128
   dt: f
   data: [ 11., 15., 97., 14., 1., 0., 33., 47., 12., 13., 85., 20., 2.,
       7., 44., 44., 0., 1., 71., 71., 9., 31., 64., 14., 0., 0., 61.,
       42., 1., 3., 107., 31., 102., 15., 39., 15., 23., 7., 1., 35.,
       81., 24., 42., 34., 61., 29., 6., 57., 106., 37., 28., 11., 17.,
       39., 62., 36., 51., 27., 16., 10., 9., 12., 101., 63., 94., 68.,
       1., 1., 33., 10., 0., 4., 81., 107., 39., 8., 59., 82., 16., 15.,
       107., 25., 93., 52., 16., 35., 19., 35., 20., 19., 107., 99., 10.,
       10., 2., 1., 23., 32., 2., 0., 23., 25., 1., 0., 4., 90., 91., 6.,
       4., 11., 2., 0., 1., 6., 107., 61., 0., 2., 2., 1., 0., 0., 58.,
       38., 0., 0., 0., 0., 12., 8., 50., 27., 10., 22., 35., 22., 23.,
       27., 33., 6., 9., 49., 26., 18., 47., 1., 1., 3., 45., 27., 9.,
       47., 139., 0., 0., 1., 70., 4., 0., 37., 29., 6., 20., 10., 13.,
       54., 67., 12., 29., 10., 18., 51., 48., 22., 31., 21., 105., 17.,
       10., 27., 67., 2., 0., 8., 139., 0., 0., 11., 74., 0., 0., 37.,
       47., 7., 11., 9., 43., 21., 52., 16., 48., 4., 4., 48., 139., 13.,
       8., 2., 139., 7., 2., 23., 72., 0., 0., 7., 139., 1., 0., 13.,
       53., 0., 0., 34., 59., 10., 2., 46., 63., 3., 2., 9., 57., 3., 0.,
       65., 135., 2., 0., 1., 124., 3., 0., 22., 62., 0., 0., 3., 139.,
       2., 0., 11., 34., 0., 0., 23., 18., 0., 2., 66., 39., 6., 5., 31.,
       33., 4., 8., 45., 122., 20., 7., 18., 111., 9., 5., 19., 13., 17.,
       94., 49., 22., 10., 2., 3., 10., 6., 94., 67., 82., 34., 0., 14.,
       71., 7., 1., 15., 66., 15., 1., 3., 125., 46., 3., 13., 125., 20.,
       0., 0., 22., 6., 7., 30., 30., 2., 0., 40., 35., 5., 11., 6., 25.,
       74., 12., 5., 74., 48., 0., 0., 22., 71., 35., 13., 101., 37.,
       20., 38., 112., 16., 47., 15., 9., 9., 16., 113., 16., 2., 29.,
       105., 71., 6., 1., 4., 0., 9., 5., 1., 29., 125., 13., 0., 3.,
       54., 51., 1., 2., 74., 62., 5., 10., 30., 125., 16., 0., 4., 58.,
       42., 10., 5., 37., 22., 17., 27., 31., 60., 34., 39., 27., 35.,
       7., 5., 35., 30., 0., 3., 49., 42., 10., 35., 126., 12., 2., 73.,
       58., 6., 4., 67., 45., 1., 30., 126., 14., 0., 0., 9., 4., 1.,
       51., 1., 0., 5., 16., 2., 23., 122., 9., 7., 19., 126., 100., 14.,
       41., 11., 95., 26., 25., 43., 22., 75., 28., 15., 78., 45., 0.,
       0., 25., 68., 11., 6., 24., 3., 26., 11., 34., 0., 1., 26., 36.,
       3., 10., 52., 126., 0., 0., 1., 126., 11., 3., 17., 58., 13., 1.,
       10., 71., 3., 1., 13., 84., 32., 0., 20., 4., 16., 124., 59., 23.,
       19., 4., 3., 24., 22., 66., 46., 100., 4., 10., 31., 126., 13.,
       9., 25., 21., 1., 9., 43., 34., 3., 4., 31., 19., 0., 2., 73., 5.,
       0., 0., 0., 142., 72., 5., 7., 36., 1., 0., 0., 22., 39., 3., 16.,
       57., 3., 4., 2., 4., 13., 45., 46., 1., 0., 1., 0., 61., 59., 24.,
       6., 11., 0., 0., 0., 142., 104., 3., 9., 53., 3., 0., 0., 56.,
       53., 4., 13., 142., 10., 0., 0., 19., 19., 11., 32., 14., 0., 0.,
       0., 142., 83., 7., 6., 14., 0., 0., 0., 142., 118., 1., 3., 47.,
       1., 0., 0., 74., 50., 3., 7., 142., 41., 6., 3., 22., 15., 0.,
       13., 14., 12., 8., 11., 123., 51., 0., 2., 7., 0., 0., 0., 142.,
       92., 0., 0., 32., 1., 0., 0., 62., 42., 4., 3., 57., 25., 13., 4.,
       12., 17., 6., 12., 7., 18., 34., 10., 43., 12., 1., 2., 0., 0.,
       0., 92., 64., 0., 0., 0., 24., 2., 14., 116., 31., 0., 0., 38.,
       27., 11., 55., 18., 1., 1., 21., 95., 1., 3., 103., 13., 1., 8.,
       48., 25., 5., 0., 0., 48., 116., 10., 0., 2., 115., 3., 1., 27.,
       58., 19., 10., 82., 21., 6., 60., 32., 36., 105., 51., 28., 0.,
       1., 116., 21., 3., 17., 116., 5., 4., 0., 0., 2., 116., 82., 2.,
       1., 116., 38., 1., 0., 35., 66., 14., 20., 48., 37., 6., 0., 3.,
       70., 89., 7., 0., 2., 2., 0., 5., 18., 116., 7., 0., 0., 0., 19.,
       44., 39., 1., 0., 22., 26., 47., 73., 43., 41., 10., 6., 15.,
       116., 97., 5., 0., 1., 6., 3., 1., 56., 40., 5., 4., 1., 4., 0.,
       5., 0., 0., 0., 0., 0., 0., 0., 144., 0., 0., 0., 1., 2., 4., 55.,
       52., 3., 1., 20., 76., 39., 18., 37., 50., 23., 4., 13., 22., 3.,
       3., 11., 23., 0., 0., 0., 0., 0., 0., 1., 144., 17., 4., 15., 5.,
       1., 0., 38., 81., 16., 4., 144., 144., 6., 1., 14., 144., 29., 0.,
       26., 24., 0., 0., 18., 38., 4., 0., 0., 0., 0., 0., 1., 144., 79.,
       39., 26., 5., 0., 0., 7., 30., 37., 44., 144., 57., 0., 0., 0.,
       144., 46., 1., 10., 4., 0., 0., 34., 46., 3., 0., 0., 0., 0., 0.,
       1., 110., 16., 8., 22., 16., 1., 1., 7., 20., 23., 10., 63., 39.,
       1., 0., 1., 144., 29., 1., 1., 0., 0., 0., 46., 0., 0., 0., 1.,
       2., 1., 6., 2., 0., 4., 22., 49., 18., 1., 2., 0., 7., 28., 31.,
       22., 55., 44., 29., 6., 3., 1., 0., 2., 11., 97., 96., 23., 0.,
       0., 0., 9., 26., 3., 5., 1., 12., 22., 38., 129., 129., 11., 1.,
       4., 129., 129., 56., 48., 13., 5., 9., 13., 30., 16., 43., 4., 0.,
       20., 30., 6., 0., 0., 0., 2., 39., 15., 4., 0., 15., 3., 2., 31.,
       129., 129., 13., 13., 129., 58., 104., 15., 22., 61., 27., 31.,
       11., 22., 129., 24., 0., 1., 33., 7., 0., 0., 0., 0., 12., 8., 2.,
       0., 0., 1., 0., 0., 116., 97., 3., 0., 7., 18., 18., 4., 22., 76.,
       94., 16., 2., 11., 38., 8., 1., 3., 129., 37., 0., 15., 65., 60.,
       8., 22., 38., 5., 24., 125., 54., 8., 2., 5., 3., 1., 27., 107.,
       6., 0., 0., 0., 0., 0., 1., 3., 4., 3., 0., 0., 0., 0., 1., 6.,
       73., 94., 3., 9., 84., 88., 20., 107., 69., 23., 75., 59., 53.,
       36., 125., 125., 26., 8., 11., 5., 1., 13., 23., 17., 4., 2., 0.,
       0., 0., 0., 0., 1., 3., 3., 7., 21., 114., 115., 13., 4., 3., 8.,
       105., 125., 73., 38., 125., 21., 1., 2., 11., 44., 53., 125., 40.,
       5., 3., 4., 0., 0., 0., 5., 0., 34., 103., 19., 1., 2., 5., 5.,
       8., 36., 73., 53., 8., 35., 17., 4., 36., 32., 8., 1., 0., 10.,
       30., 45., 6., 1., 4., 3., 0., 0., 0., 4., 1., 6., 63., 17., 1.,
       2., 130., 78., 55., 79., 30., 4., 14., 28., 130., 47., 130., 79.,
       1., 1., 3., 3., 5., 11., 16., 2., 0., 0., 0., 0., 5., 6., 2., 2.,
       106., 60., 3., 4., 114., 51., 44., 5., 62., 114., 56., 29., 65.,
       14., 130., 12., 1., 13., 11., 3., 4., 28., 27., 0., 0., 0., 0.,
       0., 4., 14., 0., 1., 63., 43., 8., 21., 130., 41., 15., 2., 33.,
       27., 2., 1., 130., 85., 130., 4., 0., 2., 0., 1., 85., 99., 20.,
       0., 0., 0., 0., 0., 5., 13., 0., 0., 0., 0., 0., 4., 95., 25., 0.,
       0., 0., 0., 0., 1., 84., 21., 1., 0., 0., 0., 0., 1., 41., 19.,
       1., 0., 0., 0., 0., 0., 6., 6., 135., 3., 3., 1., 14., 23., 24.,
       47., 28., 5., 7., 9., 115., 67., 22., 3., 135., 12., 3., 3., 14.,
       4., 0., 24., 36., 1., 0., 0., 0., 0., 0., 9., 135., 15., 0., 0.,
       38., 4., 0., 5., 37., 2., 0., 5., 135., 24., 3., 4., 135., 18.,
       0., 1., 26., 4., 3., 19., 50., 4., 0., 0., 0., 0., 0., 3., 135.,
       135., 25., 5., 19., 4., 1., 0., 13., 22., 49., 20., 116., 50.,
       19., 22., 124., 42., 8., 1., 8., 11., 17., 100., 35., 8., 0., 0.,
       0., 0., 0., 8., 23., 91., 31., 2., 0., 32., 96., 20., 5., 32.,
       75., 13., 3., 1., 78., 64., 48., 53., 13., 1., 0., 0., 43., 71.,
       26., 11., 0., 0., 0., 0., 1., 10., 0., 0., 0., 7., 22., 7., 0.,
       0., 0., 0., 39., 59., 57., 50., 7., 0., 2., 1., 95., 57., 6., 31.,
       64., 8., 0., 31., 113., 19., 19., 72., 26., 1., 0., 0., 0., 11.,
       33., 4., 0., 0., 8., 9., 18., 111., 121., 33., 5., 0., 113., 38.,
       21., 25., 13., 24., 52., 19., 18., 4., 2., 1., 135., 135., 29.,
       6., 0., 0., 0., 5., 56., 1., 0., 0., 33., 3., 3., 31., 135., 1.,
       0., 4., 135., 9., 3., 6., 31., 1., 0., 17., 34., 1., 0., 18.,
       135., 8., 0., 2., 0., 0., 0., 20., 46., 1., 0., 0., 22., 7., 0.,
       40., 135., 9., 4., 6., 116., 66., 19., 7., 17., 3., 5., 18., 11.,
