%YAML:1.0
---
mat: !!opencv-matrix
   rows: 116
   cols: 128
   dt: f
   data: [ 75., 10., 39., 26., 10., 6., 31., 72., 7., 14., 42., 91.,
       106., 14., 9., 3., 47., 113., 18., 22., 24., 12., 11., 5., 9.,
       25., 56., 47., 7., 15., 25., 6., 17., 10., 46., 68., 113., 23.,
       8., 6., 113., 22., 42., 39., 28., 31., 72., 45., 28., 32., 9.,
       19., 28., 61., 113., 51., 7., 12., 37., 61., 65., 76., 26., 16.,
       14., 0., 1., 33., 102., 71., 80., 17., 113., 11., 0., 1., 14.,
       13., 70., 82., 36., 8., 11., 29., 103., 98., 24., 9., 17., 21.,
       36., 32., 42., 80., 16., 4., 0., 0., 1., 7., 10., 48., 99., 3.,
       11., 2., 13., 22., 12., 19., 76., 23., 6., 5., 31., 76., 29., 41.,
       3., 3., 3., 2., 9., 50., 44., 41., 3., 1., 13., 6., 2., 8., 53.,
       108., 24., 20., 41., 12., 5., 10., 20., 49., 46., 94., 23., 2.,
       10., 17., 19., 31., 40., 108., 3., 0., 0., 0., 4., 75., 40., 29.,
       19., 12., 20., 113., 33., 18., 10., 10., 113., 67., 24., 28., 8.,
       21., 36., 36., 25., 11., 40., 21., 6., 18., 64., 107., 11., 8.,
       9., 5., 16., 69., 21., 20., 12., 2., 3., 38., 25., 48., 113., 16.,
       93., 42., 85., 31., 31., 39., 41., 21., 51., 70., 113., 47., 1.,
       1., 15., 15., 113., 47., 14., 2., 3., 10., 12., 13., 20., 30.,
       87., 15., 20., 26., 31., 11., 8., 14., 20., 15., 57., 81., 86.,
       31., 36., 11., 16., 4., 1., 31., 113., 70., 113., 9., 0., 0., 0.,
       3., 12., 47., 8., 7., 14., 5., 9., 69., 37., 11., 17., 107., 21.,
       2., 5., 50., 39., 12., 16., 69., 18., 7., 54., 88., 50., 12., 38.,
       74., 7., 1., 6., 28., 49., 19., 12., 29., 84., 75., 76., 34., 15.,
       6., 111., 71., 46., 8., 11., 40., 71., 48., 27., 41., 20., 20.,
       50., 28., 64., 30., 11., 45., 26., 27., 7., 18., 43., 12., 12.,
       8., 7., 18., 45., 111., 111., 27., 111., 23., 18., 36., 41., 36.,
       111., 99., 40., 22., 31., 79., 88., 17., 33., 26., 16., 33., 16.,
       21., 31., 35., 54., 38., 3., 1., 0., 2., 10., 28., 52., 2., 0.,
       0., 2., 15., 111., 73., 47., 4., 85., 11., 5., 10., 48., 37., 56.,
       50., 36., 3., 0., 10., 31., 59., 20., 22., 1., 1., 3., 21., 60.,
       19., 29., 12., 3., 36., 37., 24., 28., 31., 21., 3., 7., 47., 29.,
       6., 22., 103., 27., 1., 32., 119., 9., 5., 21., 27., 13., 9., 0.,
       0., 1., 60., 119., 48., 1., 0., 16., 52., 91., 119., 52., 45.,
       20., 8., 119., 87., 52., 10., 11., 28., 40., 43., 30., 17., 5.,
       7., 33., 46., 87., 32., 2., 0., 0., 4., 34., 119., 27., 2., 11.,
       5., 4., 17., 24., 119., 119., 31., 119., 16., 20., 20., 13., 21.,
       101., 119., 22., 10., 43., 63., 74., 10., 9., 8., 5., 1., 0., 0.,
       0., 9., 6., 2., 0., 0., 1., 13., 7., 46., 47., 2., 1., 2., 12.,
       44., 111., 42., 28., 6., 60., 16., 26., 26., 40., 13., 13., 15.,
       36., 24., 24., 58., 24., 5., 12., 18., 51., 24., 25., 11., 10.,
       18., 65., 39., 5., 8., 26., 18., 39., 82., 58., 19., 12., 9., 20.,
       13., 6., 17., 77., 65., 50., 9., 6., 65., 34., 5., 9., 85., 49.,
       44., 119., 110., 46., 8., 4., 19., 119., 119., 108., 30., 9., 17.,
       17., 19., 55., 9., 0., 0., 0., 23., 51., 46., 69., 3., 2., 17.,
       55., 10., 9., 48., 15., 8., 16., 49., 119., 111., 54., 23., 119.,
       36., 12., 7., 5., 29., 33., 119., 85., 3., 1., 0., 0., 1., 2.,
       24., 20., 25., 12., 5., 7., 13., 32., 29., 3., 0., 0., 2., 5.,
       36., 119., 39., 43., 1., 1., 0., 0., 10., 57., 119., 17., 2., 8.,
       2., 0., 0., 0., 13., 0., 6., 71., 62., 7., 0., 0., 0., 5., 13.,
       69., 39., 22., 21., 6., 1., 4., 4., 12., 67., 47., 36., 40., 12.,
       19., 1., 2., 71., 52., 8., 16., 30., 15., 60., 88., 87., 98., 9.,
       2., 5., 104., 71., 45., 15., 24., 4., 2., 19., 38., 8., 8., 60.,
       104., 11., 10., 14., 28., 4., 5., 18., 33., 26., 69., 33., 19.,
       14., 7., 10., 92., 98., 104., 67., 83., 22., 8., 40., 48., 23.,
       62., 93., 73., 7., 5., 75., 64., 6., 4., 102., 39., 9., 6., 19.,
       104., 43., 11., 61., 16., 49., 34., 14., 5., 16., 45., 23., 6.,
       7., 29., 38., 72., 45., 36., 20., 55., 9., 19., 33., 30., 22.,
       22., 83., 23., 6., 38., 104., 71., 9., 2., 38., 54., 15., 2., 20.,
       39., 8., 26., 106., 41., 44., 33., 49., 54., 8., 9., 19., 47.,
       49., 50., 55., 5., 12., 24., 37., 15., 47., 58., 38., 7., 33.,
       24., 22., 96., 67., 11., 61., 72., 7., 6., 28., 91., 14., 5., 66.,
       101., 11., 5., 57., 37., 25., 46., 106., 105., 53., 12., 25.,
       106., 106., 59., 56., 23., 26., 23., 18., 42., 37., 43., 37., 35.,
       11., 8., 13., 106., 25., 14., 16., 46., 18., 4., 36., 33., 11.,
       1., 7., 90., 72., 49., 24., 63., 4., 0., 0., 7., 41., 106., 94.,
       43., 13., 29., 44., 41., 6., 5., 22., 93., 21., 34., 14., 5., 1.,
       4., 67., 28., 44., 29., 5., 4., 8., 36., 45., 10., 3., 0., 0., 0.,
       1., 42., 63., 122., 27., 5., 11., 27., 21., 4., 22., 56., 36., 9.,
       8., 122., 85., 3., 9., 122., 87., 5., 1., 50., 16., 0., 5., 9.,
       3., 0., 0., 56., 24., 1., 1., 107., 60., 10., 8., 61., 26., 1.,
       5., 63., 34., 25., 95., 122., 36., 9., 9., 122., 19., 0., 11.,
       45., 17., 6., 23., 28., 3., 0., 1., 90., 29., 0., 1., 32., 17.,
       2., 4., 55., 41., 22., 48., 23., 13., 17., 34., 25., 71., 56.,
       41., 122., 57., 16., 5., 10., 16., 33., 71., 29., 9., 0., 0., 87.,
       39., 1., 5., 25., 34., 4., 4., 32., 44., 7., 12., 50., 29., 11.,
       9., 27., 109., 29., 13., 112., 73., 17., 6., 29., 76., 7., 5.,
       59., 16., 0., 0., 53., 29., 0., 1., 1., 2., 7., 2., 4., 53., 57.,
       20., 1., 2., 6., 3., 2., 9., 109., 70., 3., 5., 7., 1., 0., 63.,
       109., 12., 7., 2., 6., 0., 0., 30., 83., 45., 75., 28., 29., 8.,
       13., 19., 21., 53., 56., 25., 15., 51., 109., 14., 47., 72., 109.,
       56., 13., 18., 44., 77., 58., 20., 99., 39., 3., 4., 46., 62.,
       46., 47., 62., 60., 31., 26., 9., 8., 27., 23., 51., 82., 47.,
       11., 106., 54., 17., 23., 109., 19., 56., 79., 45., 18., 15., 51.,
       76., 51., 26., 58., 52., 4., 0., 10., 0., 32., 53., 28., 1., 0.,
       0., 0., 1., 78., 109., 4., 1., 3., 2., 1., 4., 15., 109., 55., 0.,
       1., 2., 3., 14., 57., 72., 28., 3., 0., 0., 2., 73., 48., 14.,
       25., 38., 18., 31., 37., 55., 49., 27., 47., 12., 12., 32., 39.,
       60., 32., 10., 53., 68., 8., 2., 21., 84., 21., 2., 2., 46., 7.,
       1., 22., 31., 35., 12., 22., 54., 61., 72., 19., 116., 24., 12.,
       27., 49., 27., 5., 55., 99., 48., 7., 32., 116., 35., 3., 23.,
       116., 58., 2., 3., 59., 4., 0., 9., 34., 21., 4., 14., 97., 36.,
       30., 21., 116., 43., 16., 28., 79., 19., 7., 18., 109., 17., 16.,
       95., 116., 17., 8., 43., 116., 3., 0., 2., 55., 4., 1., 57., 2.,
       3., 4., 10., 73., 36., 22., 9., 22., 5., 1., 4., 36., 42., 34.,
       48., 59., 17., 4., 13., 24., 49., 28., 57., 81., 9., 0., 0., 53.,
       6., 3., 49., 50., 7., 3., 48., 84., 10., 0., 0., 25., 50., 28.,
       54., 57., 17., 4., 12., 37., 43., 33., 49., 22., 5., 1., 4., 71.,
       38., 23., 9., 2., 3., 4., 10., 55., 5., 1., 55., 116., 3., 0., 1.,
       116., 17., 9., 41., 109., 17., 16., 93., 80., 20., 6., 17., 116.,
       45., 16., 27., 96., 37., 31., 21., 34., 23., 4., 14., 59., 4., 0.,
       8., 116., 59., 2., 3., 116., 37., 3., 22., 99., 50., 8., 30., 49.,
       27., 5., 53., 116., 25., 12., 27., 52., 61., 71., 20., 32., 37.,
       13., 22., 48., 8., 0., 21., 82., 22., 1., 2., 69., 9., 2., 20.,
       62., 33., 10., 51., 14., 12., 31., 38., 56., 50., 27., 47., 35.,
       17., 33., 38., 72., 48., 14., 25., 15., 1., 10., 111., 38., 5.,
       5., 24., 30., 1., 26., 37., 56., 22., 8., 22., 70., 5., 16., 13.,
       4., 2., 77., 75., 24., 12., 6., 14., 11., 3., 51., 75., 103., 30.,
       2., 28., 90., 9., 2., 20., 88., 16., 0., 2., 121., 48., 3., 16.,
       121., 18., 0., 1., 15., 4., 11., 34., 18., 1., 1., 51., 62., 13.,
