%YAML:1.0
---
mat: !!opencv-matrix
   rows: 122
   cols: 128
   dt: f
   data: [ 1., 83., 151., 0., 0., 0., 0., 0., 4., 109., 151., 0., 0., 1.,
       3., 5., 0., 85., 151., 1., 1., 3., 3., 1., 0., 57., 151., 0., 0.,
       0., 0., 0., 31., 21., 31., 0., 0., 0., 0., 4., 123., 35., 51., 1.,
       4., 13., 29., 81., 13., 26., 95., 7., 44., 85., 40., 39., 8., 30.,
       118., 1., 9., 34., 32., 43., 46., 3., 0., 0., 0., 0., 0., 7.,
       151., 55., 15., 13., 5., 5., 4., 29., 36., 38., 28., 63., 54.,
       27., 6., 22., 35., 36., 20., 22., 29., 25., 14., 33., 42., 0., 0.,
       0., 0., 0., 0., 15., 110., 8., 3., 6., 6., 12., 8., 51., 23., 13.,
       7., 21., 27., 41., 10., 29., 20., 15., 9., 14., 37., 20., 15.,
       32., 29., 6., 99., 109., 3., 29., 53., 37., 76., 19., 36., 37.,
       9., 54., 55., 52., 54., 39., 22., 22., 35., 71., 48., 33., 26.,
       53., 74., 57., 35., 15., 5., 9., 100., 109., 27., 15., 17., 24.,
       22., 27., 30., 56., 49., 57., 89., 62., 26., 7., 69., 50., 66.,
       34., 34., 41., 26., 33., 4., 7., 35., 34., 71., 109., 16., 8.,
       92., 109., 14., 5., 1., 0., 1., 5., 78., 62., 15., 21., 34., 51.,
       54., 25., 83., 102., 10., 9., 49., 45., 25., 20., 12., 45., 5.,
       0., 76., 105., 5., 4., 52., 53., 0., 0., 0., 0., 0., 0., 60.,
       109., 4., 4., 20., 4., 1., 1., 3., 26., 4., 8., 43., 5., 0., 0.,
       2., 12., 1., 0., 1., 1., 0., 0., 9., 1., 5., 21., 28., 88., 28.,
       42., 46., 6., 6., 18., 11., 3., 9., 129., 3., 0., 2., 56., 39.,
       2., 9., 36., 0., 0., 0., 1., 1., 0., 3., 4., 30., 5., 11., 43.,
       60., 61., 48., 58., 54., 32., 80., 68., 50., 28., 24., 55., 54.,
       10., 33., 83., 40., 5., 45., 64., 1., 1., 1., 66., 28., 2., 26.,
       25., 80., 53., 76., 51., 19., 32., 13., 34., 38., 5., 33., 63.,
       79., 40., 69., 63., 64., 25., 44., 89., 50., 27., 50., 27., 2.,
       3., 25., 129., 30., 1., 2., 2., 30., 18., 32., 8., 4., 129., 19.,
       4., 103., 57., 54., 63., 21., 37., 20., 52., 2., 3., 21., 129.,
       111., 15., 12., 6., 0., 0., 6., 68., 10., 0., 0., 0., 16., 3., 0.,
       0., 1., 0., 0., 1., 38., 8., 0., 0., 6., 4., 0., 1., 5., 0., 0.,
       0., 39., 17., 1., 8., 16., 0., 0., 0., 5., 3., 1., 24., 100., 10.,
       0., 0., 10., 5., 2., 8., 124., 38., 4., 6., 31., 19., 7., 25.,
       46., 12., 5., 25., 124., 86., 10., 34., 71., 29., 4., 4., 19.,
       12., 10., 81., 54., 8., 0., 0., 7., 26., 104., 20., 124., 111.,
       52., 32., 11., 12., 25., 30., 18., 42., 46., 124., 111., 40., 27.,
       6., 32., 123., 35., 19., 11., 12., 18., 34., 20., 3., 1., 3., 68.,
       85., 100., 31., 104., 31., 5., 5., 42., 39., 51., 60., 28., 11.,
       4., 26., 90., 101., 73., 22., 78., 18., 2., 5., 21., 26., 34.,
       86., 17., 34., 56., 86., 39., 19., 7., 5., 85., 103., 43., 27.,
       24., 7., 4., 33., 36., 46., 61., 66., 108., 21., 6., 13., 124.,
       70., 43., 19., 24., 6., 3., 17., 14., 7., 13., 26., 54., 119.,
       27., 20., 103., 35., 14., 8., 27., 44., 51., 126., 11., 18., 27.,
       45., 126., 91., 58., 35., 10., 65., 113., 25., 45., 5., 0., 0.,
       25., 10., 10., 115., 48., 8., 0., 2., 126., 47., 9., 41., 40., 6.,
       5., 28., 25., 10., 5., 66., 126., 18., 5., 6., 18., 5., 6., 20.,
       85., 1., 0., 1., 4., 1., 1., 14., 5., 0., 0., 0., 40., 6., 1., 4.,
       6., 0., 0., 0., 4., 2., 0., 4., 63., 2., 0., 0., 7., 0., 0., 4.,
       19., 0., 0., 0., 9., 20., 13., 16., 4., 16., 41., 21., 52., 17.,
       19., 42., 19., 31., 41., 23., 206., 3., 1., 8., 5., 5., 3., 29.,
       73., 1., 1., 1., 0., 0., 0., 3., 17., 22., 40., 18., 8., 22., 22.,
       25., 80., 13., 12., 38., 39., 47., 18., 24., 206., 2., 1., 4., 6.,
       6., 1., 25., 81., 3., 4., 4., 0., 0., 0., 2., 80., 35., 36., 6.,
       1., 7., 25., 31., 92., 22., 20., 46., 37., 52., 22., 24., 206.,
       6., 1., 8., 8., 8., 1., 15., 68., 10., 10., 24., 13., 0., 0., 1.,
       17., 20., 15., 13., 12., 29., 31., 15., 71., 18., 16., 36., 23.,
       27., 8., 13., 206., 6., 1., 6., 7., 3., 1., 6., 46., 5., 3., 14.,
       43., 0., 0., 0., 2., 7., 44., 20., 10., 30., 44., 15., 26., 26.,
       27., 21., 9., 26., 29., 44., 77., 4., 16., 46., 35., 52., 20., 9.,
       166., 1., 0., 1., 2., 2., 1., 9., 26., 14., 110., 16., 3., 1., 7.,
       9., 74., 39., 38., 18., 6., 13., 44., 61., 97., 5., 16., 45., 49.,
       78., 44., 12., 166., 3., 0., 2., 4., 4., 1., 9., 21., 8., 5., 4.,
       11., 37., 118., 20., 60., 75., 47., 14., 10., 24., 24., 37., 102.,
       15., 40., 89., 48., 37., 11., 6., 166., 6., 1., 4., 4., 1., 0.,
       1., 3., 11., 64., 39., 19., 25., 27., 5., 21., 34., 14., 15., 13.,
       18., 14., 33., 80., 6., 7., 31., 42., 44., 8., 7., 166., 6., 0.,
       2., 4., 2., 0., 2., 1., 73., 56., 0., 0., 26., 36., 1., 0., 117.,
       97., 0., 0., 14., 17., 0., 1., 106., 69., 0., 0., 6., 10., 1., 2.,
       38., 12., 0., 0., 31., 41., 2., 25., 118., 118., 17., 6., 19.,
       24., 10., 72., 118., 73., 7., 2., 39., 78., 10., 23., 85., 41.,
       0., 0., 65., 118., 12., 49., 84., 14., 0., 0., 6., 30., 30., 33.,
       30., 24., 29., 56., 64., 76., 57., 118., 71., 18., 12., 12., 8.,
       34., 118., 67., 3., 0., 0., 0., 36., 68., 29., 11., 1., 0., 0.,
       0., 7., 41., 29., 5., 35., 18., 1., 6., 58., 67., 31., 43., 80.,
       37., 0., 0., 6., 34., 118., 16., 42., 12., 0., 0., 1., 1., 10.,
       2., 1., 1., 0., 1., 3., 2., 1., 14., 2., 9., 37., 24., 0., 0., 2.,
       32., 49., 46., 36., 11., 0., 1., 1., 19., 13., 2., 0., 0., 0., 0.,
       2., 3., 2., 7., 21., 6., 0., 0., 2., 12., 2., 2., 55., 115., 0.,
       0., 0., 119., 30., 19., 46., 56., 0., 0., 8., 52., 23., 115., 27.,
       0., 0., 0., 5., 1., 21., 46., 48., 70., 0., 0., 0., 13., 0., 0.,
       40., 119., 0., 0., 1., 119., 17., 26., 87., 101., 8., 0., 5., 19.,
       74., 119., 119., 50., 18., 26., 9., 52., 119., 87., 29., 40., 0.,
       7., 18., 15., 0., 1., 33., 119., 0., 0., 1., 74., 1., 1., 37.,
       119., 18., 1., 9., 36., 38., 43., 68., 98., 33., 42., 21., 98.,
       34., 6., 6., 24., 1., 12., 53., 1., 1., 49., 44., 30., 48., 43.,
       2., 84., 9., 15., 66., 92., 79., 17., 4., 154., 34., 1., 3., 4.,
       4., 1., 3., 41., 8., 0., 0., 0., 0., 0., 0., 0., 21., 69., 33.,
       25., 36., 43., 5., 69., 5., 13., 53., 154., 82., 31., 15., 154.,
       44., 0., 1., 16., 6., 9., 34., 67., 15., 0., 0., 0., 0., 0., 1.,
       0., 8., 27., 11., 7., 33., 154., 11., 10., 1., 6., 17., 27., 43.,
       154., 42., 114., 7., 0., 0., 2., 4., 118., 154., 45., 8., 0., 0.,
       0., 0., 1., 21., 1., 0., 0., 0., 0., 4., 54., 5., 2., 0., 0., 0.,
       0., 0., 73., 10., 2., 0., 0., 0., 0., 0., 35., 20., 6., 0., 0.,
       0., 0., 0., 1., 6., 4., 5., 49., 3., 0., 0., 0., 0., 3., 8., 78.,
       3., 0., 0., 0., 0., 3., 27., 37., 0., 0., 0., 0., 1., 3., 6., 1.,
       0., 0., 0., 0., 0., 1., 4., 146., 20., 2., 9., 28., 17., 12., 35.,
       146., 47., 24., 29., 9., 1., 126., 146., 105., 4., 2., 1., 0., 7.,
       39., 21., 1., 0., 0., 0., 0., 4., 4., 3., 32., 13., 16., 31., 94.,
       71., 50., 13., 20., 47., 146., 117., 25., 6., 146., 39., 5., 5.,
       17., 7., 0., 25., 63., 3., 0., 0., 1., 0., 0., 11., 4., 3., 77.,
       56., 21., 15., 12., 5., 40., 11., 32., 118., 107., 31., 8., 1.,
       146., 50., 2., 11., 11., 3., 1., 2., 55., 13., 0., 0., 0., 0., 0.,
       0., 24., 21., 43., 14., 4., 11., 12., 19., 64., 10., 9., 28., 30.,
       41., 16., 20., 206., 1., 0., 3., 5., 6., 1., 22., 63., 3., 5., 6.,
       0., 0., 0., 2., 77., 36., 21., 3., 3., 17., 37., 30., 94., 28.,
       27., 59., 36., 40., 16., 19., 206., 8., 2., 10., 8., 6., 1., 14.,
       67., 11., 8., 26., 23., 0., 0., 1., 13., 29., 27., 24., 16., 29.,
       25., 17., 92., 20., 15., 38., 31., 36., 11., 18., 206., 7., 1.,
       6., 9., 4., 1., 10., 56., 4., 2., 15., 62., 0., 0., 0., 14., 27.,
       16., 13., 11., 18., 6., 13., 83., 19., 11., 33., 25., 23., 8.,
