%YAML:1.0
---
mat: !!opencv-matrix
   rows: 79
   cols: 128
   dt: f
   data: [ 10., 3., 1., 2., 9., 11., 10., 15., 135., 3., 0., 0., 1., 2.,
       6., 135., 53., 10., 12., 26., 28., 10., 12., 124., 33., 39., 10.,
       7., 6., 15., 14., 13., 45., 0., 0., 0., 5., 15., 5., 18., 135.,
       10., 3., 1., 1., 2., 12., 135., 44., 9., 13., 12., 22., 78., 69.,
       56., 39., 12., 11., 5., 3., 19., 54., 48., 44., 2., 0., 0., 2.,
       1., 1., 9., 135., 95., 17., 10., 1., 0., 2., 22., 29., 51., 122.,
       86., 8., 11., 13., 7., 2., 12., 135., 135., 3., 4., 18., 7., 4.,
       1., 0., 0., 0., 0., 0., 0., 75., 34., 2., 4., 3., 3., 2., 23.,
       16., 14., 17., 108., 81., 38., 4., 10., 0., 1., 42., 118., 33.,
       14., 7., 3., 32., 44., 117., 32., 1., 1., 0., 2., 32., 82., 114.,
       35., 3., 6., 2., 1., 34., 63., 19., 0., 0., 3., 25., 27., 55.,
       21., 5., 4., 5., 14., 49., 29., 4., 11., 38., 22., 13., 6., 0.,
       1., 87., 131., 29., 9., 5., 1., 0., 1., 135., 89., 4., 1., 1., 1.,
       10., 66., 41., 8., 16., 34., 28., 5., 14., 40., 1., 0., 1., 14.,
       31., 68., 6., 0., 122., 24., 8., 11., 13., 8., 4., 18., 135., 20.,
       4., 6., 3., 5., 2., 50., 22., 2., 5., 36., 49., 30., 5., 6., 0.,
       13., 16., 2., 6., 135., 56., 1., 47., 5., 4., 3., 3., 50., 109.,
       135., 135., 5., 5., 3., 2., 6., 24., 135., 10., 7., 14., 3., 9.,
       48., 9., 4., 28., 84., 72., 23., 2., 4., 4., 2., 38., 60., 22.,
       0., 0., 2., 22., 37., 80., 29., 8., 9., 12., 18., 56., 36., 3.,
       2., 4., 16., 66., 90., 43., 5., 85., 139., 22., 5., 2., 1., 0.,
       1., 139., 81., 4., 2., 2., 2., 12., 79., 45., 11., 23., 56., 49.,
       8., 16., 42., 2., 12., 49., 82., 35., 5., 4., 2., 139., 29., 8.,
       7., 8., 4., 1., 9., 139., 25., 4., 8., 4., 6., 3., 31., 23., 3.,
       5., 47., 73., 45., 7., 5., 2., 4., 9., 21., 38., 44., 47., 14.,
       57., 2., 1., 3., 2., 30., 78., 134., 139., 6., 4., 2., 2., 7.,
       19., 139., 14., 8., 18., 3., 10., 68., 14., 4., 0., 2., 4., 6.,
       7., 31., 41., 12., 57., 6., 1., 1., 38., 30., 11., 57., 39., 54.,
       2., 2., 139., 69., 5., 5., 134., 104., 8., 3., 8., 1., 1., 16.,
       75., 1., 0., 0., 0., 0., 0., 33., 66., 1., 0., 0., 59., 20., 2.,
       88., 21., 24., 3., 7., 139., 106., 6., 6., 139., 65., 2., 4., 24.,
       14., 7., 32., 116., 1., 0., 0., 0., 0., 0., 12., 6., 0., 0., 0.,
       16., 18., 3., 32., 5., 1., 0., 0., 92., 139., 80., 13., 139., 3.,
       0., 0., 7., 54., 124., 139., 63., 1., 0., 0., 0., 0., 1., 26., 3.,
       8., 12., 0., 0., 1., 1., 1., 2., 4., 5., 0., 0., 20., 27., 2., 2.,
       1., 1., 0., 0., 6., 48., 25., 2., 0., 0., 0., 1., 0., 2., 9., 0.,
       0., 1., 8., 3., 0., 0., 0., 0., 8., 48., 30., 3., 0., 0., 0., 0.,
       27., 29., 3., 2., 6., 2., 0., 0., 2., 1., 1., 2., 32., 19., 0.,
       0., 0., 0., 39., 51., 0., 0., 0., 12., 53., 100., 139., 124., 1.,
       0., 1., 119., 139., 69., 16., 5., 0., 0., 2., 18., 15., 4., 7.,
       1., 0., 0., 0., 0., 0., 0., 70., 108., 1., 0., 0., 47., 11., 5.,
       84., 139., 33., 3., 15., 139., 42., 5., 9., 14., 8., 2., 54., 41.,
       5., 12., 108., 11., 0., 0., 3., 6., 2., 3., 84., 54., 10., 2., 2.,
       49., 3., 0., 11., 139., 70., 4., 11., 139., 22., 11., 25., 17.,
       6., 1., 26., 11., 2., 7., 125., 72., 1., 0., 1., 9., 4., 2., 29.,
       113., 55., 8., 5., 115., 16., 6., 12., 9., 8., 9., 34., 31., 8.,
       87., 49., 14., 1., 25., 8., 21., 44., 80., 6., 0., 0., 15., 7.,
       7., 5., 34., 63., 68., 66., 12., 7., 115., 15., 8., 9., 26., 24.,
       13., 47., 32., 6., 28., 47., 115., 37., 1., 9., 115., 31., 24.,
       5., 8., 5., 1., 46., 18., 23., 45., 53., 31., 28., 50., 24., 115.,
       25., 8., 9., 23., 13., 20., 71., 27., 10., 6., 57., 115., 59.,
       21., 12., 115., 39., 3., 6., 6., 5., 14., 48., 2., 0., 0., 0., 5.,
       37., 115., 29., 10., 0., 0., 0., 4., 21., 92., 87., 2., 0., 0.,
       1., 21., 105., 115., 17., 26., 1., 0., 0., 1., 7., 86., 90., 0.,
       6., 76., 94., 35., 2., 0., 0., 25., 113., 113., 17., 3., 1., 0.,
       3., 8., 34., 91., 64., 5., 0., 0., 0., 2., 31., 113., 23., 1., 0.,
       0., 0., 5., 4., 9., 51., 113., 27., 3., 5., 113., 49., 16., 12.,
       29., 9., 6., 73., 27., 15., 27., 81., 113., 16., 7., 12., 26.,
       35., 72., 30., 20., 23., 38., 35., 10., 4., 1., 54., 111., 34.,
       34., 7., 113., 25., 1., 12., 32., 5., 32., 54., 25., 24., 13.,
       58., 113., 12., 9., 8., 62., 49., 8., 5., 6., 9., 49., 73., 0.,
       1., 29., 6., 12., 39., 81., 4., 10., 3., 25., 16., 48., 8., 77.,
       39., 13., 14., 9., 47., 113., 11., 5., 13., 113., 48., 5., 3., 4.,
       2., 2., 39., 62., 14., 116., 3., 0., 0., 8., 124., 46., 12., 68.,
       1., 0., 0., 24., 124., 3., 3., 14., 0., 0., 0., 40., 75., 0., 0.,
       0., 0., 0., 0., 0., 0., 123., 8., 0., 1., 3., 22., 41., 86., 124.,
       27., 6., 3., 0., 2., 39., 124., 15., 8., 18., 32., 5., 11., 112.,
       52., 0., 0., 1., 3., 0., 0., 2., 0., 58., 80., 32., 6., 6., 18.,
       22., 52., 124., 121., 86., 11., 0., 1., 8., 45., 17., 34., 124.,
       84., 3., 3., 5., 4., 1., 1., 6., 6., 0., 0., 0., 0., 51., 124.,
       37., 0., 0., 0., 0., 3., 64., 124., 49., 1., 0., 0., 0., 1., 33.,
       53., 18., 2., 0., 0., 0., 0., 3., 5., 1., 0., 0., 0., 0., 0., 64.,
       31., 11., 6., 18., 32., 53., 26., 22., 3., 12., 8., 7., 17., 115.,
       114., 46., 14., 21., 3., 0., 0., 40., 106., 19., 7., 1., 0., 0.,
       0., 1., 8., 115., 50., 7., 12., 17., 16., 15., 23., 49., 20., 93.,
       102., 40., 11., 24., 15., 97., 88., 111., 30., 4., 2., 5., 12.,
       52., 22., 1., 0., 0., 0., 2., 7., 107., 35., 13., 20., 19., 39.,
       24., 21., 64., 20., 10., 33., 115., 77., 2., 4., 115., 78., 11.,
       12., 32., 19., 3., 15., 98., 26., 0., 0., 1., 1., 2., 11., 59.,
       32., 23., 19., 6., 7., 32., 56., 48., 14., 2., 13., 74., 73., 47.,
       40., 70., 36., 3., 8., 26., 36., 92., 101., 67., 11., 0., 0., 4.,
       2., 5., 51., 4., 1., 3., 17., 21., 0., 0., 4., 1., 5., 44., 108.,
       116., 12., 2., 2., 64., 104., 83., 29., 21., 5., 4., 35., 16.,
       29., 83., 72., 26., 2., 1., 4., 0., 1., 4., 33., 48., 2., 0., 0.,
       13., 4., 1., 99., 116., 27., 12., 7., 116., 20., 1., 21., 50., 7.,
       13., 70., 20., 12., 11., 50., 107., 18., 18., 11., 0., 0., 6.,
       16., 39., 23., 2., 0., 4., 2., 24., 22., 59., 90., 116., 10., 50.,
       6., 10., 29., 73., 16., 100., 65., 36., 35., 14., 60., 116., 8.,
       7., 21., 0., 0., 19., 69., 38., 2., 0., 0., 1., 20., 116., 70.,
       18., 7., 15., 1., 15., 57., 116., 51., 59., 8., 13., 3., 40., 26.,
       13., 43., 66., 20., 8., 25., 3., 2., 9., 16., 78., 87., 43., 7.,
       22., 11., 17., 19., 10., 37., 109., 22., 5., 19., 33., 31., 14.,
       45., 118., 12., 9., 17., 26., 23., 16., 39., 78., 28., 3., 30.,
       75., 102., 74., 27., 19., 5., 12., 55., 118., 32., 1., 15., 55.,
       8., 107., 70., 47., 7., 15., 18., 75., 12., 14., 3., 14., 49.,
       118., 40., 45., 6., 2., 4., 4., 10., 57., 106., 118., 21., 12.,
       9., 17., 6., 1., 69., 118., 35., 118., 12., 4., 1., 18., 22., 67.,
       84., 17., 0., 0., 3., 118., 95., 27., 8., 0., 4., 6., 1., 2., 22.,
       34., 1., 0., 0., 0., 1., 4., 27., 60., 3., 2., 0., 0., 0., 3.,
       14., 42., 23., 0., 0., 0., 0., 8., 46., 33., 3., 101., 3., 0., 0.,
       1., 22., 13., 39., 126., 15., 4., 10., 83., 83., 6., 43., 5., 2.,
       3., 6., 59., 83., 106., 107., 1., 0., 1., 0., 0., 5., 126., 68.,
       53., 24., 2., 0., 4., 29., 10., 11., 92., 93., 94., 25., 25., 9.,
       3., 7., 126., 14., 19., 12., 17., 12., 43., 126., 20., 6., 2., 0.,
       0., 8., 126., 69., 1., 2., 1., 0., 5., 23., 24., 2., 69., 16.,
       18., 1., 0., 11., 24., 21., 126., 58., 5., 0., 0., 0., 2., 28.,
       51., 36., 7., 2., 2., 0., 8., 27., 1., 0., 0., 0., 1., 8., 15.,
       10., 17., 6., 0., 0., 0., 10., 22., 11., 104., 126., 0., 0., 0.,
