%YAML:1.0
---
mat: !!opencv-matrix
   rows: 90
   cols: 128
   dt: f
   data: [ 0., 0., 0., 0., 0., 0., 0., 0., 12., 1., 0., 0., 5., 0., 0.,
       1., 41., 1., 0., 0., 0., 11., 20., 25., 0., 0., 0., 0., 0., 40.,
       101., 9., 0., 0., 0., 1., 4., 1., 0., 0., 116., 7., 0., 7., 50.,
       17., 11., 13., 175., 65., 5., 1., 2., 21., 75., 128., 27., 19.,
       29., 39., 2., 74., 175., 36., 0., 0., 0., 0., 0., 1., 1., 0., 56.,
       2., 0., 0., 6., 27., 78., 62., 175., 75., 8., 3., 1., 4., 20.,
       135., 57., 32., 42., 79., 48., 40., 9., 13., 0., 0., 0., 0., 0.,
       0., 0., 0., 42., 2., 0., 0., 0., 0., 14., 19., 175., 37., 0., 0.,
       0., 1., 3., 38., 62., 16., 0., 5., 82., 34., 2., 8., 18., 1., 0.,
       2., 6., 0., 0., 0., 130., 27., 4., 0., 1., 0., 0., 2., 103., 42.,
       24., 10., 7., 0., 0., 2., 3., 2., 24., 54., 55., 1., 0., 0., 11.,
       4., 1., 4., 7., 0., 0., 0., 44., 68., 59., 27., 13., 0., 0., 2.,
       42., 115., 130., 28., 3., 12., 31., 40., 0., 2., 120., 123., 12.,
       56., 64., 5., 4., 2., 0., 5., 10., 0., 0., 0., 62., 14., 6., 32.,
       79., 0., 0., 5., 130., 62., 8., 20., 12., 26., 57., 94., 59., 18.,
       9., 36., 15., 117., 130., 36., 3., 1., 0., 4., 9., 1., 0., 1.,
       43., 5., 0., 8., 67., 13., 12., 10., 130., 62., 21., 29., 17., 2.,
       7., 15., 113., 81., 75., 53., 21., 2., 6., 9., 3., 2., 1., 2., 0.,
       0., 0., 0., 41., 58., 28., 12., 3., 0., 0., 2., 41., 106., 77.,
       22., 4., 9., 12., 19., 0., 4., 104., 84., 15., 25., 15., 1., 0.,
       0., 1., 7., 5., 0., 0., 0., 82., 12., 9., 34., 40., 0., 0., 10.,
       125., 32., 17., 7., 4., 40., 59., 92., 22., 7., 23., 17., 13.,
       125., 125., 23., 4., 1., 1., 3., 6., 3., 3., 4., 79., 4., 0., 8.,
       34., 20., 48., 38., 125., 85., 78., 11., 5., 9., 18., 26., 59.,
       121., 125., 34., 16., 24., 30., 17., 39., 2., 0., 0., 0., 1., 2.,
       15., 63., 1., 0., 0., 0., 9., 70., 91., 11., 14., 30., 9., 19.,
       122., 59., 23., 0., 37., 125., 12., 10., 87., 32., 0., 1., 0., 0.,
       0., 1., 0., 0., 0., 8., 0., 0., 0., 0., 1., 2., 6., 0., 0., 0.,
       0., 2., 16., 8., 2., 0., 0., 0., 0., 0., 5., 18., 2., 38., 2., 1.,
       14., 45., 3., 0., 4., 152., 13., 1., 1., 3., 11., 48., 125., 25.,
       5., 3., 2., 5., 152., 152., 40., 0., 0., 7., 3., 1., 37., 152.,
       16., 32., 1., 0., 2., 24., 44., 31., 29., 152., 84., 6., 1., 1.,
       5., 20., 99., 61., 60., 83., 47., 11., 33., 63., 14., 0., 1.,
       128., 84., 6., 11., 86., 5., 25., 0., 0., 0., 2., 17., 16., 26.,
       152., 7., 1., 0., 0., 1., 7., 99., 40., 7., 12., 17., 42., 43.,
       5., 23., 0., 0., 19., 27., 36., 39., 9., 1., 1., 4., 3., 3., 2.,
       1., 1., 1., 124., 74., 15., 7., 4., 3., 10., 27., 62., 49., 84.,
       30., 11., 66., 126., 27., 6., 36., 100., 17., 4., 42., 126., 52.,
       22., 1., 0., 0., 1., 1., 2., 10., 124., 20., 5., 2., 5., 18., 36.,
       126., 25., 36., 126., 40., 35., 102., 45., 20., 4., 42., 126.,
       28., 4., 20., 99., 19., 51., 9., 0., 0., 0., 0., 0., 1., 126.,
       35., 1., 4., 19., 7., 5., 22., 24., 6., 2., 20., 117., 56., 20.,
       7., 42., 10., 2., 3., 5., 10., 59., 48., 36., 9., 0., 0., 0., 0.,
       0., 0., 126., 39., 1., 2., 9., 1., 0., 2., 28., 6., 1., 4., 68.,
       21., 3., 7., 56., 0., 0., 0., 3., 4., 4., 48., 23., 0., 0., 0.,
       0., 0., 3., 19., 148., 2., 0., 1., 0., 8., 30., 113., 31., 2., 6.,
       27., 5., 62., 148., 29., 8., 5., 10., 11., 2., 11., 129., 45.,
       26., 0., 0., 0., 0., 0., 6., 42., 148., 11., 1., 4., 10., 3., 8.,
       148., 64., 7., 13., 67., 119., 18., 16., 13., 62., 8., 21., 20.,
       14., 4., 7., 18., 28., 4., 0., 0., 0., 0., 0., 4., 148., 60., 0.,
       2., 11., 1., 0., 12., 61., 16., 0., 8., 148., 26., 1., 4., 60.,
       17., 4., 1., 20., 7., 2., 13., 12., 4., 0., 0., 0., 0., 0., 0.,
       148., 52., 1., 1., 3., 1., 0., 0., 68., 18., 7., 33., 101., 9.,
       0., 1., 15., 33., 26., 16., 18., 2., 1., 8., 15., 0., 0., 0., 0.,
       0., 0., 1., 124., 2., 0., 1., 4., 0., 0., 30., 56., 3., 0., 20.,
       97., 7., 1., 10., 13., 5., 2., 5., 19., 4., 4., 16., 35., 3., 0.,
       0., 0., 0., 0., 1., 124., 29., 5., 8., 8., 0., 0., 26., 45., 10.,
       19., 74., 106., 1., 0., 6., 18., 29., 20., 12., 12., 0., 2., 7.,
       14., 15., 4., 2., 1., 0., 0., 0., 124., 124., 30., 19., 3., 5.,
       8., 14., 22., 26., 97., 120., 32., 74., 68., 12., 20., 83., 124.,
       14., 3., 25., 78., 15., 5., 1., 1., 3., 3., 1., 3., 9., 124., 46.,
       12., 4., 4., 8., 25., 59., 45., 54., 124., 18., 14., 89., 97.,
       19., 8., 65., 99., 7., 4., 40., 124., 46., 1., 3., 1., 1., 75.,
       27., 0., 0., 89., 25., 0., 0., 99., 48., 0., 6., 129., 59., 15.,
       7., 1., 4., 34., 57., 3., 1., 19., 20., 78., 51., 63., 13., 3.,
       3., 1., 1., 44., 26., 6., 4., 91., 6., 0., 0., 121., 96., 3., 10.,
       129., 53., 24., 9., 4., 10., 21., 56., 16., 13., 58., 73., 98.,
       53., 48., 12., 1., 0., 0., 0., 5., 27., 61., 15., 37., 3., 0., 1.,
       53., 129., 25., 14., 129., 53., 39., 23., 9., 35., 18., 52., 6.,
       7., 90., 91., 20., 40., 41., 4., 0., 0., 27., 16., 2., 4., 20.,
       3., 4., 2., 14., 42., 80., 35., 5., 1., 25., 42., 91., 46., 40.,
       12., 7., 3., 1., 4., 101., 74., 1., 1., 16., 4., 1., 32., 27., 0.,
       0., 10., 31., 2., 0., 7., 25., 10., 7., 57., 46., 0., 9., 3., 4.,
       5., 13., 119., 77., 24., 4., 1., 1., 6., 19., 112., 126., 27., 3.,
       64., 63., 2., 0., 0., 0., 0., 13., 27., 118., 43., 2., 1., 0., 1.,
       126., 39., 29., 13., 6., 4., 15., 45., 21., 12., 18., 126., 59.,
       21., 32., 25., 9., 9., 7., 6., 9., 2., 1., 8., 55., 15., 20., 39.,
       27., 1., 1., 7., 126., 37., 7., 23., 33., 2., 4., 47., 8., 4., 9.,
       126., 126., 3., 2., 6., 3., 0., 0., 2., 24., 6., 4., 8., 53., 3.,
       0., 5., 35., 3., 2., 64., 119., 6., 2., 65., 82., 2., 2., 99., 2.,
       0., 0., 126., 126., 3., 4., 4., 42., 16., 7., 3., 1., 0., 0., 1.,
       149., 41., 4., 2., 43., 13., 13., 23., 20., 10., 1., 9., 142.,
       29., 9., 3., 15., 17., 2., 5., 7., 1., 1., 1., 62., 12., 1., 0.,
       0., 0., 0., 3., 149., 55., 1., 0., 32., 15., 0., 9., 38., 6., 1.,
       1., 138., 118., 9., 11., 13., 3., 0., 0., 5., 16., 39., 44., 27.,
       2., 0., 0., 0., 0., 1., 23., 149., 23., 8., 5., 9., 6., 3., 105.,
       41., 7., 23., 36., 79., 70., 15., 22., 5., 13., 29., 5., 4., 11.,
       43., 50., 5., 6., 6., 0., 0., 0., 0., 4., 61., 86., 149., 21., 1.,
       1., 1., 19., 11., 51., 149., 89., 10., 2., 1., 3., 3., 50., 127.,
       7., 1., 0., 0., 1., 0., 5., 21., 8., 2., 3., 30., 2., 5., 5., 7.,
       61., 68., 24., 13., 2., 39., 33., 11., 12., 22., 13., 93., 46.,
       3., 21., 11., 8., 13., 15., 126., 45., 10., 29., 41., 25., 10.,
       0., 0., 0., 45., 10., 13., 126., 84., 0., 0., 3., 126., 52., 16.,
       19., 6., 1., 50., 99., 13., 29., 18., 29., 82., 25., 94., 40.,
       24., 4., 1., 11., 41., 1., 0., 7., 87., 4., 1., 52., 126., 0., 0.,
       5., 126., 81., 43., 5., 6., 1., 19., 43., 9., 37., 77., 78., 105.,
       19., 26., 9., 10., 0., 0., 5., 58., 6., 2., 13., 81., 8., 0., 26.,
       126., 1., 0., 5., 126., 42., 27., 6., 2., 0., 25., 40., 1., 5.,
       44., 39., 64., 29., 46., 10., 3., 3., 4., 32., 45., 28., 12., 2.,
       30., 9., 2., 6., 15., 16., 87., 45., 8., 3., 2., 8., 20., 26.,
       123., 39., 36., 15., 4., 10., 20., 21., 26., 30., 36., 10., 11.,
       97., 44., 0., 0., 2., 123., 30., 7., 12., 4., 2., 26., 92., 18.,
       7., 5., 49., 123., 30., 48., 35., 38., 57., 15., 50., 91., 4., 1.,
       0., 71., 7., 1., 36., 90., 0., 0., 3., 123., 74., 22., 8., 5., 1.,
       4., 30., 10., 23., 35., 112., 123., 8., 7., 7., 83., 20., 3., 41.,
       109., 0., 0., 0., 62., 6., 1., 14., 89., 1., 0., 3., 123., 29.,
       6., 4., 3., 3., 12., 40., 4., 4., 7., 33., 123., 38., 19., 10.,
       82., 7., 0., 9., 86., 5., 0., 1., 0., 3., 28., 41., 50., 5., 0.,
