%YAML:1.0
---
mat: !!opencv-matrix
   rows: 46
   cols: 128
   dt: f
   data: [ 0., 0., 0., 0., 0., 0., 0., 0., 5., 0., 0., 0., 0., 0., 0.,
       1., 2., 0., 0., 0., 0., 0., 0., 0., 0., 0., 0., 0., 0., 0., 0.,
       0., 10., 3., 0., 0., 0., 0., 0., 5., 153., 24., 0., 0., 0., 0.,
       0., 70., 121., 30., 15., 0., 0., 0., 0., 21., 4., 10., 35., 16.,
       0., 0., 0., 1., 21., 16., 0., 0., 0., 0., 0., 7., 153., 129., 3.,
       0., 0., 0., 1., 57., 105., 94., 75., 6., 3., 2., 6., 16., 1., 19.,
       137., 153., 80., 10., 2., 1., 26., 9., 0., 0., 0., 0., 0., 16.,
       153., 39., 0., 0., 0., 0., 3., 116., 56., 20., 8., 2., 7., 11.,
       30., 43., 1., 4., 9., 54., 153., 153., 27., 4., 0., 0., 0., 3.,
       51., 30., 14., 1., 22., 19., 26., 47., 130., 88., 28., 22., 139.,
       56., 17., 6., 4., 12., 14., 45., 16., 2., 0., 0., 3., 16., 24.,
       31., 0., 0., 0., 2., 59., 35., 11., 1., 26., 22., 13., 64., 139.,
       107., 11., 14., 139., 91., 11., 14., 12., 13., 12., 55., 38., 4.,
       0., 0., 0., 3., 25., 22., 0., 0., 0., 1., 34., 31., 4., 1., 16.,
       8., 5., 29., 139., 139., 23., 16., 139., 41., 6., 11., 23., 33.,
       23., 83., 54., 2., 0., 0., 0., 1., 5., 15., 0., 0., 0., 8., 17.,
       4., 1., 2., 5., 4., 9., 38., 127., 75., 18., 5., 139., 25., 5.,
       8., 20., 36., 30., 35., 49., 5., 0., 0., 0., 0., 2., 3., 71., 48.,
       27., 5., 1., 0., 1., 64., 17., 14., 108., 61., 7., 23., 30., 35.,
       9., 3., 45., 57., 56., 64., 38., 7., 10., 0., 0., 2., 23., 37.,
       8., 14., 81., 35., 19., 4., 1., 10., 14., 45., 41., 13., 58., 29.,
       36., 97., 32., 30., 108., 14., 15., 8., 36., 67., 34., 59., 21.,
       0., 0., 1., 68., 91., 14., 39., 108., 64., 1., 0., 1., 11., 9.,
       19., 49., 93., 34., 2., 19., 103., 83., 34., 42., 4., 35., 69.,
       48., 19., 65., 108., 13., 0., 1., 31., 76., 18., 10., 106., 11.,
       28., 1., 0., 0., 47., 88., 3., 8., 85., 66., 2., 0., 4., 83., 20.,
       2., 10., 63., 40., 2., 0., 53., 79., 4., 0., 1., 9., 2., 0., 18.,
       108., 8., 2., 104., 79., 0., 0., 0., 12., 8., 3., 103., 23., 0.,
       3., 42., 52., 0., 28., 96., 5., 6., 56., 49., 4., 0., 104., 74.,
       1., 6., 17., 1., 0., 101., 19., 31., 34., 1., 0., 0., 44., 53.,
       28., 87., 100., 15., 2., 27., 79., 43., 95., 71., 17., 48., 81.,
       33., 5., 6., 56., 13., 13., 104., 52., 1., 0., 85., 34., 10., 12.,
       2., 7., 21., 45., 43., 28., 25., 95., 37., 40., 48., 11., 104.,
       60., 43., 60., 32., 9., 11., 14., 7., 9., 14., 91., 84., 2., 0.,
       0., 63., 73., 6., 0., 0., 7., 35., 38., 18., 38., 25., 20., 9.,
       78., 97., 10., 7., 10., 34., 60., 58., 59., 31., 2., 5., 3., 10.,
       36., 13., 1., 1., 5., 11., 1., 2., 0., 22., 54., 60., 27., 30.,
       0., 3., 1., 11., 35., 72., 79., 13., 0., 0., 0., 18., 66., 64.,
       52., 14., 0., 0., 0., 9., 29., 78., 61., 78., 1., 0., 6., 119.,
       21., 8., 13., 119., 3., 1., 4., 51., 39., 11., 47., 47., 7., 5.,
       9., 45., 118., 44., 85., 37., 6., 2., 7., 110., 25., 20., 83.,
       69., 17., 18., 42., 119., 0., 0., 1., 119., 61., 23., 46., 36.,
       3., 1., 3., 36., 92., 57., 119., 15., 15., 8., 13., 24., 77., 28.,
       36., 114., 5., 2., 11., 6., 22., 54., 42., 11., 0., 13., 5., 19.,
       67., 61., 28., 4., 1., 21., 5., 7., 54., 59., 54., 4., 4., 13.,
       0., 6., 54., 80., 30., 8., 1., 0., 0., 18., 14., 9., 12., 23.,
       26., 12., 12., 51., 22., 1., 8., 29., 18., 1., 0., 163., 81., 0.,
       0., 0., 0., 0., 0., 163., 76., 0., 0., 0., 0., 0., 0., 16., 23.,
       22., 16., 16., 11., 11., 19., 46., 10., 2., 12., 25., 38., 14.,
       5., 163., 33., 0., 0., 1., 1., 0., 5., 163., 37., 0., 0., 0., 0.,
       0., 2., 33., 27., 13., 8., 16., 20., 7., 16., 40., 8., 17., 33.,
       38., 24., 7., 10., 163., 2., 0., 1., 3., 1., 0., 39., 163., 3.,
       0., 0., 0., 0., 0., 32., 1., 6., 7., 10., 42., 31., 3., 1., 36.,
       2., 9., 10., 1., 1., 2., 19., 163., 0., 0., 0., 0., 0., 0., 56.,
       163., 0., 0., 0., 0., 0., 0., 60., 0., 0., 1., 116., 24., 1., 3.,
       1., 15., 6., 14., 55., 3., 5., 7., 6., 116., 52., 3., 1., 0., 0.,
       7., 70., 74., 62., 6., 13., 5., 33., 71., 42., 22., 9., 5., 71.,
       22., 4., 10., 13., 47., 7., 5., 17., 20., 26., 20., 25., 116.,
       84., 17., 1., 1., 1., 17., 116., 44., 75., 75., 29., 38., 13.,
       22., 72., 25., 11., 6., 16., 17., 9., 12., 31., 79., 14., 9., 22.,
       20., 13., 6., 56., 104., 88., 36., 1., 0., 19., 88., 106., 3.,
       54., 116., 25., 22., 66., 64., 1., 27., 9., 5., 13., 12., 5., 4.,
       19., 66., 12., 2., 11., 15., 7., 27., 116., 43., 70., 56., 1., 0.,
       37., 107., 50., 0., 22., 81., 39., 33., 59., 37., 0., 87., 69.,
       10., 3., 2., 3., 17., 72., 14., 22., 21., 108., 91., 41., 31.,
       13., 11., 0., 2., 73., 77., 11., 7., 33., 25., 11., 2., 7., 21.,
       2., 6., 40., 47., 74., 81., 2., 2., 16., 53., 50., 7., 17., 108.,
       99., 101., 51., 20., 5., 93., 3., 3., 38., 49., 7., 4., 50., 18.,
       5., 1., 22., 100., 4., 6., 27., 21., 47., 83., 5., 2., 35., 89.,
       24., 13., 8., 56., 84., 95., 69., 28., 1., 108., 21., 1., 16.,
       32., 5., 1., 10., 32., 7., 0., 5., 108., 24., 1., 5., 7., 6., 93.,
       31., 10., 45., 63., 13., 13., 2., 39., 61., 85., 49., 14., 6.,
       108., 14., 0., 5., 12., 3., 1., 27., 24., 12., 1., 1., 81., 29.,
       2., 10., 1., 14., 30., 44., 23., 16., 0., 0., 3., 31., 47., 42.,
       5., 0., 0., 0., 8., 37., 44., 30., 4., 0., 0., 1., 32., 33., 8.,
       0., 0., 0., 1., 7., 11., 18., 19., 63., 87., 44., 29., 15., 21.,
       50., 82., 108., 76., 30., 17., 18., 112., 109., 60., 36., 10., 5.,
       6., 26., 73., 52., 15., 5., 1., 0., 3., 18., 0., 2., 15., 8., 39.,
       67., 37., 6., 7., 3., 4., 12., 79., 136., 92., 29., 75., 14., 6.,
       11., 18., 43., 104., 117., 66., 39., 13., 14., 12., 14., 30., 43.,
       0., 136., 136., 7., 5., 2., 0., 0., 3., 136., 111., 1., 2., 13.,
       19., 6., 13., 24., 4., 0., 1., 12., 49., 34., 9., 0., 0., 0., 1.,
       8., 59., 59., 0., 5., 18., 33., 7., 1., 0., 0., 5., 28., 64., 37.,
       8., 1., 0., 1., 13., 34., 83., 46., 16., 15., 7., 8., 67., 55.,
       18., 1., 0., 1., 2., 12., 0., 1., 6., 28., 51., 35., 2., 0., 6.,
       28., 108., 95., 69., 37., 9., 5., 93., 110., 73., 14., 8., 16.,
       18., 42., 69., 30., 7., 5., 0., 1., 4., 27., 0., 1., 10., 48.,
       48., 31., 3., 2., 25., 20., 23., 45., 77., 92., 82., 31., 88.,
       25., 6., 4., 4., 13., 90., 141., 24., 9., 9., 153., 25., 0., 1.,
       11., 0., 0., 2., 11., 25., 74., 32., 10., 35., 13., 7., 8., 9.,
       50., 89., 61., 17., 1., 0., 26., 35., 10., 33., 43., 0., 0., 0.,
       153., 153., 2., 1., 1., 2., 10., 44., 65., 47., 4., 1., 3., 12.,
       54., 84., 21., 2., 1., 1., 5., 1., 16., 32., 15., 37., 86., 0.,
       0., 0., 1., 0., 0., 70., 182., 23., 0., 2., 2., 5., 41., 91., 38.,
       14., 9., 19., 38., 81., 116., 72., 17., 13., 18., 99., 138., 87.,
       24., 5., 5., 3., 16., 28., 21., 4., 0., 1., 121., 32., 10., 0.,
       1., 5., 29., 52., 35., 3., 0., 8., 5., 6., 34., 101., 91., 86.,
       38., 95., 40., 33., 20., 25., 35., 70., 86., 89., 68., 30., 6.,
       2., 2., 5., 36., 0., 0., 0., 3., 11., 27., 14., 4., 0., 0., 0.,
       1., 7., 27., 59., 28., 7., 3., 2., 4., 24., 56., 55., 35., 42.,
       8., 1., 1., 2., 5., 25., 94., 2., 0., 0., 111., 106., 0., 2., 2.,
       22., 7., 3., 26., 16., 9., 18., 9., 111., 86., 13., 0., 1., 2.,
       2., 74., 31., 50., 63., 32., 29., 22., 5., 51., 12., 10., 2., 62.,
       111., 0., 2., 6., 34., 19., 10., 23., 19., 16., 14., 15., 111.,
       82., 29., 5., 6., 4., 27., 77., 10., 29., 111., 23., 10., 24.,
       95., 20., 24., 7., 1., 12., 111., 5., 1., 12., 44., 14., 6., 15.,
       24., 25., 11., 27., 111., 67., 29., 3., 7., 7., 45., 107., 6.,
       18., 111., 20., 10., 28., 111., 17., 13., 3., 0., 0., 92., 22.,
