%YAML:1.0
---
mat: !!opencv-matrix
   rows: 105
   cols: 128
   dt: f
   data: [ 1., 38., 42., 83., 47., 0., 0., 0., 95., 68., 49., 64., 34.,
       0., 0., 8., 46., 53., 56., 39., 12., 0., 0., 3., 41., 47., 23.,
       4., 0., 0., 0., 1., 7., 57., 69., 71., 46., 3., 0., 0., 117., 33.,
       12., 47., 38., 0., 0., 27., 108., 20., 17., 74., 114., 0., 0.,
       16., 117., 21., 6., 4., 4., 0., 0., 24., 11., 13., 19., 21., 50.,
       47., 4., 14., 117., 66., 22., 26., 8., 17., 16., 70., 117., 23.,
       28., 71., 36., 21., 7., 31., 117., 1., 0., 0., 1., 0., 0., 42.,
       22., 0., 0., 4., 25., 80., 33., 31., 89., 0., 0., 2., 35., 39.,
       25., 113., 104., 0., 1., 4., 53., 49., 14., 47., 110., 0., 0., 0.,
       0., 0., 0., 31., 34., 33., 40., 40., 62., 2., 0., 0., 91., 115.,
       23., 24., 51., 7., 0., 0., 116., 52., 10., 30., 62., 9., 1., 0.,
       109., 34., 0., 0., 0., 0., 0., 0., 18., 13., 20., 20., 26., 63.,
       13., 8., 116., 61., 16., 16., 9., 26., 34., 76., 116., 32., 7.,
       20., 25., 81., 44., 22., 116., 46., 0., 0., 0., 1., 1., 2., 11.,
       0., 1., 9., 30., 89., 78., 29., 116., 18., 0., 0., 8., 51., 46.,
       64., 90., 13., 0., 0., 88., 102., 21., 19., 116., 33., 0., 0., 4.,
       7., 6., 14., 0., 0., 0., 1., 1., 31., 84., 56., 28., 1., 0., 0.,
       1., 32., 99., 71., 15., 0., 0., 0., 14., 61., 54., 33., 40., 2.,
       0., 0., 1., 8., 31., 41., 0., 0., 0., 8., 28., 16., 14., 0., 0.,
       0., 3., 78., 111., 21., 8., 0., 1., 12., 44., 41., 46., 32., 86.,
       6., 22., 3., 13., 13., 8., 5., 60., 106., 0., 0., 0., 49., 94.,
       5., 3., 0., 3., 10., 25., 111., 111., 20., 9., 2., 89., 39., 20.,
       9., 7., 17., 93., 48., 44., 2., 0., 0., 0., 2., 111., 111., 0.,
       0., 0., 30., 106., 48., 6., 0., 3., 3., 4., 23., 107., 106., 69.,
       18., 111., 16., 4., 2., 2., 9., 53., 111., 110., 5., 0., 0., 0.,
       1., 7., 49., 0., 0., 0., 0., 7., 45., 14., 0., 0., 0., 0., 0., 3.,
       82., 111., 6., 5., 0., 0., 0., 0., 10., 93., 97., 15., 0., 0., 0.,
       0., 0., 7., 43., 0., 0., 9., 50., 13., 0., 0., 0., 0., 5., 115.,
       74., 7., 0., 0., 0., 9., 61., 115., 4., 0., 0., 0., 0., 18., 40.,
       16., 0., 0., 0., 0., 0., 0., 0., 1., 49., 109., 22., 0., 0., 2.,
       12., 53., 115., 95., 31., 4., 2., 115., 114., 59., 16., 2., 3.,
       4., 17., 115., 27., 3., 0., 0., 0., 0., 6., 0., 0., 30., 88., 77.,
       25., 0., 0., 2., 4., 50., 73., 111., 73., 20., 8., 115., 38., 22.,
       7., 3., 11., 22., 56., 115., 17., 7., 1., 0., 0., 0., 7., 1., 0.,
       35., 115., 66., 0., 0., 1., 10., 8., 104., 87., 13., 2., 26., 24.,
       115., 44., 32., 6., 0., 1., 18., 32., 76., 17., 16., 3., 0., 0.,
       0., 2., 112., 40., 9., 2., 33., 11., 1., 49., 32., 30., 51., 14.,
       18., 19., 31., 73., 0., 43., 71., 47., 75., 26., 8., 1., 60., 31.,
       34., 47., 40., 0., 0., 0., 91., 104., 25., 9., 52., 4., 24., 33.,
       107., 91., 70., 17., 13., 12., 20., 46., 5., 7., 19., 39., 112.,
       112., 22., 11., 45., 22., 14., 16., 18., 34., 10., 37., 17., 7.,
       1., 3., 9., 34., 112., 76., 84., 56., 24., 9., 2., 47., 112., 29.,
       4., 14., 26., 41., 52., 54., 94., 38., 66., 0., 0., 0., 11., 95.,
       57., 52., 5., 0., 0., 0., 0., 11., 50., 13., 5., 1., 0., 0., 0.,
       31., 109., 10., 0., 0., 1., 0., 0., 18., 104., 39., 7., 0., 0.,
       0., 1., 51., 78., 27., 29., 35., 35., 105., 23., 0., 0., 6., 41.,
       108., 74., 8., 1., 0., 0., 1., 0., 57., 81., 2., 0., 0., 0., 0.,
       0., 17., 9., 11., 4., 0., 0., 0., 38., 34., 23., 77., 22., 4., 5.,
       6., 95., 65., 44., 4., 4., 12., 26., 59., 4., 108., 65., 25., 47.,
       36., 22., 10., 5., 108., 58., 6., 3., 0., 0., 0., 34., 4., 0., 6.,
       18., 56., 40., 52., 108., 37., 19., 16., 8., 26., 30., 80., 2.,
       27., 36., 101., 108., 83., 12., 3., 10., 96., 108., 21., 29., 13.,
       2., 23., 15., 3., 0., 0., 9., 105., 26., 56., 30., 30., 41., 21.,
       7., 56., 24., 33., 4., 1., 27., 108., 87., 70., 8., 3., 66., 3.,
       5., 31., 48., 12., 5., 108., 21., 132., 11., 2., 3., 1., 1., 1.,
       65., 132., 3., 0., 0., 0., 0., 3., 31., 8., 0., 0., 0., 0., 0.,
       43., 6., 0., 0., 0., 0., 0., 1., 29., 36., 49., 1., 2., 26., 46.,
       33., 11., 132., 132., 1., 0., 3., 2., 1., 27., 100., 38., 4., 0.,
       0., 0., 1., 47., 3., 5., 0., 0., 0., 0., 6., 18., 17., 1., 0., 2.,
       45., 132., 48., 30., 132., 111., 38., 5., 8., 16., 14., 50., 81.,
       132., 39., 0., 0., 0., 0., 4., 37., 37., 1., 0., 0., 0., 0., 3.,
       0., 0., 0., 0., 4., 132., 45., 6., 15., 18., 12., 5., 15., 132.,
       64., 30., 124., 49., 4., 0., 0., 2., 21., 104., 50., 9., 0., 0.,
       0., 0., 0., 12., 126., 0., 0., 5., 58., 28., 3., 28., 94., 1., 0.,
       12., 126., 11., 1., 22., 126., 2., 0., 3., 39., 5., 2., 52., 51.,
       2., 0., 0., 0., 0., 0., 5., 126., 2., 0., 25., 58., 7., 18., 57.,
       82., 24., 12., 97., 126., 26., 6., 22., 126., 84., 10., 18., 16.,
       6., 5., 44., 58., 7., 0., 0., 0., 0., 0., 6., 18., 0., 0., 2., 9.,
       18., 121., 86., 16., 4., 2., 15., 71., 126., 123., 49., 125., 15.,
       1., 3., 6., 17., 87., 126., 36., 1., 0., 0., 0., 0., 0., 20., 0.,
       0., 0., 0., 0., 1., 20., 5., 1., 0., 0., 0., 0., 12., 38., 10.,
       4., 0., 0., 0., 0., 1., 26., 30., 3., 0., 0., 0., 0., 0., 0., 4.,
       49., 3., 0., 4., 18., 0., 1., 24., 6., 1., 1., 40., 143., 21., 8.,
       12., 113., 3., 0., 7., 60., 20., 23., 143., 52., 0., 0., 0., 0.,
       3., 4., 66., 13., 0., 0., 7., 48., 12., 12., 18., 26., 23., 4.,
       95., 143., 41., 9., 10., 143., 57., 2., 18., 24., 7., 8., 75.,
       53., 1., 0., 0., 0., 9., 8., 25., 3., 0., 0., 0., 21., 49., 46.,
       13., 8., 2., 0., 6., 108., 143., 143., 26., 105., 6., 0., 1., 6.,
       30., 143., 143., 20., 0., 0., 0., 0., 13., 24., 31., 0., 1., 2.,
       2., 1., 7., 13., 2., 0., 0., 2., 3., 2., 33., 53., 1., 0., 0., 1.,
       1., 4., 16., 60., 14., 0., 0., 0., 0., 2., 13., 18., 3., 2., 13.,
       14., 3., 0., 0., 0., 0., 3., 12., 61., 16., 0., 0., 1., 2., 2.,
       30., 58., 2., 0., 0., 1., 3., 1., 6., 20., 6., 0., 0., 1., 1., 0.,
       10., 27., 33., 21., 0., 0., 0., 6., 28., 144., 144., 103., 9., 0.,
       1., 106., 144., 144., 27., 8., 3., 0., 3., 21., 42., 47., 18., 7.,
       0., 0., 0., 0., 8., 11., 17., 50., 2., 0., 0., 18., 8., 7., 58.,
       144., 77., 3., 12., 144., 45., 8., 12., 30., 29., 4., 63., 57.,
       10., 9., 14., 15., 0., 0., 5., 0., 4., 5., 33., 39., 0., 0., 0.,
       25., 17., 15., 144., 144., 5., 0., 3., 144., 45., 11., 26., 13.,
       2., 0., 15., 37., 1., 0., 9., 37., 3., 0., 2., 11., 32., 22., 33.,
       20., 32., 33., 11., 123., 9., 3., 15., 32., 12., 2., 5., 98., 2.,
       0., 1., 123., 5., 0., 2., 123., 4., 0., 0., 5., 0., 0., 1., 14.,
       4., 2., 11., 101., 68., 44., 29., 123., 2., 0., 5., 71., 27., 2.,
       10., 98., 9., 2., 16., 123., 28., 1., 17., 123., 18., 1., 1., 4.,
       2., 1., 17., 10., 23., 24., 55., 79., 8., 28., 8., 123., 4., 1.,
       17., 58., 12., 29., 58., 59., 29., 10., 58., 109., 51., 22., 23.,
       123., 56., 4., 4., 2., 3., 9., 38., 1., 2., 3., 3., 3., 5., 104.,
       17., 7., 0., 0., 0., 4., 11., 83., 61., 6., 0., 0., 0., 15., 65.,
       84., 35., 30., 0., 0., 0., 0., 3., 33., 68., 0., 0., 0., 0., 0.,
       0., 0., 0., 11., 2., 1., 40., 135., 23., 4., 16., 135., 19., 2.,
       9., 52., 15., 7., 135., 40., 10., 1., 19., 135., 52., 6., 25., 0.,
       0., 0., 0., 2., 1., 0., 0., 39., 17., 4., 53., 135., 44., 14.,
       20., 135., 46., 3., 11., 23., 8., 14., 114., 22., 2., 0., 0., 18.,
       35., 50., 52., 0., 0., 0., 0., 1., 6., 5., 0., 10., 1., 0., 1.,
       35., 135., 135., 46., 69., 3., 0., 0., 4., 20., 135., 135., 3.,
       0., 0., 0., 0., 1., 102., 70., 0., 0., 0., 0., 0., 1., 3., 0., 0.,
       0., 0., 0., 0., 13., 79., 3., 0., 0., 0., 0., 0., 8., 82., 13.,
