%YAML:1.0
---
mat: !!opencv-matrix
   rows: 87
   cols: 128
   dt: f
   data: [ 10., 12., 46., 15., 13., 14., 97., 116., 72., 36., 16., 2.,
       6., 21., 28., 102., 60., 27., 4., 17., 30., 1., 1., 20., 64., 18.,
       1., 1., 1., 0., 0., 0., 12., 41., 116., 12., 6., 15., 40., 73.,
       105., 54., 67., 13., 17., 30., 18., 48., 86., 11., 0., 5., 91.,
       12., 3., 25., 115., 9., 0., 0., 5., 0., 0., 0., 2., 16., 63., 8.,
       3., 35., 87., 87., 116., 34., 21., 6., 12., 10., 37., 55., 104.,
       2., 0., 0., 112., 15., 1., 8., 109., 5., 0., 0., 6., 1., 0., 2.,
       6., 11., 77., 109., 11., 8., 24., 25., 116., 63., 44., 29., 8.,
       2., 3., 51., 69., 5., 0., 0., 71., 12., 1., 9., 69., 4., 0., 0.,
       5., 2., 1., 3., 48., 137., 63., 0., 0., 0., 7., 29., 11., 64.,
       100., 14., 0., 0., 1., 4., 21., 47., 78., 13., 0., 0., 3., 15.,
       24., 25., 2., 0., 7., 4., 0., 4., 38., 29., 67., 6., 0., 0., 27.,
       57., 77., 66., 57., 2., 0., 0., 10., 50., 44., 9., 10., 2., 0.,
       0., 42., 118., 27., 4., 0., 0., 4., 5., 3., 35., 62., 101., 137.,
       32., 0., 0., 1., 14., 137., 93., 45., 0., 0., 0., 1., 82., 112.,
       6., 0., 0., 0., 0., 5., 37., 9., 3., 0., 0., 2., 2., 1., 6., 137.,
       41., 22., 9., 3., 12., 15., 137., 137., 5., 0., 0., 0., 0., 0.,
       137., 38., 5., 0., 0., 0., 0., 0., 20., 8., 6., 0., 0., 0., 0.,
       0., 0., 1., 0., 4., 40., 90., 5., 0., 0., 91., 20., 17., 19., 26.,
       3., 0., 11., 92., 23., 2., 0., 0., 0., 0., 8., 6., 5., 6., 0., 0.,
       0., 0., 0., 4., 1., 4., 66., 109., 3., 0., 0., 123., 20., 9., 23.,
       32., 2., 0., 14., 83., 42., 50., 3., 0., 0., 0., 11., 3., 20.,
       27., 0., 0., 0., 0., 0., 27., 41., 42., 69., 61., 0., 0., 0.,
       114., 25., 26., 60., 62., 0., 0., 4., 14., 123., 123., 88., 61.,
       1., 0., 1., 10., 123., 75., 0., 0., 0., 0., 0., 106., 38., 8.,
       28., 19., 2., 2., 11., 71., 7., 4., 74., 110., 1., 1., 14., 11.,
       55., 52., 99., 123., 2., 0., 4., 69., 123., 49., 15., 0., 0., 0.,
       1., 6., 5., 36., 18., 0., 0., 27., 56., 8., 8., 21., 12., 1., 1.,
       38., 75., 20., 21., 11., 1., 0., 0., 33., 81., 3., 1., 0., 0., 0.,
       0., 30., 39., 4., 2., 112., 67., 0., 1., 28., 53., 21., 37., 133.,
       133., 3., 1., 15., 20., 133., 133., 64., 13., 0., 0., 1., 14.,
       33., 20., 0., 0., 0., 0., 3., 12., 34., 25., 133., 71., 0., 1.,
       2., 22., 69., 19., 60., 68., 7., 13., 43., 49., 133., 45., 7., 3.,
       1., 1., 7., 54., 61., 27., 0., 0., 0., 0., 0., 5., 38., 82., 72.,
       2., 0., 0., 0., 19., 85., 51., 63., 5., 1., 1., 4., 84., 133.,
       12., 2., 0., 0., 0., 1., 114., 43., 1., 0., 0., 0., 0., 0., 19.,
       54., 2., 0., 0., 0., 5., 50., 126., 130., 19., 0., 1., 3., 3., 9.,
       42., 40., 5., 4., 20., 33., 17., 2., 5., 4., 3., 3., 5., 118.,
       45., 2., 3., 17., 2., 0., 1., 6., 38., 71., 85., 130., 15., 0.,
       1., 10., 9., 15., 66., 65., 3., 1., 7., 85., 31., 4., 15., 42.,
       1., 1., 1., 49., 79., 16., 23., 7., 2., 0., 1., 7., 130., 130.,
       10., 130., 17., 0., 1., 8., 38., 98., 92., 56., 3., 0., 0., 69.,
       45., 9., 22., 87., 3., 0., 0., 7., 18., 17., 27., 0., 0., 0., 0.,
       0., 48., 107., 2., 4., 0., 0., 0., 12., 37., 130., 37., 7., 0.,
       0., 0., 83., 49., 13., 12., 85., 6., 0., 0., 11., 6., 1., 17., 0.,
       0., 0., 96., 86., 0., 1., 3., 25., 5., 9., 116., 85., 1., 2., 7.,
       46., 4., 3., 9., 12., 36., 106., 45., 14., 11., 0., 0., 0., 58.,
       109., 12., 0., 0., 0., 122., 124., 4., 3., 0., 73., 9., 1., 42.,
       95., 21., 31., 17., 127., 30., 0., 0., 1., 15., 50., 70., 25., 1.,
       0., 0., 0., 70., 127., 17., 0., 0., 0., 24., 56., 71., 108., 16.,
       10., 1., 0., 3., 9., 18., 127., 86., 103., 5., 0., 0., 0., 1.,
       101., 127., 24., 0., 0., 0., 0., 2., 12., 23., 0., 0., 0., 0., 0.,
       19., 72., 11., 0., 0., 0., 0., 0., 2., 82., 27., 0., 0., 0., 0.,
       0., 1., 32., 20., 0., 0., 0., 0., 0., 1., 2., 4., 64., 9., 16.,
       7., 1., 3., 3., 71., 127., 19., 21., 0., 0., 0., 0., 132., 29.,
       23., 20., 0., 0., 0., 0., 19., 2., 4., 0., 0., 0., 0., 0., 2.,
       57., 41., 37., 2., 8., 36., 17., 31., 50., 109., 132., 1., 0., 2.,
       3., 22., 110., 132., 101., 0., 0., 0., 0., 5., 33., 18., 0., 0.,
       0., 0., 0., 2., 0., 3., 13., 2., 10., 132., 65., 0., 42., 20.,
       48., 1., 1., 74., 74., 28., 132., 39., 8., 0., 0., 2., 5., 40.,
       71., 5., 0., 0., 0., 0., 0., 5., 2., 1., 0., 0., 0., 127., 38.,
       0., 10., 0., 0., 0., 0., 132., 72., 16., 132., 7., 0., 0., 0.,
       12., 29., 93., 42., 2., 0., 0., 0., 0., 0., 14., 46., 121., 94.,
       12., 10., 4., 2., 2., 59., 148., 19., 0., 0., 0., 0., 0., 45.,
       34., 1., 0., 0., 0., 0., 1., 1., 3., 2., 0., 0., 0., 0., 0., 136.,
       65., 26., 35., 86., 19., 1., 11., 148., 114., 5., 0., 0., 0., 0.,
       7., 127., 8., 1., 0., 0., 0., 0., 7., 1., 2., 5., 1., 0., 0., 0.,
       0., 148., 49., 13., 63., 28., 1., 0., 4., 148., 28., 1., 0., 0.,
       0., 0., 39., 108., 5., 4., 0., 0., 0., 0., 10., 0., 4., 7., 0.,
       0., 0., 0., 0., 148., 40., 6., 13., 3., 1., 0., 11., 148., 77.,
       18., 0., 0., 0., 0., 21., 39., 54., 27., 0., 0., 0., 0., 6., 1.,
       7., 5., 0., 0., 0., 0., 0., 0., 2., 62., 73., 2., 0., 0., 0., 6.,
       34., 95., 56., 7., 0., 0., 0., 3., 6., 8., 61., 74., 3., 1., 1.,
       52., 8., 3., 10., 14., 3., 1., 14., 21., 18., 83., 140., 78., 0.,
       0., 1., 140., 114., 88., 49., 13., 0., 0., 5., 43., 18., 10., 80.,
       86., 0., 0., 2., 94., 10., 7., 15., 16., 0., 0., 28., 86., 9.,
       60., 140., 38., 11., 6., 18., 140., 14., 10., 26., 17., 2., 1.,
       45., 46., 4., 5., 69., 53., 5., 10., 26., 101., 5., 2., 28., 25.,
       0., 2., 37., 74., 13., 13., 8., 5., 24., 22., 53., 140., 4., 3.,
       10., 11., 4., 4., 72., 18., 26., 8., 9., 13., 8., 27., 25., 20.,
       11., 3., 49., 63., 0., 9., 21., 2., 11., 23., 3., 0., 0., 0., 0.,
       6., 24., 16., 8., 1., 0., 0., 0., 1., 4., 74., 32., 1., 0., 0.,
       0., 1., 7., 113., 27., 0., 0., 0., 0., 6., 47., 117., 65., 9., 2.,
       0., 1., 65., 117., 79., 34., 29., 9., 1., 3., 14., 22., 117.,
       117., 101., 64., 19., 12., 10., 21., 117., 72., 20., 33., 50.,
       27., 34., 29., 29., 17., 19., 21., 74., 74., 117., 46., 8., 4.,
       14., 22., 43., 117., 33., 5., 9., 4., 36., 117., 102., 39., 4.,
       2., 16., 3., 4., 35., 117., 64., 2., 4., 30., 0., 0., 2., 74.,
       60., 13., 6., 61., 3., 0., 1., 32., 57., 5., 4., 89., 19., 0., 3.,
       15., 7., 0., 2., 77., 17., 0., 0., 19., 11., 3., 83., 91., 1., 1.,
       20., 13., 0., 2., 41., 46., 1., 0., 34., 53., 0., 1., 7., 12.,
       10., 3., 50., 54., 0., 0., 4., 21., 4., 1., 40., 29., 0., 29.,
       92., 85., 19., 9., 45., 72., 25., 114., 114., 87., 23., 12., 16.,
       18., 34., 28., 28., 70., 114., 53., 7., 2., 4., 8., 60., 114.,
       39., 4., 10., 6., 1., 2., 1., 1., 2., 5., 113., 114., 9., 57., 7.,
       1., 6., 31., 55., 114., 101., 19., 6., 11., 65., 114., 114., 45.,
       21., 20., 21., 39., 36., 33., 66., 61., 20., 0., 0., 0., 0., 2.,
       9., 9., 0., 0., 0., 0., 1., 13., 14., 17., 3., 0., 0., 0., 1.,
       20., 82., 44., 1., 0., 0., 0., 0., 6., 92., 85., 2., 47., 19., 0.,
       1., 67., 42., 1., 7., 44., 26., 16., 31., 133., 88., 33., 26.,
       133., 59., 8., 3., 8., 9., 6., 23., 29., 2., 1., 4., 10., 11., 3.,
       5., 96., 21., 1., 0., 57., 30., 2., 18., 43., 25., 9., 22., 133.,
       112., 9., 12., 133., 77., 6., 7., 23., 17., 9., 41., 36., 2., 0.,
       1., 16., 27., 4., 12., 120., 20., 2., 1., 19., 19., 3., 22., 14.,
       2., 0., 1., 125., 133., 116., 38., 112., 5., 0., 1., 11., 29.,
       108., 133., 16., 0., 0., 0., 11., 32., 8., 19., 95., 14., 1., 1.,
       2., 3., 3., 22., 9., 0., 0., 0., 0., 14., 37., 7., 0., 0., 0., 0.,
       0., 4., 35., 18., 0., 0., 0., 0., 4., 19., 11., 2., 16., 22., 9.,
