%YAML:1.0
---
mat: !!opencv-matrix
   rows: 25
   cols: 128
   dt: f
   data: [ 0., 34., 112., 21., 1., 2., 1., 0., 1., 23., 112., 19., 1.,
       2., 0., 0., 1., 47., 85., 5., 1., 1., 2., 1., 2., 29., 6., 1., 2.,
       3., 3., 1., 21., 97., 112., 48., 20., 15., 10., 15., 112., 70.,
       102., 29., 9., 18., 12., 25., 44., 90., 72., 15., 63., 46., 9.,
       11., 92., 92., 8., 1., 3., 2., 1., 8., 15., 7., 2., 3., 15., 79.,
       112., 80., 112., 14., 4., 7., 9., 40., 112., 79., 42., 9., 4.,
       14., 70., 43., 75., 65., 95., 6., 0., 0., 3., 3., 12., 86., 0.,
       35., 20., 0., 0., 19., 93., 12., 0., 1., 9., 5., 1., 22., 111.,
       12., 1., 0., 26., 12., 1., 13., 86., 24., 3., 6., 35., 3., 0., 1.,
       10., 28., 117., 117., 33., 4., 16., 10., 2., 9., 45., 117., 29.,
       1., 44., 104., 2., 1., 83., 71., 1., 0., 18., 70., 5., 5., 47.,
       56., 0., 1., 9., 2., 0., 0., 23., 81., 68., 10., 7., 84., 117.,
       22., 117., 117., 42., 1., 10., 28., 56., 81., 65., 26., 0., 0.,
       33., 116., 12., 14., 84., 51., 0., 0., 2., 9., 6., 9., 8., 15.,
       9., 4., 20., 60., 117., 33., 108., 44., 1., 1., 13., 34., 78.,
       61., 52., 54., 0., 0., 8., 60., 21., 10., 33., 3., 0., 2., 1.,
       15., 28., 34., 7., 21., 12., 3., 10., 25., 59., 46., 9., 8., 2.,
       1., 5., 45., 74., 48., 47., 22., 2., 3., 1., 23., 24., 21., 7.,
       1., 11., 34., 0., 1., 9., 6., 7., 49., 71., 18., 3., 0., 1., 7.,
       12., 87., 75., 10., 2., 0., 1., 0., 6., 28., 26., 7., 1., 2., 2.,
       0., 0., 5., 14., 3., 3., 3., 1., 0., 20., 10., 18., 61., 99., 6.,
       10., 57., 114., 78., 43., 55., 40., 0., 0., 11., 57., 53., 76.,
       114., 19., 0., 0., 4., 29., 74., 59., 10., 1., 0., 0., 2., 16.,
       1., 0., 82., 114., 8., 5., 48., 114., 22., 7., 49., 61., 10., 12.,
       96., 102., 18., 15., 114., 64., 8., 2., 46., 92., 17., 15., 8.,
       3., 16., 23., 54., 5., 0., 0., 13., 69., 56., 52., 51., 14., 0.,
       0., 6., 92., 35., 37., 111., 91., 3., 1., 8., 88., 29., 15., 83.,
       57., 21., 7., 2., 3., 6., 12., 36., 29., 39., 100., 116., 25., 1.,
       13., 15., 54., 86., 116., 29., 1., 3., 14., 17., 37., 13., 60.,
       41., 1., 2., 21., 27., 22., 13., 11., 4., 0., 1., 25., 47., 97.,
       15., 19., 105., 94., 5., 10., 116., 116., 26., 11., 8., 5., 10.,
       40., 104., 67., 45., 10., 25., 32., 24., 44., 25., 66., 40., 1.,
       1., 2., 3., 7., 11., 65., 1., 0., 8., 28., 8., 33., 116., 73.,
       32., 24., 18., 4., 29., 84., 57., 50., 20., 27., 83., 26., 15.,
       53., 70., 89., 12., 1., 2., 1., 1., 3., 53., 60., 0., 0., 1., 9.,
       4., 11., 116., 5., 0., 6., 4., 1., 31., 88., 36., 2., 0., 20.,
       13., 1., 13., 98., 47., 4., 0., 37., 12., 0., 0., 6., 27., 0.,
       11., 101., 43., 1., 0., 0., 0., 4., 6., 101., 79., 10., 4., 1.,
       1., 3., 78., 102., 53., 25., 7., 0., 0., 14., 48., 37., 56., 42.,
       2., 0., 0., 14., 51., 114., 37., 36., 74., 3., 2., 114., 71., 58.,
       18., 24., 39., 5., 15., 50., 49., 10., 9., 99., 114., 8., 22.,
       61., 34., 6., 8., 25., 56., 28., 34., 83., 23., 3., 1., 15., 114.,
       39., 18., 114., 22., 2., 0., 7., 85., 69., 87., 54., 1., 0., 0.,
       37., 114., 66., 56., 30., 0., 0., 0., 1., 33., 75., 93., 46., 3.,
       0., 0., 0., 30., 38., 58., 8., 0., 1., 1., 0., 26., 77., 48., 3.,
       1., 18., 9., 0., 9., 36., 24., 0., 7., 20., 1., 0., 1., 23., 15.,
       8., 59., 55., 18., 1., 0., 0., 0., 7., 48., 75., 16., 0., 2., 1.,
       0., 4., 23., 36., 8., 0., 5., 19., 1., 2., 16., 15., 1., 0., 0.,
       15., 3., 42., 57., 37., 75., 28., 5., 2., 11., 114., 73., 51.,
       73., 15., 1., 0., 8., 47., 64., 76., 114., 45., 0., 0., 1., 51.,
       114., 50., 41., 9., 0., 0., 0., 18., 2., 2., 9., 70., 69., 32.,
       56., 114., 13., 6., 38., 47., 28., 22., 41., 51., 28., 11., 114.,
       114., 63., 14., 3., 114., 91., 9., 50., 57., 15., 4., 5., 1., 0.,
       0., 0., 11., 69., 58., 11., 8., 1., 0., 3., 7., 51., 114., 17.,
       7., 1., 0., 3., 11., 114., 108., 7., 43., 9., 2., 9., 33., 69.,
       70., 25., 4., 0., 0., 20., 138., 44., 1., 3., 138., 23., 1., 2.,
       68., 22., 0., 30., 78., 33., 13., 23., 16., 0., 0., 5., 54., 3.,
       2., 7., 8., 0., 0., 12., 20., 1., 1., 3., 138., 38., 3., 9., 138.,
       2., 0., 0., 113., 22., 3., 43., 67., 20., 14., 16., 39., 35., 6.,
       19., 50., 68., 18., 4., 5., 4., 2., 4., 41., 20., 1., 2., 138.,
       25., 0., 3., 138., 7., 0., 1., 129., 21., 1., 7., 94., 6., 0., 2.,
       77., 41., 10., 13., 14., 22., 11., 0., 8., 16., 52., 30., 24.,
       35., 2., 4., 97., 15., 9., 14., 138., 6., 0., 1., 97., 18., 1.,
       4., 94., 5., 0., 6., 50., 1., 0., 6., 43., 0., 0., 0., 4., 2.,
       12., 17., 31., 15., 0., 0., 0., 0., 0., 0., 124., 113., 26., 9.,
       15., 21., 1., 1., 13., 13., 34., 82., 124., 124., 1., 2., 124.,
       36., 1., 16., 50., 36., 1., 4., 11., 3., 0., 0., 0., 0., 0., 0.,
       124., 33., 12., 7., 8., 28., 12., 22., 24., 6., 19., 83., 124.,
       124., 18., 9., 124., 57., 1., 21., 39., 64., 32., 28., 1., 0., 0.,
       0., 0., 0., 0., 0., 124., 9., 0., 1., 9., 8., 2., 20., 54., 5.,
       0., 2., 100., 124., 45., 7., 27., 3., 0., 0., 7., 77., 124., 71.,
       0., 0., 0., 0., 0., 0., 0., 0., 44., 2., 2., 0., 1., 1., 1., 27.,
       32., 4., 22., 8., 6., 39., 47., 16., 1., 0., 24., 19., 3., 28.,
       63., 9., 0., 25., 80., 22., 1., 0., 0., 0., 3., 35., 89., 25., 1.,
       0., 0., 0., 1., 30., 79., 24., 2., 0., 0., 0., 1., 21., 36., 13.,
       0., 0., 0., 0., 5., 55., 100., 63., 38., 15., 1., 0., 122., 76.,
       61., 55., 21., 12., 2., 6., 31., 92., 56., 41., 98., 44., 2., 3.,
       21., 100., 53., 35., 4., 1., 0., 7., 12., 3., 11., 16., 82., 50.,
       29., 18., 122., 5., 4., 5., 19., 38., 9., 32., 62., 18., 3., 1.,
       122., 122., 3., 8., 120., 41., 11., 2., 23., 26., 3., 40., 2., 0.,
       0., 1., 17., 76., 92., 14., 106., 0., 0., 0., 7., 25., 66., 84.,
       35., 0., 0., 0., 57., 110., 15., 16., 61., 0., 0., 0., 13., 50.,
       38., 63., 19., 1., 0., 7., 110., 3., 0., 6., 128., 36., 6., 11.,
       76., 0., 0., 0., 35., 15., 74., 40., 5., 1., 0., 0., 11., 33.,
       66., 35., 7., 0., 0., 0., 31., 2., 0., 9., 128., 1., 0., 6., 128.,
       19., 2., 13., 122., 8., 1., 6., 47., 4., 27., 36., 68., 73., 2.,
       5., 86., 33., 20., 23., 39., 15., 0., 0., 35., 17., 3., 17., 128.,
       0., 0., 2., 128., 17., 0., 12., 128., 2., 0., 2., 73., 5., 0., 7.,
       118., 50., 2., 2., 65., 30., 1., 2., 70., 45., 8., 5., 12., 9.,
       3., 36., 109., 5., 4., 4., 128., 21., 2., 22., 78., 0., 0., 0.,
       60., 10., 2., 10., 23., 17., 10., 16., 11., 3., 0., 0., 7., 58.,
       66., 26., 2., 3., 14., 97., 26., 0., 0., 0., 8., 6., 38., 118.,
       34., 31., 18., 3., 55., 22., 42., 94., 77., 54., 23., 54., 39.,
       8., 5., 9., 32., 23., 76., 118., 25., 21., 16., 81., 118., 42.,
       3., 3., 118., 52., 11., 26., 39., 73., 39., 23., 57., 6., 4., 3.,
       30., 118., 110., 118., 31., 3., 0., 0., 0., 2., 61., 118., 12.,
       3., 1., 1., 60., 118., 24., 26., 118., 12., 3., 6., 16., 88., 54.,
       88., 49., 30., 17., 16., 7., 26., 41., 42., 37., 12., 0., 0., 0.,
       0., 2., 24., 0., 2., 1., 0., 4., 30., 11., 6., 2., 0., 0., 0., 2.,
       29., 49., 36., 4., 0., 0., 0., 1., 13., 47., 24., 12., 0., 0., 0.,
       0., 0., 6., 28., 28., 0., 1., 39., 43., 2., 0., 24., 23., 25.,
       11., 72., 119., 5., 4., 10., 119., 69., 5., 2., 5., 1., 4., 27.,
       36., 6., 1., 33., 24., 1., 1., 41., 22., 1., 1., 101., 88., 1.,
       0., 17., 83., 3., 2., 86., 53., 5., 43., 100., 112., 29., 2., 2.,
       2., 38., 85., 60., 39., 26., 8., 85., 50., 2., 3., 4., 26., 2.,
       1., 84., 119., 2., 3., 14., 119., 36., 1., 21., 29., 5., 12., 61.,
       72., 20., 1., 12., 36., 77., 36., 18., 3., 2., 2., 61., 91., 15.,
       5., 1., 29., 4., 2., 43., 101., 1., 6., 36., 98., 13., 0., 1., 6.,
