%YAML:1.0
---
mat: !!opencv-matrix
   rows: 129
   cols: 128
   dt: f
   data: [ 1., 36., 132., 18., 5., 0., 0., 0., 1., 17., 77., 51., 66.,
       69., 8., 0., 7., 15., 13., 7., 20., 132., 118., 3., 0., 0., 0.,
       0., 0., 3., 11., 0., 39., 66., 98., 25., 22., 20., 61., 37., 36.,
       53., 93., 108., 71., 40., 22., 19., 132., 85., 30., 19., 8., 14.,
       32., 38., 5., 1., 0., 0., 0., 0., 3., 1., 6., 0., 0., 0., 4., 59.,
       132., 32., 13., 2., 0., 5., 35., 132., 132., 44., 67., 4., 0., 1.,
       4., 27., 127., 132., 2., 0., 0., 0., 0., 0., 2., 4., 2., 5., 1.,
       1., 4., 15., 35., 1., 0., 0., 0., 0., 31., 59., 51., 1., 0., 0.,
       0., 0., 28., 28., 35., 6., 0., 0., 0., 0., 0., 1., 1., 0., 0., 0.,
       0., 0., 0., 0., 0., 0., 0., 2., 3., 0., 0., 0., 0., 0., 5., 10.,
       3., 0., 0., 0., 0., 2., 2., 0., 0., 0., 0., 0., 4., 12., 98., 19.,
       4., 16., 6., 1., 0., 17., 14., 31., 115., 109., 21., 8., 4., 4.,
       122., 122., 76., 9., 0., 1., 3., 21., 50., 10., 0., 0., 0., 0.,
       19., 46., 105., 8., 1., 8., 19., 35., 23., 120., 19., 12., 28.,
       58., 74., 122., 75., 39., 122., 79., 21., 7., 1., 5., 33., 99.,
       118., 15., 0., 0., 0., 0., 4., 27., 0., 0., 0., 0., 35., 30., 19.,
       20., 1., 6., 16., 39., 122., 80., 18., 6., 122., 121., 28., 18.,
       13., 8., 14., 22., 122., 58., 1., 2., 1., 0., 0., 2., 1., 14.,
       112., 53., 0., 0., 0., 0., 12., 39., 96., 6., 0., 0., 1., 4., 8.,
       8., 7., 2., 0., 0., 1., 8., 2., 6., 1., 0., 0., 0., 0., 0., 21.,
       44., 99., 65., 9., 6., 13., 8., 112., 72., 46., 6., 5., 2., 11.,
       47., 44., 43., 38., 60., 66., 7., 11., 30., 53., 74., 20., 36.,
       34., 0., 0., 7., 20., 71., 17., 1., 1., 8., 59., 13., 99., 112.,
       83., 10., 3., 7., 21., 17., 73., 48., 74., 72., 54., 4., 12., 88.,
       64., 13., 2., 88., 75., 2., 8., 88., 15., 15., 6., 1., 1., 13.,
       72., 75., 19., 25., 16., 7., 21., 65., 94., 46., 112., 20., 11.,
       28., 21., 4., 12., 112., 45., 0., 0., 95., 79., 1., 2., 66., 8.,
       0., 0., 1., 128., 7., 0., 0., 119., 2., 0., 4., 82., 33., 4., 13.,
       47., 20., 14., 19., 67., 75., 8., 11., 22., 23., 55., 56., 27.,
       3., 1., 3., 10., 0., 0., 2., 128., 1., 0., 0., 128., 5., 0., 6.,
       114., 9., 0., 4., 23., 2., 8., 37., 128., 53., 21., 10., 1., 2.,
       35., 21., 11., 30., 86., 15., 9., 0., 0., 3., 128., 3., 0., 0.,
       128., 10., 1., 16., 115., 7., 0., 2., 66., 15., 2., 50., 101.,
       34., 17., 24., 41., 12., 2., 5., 39., 61., 48., 33., 5., 0., 2.,
       15., 128., 1., 0., 0., 128., 11., 0., 3., 70., 16., 1., 4., 38.,
       7., 0., 2., 23., 69., 44., 14., 19., 9., 3., 9., 18., 11., 16.,
       11., 14., 10., 19., 12., 17., 9., 2., 7., 20., 69., 44., 13., 42.,
       10., 0., 1., 86., 16., 1., 1., 125., 19., 0., 1., 125., 7., 0.,
       0., 2., 0., 2., 9., 35., 58., 40., 33., 48., 19., 2., 6., 107.,
       40., 15., 22., 67., 20., 2., 44., 117., 14., 0., 1., 125., 25.,
       1., 12., 125., 19., 0., 0., 7., 1., 0., 1., 10., 33., 97., 23.,
       2., 1., 25., 19., 125., 63., 23., 13., 20., 3., 8., 31., 108.,
       17., 0., 2., 125., 19., 0., 4., 125., 17., 0., 0., 12., 1., 0.,
       0., 30., 3., 3., 2., 13., 18., 56., 60., 62., 73., 8., 8., 47.,
       24., 20., 19., 68., 48., 5., 8., 118., 6., 0., 4., 125., 22., 0.,
       0., 15., 1., 0., 0., 7., 10., 53., 69., 34., 15., 49., 3., 8.,
       31., 82., 35., 43., 33., 21., 5., 86., 19., 7., 8., 42., 10., 2.,
       12., 125., 15., 0., 3., 26., 0., 0., 2., 13., 14., 42., 115., 60.,
       7., 4., 0., 22., 49., 86., 52., 16., 6., 10., 6., 125., 46., 29.,
       8., 41., 2., 2., 11., 125., 3., 0., 2., 37., 2., 0., 12., 5., 1.,
       13., 23., 38., 97., 62., 11., 19., 3., 9., 15., 14., 31., 104.,
       116., 121., 9., 3., 11., 45., 12., 79., 83., 125., 24., 2., 10.,
       35., 2., 0., 3., 10., 1., 0., 2., 34., 58., 41., 20., 3., 0., 0.,
       0., 5., 18., 80., 125., 6., 3., 0., 4., 75., 33., 51., 33., 107.,
       27., 1., 5., 38., 3., 0., 0., 11., 25., 9., 12., 38., 18., 0., 1.,
       101., 35., 3., 4., 37., 3., 0., 4., 90., 10., 0., 1., 131., 7.,
       0., 1., 131., 12., 0., 0., 4., 0., 0., 1., 19., 20., 45., 48., 9.,
       0., 0., 2., 131., 30., 7., 9., 32., 3., 0., 23., 113., 4., 0., 1.,
       131., 9., 0., 6., 131., 3., 0., 0., 8., 0., 0., 7., 19., 11., 29.,
       18., 0., 7., 28., 27., 131., 31., 3., 1., 27., 1., 2., 33., 119.,
       5., 0., 4., 131., 5., 0., 2., 131., 3., 0., 0., 9., 0., 0., 4.,
       15., 3., 1., 0., 0., 22., 65., 28., 90., 20., 0., 3., 16., 14.,
       33., 25., 86., 11., 0., 19., 131., 1., 1., 3., 131., 11., 1., 1.,
       7., 0., 0., 0., 10., 0., 0., 0., 131., 18., 1., 1., 131., 1., 1.,
       3., 80., 15., 0., 14., 13., 13., 36., 25., 89., 22., 0., 2., 0.,
       19., 67., 27., 16., 4., 2., 0., 10., 0., 0., 2., 131., 9., 0., 0.,
       131., 11., 0., 1., 116., 9., 0., 3., 25., 2., 2., 30., 131., 37.,
       3., 1., 0., 6., 26., 26., 18., 12., 31., 22., 7., 0., 0., 6.,
       131., 7., 0., 0., 131., 15., 0., 5., 114., 7., 0., 0., 34., 4.,
       0., 20., 131., 34., 7., 8., 11., 1., 0., 2., 20., 21., 41., 50.,
       3., 0., 0., 1., 131., 16., 0., 0., 131., 12., 0., 0., 93., 14.,
       0., 0., 40., 4., 0., 3., 100., 38., 3., 3., 38., 21., 0., 1., 10.,
       24., 9., 11., 24., 0., 0., 1., 6., 8., 25., 60., 27., 6., 32.,
       44., 68., 66., 36., 44., 135., 58., 37., 11., 5., 12., 27., 86.,
       56., 6., 0., 0., 0., 0., 19., 42., 0., 0., 0., 4., 61., 13., 14.,
       5., 10., 15., 24., 71., 135., 51., 25., 10., 135., 55., 20., 11.,
       5., 8., 19., 67., 81., 3., 1., 4., 1., 1., 5., 24., 0., 0., 0.,
       15., 78., 5., 0., 0., 10., 8., 28., 70., 135., 64., 36., 12.,
       135., 45., 20., 8., 3., 10., 28., 58., 77., 12., 6., 33., 18., 0.,
       0., 3., 0., 0., 0., 32., 55., 2., 0., 0., 40., 12., 30., 130.,
       135., 9., 8., 15., 135., 32., 18., 8., 1., 0., 2., 60., 45., 7.,
       1., 12., 49., 2., 0., 5., 8., 1., 0., 0., 117., 33., 1., 0., 117.,
       32., 8., 28., 61., 12., 0., 0., 52., 28., 67., 90., 30., 5., 0.,
       5., 42., 17., 18., 30., 39., 8., 1., 8., 4., 0., 0., 0., 117.,
       29., 0., 0., 117., 9., 1., 5., 108., 41., 4., 7., 70., 23., 11.,
       20., 75., 105., 11., 12., 39., 32., 59., 62., 37., 4., 2., 4., 1.,
       0., 0., 1., 117., 16., 0., 0., 117., 16., 0., 1., 117., 17., 1.,
       2., 46., 6., 5., 24., 117., 62., 9., 6., 1., 3., 34., 28., 20.,
       23., 68., 18., 0., 0., 0., 1., 117., 13., 0., 0., 116., 17., 0.,
       3., 114., 11., 0., 0., 59., 13., 2., 34., 93., 27., 6., 9., 39.,
       13., 1., 5., 19., 33., 39., 34., 38., 19., 13., 26., 1., 6., 11.,
       0., 4., 12., 45., 43., 25., 13., 28., 2., 2., 3., 67., 51., 31.,
       33., 15., 7., 2., 29., 106., 23., 16., 20., 1., 1., 71., 45., 21.,
       96., 82., 10., 0., 0., 107., 62., 62., 71., 43., 12., 2., 25.,
       26., 12., 6., 91., 107., 50., 11., 17., 10., 16., 14., 71., 31.,
       10., 29., 26., 107., 39., 1., 6., 75., 89., 12., 3., 87., 75.,
       32., 24., 55., 101., 31., 12., 10., 33., 98., 90., 74., 14., 13.,
       11., 1., 1., 41., 82., 11., 13., 45., 25., 107., 49., 0., 2., 50.,
       31., 3., 1., 17., 7., 8., 36., 107., 92., 17., 10., 7., 2., 24.,
       28., 12., 29., 75., 64., 1., 1., 20., 24., 12., 36., 58., 22.,
       13., 56., 56., 43., 4., 0., 8., 18., 27., 36., 50., 75., 15., 2.,
       14., 30., 105., 104., 27., 3., 26., 25., 4., 17., 40., 50., 6.,
       1., 85., 79., 0., 0., 14., 12., 40., 36., 2., 1., 28., 86., 69.,
       19., 12., 12., 9., 31., 91., 100., 53., 102., 50., 9., 85., 89.,
       32., 17., 80., 85., 14., 1., 77., 72., 2., 10., 33., 8., 29., 44.,
       7., 10., 9., 65., 107., 52., 17., 16., 22., 10., 7., 67., 43.,
       15., 4., 10., 107., 76., 57., 67., 77., 7., 0., 0., 37., 51., 23.,
       107., 16., 15., 1., 2., 5., 32., 84., 28., 34., 40., 12., 5., 1.,
