%YAML:1.0
---
mat: !!opencv-matrix
   rows: 66
   cols: 128
   dt: f
   data: [ 0., 0., 0., 0., 66., 106., 0., 0., 18., 82., 6., 1., 125.,
       136., 0., 0., 136., 119., 13., 3., 10., 3., 0., 21., 37., 1., 0.,
       28., 23., 0., 0., 34., 0., 0., 0., 2., 75., 22., 0., 0., 32., 5.,
       1., 3., 136., 93., 8., 6., 136., 27., 1., 3., 40., 14., 9., 35.,
       53., 7., 1., 72., 64., 2., 1., 9., 0., 0., 0., 1., 41., 18., 1.,
       0., 5., 0., 0., 2., 113., 136., 113., 16., 87., 4., 0., 1., 10.,
       28., 134., 127., 17., 3., 0., 16., 39., 50., 35., 23., 0., 0., 0.,
       0., 5., 4., 1., 0., 0., 0., 0., 0., 2., 17., 31., 1., 0., 0., 0.,
       0., 2., 6., 37., 8., 0., 0., 0., 0., 1., 14., 20., 2., 2., 28.,
       28., 3., 0., 0., 0., 0., 2., 11., 39., 7., 0., 0., 0., 0., 2.,
       18., 30., 1., 0., 0., 0., 0., 4., 4., 1., 0., 0., 0., 0., 1., 52.,
       43., 26., 22., 20., 3., 0., 36., 13., 35., 134., 130., 92., 2.,
       0., 2., 110., 141., 112., 17., 4., 0., 0., 7., 40., 20., 1., 0.,
       0., 0., 0., 4., 39., 0., 0., 20., 70., 4., 1., 85., 57., 12., 8.,
       70., 141., 12., 1., 4., 141., 56., 7., 8., 23., 2., 0., 26., 66.,
       7., 0., 0., 0., 0., 0., 9., 9., 0., 1., 59., 41., 4., 1., 18.,
       22., 5., 0., 23., 134., 135., 10., 4., 141., 126., 0., 0., 17.,
       44., 2., 1., 62., 52., 0., 0., 0., 0., 0., 0., 67., 123., 18.,
       10., 6., 10., 1., 1., 47., 13., 11., 51., 31., 14., 4., 34., 64.,
       3., 2., 11., 95., 18., 1., 46., 62., 39., 5., 10., 123., 52., 4.,
       0., 94., 123., 6., 1., 29., 121., 3., 2., 121., 123., 16., 5.,
       12., 11., 4., 39., 53., 3., 1., 51., 68., 10., 3., 30., 20., 15.,
       1., 11., 53., 123., 33., 13., 19., 41., 1., 0., 26., 123., 118.,
       28., 123., 65., 1., 1., 2., 12., 91., 123., 37., 3., 1., 17., 31.,
       33., 32., 34., 22., 0., 0., 2., 6., 56., 26., 40., 2., 0., 0., 0.,
       0., 22., 49., 7., 3., 0., 0., 0., 0., 2., 44., 35., 3., 0., 0.,
       0., 0., 4., 12., 8., 3., 0., 0., 0., 0., 1., 6., 6., 9., 7., 6.,
       13., 150., 11., 1., 2., 150., 79., 9., 7., 43., 2., 0., 3., 86.,
       43., 16., 8., 0., 0., 1., 2., 2., 11., 37., 28., 0., 0., 0., 1.,
       14., 0., 0., 0., 150., 26., 0., 3., 150., 15., 0., 0., 66., 9.,
       0., 44., 74., 22., 29., 28., 22., 5., 4., 23., 7., 7., 32., 38.,
       3., 1., 9., 60., 11., 1., 0., 0., 150., 56., 2., 1., 150., 53.,
       1., 1., 60., 24., 7., 22., 67., 28., 4., 9., 16., 4., 17., 67.,
       0., 0., 2., 18., 5., 1., 21., 92., 1., 0., 0., 0., 55., 115., 29.,
       1., 63., 6., 0., 0., 10., 65., 105., 78., 48., 3., 4., 13., 5.,
       1., 8., 82., 1., 1., 16., 46., 8., 3., 2., 13., 18., 22., 21.,
       16., 1., 0., 11., 20., 9., 21., 42., 16., 1., 0., 0., 3., 0., 20.,
       18., 3., 0., 0., 0., 0., 0., 1., 1., 4., 1., 0., 0., 0., 3., 1.,
       21., 77., 17., 2., 21., 23., 13., 70., 116., 150., 92., 4., 1.,
       2., 98., 150., 61., 9., 5., 0., 0., 1., 12., 10., 1., 3., 0., 0.,
       0., 0., 19., 5., 35., 56., 38., 10., 13., 19., 79., 16., 8., 84.,
       150., 17., 2., 13., 150., 48., 4., 8., 22., 0., 0., 52., 33., 3.,
       5., 17., 3., 0., 0., 5., 5., 1., 1., 27., 90., 22., 27., 13.,
       115., 1., 1., 90., 150., 3., 0., 24., 150., 1., 0., 7., 6., 0.,
       0., 65., 12., 0., 6., 83., 41., 2., 0., 3., 19., 4., 9., 30., 32.,
       11., 16., 20., 71., 10., 0., 33., 160., 22., 1., 1., 160., 28.,
       0., 3., 20., 1., 0., 0., 25., 2., 2., 41., 48., 1., 0., 0., 1.,
       0., 0., 4., 69., 38., 32., 24., 79., 4., 0., 14., 160., 89., 7.,
       8., 160., 22., 1., 8., 24., 9., 5., 14., 34., 3., 1., 72., 82.,
       5., 3., 7., 5., 13., 25., 16., 31., 21., 3., 1., 20., 5., 3., 1.,
       84., 160., 95., 19., 151., 12., 4., 22., 14., 50., 97., 67., 53.,
       5., 5., 76., 36., 15., 11., 31., 23., 12., 9., 11., 11., 8., 10.,
       14., 11., 16., 24., 20., 9., 18., 19., 3., 5., 27., 15., 6., 6.,
       35., 38., 5., 15., 6., 9., 6., 8., 33., 38., 27., 8., 10., 29.,
       64., 33., 0., 1., 8., 65., 105., 67., 35., 20., 0., 0., 0., 28.,
       28., 15., 11., 0., 0., 0., 0., 0., 7., 15., 5., 0., 0., 0., 0.,
       4., 1., 7., 41., 119., 24., 17., 2., 119., 32., 6., 28., 93., 5.,
       1., 12., 85., 23., 54., 119., 62., 5., 0., 2., 24., 119., 78.,
       31., 14., 3., 0., 0., 3., 1., 5., 10., 104., 82., 25., 4., 119.,
       5., 4., 11., 50., 61., 57., 65., 33., 9., 9., 50., 119., 82., 11.,
       17., 67., 119., 17., 9., 87., 64., 1., 0., 3., 3., 5., 6., 8.,
       29., 15., 2., 4., 7., 5., 4., 3., 34., 43., 11., 5., 4., 3., 2.,
       50., 58., 22., 30., 20., 28., 2., 1., 111., 113., 25., 14., 74.,
       81., 114., 13., 9., 13., 18., 36., 34., 30., 21., 45., 77., 45.,
       22., 23., 64., 45., 11., 5., 3., 5., 18., 63., 11., 1., 0., 0.,
       0., 0., 3., 13., 128., 73., 58., 28., 14., 30., 47., 90., 43.,
       21., 32., 84., 73., 38., 20., 30., 85., 82., 32., 13., 3., 4.,
       12., 48., 17., 4., 0., 0., 0., 1., 5., 7., 128., 95., 68., 22.,
       13., 7., 14., 128., 43., 10., 22., 38., 74., 74., 56., 29., 89.,
       24., 8., 4., 3., 8., 42., 111., 15., 1., 0., 0., 0., 1., 5., 14.,
       63., 1., 3., 18., 26., 17., 57., 128., 23., 25., 69., 55., 33.,
       32., 28., 19., 82., 41., 17., 1., 0., 1., 11., 40., 4., 0., 0.,
       0., 0., 1., 5., 5., 3., 14., 27., 30., 57., 26., 8., 4., 52., 56.,
       37., 17., 19., 18., 18., 39., 41., 22., 3., 0., 0., 0., 1., 12.,
       1., 0., 0., 0., 0., 0., 4., 3., 119., 92., 42., 16., 22., 33.,
       27., 25., 31., 23., 40., 43., 68., 39., 32., 38., 73., 102., 41.,
       10., 4., 1., 2., 15., 16., 7., 0., 0., 0., 0., 3., 5., 114., 120.,
       80., 92., 20., 7., 30., 25., 51., 61., 7., 20., 85., 79., 43.,
       19., 87., 38., 22., 12., 6., 12., 37., 81., 27., 14., 2., 0., 0.,
       0., 1., 11., 120., 120., 66., 120., 1., 0., 1., 120., 120., 50.,
       5., 39., 35., 29., 13., 39., 35., 44., 50., 53., 20., 16., 27.,
       30., 53., 31., 4., 0., 0., 0., 2., 18., 0., 0., 3., 23., 59., 39.,
       7., 0., 27., 20., 29., 28., 27., 37., 45., 63., 31., 26., 13.,
       42., 120., 83., 4., 29., 7., 1., 0., 116., 120., 120., 79., 120.,
       0., 0., 1., 10., 29., 20., 4., 0., 6., 14., 37., 80., 86., 40.,
       23., 15., 84., 82., 42., 18., 43., 72., 8., 19., 22., 8., 35.,
       30., 105., 120., 73., 84., 0., 0., 2., 6., 16., 8., 0., 0., 4.,
       1., 1., 13., 71., 105., 44., 11., 64., 38., 34., 39., 34., 24.,
       42., 43., 25., 40., 26., 20., 98., 93., 44., 17., 0., 0., 4., 3.,
       1., 1., 0., 0., 0., 0., 1., 9., 35., 20., 3., 0., 13., 14., 16.,
       36., 58., 58., 38., 14., 58., 30., 11., 4., 2., 10., 25., 32., 8.,
       4., 7., 34., 130., 9., 3., 3., 131., 38., 6., 12., 59., 2., 0.,
       1., 74., 7., 10., 50., 21., 0., 0., 0., 2., 49., 79., 49., 13.,
       0., 0., 0., 11., 1., 1., 14., 131., 50., 13., 6., 131., 6., 1.,
       12., 69., 16., 7., 27., 79., 4., 4., 87., 100., 18., 3., 3., 28.,
       76., 34., 48., 109., 75., 3., 1., 6., 6., 8., 4., 62., 100., 32.,
       5., 90., 5., 3., 13., 19., 68., 88., 65., 43., 4., 5., 52., 28.,
       31., 18., 40., 20., 16., 0., 1., 131., 131., 9., 16., 7., 7., 9.,
       9., 8., 14., 11., 5., 5., 19., 12., 7., 5., 26., 25., 5., 12.,
       11., 6., 4., 6., 22., 23., 32., 5., 3., 1., 0., 100., 87., 4.,
       10., 79., 0., 2., 15., 2., 0., 0., 139., 20., 7., 41., 32., 0.,
       0., 0., 30., 2., 33., 27., 4., 0., 0., 0., 0., 0., 2., 2., 1., 0.,
       0., 0., 0., 35., 2., 28., 71., 8., 2., 1., 77., 16., 45., 97.,
       139., 59., 4., 0., 2., 133., 139., 53., 16., 4., 0., 0., 2., 17.,
       14., 3., 1., 0., 0., 0., 0., 3., 1., 21., 35., 48., 17., 27., 40.,
       75., 10., 5., 80., 139., 19., 6., 15., 139., 39., 12., 9., 16.,
       0., 0., 46., 28., 26., 18., 1., 0., 0., 0., 1., 2., 0., 0., 36.,
       101., 5., 18., 18., 98., 8., 0., 91., 139., 2., 1., 13., 139.,
