%YAML:1.0
---
mat: !!opencv-matrix
   rows: 59
   cols: 128
   dt: f
   data: [ 2., 0., 35., 94., 9., 7., 8., 29., 25., 0., 6., 133., 130.,
       71., 10., 15., 149., 2., 0., 20., 29., 11., 1., 107., 54., 0., 0.,
       0., 0., 0., 0., 42., 2., 0., 7., 19., 26., 34., 64., 68., 36., 1.,
       0., 7., 149., 103., 23., 30., 149., 7., 0., 1., 56., 20., 5., 26.,
       76., 1., 0., 0., 1., 0., 0., 3., 0., 1., 1., 1., 14., 14., 20.,
       6., 7., 0., 0., 2., 110., 149., 66., 14., 149., 1., 0., 0., 13.,
       53., 92., 122., 43., 0., 0., 0., 1., 0., 0., 15., 0., 1., 1., 1.,
       1., 2., 1., 1., 2., 0., 0., 0., 1., 19., 19., 4., 4., 0., 0., 0.,
       0., 8., 33., 21., 3., 1., 1., 1., 1., 0., 0., 5., 1., 0., 0., 5.,
       3., 0., 0., 2., 0., 9., 31., 24., 4., 0., 0., 0., 0., 21., 20.,
       5., 2., 0., 0., 0., 1., 2., 1., 1., 0., 0., 1., 1., 1., 0., 0.,
       17., 40., 0., 0., 0., 14., 52., 83., 137., 142., 0., 0., 1., 109.,
       142., 60., 15., 7., 0., 0., 6., 14., 12., 13., 2., 0., 1., 1., 2.,
       0., 0., 0., 12., 80., 0., 0., 0., 68., 18., 4., 62., 142., 0., 0.,
       5., 142., 81., 24., 30., 25., 0., 1., 23., 25., 37., 71., 52., 1.,
       0., 5., 13., 0., 0., 0., 77., 65., 0., 0., 0., 42., 13., 1., 134.,
       142., 1., 0., 39., 119., 62., 12., 14., 10., 0., 15., 137., 8.,
       8., 12., 30., 2., 0., 45., 76., 0., 2., 17., 64., 64., 0., 0., 0.,
       34., 116., 78., 45., 22., 0., 0., 1., 37., 52., 5., 0., 0., 0.,
       1., 2., 1., 1., 2., 0., 0., 2., 1., 1., 1., 1., 2., 52., 129., 0.,
       0., 0., 129., 54., 13., 35., 104., 0., 0., 27., 126., 32., 47.,
       38., 0., 0., 0., 15., 10., 46., 43., 11., 0., 0., 0., 2., 3., 2.,
       1., 127., 129., 0., 0., 3., 129., 69., 7., 37., 73., 0., 2., 60.,
       49., 43., 38., 42., 1., 0., 40., 70., 26., 25., 17., 25., 3., 1.,
       28., 56., 9., 0., 0., 109., 86., 29., 13., 47., 62., 3., 3., 15.,
       11., 1., 11., 129., 7., 1., 22., 36., 0., 0., 37., 95., 1., 0.,
       21., 95., 15., 4., 14., 13., 5., 99., 57., 26., 44., 37., 0., 0.,
       23., 96., 46., 44., 5., 1., 0., 11., 29., 14., 19., 36., 67., 7.,
       1., 21., 3., 43., 66., 60., 87., 55., 0., 0., 7., 36., 7., 2.,
       116., 116., 0., 0., 116., 99., 20., 7., 34., 22., 0., 21., 64.,
       6., 5., 83., 83., 7., 2., 27., 3., 12., 7., 23., 100., 116., 11.,
       7., 4., 0., 0., 0., 116., 106., 22., 3., 116., 12., 1., 6., 45.,
       58., 76., 76., 37., 9., 3., 51., 57., 24., 56., 60., 1., 2., 2.,
       8., 16., 70., 69., 82., 0., 0., 0., 0., 10., 35., 27., 1., 2., 0.,
       0., 0., 1., 16., 93., 31., 1., 0., 0., 0., 3., 11., 66., 22., 0.,
       1., 7., 23., 17., 8., 14., 21., 46., 112., 67., 20., 5., 8., 6.,
       8., 68., 4., 15., 48., 18., 18., 12., 52., 66., 1., 1., 12., 115.,
       25., 3., 44., 44., 50., 1., 5., 117., 60., 13., 1., 80., 117.,
       18., 2., 14., 95., 6., 6., 117., 95., 28., 9., 9., 12., 7., 37.,
       64., 3., 1., 59., 100., 7., 4., 24., 27., 8., 0., 12., 48., 117.,
       58., 24., 15., 43., 3., 0., 17., 117., 117., 27., 117., 55., 5.,
       2., 3., 8., 96., 117., 40., 5., 0., 17., 45., 35., 46., 35., 32.,
       0., 0., 2., 7., 37., 29., 52., 0., 0., 0., 0., 2., 34., 57., 4.,
       1., 0., 0., 0., 1., 3., 64., 30., 0., 0., 0., 1., 2., 3., 18., 9.,
       0., 0., 2., 1., 0., 1., 6., 5., 12., 0., 0., 9., 14., 24., 114.,
       130., 7., 1., 16., 15., 10., 81., 69., 67., 7., 10., 14., 5., 24.,
       130., 130., 13., 73., 26., 9., 4., 2., 34., 130., 129., 0., 0.,
       0., 11., 21., 4., 26., 8., 9., 17., 62., 125., 87., 15., 3., 5.,
       69., 93., 64., 47., 23., 16., 32., 7., 14., 58., 68., 53., 29.,
       10., 37., 10., 0., 0., 0., 1., 22., 14., 0., 0., 10., 3., 2., 15.,
       93., 130., 59., 16., 76., 11., 2., 6., 25., 50., 77., 91., 21.,
       14., 5., 9., 36., 80., 76., 41., 1., 2., 1., 0., 0., 2., 0., 0.,
       1., 1., 0., 0., 1., 20., 27., 5., 2., 3., 0., 0., 0., 7., 42.,
       23., 3., 1., 0., 0., 0., 11., 42., 13., 0., 17., 52., 16., 3., 1.,
       0., 0., 0., 11., 44., 22., 2., 2., 0., 0., 1., 20., 28., 5., 2.,
       1., 0., 0., 0., 2., 0., 0., 2., 2., 1., 0., 43., 77., 65., 37.,
       25., 19., 8., 13., 28., 53., 73., 90., 76., 9., 2., 9., 92., 132.,
       58., 18., 10., 3., 2., 17., 23., 14., 0., 0., 0., 1., 0., 1., 23.,
       9., 54., 10., 13., 56., 67., 51., 19., 19., 32., 8., 71., 92.,
       68., 45., 85., 14., 4., 5., 9., 16., 63., 127., 22., 4., 20., 4.,
       0., 0., 0., 10., 3., 68., 132., 119., 85., 26., 5., 2., 43., 132.,
       132., 6., 5., 8., 14., 4., 10., 58., 66., 78., 5., 1., 17., 15.,
       12., 32., 125., 102., 5., 0., 0., 8., 18., 24., 22., 21., 2., 0.,
       18., 36., 10., 38., 47., 23., 2., 0., 1., 5., 2., 45., 17., 0.,
       0., 0., 0., 1., 1., 2., 0., 0., 0., 0., 1., 3., 1., 0., 23., 97.,
       13., 4., 24., 31., 12., 67., 90., 150., 89., 12., 2., 3., 131.,
       150., 49., 9., 8., 0., 0., 3., 26., 12., 0., 0., 0., 0., 1., 4.,
       26., 14., 43., 64., 19., 14., 17., 12., 67., 13., 9., 83., 150.,
       31., 4., 11., 150., 34., 3., 7., 28., 1., 0., 51., 48., 2., 5.,
       17., 6., 0., 0., 9., 5., 5., 6., 17., 53., 68., 42., 9., 91., 3.,
       4., 77., 150., 29., 1., 17., 150., 1., 0., 7., 7., 0., 0., 59.,
       22., 0., 3., 68., 49., 2., 0., 4., 12., 14., 17., 79., 11., 0.,
       6., 32., 30., 50., 28., 14., 7., 2., 5., 19., 2., 26., 15., 6.,
       31., 26., 14., 5., 14., 5., 7., 16., 10., 7., 13., 19., 8., 1.,
       3., 30., 27., 1., 11., 123., 13., 50., 60., 129., 119., 2., 6.,
       19., 95., 129., 48., 21., 8., 5., 5., 4., 15., 13., 1., 12., 27.,
       29., 19., 6., 7., 0., 0., 59., 94., 0., 1., 40., 56., 10., 4.,
       129., 129., 0., 0., 28., 129., 69., 5., 11., 8., 0., 2., 52., 37.,
       31., 24., 3., 0., 8., 9., 5., 1., 0., 0., 74., 129., 1., 0., 2.,
       85., 2., 0., 66., 129., 2., 2., 84., 77., 33., 10., 6., 15., 13.,
       20., 88., 6., 39., 74., 9., 5., 3., 16., 12., 17., 17., 16., 44.,
       21., 15., 17., 10., 59., 17., 4., 39., 148., 37., 2., 2., 148.,
       56., 0., 2., 17., 1., 0., 0., 33., 5., 1., 25., 52., 0., 0., 0.,
       2., 4., 3., 8., 27., 72., 73., 28., 52., 7., 2., 24., 148., 148.,
       13., 5., 148., 48., 0., 4., 20., 17., 8., 16., 56., 8., 1., 57.,
       76., 2., 1., 4., 3., 12., 29., 10., 19., 24., 6., 4., 11., 6., 4.,
       1., 70., 148., 89., 11., 144., 9., 3., 7., 11., 53., 117., 87.,
       50., 5., 4., 64., 52., 16., 8., 24., 24., 16., 17., 15., 11., 7.,
       6., 15., 16., 20., 27., 20., 9., 14., 17., 4., 17., 26., 10., 4.,
       3., 19., 39., 8., 10., 4., 5., 6., 11., 37., 34., 21., 8., 17.,
       34., 65., 27., 0., 1., 12., 76., 119., 57., 27., 13., 0., 0., 0.,
       34., 24., 12., 5., 0., 0., 0., 4., 8., 11., 8., 1., 0., 0., 0.,
       7., 7., 2., 11., 54., 108., 42., 20., 2., 122., 36., 6., 28., 64.,
       9., 1., 15., 83., 34., 63., 112., 59., 6., 0., 1., 43., 122., 59.,
       20., 9., 3., 0., 1., 4., 4., 7., 6., 71., 114., 35., 6., 122., 5.,
       2., 12., 34., 64., 64., 81., 32., 11., 8., 49., 105., 95., 18.,
       21., 88., 122., 16., 6., 52., 69., 2., 1., 6., 7., 6., 3., 5.,
       27., 21., 4., 14., 6., 3., 1., 2., 25., 46., 21., 8., 3., 2., 1.,
       38., 68., 29., 47., 24., 28., 1., 1., 77., 121., 33., 17., 5., 9.,
       17., 61., 82., 11., 1., 3., 125., 84., 19., 16., 41., 4., 0., 0.,
       62., 13., 16., 31., 11., 0., 0., 1., 4., 48., 53., 20., 4., 0.,
       0., 1., 9., 4., 4., 26., 125., 69., 25., 6., 125., 15., 1., 15.,
       65., 20., 4., 14., 93., 6., 10., 87., 109., 17., 2., 1., 41.,
       123., 51., 46., 65., 52., 3., 0., 5., 8., 11., 3., 57., 112., 29.,
       4., 123., 4., 3., 10., 25., 75., 82., 75., 50., 3., 3., 53., 46.,
       35., 18., 45., 33., 33., 0., 2., 102., 125., 14., 18., 10., 11.,
       11., 7., 7., 16., 13., 7., 17., 16., 8., 5., 5., 23., 31., 12.,
       20., 5., 3., 4., 7., 23., 24., 48., 8., 4., 1., 0., 76., 108., 8.,
