%YAML:1.0
---
mat: !!opencv-matrix
   rows: 110
   cols: 128
   dt: f
   data: [ 2., 4., 72., 40., 1., 0., 0., 2., 4., 18., 119., 33., 2., 2.,
       1., 2., 1., 30., 119., 63., 19., 3., 1., 2., 44., 32., 51., 89.,
       40., 0., 0., 0., 11., 7., 48., 60., 64., 55., 7., 6., 119., 32.,
       64., 23., 29., 43., 15., 39., 16., 16., 67., 25., 78., 119., 18.,
       13., 89., 14., 26., 26., 20., 11., 20., 9., 21., 1., 0., 6., 119.,
       55., 5., 6., 119., 20., 0., 1., 53., 32., 5., 20., 59., 5., 0.,
       0., 100., 119., 45., 11., 27., 1., 0., 0., 6., 29., 119., 60.,
       11., 1., 0., 1., 58., 49., 37., 7., 98., 4., 0., 0., 14., 25.,
       56., 94., 40., 1., 0., 0., 4., 43., 50., 34., 0., 0., 0., 0., 0.,
       8., 82., 36., 0., 33., 108., 52., 14., 0., 0., 0., 33., 107., 92.,
       1., 0., 0., 0., 1., 17., 34., 35., 82., 16., 0., 0., 1., 8., 44.,
       81., 34., 3., 0., 0., 1., 11., 29., 26., 64., 42., 9., 11., 10.,
       114., 60., 23., 14., 7., 5., 2., 23., 60., 13., 11., 114., 114.,
       0., 0., 13., 107., 29., 21., 39., 18., 0., 0., 41., 11., 1., 0.,
       10., 13., 80., 80., 87., 114., 35., 13., 39., 14., 75., 51., 21.,
       63., 14., 11., 114., 74., 26., 18., 26., 112., 15., 5., 21., 7.,
       0., 3., 72., 0., 0., 3., 3., 2., 38., 42., 29., 2., 1., 2., 4.,
       6., 87., 83., 4., 15., 1., 0., 7., 11., 84., 114., 17., 24., 12.,
       6., 18., 15., 32., 54., 16., 11., 0., 4., 40., 72., 71., 17., 7.,
       42., 26., 47., 62., 16., 42., 54., 20., 130., 32., 8., 1., 0., 0.,
       5., 35., 7., 0., 0., 0., 0., 3., 17., 15., 1., 0., 0., 28., 123.,
       106., 8., 3., 54., 31., 19., 83., 76., 84., 28., 13., 130., 75.,
       6., 3., 1., 2., 8., 31., 24., 1., 0., 0., 0., 1., 30., 23., 0.,
       0., 0., 13., 107., 111., 18., 2., 29., 7., 4., 49., 91., 130.,
       78., 23., 130., 19., 1., 3., 5., 14., 15., 84., 47., 0., 0., 0.,
       0., 1., 11., 22., 0., 0., 0., 5., 68., 43., 8., 2., 12., 3., 4.,
       28., 81., 84., 88., 20., 130., 7., 1., 4., 6., 14., 30., 55., 36.,
       2., 0., 0., 0., 0., 2., 14., 14., 130., 82., 0., 0., 0., 0., 0.,
       55., 147., 42., 0., 0., 0., 0., 1., 73., 37., 1., 0., 0., 0., 0.,
       2., 5., 0., 0., 0., 6., 3., 0., 1., 77., 124., 25., 0., 0., 0.,
       0., 0., 147., 98., 8., 0., 0., 0., 0., 27., 147., 12., 0., 0., 0.,
       0., 0., 26., 6., 0., 0., 0., 6., 4., 0., 2., 129., 48., 0., 0.,
       0., 0., 0., 17., 147., 44., 0., 0., 0., 0., 0., 33., 147., 8., 0.,
       0., 0., 0., 0., 16., 6., 0., 0., 0., 4., 6., 1., 3., 124., 7., 0.,
       0., 0., 0., 4., 50., 147., 1., 0., 0., 0., 0., 0., 109., 107., 2.,
       1., 0., 0., 0., 0., 27., 5., 2., 1., 0., 2., 4., 0., 2., 43., 81.,
       30., 13., 12., 2., 2., 23., 24., 115., 35., 6., 5., 12., 2., 2.,
       11., 13., 0., 2., 11., 112., 31., 4., 17., 0., 1., 18., 21., 77.,
       72., 40., 28., 13., 17., 22., 129., 40., 8., 58., 129., 105., 27.,
       14., 43., 8., 0., 24., 64., 33., 43., 40., 0., 11., 12., 10., 6.,
       64., 30., 5., 0., 23., 62., 14., 20., 1., 0., 8., 129., 18., 2.,
       17., 129., 39., 19., 8., 56., 10., 4., 42., 25., 28., 66., 80.,
       2., 2., 31., 66., 20., 71., 34., 10., 1., 14., 44., 43., 14., 6.,
       1., 22., 129., 18., 6., 9., 111., 23., 2., 8., 27., 7., 18., 106.,
       9., 2., 4., 2., 0., 2., 46., 129., 1., 3., 2., 0., 1., 29., 56.,
       32., 126., 71., 15., 4., 0., 0., 0., 23., 141., 145., 3., 0., 0.,
       0., 0., 2., 71., 49., 0., 0., 0., 0., 0., 0., 18., 5., 0., 0., 0.,
       0., 0., 0., 86., 23., 23., 11., 0., 0., 2., 43., 145., 91., 8.,
       3., 0., 0., 0., 58., 145., 35., 0., 0., 0., 0., 0., 14., 31., 10.,
       0., 0., 0., 0., 0., 0., 100., 31., 41., 5., 0., 0., 4., 23., 145.,
       44., 1., 1., 0., 0., 0., 50., 145., 30., 0., 0., 0., 0., 0., 7.,
       41., 8., 0., 0., 0., 0., 0., 0., 72., 31., 5., 0., 0., 0., 7.,
       25., 145., 97., 0., 0., 0., 0., 0., 51., 141., 38., 0., 0., 0.,
       0., 0., 10., 38., 3., 0., 0., 0., 0., 0., 1., 38., 56., 37., 0.,
       0., 0., 0., 10., 30., 38., 72., 11., 1., 0., 0., 8., 12., 23.,
       110., 46., 6., 2., 0., 2., 13., 19., 79., 60., 15., 10., 1., 2.,
       31., 110., 102., 0., 1., 5., 14., 15., 101., 96., 79., 8., 5.,
       13., 11., 16., 65., 17., 37., 31., 58., 84., 10., 15., 110., 18.,
       9., 4., 19., 52., 15., 23., 61., 8., 2., 0., 4., 48., 87., 110.,
       110., 19., 0., 0., 1., 47., 88., 105., 53., 1., 0., 0., 23., 99.,
       93., 71., 56., 1., 0., 0., 2., 19., 69., 110., 31., 0., 0., 0.,
       0., 11., 38., 95., 19., 0., 0., 0., 0., 11., 63., 94., 14., 0.,
       0., 0., 0., 4., 42., 59., 9., 0., 0., 0., 0., 0., 18., 38., 6.,
       13., 16., 1., 1., 10., 105., 62., 18., 16., 31., 0., 1., 10.,
       113., 113., 11., 20., 11., 0., 1., 18., 121., 66., 5., 0., 0., 0.,
       0., 7., 121., 69., 8., 58., 121., 14., 2., 0., 9., 15., 18., 73.,
       121., 30., 8., 11., 13., 15., 121., 121., 61., 3., 1., 2., 9.,
       22., 59., 7., 0., 0., 0., 0., 7., 19., 10., 11., 9., 5., 4., 4.,
       74., 103., 18., 11., 12., 9., 8., 43., 121., 103., 121., 22., 4.,
       1., 1., 9., 79., 121., 65., 6., 0., 0., 0., 0., 0., 8., 28., 1.,
       0., 0., 0., 0., 37., 61., 40., 13., 0., 0., 0., 1., 53., 56., 28.,
       7., 0., 0., 0., 0., 34., 43., 25., 5., 0., 0., 0., 0., 0., 5.,
       55., 23., 2., 5., 40., 21., 4., 20., 13., 1., 2., 48., 114., 39.,
       20., 39., 114., 20., 3., 8., 6., 1., 7., 85., 26., 2., 0., 0., 0.,
       5., 24., 17., 107., 6., 1., 2., 43., 31., 4., 48., 6., 5., 22.,
       68., 114., 89., 36., 20., 114., 45., 31., 26., 6., 5., 16., 35.,
       74., 2., 0., 0., 0., 6., 22., 26., 114., 17., 4., 3., 31., 25.,
       10., 45., 6., 2., 11., 48., 114., 114., 85., 8., 114., 25., 23.,
       19., 5., 26., 100., 83., 82., 4., 0., 0., 0., 1., 10., 41., 36.,
       1., 0., 2., 23., 19., 45., 63., 1., 0., 13., 63., 94., 87., 11.,
       2., 105., 35., 32., 30., 10., 25., 16., 23., 85., 9., 0., 0., 0.,
       0., 7., 25., 26., 12., 16., 2., 0., 0., 0., 2., 22., 21., 72., 6.,
       0., 0., 0., 2., 5., 28., 101., 16., 1., 0., 0., 0., 3., 13., 112.,
       34., 2., 0., 0., 0., 4., 45., 112., 35., 2., 2., 1., 0., 12., 26.,
       112., 70., 24., 26., 5., 4., 108., 72., 112., 35., 23., 29., 7.,
       20., 24., 10., 59., 32., 28., 50., 23., 42., 18., 49., 41., 5.,
       3., 28., 110., 32., 42., 27., 9., 8., 17., 60., 112., 94., 91.,
       10., 11., 2., 5., 35., 105., 112., 14., 7., 8., 0., 3., 39., 87.,
       91., 5., 11., 28., 14., 1., 5., 58., 46., 4., 21., 103., 13., 0.,
       1., 43., 52., 5., 20., 112., 34., 5., 3., 21., 28., 46., 85., 80.,
       10., 2., 1., 8., 10., 32., 9., 26., 13., 10., 42., 19., 34., 57.,
       3., 0., 0., 0., 14., 56., 122., 91., 0., 0., 0., 0., 17., 54.,
       99., 68., 0., 0., 0., 0., 0., 15., 122., 79., 9., 12., 5., 4.,
       30., 71., 27., 122., 14., 0., 0., 0., 12., 42., 65., 64., 2., 0.,
       0., 0., 18., 122., 122., 55., 0., 0., 0., 0., 0., 8., 97., 29.,
       1., 0., 0., 5., 71., 93., 52., 122., 14., 0., 0., 0., 7., 44.,
       122., 114., 10., 0., 0., 0., 0., 19., 76., 10., 0., 0., 0., 0.,
       0., 3., 35., 0., 0., 0., 0., 0., 30., 122., 42., 12., 0., 0., 0.,
       0., 2., 79., 122., 22., 0., 0., 0., 0., 0., 7., 66., 6., 0., 0.,
       0., 0., 0., 1., 22., 85., 32., 3., 2., 1., 15., 15., 43., 18., 9.,
       1., 2., 2., 57., 73., 60., 38., 11., 5., 29., 12., 8., 54., 63.,
       111., 24., 2., 3., 1., 1., 5., 24., 92., 40., 2., 7., 5., 6., 32.,
       47., 111., 19., 0., 3., 5., 33., 44., 60., 19., 11., 3., 26., 51.,
       111., 28., 10., 111., 98., 1., 2., 6., 8., 4., 10., 18., 1., 0.,
       12., 36., 25., 111., 74., 111., 15., 0., 5., 23., 21., 19., 51.,
       27., 2., 0., 0., 94., 111., 63., 26., 42., 15., 0., 0., 10., 13.,
       97., 111., 2., 0., 0., 15., 60., 49., 70., 22., 69., 2., 0., 4.,
       9., 9., 81., 82., 57., 8., 0., 0., 4., 30., 74., 53., 7., 1., 0.,
