%YAML:1.0
---
mat: !!opencv-matrix
   rows: 85
   cols: 128
   dt: f
   data: [ 85., 4., 0., 0., 0., 2., 6., 6., 63., 2., 0., 0., 0., 1., 15.,
       31., 12., 0., 0., 0., 0., 8., 20., 13., 7., 0., 0., 0., 0., 1.,
       0., 2., 75., 1., 0., 0., 21., 88., 41., 21., 147., 2., 0., 0., 5.,
       22., 56., 134., 8., 0., 0., 0., 68., 119., 60., 23., 4., 0., 0.,
       0., 12., 10., 1., 3., 69., 6., 0., 0., 147., 83., 5., 3., 147.,
       31., 0., 0., 28., 14., 5., 23., 43., 3., 0., 0., 147., 72., 5.,
       5., 3., 0., 0., 0., 43., 10., 0., 0., 48., 2., 0., 0., 147., 47.,
       1., 5., 147., 13., 0., 0., 24., 10., 0., 22., 53., 2., 0., 0.,
       147., 44., 0., 5., 2., 0., 0., 0., 51., 11., 0., 1., 69., 12., 0.,
       0., 67., 84., 25., 14., 127., 28., 0., 0., 43., 36., 10., 26.,
       11., 1., 0., 0., 126., 69., 4., 2., 3., 0., 0., 0., 8., 4., 0.,
       1., 117., 17., 1., 1., 110., 83., 6., 11., 127., 27., 2., 2., 56.,
       46., 6., 31., 35., 5., 3., 6., 127., 89., 1., 3., 3., 0., 0., 0.,
       22., 14., 1., 2., 45., 58., 127., 24., 27., 33., 5., 8., 69., 94.,
       127., 20., 16., 21., 6., 18., 11., 42., 103., 70., 94., 22., 0.,
       0., 3., 1., 3., 13., 24., 7., 0., 1., 2., 26., 118., 17., 0., 0.,
       0., 0., 44., 89., 92., 2., 0., 0., 0., 0., 37., 46., 38., 8., 0.,
       0., 0., 0., 13., 4., 3., 3., 0., 0., 0., 1., 1., 0., 0., 3., 6.,
       1., 2., 3., 1., 0., 0., 0., 27., 27., 32., 11., 0., 0., 0., 0.,
       88., 78., 35., 0., 0., 0., 0., 0., 20., 41., 43., 1., 27., 4., 0.,
       2., 2., 0., 1., 8., 118., 7., 0., 2., 10., 42., 75., 68., 15.,
       10., 4., 23., 54., 127., 127., 13., 17., 11., 2., 5., 16., 111.,
       127., 12., 41., 4., 0., 3., 2., 0., 0., 0., 127., 18., 0., 16.,
       49., 4., 2., 6., 77., 31., 7., 94., 127., 10., 3., 3., 114., 39.,
       6., 37., 103., 18., 11., 4., 29., 4., 0., 1., 2., 0., 0., 0.,
       127., 33., 9., 17., 48., 0., 0., 0., 68., 19., 6., 51., 127., 0.,
       0., 0., 104., 34., 9., 16., 104., 3., 0., 0., 100., 33., 0., 0.,
       0., 0., 0., 2., 153., 80., 0., 0., 0., 0., 0., 3., 96., 16., 0.,
       0., 0., 0., 0., 10., 19., 3., 0., 0., 7., 5., 0., 4., 67., 7., 0.,
       0., 0., 0., 63., 53., 153., 42., 0., 0., 0., 0., 5., 75., 98.,
       17., 5., 0., 0., 0., 5., 57., 20., 3., 0., 0., 2., 2., 1., 13.,
       12., 19., 81., 24., 0., 1., 48., 21., 153., 153., 25., 3., 0., 0.,
       4., 21., 111., 129., 11., 0., 0., 0., 1., 4., 38., 11., 1., 0.,
       0., 0., 0., 1., 7., 12., 43., 10., 0., 0., 0., 0., 153., 105., 8.,
       1., 0., 0., 0., 0., 153., 60., 0., 0., 0., 0., 0., 0., 50., 6.,
       0., 0., 0., 0., 0., 2., 69., 105., 2., 0., 2., 10., 1., 2., 32.,
       48., 6., 1., 31., 117., 3., 3., 110., 62., 39., 13., 10., 42., 7.,
       28., 19., 12., 23., 88., 32., 8., 7., 14., 55., 82., 1., 0., 0.,
       2., 7., 13., 117., 91., 1., 1., 7., 61., 19., 26., 24., 22., 15.,
       20., 14., 117., 76., 14., 1., 6., 28., 71., 4., 4., 34., 21., 17.,
       4., 0., 2., 0., 1., 62., 117., 117., 18., 36., 49., 2., 3., 24.,
       96., 11., 6., 82., 117., 15., 21., 10., 2., 0., 0., 57., 117., 3.,
       2., 3., 0., 0., 0., 28., 74., 1., 0., 31., 62., 1., 0., 71., 117.,
       0., 0., 5., 10., 0., 0., 55., 117., 0., 0., 0., 0., 0., 0., 10.,
       24., 0., 0., 0., 0., 45., 12., 0., 0., 0., 0., 0., 2., 131., 85.,
       7., 12., 4., 0., 0., 19., 43., 27., 28., 131., 62., 24., 19., 9.,
       0., 0., 31., 97., 11., 8., 81., 33., 19., 4., 0., 0., 0., 0., 9.,
       39., 131., 126., 2., 2., 2., 0., 4., 40., 123., 78., 4., 9., 24.,
       31., 69., 56., 11., 0., 8., 16., 2., 9., 131., 113., 0., 0., 0.,
       0., 0., 0., 43., 91., 70., 9., 0., 0., 0., 0., 21., 88., 131.,
       72., 20., 12., 0., 0., 2., 45., 29., 17., 78., 131., 1., 0., 13.,
       26., 0., 0., 0., 0., 0., 0., 22., 33., 13., 5., 0., 0., 0., 0.,
       11., 21., 43., 80., 29., 12., 0., 0., 1., 3., 1., 14., 36., 85.,
       4., 0., 0., 0., 71., 18., 0., 0., 12., 32., 44., 45., 77., 7., 0.,
       0., 43., 80., 32., 22., 118., 13., 0., 0., 31., 35., 18., 36., 1.,
       0., 0., 0., 61., 42., 4., 1., 118., 40., 0., 0., 56., 28., 2., 6.,
       106., 14., 0., 0., 118., 82., 3., 8., 118., 22., 0., 0., 51., 29.,
       2., 15., 8., 0., 0., 0., 118., 52., 1., 1., 108., 25., 23., 11.,
       38., 47., 11., 22., 64., 35., 79., 14., 57., 67., 8., 13., 115.,
       58., 71., 13., 24., 22., 6., 24., 6., 11., 32., 33., 98., 30., 0.,
       1., 3., 15., 100., 59., 7., 7., 1., 1., 3., 43., 118., 16., 2.,
       1., 0., 0., 18., 83., 113., 6., 1., 0., 0., 0., 8., 24., 43., 19.,
       5., 0., 0., 0., 96., 46., 0., 0., 22., 29., 24., 23., 65., 14.,
       0., 0., 91., 84., 15., 6., 121., 33., 0., 0., 34., 22., 6., 14.,
       7., 1., 0., 0., 82., 39., 2., 1., 121., 42., 0., 0., 57., 24., 1.,
       5., 101., 15., 0., 0., 121., 86., 3., 5., 121., 26., 0., 0., 43.,
       27., 2., 16., 25., 2., 0., 0., 121., 55., 0., 2., 101., 26., 22.,
       15., 37., 51., 17., 25., 59., 52., 86., 16., 63., 72., 10., 11.,
       98., 52., 78., 14., 18., 29., 12., 28., 13., 25., 51., 30., 77.,
       30., 0., 1., 1., 11., 78., 62., 6., 9., 3., 1., 2., 41., 121.,
       19., 1., 1., 0., 0., 20., 56., 95., 9., 1., 1., 0., 0., 12., 25.,
       40., 11., 2., 0., 0., 0., 24., 1., 0., 0., 2., 17., 35., 25., 2.,
       0., 0., 2., 28., 99., 51., 5., 1., 0., 0., 1., 18., 81., 72., 1.,
       0., 0., 0., 0., 0., 25., 45., 7., 113., 3., 0., 8., 12., 9., 9.,
       26., 36., 14., 10., 82., 92., 56., 28., 9., 83., 30., 8., 21.,
       25., 92., 72., 10., 17., 17., 8., 27., 32., 66., 72., 22., 113.,
       1., 0., 18., 43., 0., 0., 24., 69., 6., 2., 92., 113., 0., 0., 8.,
       113., 12., 2., 49., 92., 3., 0., 19., 82., 16., 7., 74., 107., 3.,
       0., 9., 70., 24., 15., 31., 37., 0., 0., 6., 61., 13., 5., 57.,
       113., 0., 0., 6., 113., 29., 9., 22., 108., 1., 0., 14., 90., 5.,
       1., 16., 97., 3., 0., 15., 45., 12., 0., 0., 0., 0., 0., 3., 56.,
       26., 14., 17., 3., 14., 25., 33., 147., 18., 3., 18., 11., 40.,
       25., 8., 150., 15., 0., 0., 0., 0., 0., 1., 70., 3., 0., 0., 0.,
       0., 2., 8., 150., 14., 1., 3., 15., 18., 18., 47., 145., 12., 1.,
       6., 109., 64., 15., 17., 150., 15., 0., 0., 3., 1., 0., 13., 30.,
       1., 0., 0., 0., 0., 47., 38., 127., 63., 20., 12., 8., 1., 9.,
       23., 132., 16., 21., 38., 68., 5., 2., 25., 150., 2., 0., 0., 2.,
       1., 0., 49., 0., 0., 0., 0., 0., 1., 57., 15., 5., 6., 3., 1., 0.,
       1., 29., 14., 107., 4., 4., 3., 1., 0., 4., 19., 150., 13., 0.,
       0., 0., 0., 0., 7., 1., 0., 0., 0., 0., 0., 0., 0., 89., 41., 0.,
       0., 0., 0., 0., 1., 123., 88., 19., 13., 6., 1., 5., 10., 122.,
       24., 4., 4., 1., 0., 3., 6., 0., 0., 0., 0., 0., 0., 9., 3., 84.,
       8., 0., 0., 0., 0., 12., 18., 155., 31., 5., 2., 1., 5., 25., 62.,
       155., 7., 2., 1., 1., 4., 14., 45., 0., 0., 0., 0., 0., 0., 124.,
       42., 22., 0., 0., 0., 0., 0., 154., 86., 136., 39., 7., 1., 1.,
       1., 38., 65., 155., 25., 5., 1., 1., 1., 1., 36., 0., 0., 0., 0.,
       0., 0., 98., 31., 0., 0., 0., 0., 0., 1., 100., 22., 23., 1., 0.,
       0., 0., 1., 50., 23., 155., 27., 0., 0., 0., 0., 2., 14., 0., 2.,
       6., 14., 25., 0., 0., 0., 2., 2., 13., 35., 89., 3., 4., 6., 5.,
       6., 38., 16., 11., 14., 90., 39., 0., 9., 38., 7., 3., 48., 50.,
       2., 0., 0., 0., 7., 45., 0., 0., 0., 54., 6., 0., 13., 116., 2.,
       2., 12., 140., 22., 4., 3., 13., 37., 104., 118., 11., 5., 5., 4.,
       124., 140., 71., 14., 0., 0., 0., 9., 47., 0., 0., 0., 83., 3.,
       0., 12., 121., 0., 0., 1., 140., 45., 25., 12., 13., 2., 0., 4.,
       16., 37., 35., 16., 140., 87., 1., 1., 0., 0., 0., 5., 42., 0.,
       0., 0., 69., 0., 0., 7., 95., 0., 0., 1., 140., 8., 5., 20., 46.,
       0., 0., 3., 51., 73., 10., 20., 59., 31., 3., 1., 0., 4., 3., 30.,
