%YAML:1.0
---
mat: !!opencv-matrix
   rows: 58
   cols: 128
   dt: f
   data: [ 14., 0., 0., 1., 2., 1., 0., 2., 163., 1., 0., 2., 3., 0., 0.,
       62., 121., 2., 2., 41., 129., 27., 3., 25., 48., 16., 1., 9., 25.,
       16., 13., 40., 30., 1., 0., 0., 1., 9., 2., 5., 163., 32., 7., 8.,
       10., 1., 0., 44., 100., 21., 26., 86., 107., 35., 18., 8., 75.,
       50., 14., 13., 8., 9., 25., 41., 16., 3., 0., 0., 0., 11., 5., 1.,
       142., 153., 88., 1., 2., 2., 1., 4., 17., 66., 163., 10., 14.,
       19., 12., 1., 11., 30., 163., 2., 0., 5., 17., 9., 0., 0., 0., 0.,
       0., 2., 1., 0., 1., 12., 16., 0., 0., 0., 0., 0., 0., 8., 60., 0.,
       0., 0., 0., 0., 0., 5., 59., 0., 0., 0., 0., 0., 1., 0., 0., 1.,
       0., 0., 0., 0., 3., 0., 0., 0., 0., 0., 14., 25., 0., 0., 0., 0.,
       0., 1., 78., 30., 0., 0., 0., 0., 8., 42., 54., 7., 18., 4., 10.,
       9., 0., 0., 0., 3., 142., 5., 1., 1., 2., 5., 50., 142., 37., 2.,
       0., 1., 32., 36., 142., 94., 21., 2., 0., 0., 121., 111., 62.,
       22., 28., 10., 7., 4., 0., 0., 0., 0., 142., 60., 1., 1., 11., 3.,
       2., 16., 104., 27., 2., 13., 136., 26., 4., 9., 44., 27., 3., 3.,
       142., 32., 0., 3., 11., 6., 2., 3., 3., 3., 1., 0., 142., 91., 2.,
       3., 4., 0., 0., 0., 90., 41., 4., 26., 92., 9., 1., 2., 34., 23.,
       3., 6., 108., 17., 1., 7., 3., 8., 96., 98., 13., 1., 0., 9., 5.,
       38., 44., 48., 22., 22., 7., 2., 11., 43., 5., 7., 17., 93., 17.,
       5., 110., 39., 1., 3., 2., 30., 23., 29., 10., 13., 26., 32., 29.,
       93., 11., 11., 122., 35., 12., 11., 5., 36., 33., 36., 34., 43.,
       0., 0., 0., 122., 80., 26., 50., 23., 0., 1., 0., 18., 60., 96.,
       4., 90., 8., 2., 8., 122., 15., 2., 122., 59., 1., 2., 3., 86.,
       45., 31., 77., 51., 1., 2., 0., 52., 61., 30., 10., 1., 12., 68.,
       0., 6., 35., 62., 0., 122., 14., 0., 0., 10., 2., 0., 19., 122.,
       11., 1., 0., 28., 31., 23., 41., 21., 38., 66., 0., 0., 6., 23.,
       1., 1., 45., 122., 0., 0., 0., 1., 5., 49., 73., 42., 8., 3., 6.,
       0., 14., 65., 69., 5., 0., 27., 32., 0., 5., 11., 12., 20., 5.,
       86., 79., 0., 0., 1., 8., 10., 29., 113., 81., 0., 73., 32., 40.,
       74., 23., 1., 1., 10., 113., 64., 44., 38., 16., 0., 0., 12., 48.,
       28., 54., 113., 32., 1., 0., 2., 28., 30., 32., 49., 86., 6., 0.,
       2., 73., 4., 5., 17., 41., 7., 8., 46., 90., 32., 58., 78., 32.,
       5., 3., 7., 100., 19., 76., 113., 16., 5., 7., 31., 88., 8., 3.,
       50., 113., 0., 0., 21., 12., 1., 1., 2., 19., 56., 80., 34., 4.,
       3., 9., 16., 46., 92., 47., 7., 97., 6., 11., 9., 12., 18., 22.,
       70., 41., 0., 0., 52., 113., 1., 0., 22., 37., 0., 0., 0., 5., 4.,
       1., 9., 160., 0., 0., 0., 13., 2., 0., 44., 56., 2., 3., 15.,
       104., 13., 3., 11., 64., 9., 2., 3., 8., 3., 4., 48., 62., 0., 0.,
       0., 1., 2., 1., 8., 160., 1., 0., 2., 19., 5., 0., 41., 67., 2.,
       1., 12., 134., 39., 3., 15., 114., 17., 0., 2., 13., 6., 3., 43.,
       71., 1., 0., 0., 1., 3., 1., 4., 160., 34., 6., 9., 15., 1., 0.,
       8., 55., 16., 15., 45., 87., 17., 5., 7., 88., 34., 17., 12., 10.,
       2., 3., 28., 26., 8., 0., 0., 0., 5., 4., 2., 109., 121., 64., 2.,
       2., 0., 0., 1., 8., 27., 160., 17., 12., 8., 3., 2., 9., 17.,
       160., 19., 1., 1., 1., 2., 17., 14., 13., 0., 1., 4., 22., 18.,
       188., 36., 9., 7., 39., 4., 12., 34., 42., 7., 3., 35., 188., 13.,
       1., 2., 0., 0., 0., 6., 47., 2., 0., 0., 40., 23., 29., 6., 8.,
       4., 0., 4., 188., 52., 16., 9., 54., 9., 5., 43., 54., 5., 3.,
       37., 188., 31., 5., 12., 0., 0., 0., 6., 65., 1., 0., 0., 34., 1.,
       0., 0., 11., 8., 0., 4., 188., 61., 10., 26., 26., 2., 0., 10.,
       21., 17., 10., 97., 188., 3., 0., 1., 0., 0., 0., 4., 36., 2., 0.,
       0., 0., 0., 0., 0., 0., 0., 0., 0., 1., 1., 0., 0., 0., 0., 0.,
       0., 0., 0., 0., 1., 2., 0., 0., 0., 0., 0., 0., 0., 0., 0., 0.,
       0., 0., 0., 0., 0., 0., 0., 0., 0., 1., 0., 0., 0., 0., 0., 0.,
       0., 0., 0., 0., 0., 3., 1., 0., 0., 0., 0., 0., 0., 0., 0., 0.,
       0., 36., 4., 0., 0., 0., 0., 0., 2., 186., 7., 0., 1., 21., 21.,
       9., 70., 27., 3., 0., 4., 186., 83., 9., 21., 10., 10., 0., 3.,
       34., 3., 0., 1., 55., 4., 0., 0., 0., 0., 0., 3., 186., 65., 4.,
       7., 47., 6., 3., 23., 61., 15., 5., 19., 186., 69., 16., 7., 6.,
       4., 1., 3., 43., 28., 37., 7., 27., 2., 0., 0., 0., 0., 0., 2.,
       186., 29., 1., 1., 21., 6., 2., 12., 68., 7., 8., 22., 186., 56.,
       8., 6., 1., 5., 24., 24., 35., 13., 12., 0., 135., 16., 0., 1.,
       3., 1., 0., 1., 62., 7., 6., 31., 48., 33., 10., 4., 61., 22., 9.,
       8., 9., 8., 13., 32., 29., 4., 0., 0., 135., 27., 0., 5., 135.,
       5., 0., 0., 3., 2., 1., 6., 111., 3., 2., 9., 101., 26., 3., 5.,
       97., 19., 3., 5., 19., 7., 4., 48., 27., 5., 0., 0., 135., 34.,
       3., 22., 135., 12., 0., 0., 1., 1., 0., 4., 127., 8., 1., 10.,
       93., 39., 2., 5., 106., 24., 1., 4., 23., 13., 4., 33., 38., 10.,
       0., 8., 135., 7., 0., 9., 135., 33., 2., 0., 0., 0., 0., 1., 82.,
       35., 26., 22., 49., 10., 2., 1., 48., 30., 46., 14., 13., 6., 4.,
       11., 11., 14., 34., 71., 110., 0., 0., 2., 128., 0., 0., 4., 7.,
       6., 14., 92., 10., 2., 3., 21., 63., 30., 40., 17., 43., 10., 4.,
       5., 48., 18., 40., 28., 3., 0., 0., 11., 128., 29., 8., 3., 128.,
       1., 1., 13., 32., 4., 0., 46., 23., 8., 4., 54., 112., 11., 0.,
       5., 106., 20., 2., 22., 92., 2., 1., 23., 3., 1., 0., 43., 128.,
       1., 0., 1., 128., 7., 4., 37., 28., 1., 0., 15., 24., 5., 6., 63.,
       76., 10., 4., 9., 106., 11., 1., 33., 113., 1., 2., 17., 2., 1.,
       1., 58., 128., 0., 0., 0., 120., 0., 0., 15., 43., 10., 0., 9.,
       15., 15., 19., 29., 37., 18., 14., 17., 45., 21., 5., 21., 114.,
       2., 5., 25., 3., 0., 0., 27., 128., 0., 0., 0., 21., 3., 9., 4.,
       0., 0., 0., 4., 165., 1., 1., 1., 1., 2., 22., 132., 30., 0., 0.,
       4., 35., 33., 117., 63., 17., 0., 0., 1., 44., 37., 72., 19., 58.,
       4., 3., 1., 0., 0., 0., 3., 165., 3., 0., 2., 9., 1., 1., 48.,
       80., 6., 2., 32., 130., 8., 2., 15., 59., 16., 2., 14., 102., 4.,
       0., 10., 71., 6., 2., 4., 2., 0., 0., 0., 165., 22., 2., 10., 9.,
       0., 0., 3., 63., 14., 5., 62., 102., 1., 0., 2., 60., 16., 2.,
       21., 101., 0., 0., 4., 59., 3., 0., 1., 8., 0., 0., 0., 165., 12.,
       0., 3., 10., 3., 0., 1., 43., 8., 5., 26., 59., 32., 8., 11., 26.,
       14., 3., 9., 84., 6., 7., 27., 68., 9., 0., 0., 8., 2., 0., 0.,
       173., 35., 0., 5., 24., 13., 0., 1., 23., 2., 9., 30., 70., 61.,
       36., 4., 38., 13., 16., 4., 2., 3., 38., 37., 68., 4., 0., 0., 9.,
       4., 1., 3., 173., 23., 0., 1., 25., 9., 0., 5., 57., 4., 12., 24.,
       154., 40., 4., 5., 50., 32., 20., 7., 10., 2., 6., 64., 49., 3.,
       0., 0., 1., 4., 4., 5., 173., 27., 0., 0., 17., 5., 1., 5., 77.,
       6., 0., 4., 162., 73., 6., 4., 61., 46., 0., 1., 14., 15., 12.,
       33., 26., 4., 0., 0., 1., 1., 0., 0., 173., 44., 0., 3., 6., 1.,
       0., 1., 73., 16., 2., 40., 111., 23., 4., 1., 40., 34., 3., 10.,
       14., 5., 8., 28., 4., 0., 8., 50., 7., 0., 2., 53., 7., 13., 42.,
       71., 70., 29., 3., 2., 26., 19., 4., 27., 56., 116., 33., 9., 20.,
       31., 39., 24., 24., 43., 16., 10., 6., 1., 12., 116., 99., 8., 1.,
       3., 116., 53., 57., 77., 16., 11., 5., 17., 45., 24., 58., 23.,
       6., 116., 37., 11., 12., 11., 20., 7., 5., 116., 43., 4., 4., 10.,
       57., 55., 95., 57., 5., 1., 59., 60., 61., 17., 18., 88., 15., 5.,
       91., 59., 116., 44., 3., 18., 6., 9., 88., 35., 24., 11., 3., 67.,
       25., 20., 8., 29., 39., 14., 13., 26., 20., 11., 54., 39., 8., 4.,
       8., 80., 34., 13., 54., 28., 11., 3., 2., 116., 65., 14., 34.,
       49., 86., 25., 1., 21., 12., 12., 14., 15., 23., 24., 9., 9., 29.,
