%YAML:1.0
---
mat: !!opencv-matrix
   rows: 66
   cols: 128
   dt: f
   data: [ 6., 0., 0., 0., 1., 3., 1., 3., 138., 1., 0., 2., 1., 1., 1.,
       98., 133., 2., 1., 63., 138., 20., 0., 55., 31., 7., 2., 24., 76.,
       31., 15., 24., 25., 1., 0., 1., 5., 4., 2., 3., 138., 30., 6.,
       16., 9., 0., 0., 55., 86., 21., 15., 138., 128., 25., 8., 12.,
       84., 52., 10., 44., 21., 13., 22., 42., 17., 5., 0., 0., 8., 17.,
       5., 1., 138., 138., 63., 5., 6., 4., 3., 3., 13., 64., 138., 26.,
       46., 34., 15., 1., 35., 50., 100., 2., 3., 17., 37., 18., 0., 0.,
       0., 0., 0., 5., 3., 0., 2., 16., 15., 0., 0., 2., 4., 1., 0., 16.,
       65., 0., 0., 0., 1., 0., 0., 20., 72., 0., 0., 0., 0., 0., 1., 1.,
       0., 1., 0., 0., 0., 1., 5., 0., 0., 0., 0., 0., 23., 39., 1., 0.,
       0., 0., 0., 3., 86., 40., 3., 0., 0., 0., 6., 43., 73., 23., 26.,
       8., 5., 7., 0., 0., 0., 5., 138., 3., 1., 1., 3., 11., 49., 138.,
       39., 2., 0., 1., 59., 93., 107., 67., 74., 8., 0., 1., 60., 73.,
       35., 39., 41., 15., 4., 2., 0., 0., 0., 0., 138., 71., 1., 1.,
       12., 7., 3., 20., 88., 25., 1., 10., 138., 62., 4., 9., 94., 61.,
       1., 6., 99., 20., 1., 5., 13., 11., 5., 6., 4., 1., 0., 1., 138.,
       123., 4., 4., 3., 1., 0., 0., 78., 51., 6., 38., 138., 12., 0.,
       0., 59., 44., 6., 12., 64., 8., 1., 6., 4., 17., 114., 77., 14.,
       8., 2., 6., 11., 40., 60., 50., 14., 10., 6., 4., 9., 42., 6., 7.,
       26., 78., 13., 5., 104., 20., 2., 6., 6., 34., 20., 48., 11., 16.,
       14., 20., 43., 114., 7., 7., 114., 34., 14., 10., 7., 40., 29.,
       62., 40., 31., 0., 0., 0., 114., 67., 34., 55., 21., 0., 0., 0.,
       24., 61., 95., 12., 97., 0., 1., 15., 109., 9., 3., 114., 63., 0.,
       0., 3., 83., 43., 43., 90., 51., 2., 1., 0., 65., 61., 31., 5.,
       1., 15., 39., 0., 9., 48., 79., 16., 114., 0., 0., 0., 9., 2., 0.,
       35., 100., 9., 1., 0., 16., 28., 29., 43., 24., 67., 51., 0., 0.,
       4., 21., 1., 2., 81., 114., 0., 0., 1., 1., 3., 46., 84., 43., 7.,
       4., 6., 0., 13., 69., 66., 4., 1., 26., 30., 0., 4., 10., 12.,
       28., 11., 95., 57., 0., 0., 1., 7., 11., 35., 113., 43., 0., 63.,
       38., 50., 75., 19., 1., 1., 8., 113., 75., 46., 40., 15., 0., 0.,
       10., 42., 33., 53., 113., 46., 1., 0., 1., 21., 29., 31., 54.,
       84., 7., 0., 0., 71., 7., 6., 17., 38., 6., 8., 44., 87., 39.,
       76., 95., 30., 6., 3., 6., 103., 24., 78., 113., 23., 6., 5., 30.,
       74., 9., 3., 46., 99., 0., 0., 15., 12., 1., 1., 2., 20., 62.,
       81., 34., 4., 2., 10., 21., 55., 94., 40., 6., 102., 5., 9., 13.,
       15., 17., 18., 75., 33., 0., 0., 41., 108., 0., 0., 18., 42., 0.,
       0., 1., 12., 6., 2., 10., 145., 0., 0., 0., 27., 4., 1., 41., 41.,
       3., 3., 20., 145., 17., 3., 10., 92., 12., 3., 5., 7., 3., 4.,
       61., 59., 0., 0., 0., 1., 5., 4., 12., 145., 3., 0., 4., 33., 8.,
       2., 38., 52., 3., 1., 21., 145., 54., 4., 13., 145., 25., 1., 2.,
       11., 8., 3., 48., 59., 5., 0., 0., 0., 2., 2., 2., 145., 66., 6.,
       25., 24., 1., 0., 3., 38., 25., 11., 86., 125., 17., 4., 6., 112.,
       68., 15., 10., 5., 3., 3., 27., 15., 8., 0., 0., 0., 7., 5., 0.,
       65., 107., 47., 7., 4., 1., 1., 0., 5., 20., 122., 28., 22., 9.,
       3., 2., 13., 28., 110., 10., 0., 1., 2., 3., 32., 10., 13., 3.,
       3., 14., 36., 14., 150., 91., 20., 26., 61., 18., 18., 26., 5.,
       9., 7., 43., 165., 56., 4., 5., 0., 0., 0., 2., 15., 3., 0., 0.,
       35., 18., 52., 18., 10., 5., 3., 2., 165., 57., 29., 15., 44.,
       46., 21., 82., 31., 8., 5., 28., 165., 165., 17., 26., 0., 0., 0.,
       1., 46., 9., 0., 0., 30., 4., 1., 2., 19., 17., 1., 1., 165.,
       118., 19., 26., 26., 7., 2., 7., 19., 28., 18., 92., 165., 13.,
       1., 2., 0., 0., 0., 3., 40., 1., 0., 0., 0., 0., 0., 0., 1., 0.,
       0., 0., 3., 2., 0., 0., 0., 0., 0., 0., 0., 0., 0., 0., 0., 0.,
       0., 0., 0., 0., 0., 0., 0., 0., 0., 0., 0., 0., 0., 0., 0., 0.,
       0., 0., 1., 0., 0., 0., 0., 0., 0., 1., 0., 0., 0., 0., 2., 1.,
       0., 0., 0., 0., 0., 0., 0., 0., 0., 0., 39., 0., 0., 0., 0., 0.,
       0., 5., 165., 10., 1., 2., 19., 25., 19., 111., 26., 6., 1., 11.,
       165., 101., 19., 28., 20., 14., 1., 1., 30., 3., 0., 1., 50., 9.,
       0., 0., 0., 0., 0., 2., 165., 159., 18., 30., 33., 7., 5., 35.,
       41., 38., 20., 98., 165., 50., 30., 15., 11., 6., 2., 3., 34.,
       16., 48., 15., 24., 3., 0., 0., 0., 0., 0., 4., 165., 46., 5., 6.,
       10., 14., 9., 63., 40., 15., 21., 30., 160., 78., 21., 23., 3.,
       13., 32., 12., 20., 8., 15., 3., 125., 7., 0., 2., 7., 3., 0., 2.,
       59., 6., 11., 49., 63., 40., 12., 7., 81., 33., 18., 12., 12.,
       11., 15., 40., 33., 5., 0., 0., 125., 27., 0., 5., 125., 1., 0.,
       0., 8., 4., 1., 9., 101., 3., 3., 11., 125., 35., 5., 9., 125.,
       22., 3., 6., 24., 9., 7., 64., 32., 5., 0., 1., 125., 37., 3.,
       24., 125., 8., 0., 1., 2., 2., 2., 7., 113., 9., 1., 21., 125.,
       42., 3., 6., 125., 38., 2., 7., 30., 13., 3., 35., 40., 12., 1.,
       19., 125., 6., 0., 8., 91., 37., 3., 1., 0., 1., 1., 0., 53., 41.,
       29., 39., 59., 9., 2., 2., 50., 49., 46., 17., 13., 6., 3., 9.,
       8., 17., 33., 78., 74., 0., 0., 1., 92., 0., 0., 3., 6., 9., 18.,
       94., 10., 2., 2., 17., 67., 52., 44., 24., 49., 9., 3., 4., 38.,
       26., 38., 45., 3., 1., 0., 3., 104., 38., 9., 6., 121., 2., 1.,
       13., 33., 5., 0., 47., 29., 8., 3., 61., 121., 20., 1., 9., 121.,
       23., 3., 20., 88., 5., 2., 39., 4., 2., 1., 34., 121., 3., 0., 3.,
       121., 8., 3., 41., 34., 1., 0., 11., 28., 9., 11., 84., 102., 11.,
       4., 11., 121., 17., 3., 31., 100., 2., 2., 23., 6., 3., 2., 49.,
       121., 0., 0., 0., 121., 2., 0., 17., 48., 12., 1., 5., 18., 17.,
       22., 40., 53., 29., 26., 25., 63., 27., 5., 23., 95., 2., 8., 40.,
       8., 1., 0., 24., 113., 0., 0., 0., 4., 3., 25., 111., 87., 9., 1.,
       9., 35., 56., 69., 26., 31., 30., 15., 4., 59., 69., 72., 13., 4.,
       60., 40., 8., 35., 15., 25., 12., 5., 57., 55., 37., 12., 3., 29.,
       77., 39., 33., 9., 10., 113., 20., 11., 12., 11., 41., 68., 43.,
       40., 41., 41., 9., 2., 110., 113., 38., 54., 15., 35., 15., 4.,
       10., 55., 113., 6., 29., 18., 9., 14., 74., 29., 4., 113., 87.,
       2., 5., 4., 36., 49., 36., 73., 84., 0., 2., 1., 35., 81., 41.,
       4., 0., 0., 84., 31., 5., 50., 44., 44., 32., 5., 0., 0., 37.,
       64., 17., 42., 20., 1., 0., 0., 27., 69., 83., 44., 8., 0., 48.,
       10., 0., 5., 84., 2., 0., 0., 113., 52., 0., 0., 2., 12., 49.,
       93., 16., 10., 15., 10., 4., 33., 112., 57., 4., 3., 19., 40., 1.,
       11., 16., 16., 8., 0., 48., 97., 1., 0., 6., 15., 1., 0., 78.,
       112., 0., 71., 19., 31., 62., 57., 53., 5., 21., 112., 86., 32.,
       33., 31., 20., 1., 21., 49., 42., 71., 112., 28., 0., 1., 2., 18.,
       78., 103., 18., 2., 4., 5., 0., 48., 7., 20., 75., 85., 44., 4.,
       21., 112., 48., 79., 57., 18., 11., 7., 16., 58., 24., 96., 112.,
       17., 6., 10., 20., 103., 32., 24., 27., 19., 0., 0., 10., 7., 2.,
       10., 40., 24., 50., 89., 28., 8., 5., 8., 9., 13., 86., 67., 30.,
       45., 6., 10., 7., 16., 24., 38., 55., 30., 10., 10., 19., 33.,
       12., 9., 12., 74., 9., 0., 0., 8., 4., 0., 1., 155., 26., 0., 6.,
       38., 22., 0., 4., 10., 1., 10., 32., 84., 81., 53., 7., 35., 14.,
       21., 5., 1., 4., 49., 55., 73., 8., 0., 1., 15., 5., 2., 3., 155.,
       27., 0., 1., 37., 12., 2., 4., 35., 3., 14., 30., 155., 49., 7.,
       4., 63., 35., 25., 10., 12., 3., 5., 67., 46., 2., 0., 0., 3., 9.,
       9., 7., 155., 29., 0., 0., 25., 10., 1., 4., 58., 5., 0., 2.,
       155., 96., 6., 2., 67., 52., 0., 1., 19., 21., 13., 31., 20., 3.,
       0., 0., 0., 2., 2., 1., 155., 47., 1., 4., 7., 3., 0., 1., 57.,
       17., 4., 52., 142., 32., 2., 0., 38., 44., 6., 17., 23., 8., 7.,
