%YAML:1.0
---
mat: !!opencv-matrix
   rows: 112
   cols: 128
   dt: f
   data: [ 0., 0., 64., 18., 0., 0., 0., 2., 1., 0., 127., 93., 0., 8.,
       23., 16., 0., 0., 127., 93., 1., 22., 36., 11., 1., 0., 127., 65.,
       1., 20., 40., 19., 8., 1., 4., 1., 0., 0., 0., 9., 95., 25., 16.,
       9., 8., 39., 76., 109., 22., 14., 14., 23., 46., 127., 101., 60.,
       24., 15., 19., 22., 21., 75., 74., 58., 4., 2., 0., 0., 0., 0.,
       0., 0., 69., 123., 53., 20., 6., 5., 6., 18., 14., 41., 83., 123.,
       47., 39., 32., 18., 9., 23., 77., 53., 19., 28., 33., 29., 0., 0.,
       0., 0., 0., 0., 0., 0., 71., 13., 5., 1., 0., 1., 10., 42., 54.,
       5., 5., 6., 11., 84., 83., 55., 28., 3., 1., 1., 32., 59., 46.,
       59., 39., 19., 38., 32., 30., 40., 33., 25., 30., 37., 26., 8.,
       32., 79., 46., 17., 104., 83., 56., 16., 3., 9., 12., 16., 29.,
       16., 32., 93., 1., 0., 0., 13., 86., 100., 55., 9., 3., 30., 12.,
       10., 86., 34., 42., 27., 36., 50., 70., 69., 31., 35., 33., 33.,
       86., 88., 78., 20., 3., 13., 50., 60., 13., 2., 0., 0., 30., 29.,
       8., 0., 0., 142., 36., 2., 128., 125., 79., 37., 7., 43., 12.,
       24., 6., 13., 53., 114., 75., 16., 5., 6., 0., 0., 0., 2., 9., 1.,
       0., 0., 1., 1., 0., 0., 0., 142., 27., 0., 2., 16., 23., 3., 0.,
       142., 19., 0., 0., 2., 14., 5., 0., 2., 0., 0., 0., 0., 0., 0.,
       0., 0., 0., 0., 0., 0., 0., 0., 0., 0., 0., 0., 0., 41., 52., 0.,
       0., 4., 20., 14., 0., 126., 126., 1., 3., 22., 18., 4., 0., 126.,
       126., 1., 1., 1., 0., 0., 4., 1., 0., 0., 0., 0., 0., 1., 82.,
       19., 6., 5., 9., 23., 55., 115., 10., 16., 28., 17., 96., 126.,
       80., 38., 1., 50., 93., 2., 17., 78., 63., 11., 9., 5., 0., 0.,
       0., 0., 3., 13., 90., 96., 63., 22., 10., 19., 24., 38., 27., 65.,
       99., 72., 61., 29., 19., 23., 21., 33., 36., 25., 53., 64., 43.,
       34., 27., 0., 0., 0., 0., 0., 5., 52., 26., 3., 7., 5., 40., 86.,
       55., 83., 5., 26., 25., 8., 37., 80., 80., 27., 8., 43., 61., 27.,
       47., 27., 15., 4., 16., 11., 17., 19., 45., 99., 70., 36., 24.,
       6., 8., 9., 28., 69., 39., 108., 16., 7., 11., 9., 0., 0., 35.,
       108., 0., 0., 1., 2., 0., 0., 0., 0., 75., 61., 62., 29., 30.,
       34., 24., 41., 51., 53., 21., 14., 68., 98., 40., 54., 108., 84.,
       67., 22., 4., 5., 10., 82., 10., 3., 17., 18., 0., 0., 3., 29.,
       104., 84., 28., 6., 20., 60., 5., 32., 58., 27., 28., 33., 64.,
       88., 82., 71., 97., 66., 77., 38., 41., 48., 23., 21., 8., 11.,
       79., 69., 0., 0., 0., 7., 54., 32., 7., 0., 69., 108., 2., 12.,
       52., 56., 87., 68., 27., 17., 10., 26., 0., 3., 21., 48., 40., 8.,
       2., 0., 0., 1., 6., 2., 0., 0., 0., 0., 1., 0., 0., 0., 2., 11.,
       2., 5., 10., 0., 0., 0., 5., 9., 3., 6., 74., 0., 0., 0., 1., 1.,
       0., 3., 16., 1., 0., 0., 0., 0., 0., 0., 16., 15., 3., 27., 45.,
       26., 4., 12., 85., 19., 9., 52., 44., 18., 5., 14., 220., 9., 1.,
       8., 7., 2., 0., 20., 114., 9., 4., 0., 0., 0., 0., 3., 38., 42.,
       51., 49., 23., 1., 0., 1., 134., 24., 8., 55., 70., 3., 0., 2.,
       220., 13., 2., 6., 5., 0., 0., 12., 103., 14., 10., 0., 0., 0.,
       0., 1., 54., 45., 22., 10., 7., 10., 11., 3., 127., 36., 19., 60.,
       37., 3., 0., 2., 220., 24., 2., 3., 2., 0., 0., 7., 64., 14., 12.,
       0., 0., 0., 0., 0., 5., 14., 16., 10., 28., 38., 92., 14., 23.,
       2., 16., 27., 96., 115., 55., 11., 142., 1., 1., 6., 18., 14., 2.,
       70., 74., 0., 0., 0., 0., 0., 0., 14., 11., 107., 67., 27., 10.,
       11., 39., 10., 46., 7., 32., 126., 142., 34., 25., 12., 142., 18.,
       0., 10., 23., 5., 7., 48., 72., 6., 0., 0., 0., 0., 0., 8., 4.,
       12., 10., 4., 2., 32., 142., 6., 11., 1., 7., 20., 17., 67., 142.,
       24., 129., 10., 0., 1., 2., 8., 131., 121., 50., 4., 0., 0., 0.,
       0., 1., 23., 7., 1., 0., 0., 0., 2., 19., 4., 11., 1., 0., 0., 0.,
       3., 48., 10., 5., 3., 0., 0., 0., 0., 37., 19., 10., 1., 0., 0.,
       0., 0., 1., 7., 8., 6., 1., 10., 22., 22., 4., 11., 43., 8., 4.,
       22., 24., 16., 5., 12., 203., 4., 0., 4., 4., 2., 0., 11., 67.,
       4., 2., 0., 0., 0., 0., 2., 21., 27., 30., 44., 29., 1., 0., 1.,
       97., 21., 7., 53., 51., 2., 0., 1., 203., 11., 2., 7., 4., 0., 0.,
       10., 94., 11., 7., 0., 0., 0., 0., 1., 62., 50., 32., 12., 5., 7.,
       8., 3., 127., 30., 15., 51., 51., 4., 0., 3., 203., 17., 2., 3.,
       4., 0., 0., 9., 75., 14., 11., 0., 0., 0., 0., 0., 11., 28., 20.,
       27., 11., 7., 4., 1., 109., 35., 18., 51., 12., 0., 0., 0., 203.,
       35., 1., 2., 0., 0., 0., 1., 49., 14., 11., 0., 0., 0., 0., 0.,
       0., 0., 27., 13., 3., 12., 19., 0., 7., 4., 24., 96., 76., 56.,
       14., 3., 78., 62., 24., 23., 17., 13., 12., 42., 8., 14., 40.,
       87., 49., 32., 10., 7., 0., 7., 108., 11., 2., 7., 11., 0., 22.,
       17., 108., 108., 62., 36., 8., 5., 106., 68., 36., 34., 16., 17.,
       18., 51., 11., 9., 24., 107., 78., 47., 12., 6., 0., 4., 59., 1.,
       0., 5., 26., 0., 97., 38., 91., 14., 0., 11., 22., 14., 108., 80.,
       38., 18., 9., 29., 40., 86., 15., 5., 22., 70., 104., 92., 21.,
       6., 0., 0., 10., 9., 11., 38., 72., 0., 33., 22., 4., 20., 50.,
       83., 48., 11., 52., 93., 62., 20., 9., 11., 9., 29., 22., 9., 41.,
       98., 47., 16., 2., 1., 2., 9., 22., 4., 2., 8., 97., 69., 15., 7.,
       28., 16., 99., 83., 51., 8., 145., 25., 13., 4., 27., 13., 0.,
       35., 54., 3., 0., 0., 0., 0., 0., 9., 9., 17., 99., 48., 30., 9.,
       17., 12., 32., 11., 84., 134., 92., 28., 16., 3., 145., 15., 2.,
       23., 24., 4., 1., 7., 71., 1., 0., 0., 0., 0., 0., 2., 8., 17.,
       25., 16., 36., 36., 79., 25., 34., 4., 17., 31., 96., 124., 74.,
       15., 145., 9., 0., 5., 25., 20., 2., 14., 67., 4., 0., 0., 0., 0.,
       0., 1., 6., 65., 51., 16., 12., 12., 37., 11., 15., 12., 32., 67.,
       83., 21., 54., 8., 145., 38., 0., 8., 22., 6., 32., 36., 52., 13.,
       0., 0., 0., 0., 0., 6., 18., 9., 6., 0., 4., 16., 56., 43., 30.,
       47., 50., 31., 12., 25., 29., 8., 11., 3., 20., 69., 18., 12.,
       25., 16., 70., 4., 1., 3., 1., 0., 1., 67., 35., 49., 43., 10.,
       9., 11., 11., 18., 53., 17., 18., 13., 20., 36., 74., 86., 19.,
       3., 4., 14., 29., 119., 119., 42., 80., 43., 32., 6., 2., 26.,
       33., 37., 17., 35., 33., 1., 0., 98., 107., 2., 93., 119., 67.,
       16., 3., 25., 27., 23., 51., 61., 81., 57., 27., 24., 22., 22.,
       27., 19., 21., 17., 22., 57., 49., 25., 1., 0., 0., 0., 0., 119.,
       119., 1., 2., 13., 16., 1., 0., 119., 119., 1., 22., 58., 35., 3.,
       0., 85., 76., 1., 49., 61., 44., 12., 3., 10., 12., 9., 36., 52.,
       29., 8., 1., 8., 21., 24., 9., 24., 45., 78., 39., 8., 23., 7.,
       79., 8., 0., 12., 17., 5., 31., 23., 103., 35., 25., 19., 8., 0.,
       1., 15., 22., 18., 16., 11., 9., 29., 32., 39., 53., 14., 11.,
       14., 12., 36., 83., 100., 30., 12., 3., 14., 26., 80., 134., 49.,
       25., 31., 32., 12., 6., 33., 59., 26., 12., 49., 69., 18., 2., 6.,
       53., 3., 75., 130., 68., 24., 5., 6., 29., 19., 29., 76., 88.,
       81., 26., 15., 13., 13., 33., 64., 48., 33., 14., 20., 22., 17.,
       1., 2., 3., 0., 0., 50., 136., 2., 3., 16., 13., 2., 0., 80.,
       136., 3., 2., 22., 26., 7., 0., 63., 136., 2., 5., 34., 32., 6.,
       0., 28., 127., 2., 1., 52., 103., 13., 7., 6., 2., 0., 43., 23.,
       57., 44., 38., 9., 3., 30., 40., 24., 36., 32., 27., 23., 19.,
       42., 33., 3., 27., 61., 43., 10., 1., 21., 28., 22., 28., 1., 7.,
       45., 22., 9., 121., 44., 25., 5., 3., 14., 27., 105., 17., 18.,
       44., 70., 86., 65., 26., 20., 121., 1., 10., 44., 32., 4., 0.,
       90., 25., 7., 23., 42., 59., 53., 14., 18., 79., 91., 52., 15.,
       15., 13., 18., 37., 31., 22., 88., 121., 68., 19., 3., 16., 121.,
       1., 3., 13., 15., 1., 0., 121., 44., 39., 24., 22., 14., 1., 2.,
