%YAML:1.0
---
mat: !!opencv-matrix
   rows: 105
   cols: 128
   dt: f
   data: [ 37., 14., 26., 28., 30., 51., 49., 31., 38., 38., 28., 5.,
       23., 78., 61., 23., 109., 78., 40., 7., 7., 12., 32., 28., 17.,
       18., 21., 11., 23., 49., 32., 12., 88., 83., 56., 10., 3., 58.,
       26., 14., 102., 36., 45., 21., 26., 48., 73., 77., 39., 35., 20.,
       5., 33., 107., 108., 41., 3., 19., 28., 5., 6., 11., 0., 0., 18.,
       14., 8., 0., 0., 141., 102., 5., 141., 114., 43., 4., 2., 98.,
       39., 31., 15., 41., 47., 14., 30., 35., 7., 9., 0., 0., 0., 0.,
       2., 4., 0., 0., 0., 0., 0., 0., 0., 141., 50., 1., 2., 15., 8.,
       0., 0., 141., 55., 1., 0., 7., 7., 0., 0., 6., 1., 0., 0., 0., 0.,
       0., 0., 0., 0., 0., 6., 5., 10., 11., 33., 114., 70., 22., 35.,
       6., 5., 8., 8., 39., 33., 120., 15., 7., 6., 8., 42., 32., 77.,
       120., 0., 0., 0., 1., 22., 19., 14., 0., 55., 34., 53., 35., 40.,
       52., 40., 37., 58., 48., 19., 6., 42., 91., 65., 60., 107., 70.,
       44., 17., 33., 30., 45., 53., 9., 4., 3., 5., 41., 102., 74., 14.,
       89., 68., 35., 5., 9., 111., 9., 23., 64., 30., 30., 15., 43.,
       69., 85., 79., 87., 60., 24., 4., 31., 67., 62., 27., 9., 25.,
       23., 9., 22., 17., 4., 4., 30., 12., 2., 0., 31., 120., 8., 10.,
       93., 81., 26., 7., 14., 46., 16., 46., 1., 9., 11., 8., 36., 31.,
       8., 3., 0., 1., 1., 0., 0., 0., 0., 0., 30., 1., 0., 0., 0., 0.,
       9., 22., 68., 15., 11., 8., 9., 7., 29., 94., 0., 1., 6., 21.,
       29., 7., 10., 8., 0., 0., 0., 0., 0., 0., 1., 2., 58., 83., 13.,
       5., 7., 8., 52., 53., 51., 47., 110., 75., 51., 15., 27., 29.,
       87., 31., 67., 57., 28., 4., 25., 77., 11., 10., 10., 22., 24.,
       10., 29., 39., 24., 122., 71., 9., 4., 9., 3., 13., 68., 58., 82.,
       56., 35., 5., 21., 76., 81., 64., 73., 32., 38., 21., 35., 68.,
       27., 36., 122., 81., 32., 4., 4., 71., 60., 22., 4., 6., 18., 23.,
       10., 83., 67., 38., 32., 17., 32., 34., 47., 93., 25., 18., 91.,
       71., 55., 14., 4., 66., 58., 4., 17., 14., 8., 0., 0., 122., 10.,
       1., 0., 1., 8., 2., 0., 3., 13., 1., 0., 2., 17., 3., 0., 3., 58.,
       0., 0., 0., 4., 0., 0., 2., 10., 0., 0., 0., 0., 0., 0., 0., 44.,
       50., 24., 49., 36., 6., 1., 9., 90., 43., 41., 99., 63., 6., 1.,
       7., 202., 14., 4., 15., 12., 0., 0., 17., 69., 5., 5., 0., 0., 0.,
       0., 2., 54., 52., 51., 46., 30., 5., 2., 11., 144., 33., 20., 80.,
       73., 15., 3., 9., 202., 16., 2., 8., 5., 1., 0., 14., 60., 8.,
       10., 0., 0., 0., 0., 1., 94., 55., 35., 11., 5., 10., 10., 13.,
       144., 28., 21., 63., 52., 27., 5., 11., 202., 14., 2., 4., 3., 1.,
       0., 11., 35., 8., 11., 0., 0., 0., 0., 0., 12., 0., 0., 0., 3.,
       1., 0., 3., 22., 0., 0., 0., 0., 4., 11., 29., 0., 0., 0., 0., 0.,
       32., 19., 11., 0., 0., 0., 0., 0., 4., 26., 21., 80., 1., 0., 1.,
       27., 4., 0., 6., 125., 10., 1., 2., 5., 18., 26., 96., 43., 8.,
       1., 14., 65., 125., 59., 73., 37., 8., 0., 1., 10., 29., 94.,
       125., 59., 5., 0., 5., 14., 4., 42., 15., 125., 125., 42., 15.,
       4., 3., 11., 17., 43., 88., 86., 122., 51., 13., 9., 10., 53.,
       125., 53., 23., 13., 3., 4., 18., 16., 2., 0., 2., 21., 58., 125.,
       43., 47., 30., 13., 3., 14., 33., 88., 84., 12., 17., 26., 18.,
       15., 60., 102., 30., 25., 38., 22., 5., 2., 20., 64., 83., 26.,
       29., 13., 34., 26., 4., 0., 5., 43., 32., 28., 60., 37., 4., 1.,
       5., 195., 10., 4., 17., 13., 1., 0., 9., 70., 4., 2., 0., 0., 0.,
       0., 2., 38., 39., 47., 41., 28., 4., 1., 8., 81., 32., 19., 65.,
       58., 12., 3., 8., 195., 15., 3., 12., 9., 1., 0., 9., 85., 7., 6.,
       0., 0., 0., 0., 2., 93., 54., 43., 10., 2., 9., 13., 12., 109.,
       34., 24., 64., 53., 30., 6., 13., 195., 16., 2., 8., 9., 3., 0.,
       11., 68., 10., 9., 0., 0., 0., 0., 1., 35., 34., 15., 20., 16.,
       15., 10., 10., 96., 28., 21., 50., 33., 13., 2., 7., 195., 20.,
       2., 5., 3., 1., 0., 1., 44., 10., 10., 0., 0., 0., 0., 0., 0., 5.,
       122., 13., 0., 0., 0., 0., 1., 3., 122., 21., 0., 1., 1., 1., 14.,
       50., 122., 27., 0., 2., 2., 1., 24., 60., 25., 0., 0., 0., 0., 0.,
       8., 5., 104., 14., 20., 65., 71., 31., 36., 8., 122., 14., 14.,
       44., 57., 92., 92., 44., 68., 15., 28., 65., 61., 26., 122., 59.,
       6., 0., 1., 1., 1., 3., 42., 35., 9., 6., 67., 48., 24., 16., 86.,
       11., 11., 10., 49., 39., 30., 64., 76., 16., 2., 40., 113., 40.,
       26., 30., 122., 28., 4., 2., 3., 1., 4., 24., 34., 31., 69., 80.,
       11., 6., 2., 4., 24., 106., 104., 25., 6., 9., 10., 20., 34., 52.,
       4., 2., 17., 23., 44., 33., 23., 4., 6., 1., 0., 1., 11., 32.,
       11., 12., 17., 13., 38., 80., 21., 2., 8., 7., 7., 19., 25., 56.,
       116., 83., 37., 4., 0., 9., 76., 26., 26., 77., 46., 3., 2., 4.,
       30., 58., 61., 40., 51., 25., 26., 41., 50., 10., 6., 24., 88.,
       62., 29., 31., 41., 21., 24., 11., 84., 12., 11., 25., 116., 68.,
       7., 18., 116., 4., 0., 1., 4., 6., 22., 40., 10., 33., 55., 50.,
       21., 15., 116., 7., 34., 85., 58., 37., 12., 11., 116., 10., 82.,
       19., 58., 64., 28., 17., 82., 45., 116., 2., 1., 1., 1., 1., 10.,
       58., 0., 0., 0., 0., 0., 10., 116., 6., 1., 0., 0., 0., 0., 15.,
       116., 3., 9., 0., 0., 1., 0., 26., 116., 38., 15., 0., 0., 0., 0.,
       1., 27., 44., 0., 4., 17., 40., 12., 0., 0., 0., 0., 51., 110.,
       75., 16., 0., 1., 1., 0., 88., 110., 0., 0., 0., 1., 0., 0., 37.,
       66., 0., 0., 0., 0., 0., 3., 2., 8., 93., 76., 1., 0., 1., 33.,
       26., 39., 82., 73., 21., 67., 56., 4., 72., 110., 7., 38., 81.,
       54., 22., 4., 91., 110., 1., 3., 22., 34., 21., 21., 26., 25.,
       88., 98., 1., 0., 3., 110., 29., 11., 33., 53., 10., 11., 32.,
       32., 9., 12., 26., 98., 57., 34., 46., 36., 5., 5., 35., 39., 40.,
       47., 57., 45., 28., 22., 66., 25., 1., 0., 19., 56., 24., 101.,
       91., 7., 2., 1., 25., 36., 102., 92., 14., 9., 12., 16., 19., 27.,
       20., 1., 28., 32., 24., 27., 23., 47., 16., 10., 4., 7., 17., 33.,
       31., 23., 20., 7., 4., 30., 54., 50., 16., 20., 38., 56., 55.,
       13., 18., 13., 10., 0., 0., 5., 46., 13., 2., 5., 40., 44., 50.,
       26., 3., 2., 149., 10., 7., 63., 31., 30., 12., 25., 30., 52.,
       58., 6., 4., 9., 13., 35., 139., 84., 29., 42., 10., 4., 3., 4.,
       22., 24., 129., 9., 4., 2., 0., 1., 149., 21., 2., 86., 70., 43.,
       8., 6., 149., 17., 22., 53., 31., 51., 32., 34., 44., 37., 34.,
       31., 26., 14., 4., 23., 54., 42., 23., 0., 0., 0., 0., 3., 149.,
       7., 2., 6., 6., 6., 0., 9., 149., 8., 1., 61., 50., 26., 3., 3.,
       95., 10., 12., 39., 16., 16., 7., 15., 26., 35., 39., 10., 16.,
       57., 40., 31., 20., 7., 13., 55., 41., 22., 26., 20., 13., 6.,
       27., 39., 11., 22., 65., 50., 29., 6., 7., 160., 5., 2., 6., 5.,
       1., 0., 11., 25., 21., 114., 22., 2., 2., 10., 3., 113., 60., 32.,
       19., 5., 14., 21., 50., 64., 12., 19., 67., 63., 70., 21., 13.,
       160., 5., 1., 5., 6., 3., 0., 20., 22., 11., 7., 11., 27., 52.,
       64., 12., 79., 92., 42., 17., 12., 15., 9., 32., 90., 21., 45.,
       107., 53., 27., 6., 5., 160., 10., 2., 5., 3., 1., 0., 7., 11.,
       19., 42., 53., 29., 14., 5., 5., 49., 51., 18., 19., 13., 9., 6.,
       29., 91., 7., 12., 52., 53., 25., 4., 4., 160., 5., 1., 2., 2.,
       1., 0., 6., 9., 126., 97., 2., 0., 0., 0., 3., 21., 79., 40., 0.,
       0., 0., 0., 9., 38., 23., 8., 0., 0., 0., 0., 14., 25., 0., 0.,
       0., 0., 0., 0., 20., 43., 126., 93., 7., 5., 60., 126., 43., 60.,
       126., 126., 26., 21., 17., 27., 38., 126., 126., 39., 4., 2., 1.,
       3., 30., 48., 3., 0., 0., 0., 0., 0., 21., 6., 0., 0., 0., 1.,
       59., 126., 32., 23., 7., 3., 7., 22., 104., 126., 88., 126., 17.,
       2., 1., 2., 4., 55., 126., 45., 0., 0., 0., 0., 0., 0., 28., 17.,
