%YAML:1.0
---
mat: !!opencv-matrix
   rows: 94
   cols: 128
   dt: f
   data: [ 3., 4., 34., 39., 7., 14., 12., 3., 0., 5., 60., 100., 75.,
       51., 7., 0., 0., 17., 39., 12., 22., 34., 20., 0., 0., 0., 0., 0.,
       0., 0., 0., 0., 0., 6., 142., 142., 4., 0., 0., 0., 24., 52.,
       142., 142., 32., 5., 3., 7., 125., 142., 113., 33., 2., 1., 2.,
       14., 2., 0., 0., 0., 0., 0., 0., 0., 0., 0., 78., 83., 16., 23.,
       52., 0., 33., 10., 19., 105., 57., 77., 133., 64., 142., 25., 5.,
       5., 2., 4., 36., 117., 5., 1., 0., 0., 0., 0., 0., 0., 0., 0., 0.,
       0., 0., 7., 30., 0., 1., 0., 0., 0., 0., 10., 33., 7., 6., 0., 0.,
       0., 0., 0., 6., 11., 0., 0., 0., 0., 0., 0., 0., 0., 0., 0., 0.,
       0., 0., 0., 0., 0., 1., 4., 13., 64., 3., 0., 0., 0., 102., 18.,
       13., 56., 3., 0., 0., 51., 106., 0., 0., 0., 0., 2., 23., 131.,
       0., 0., 0., 1., 9., 10., 1., 0., 15., 24., 28., 113., 117., 97.,
       15., 5., 136., 97., 27., 32., 11., 18., 16., 72., 136., 7., 2.,
       1., 0., 0., 2., 83., 0., 0., 0., 0., 2., 11., 2., 0., 5., 2., 1.,
       3., 37., 136., 84., 16., 136., 16., 5., 5., 5., 47., 126., 136.,
       111., 62., 66., 10., 0., 0., 1., 30., 0., 0., 0., 0., 0., 0., 0.,
       0., 0., 0., 0., 0., 0., 1., 3., 1., 1., 1., 4., 7., 1., 0., 10.,
       19., 1., 28., 84., 21., 1., 0., 0., 2., 61., 1., 0., 71., 83., 0.,
       0., 44., 86., 2., 2., 58., 78., 2., 2., 80., 97., 10., 4., 46.,
       66., 1., 1., 62., 86., 5., 3., 0., 1., 1., 0., 42., 96., 1., 1.,
       54., 37., 4., 13., 88., 68., 10., 9., 117., 117., 12., 4., 34.,
       117., 59., 11., 62., 32., 5., 4., 41., 73., 19., 18., 0., 0., 0.,
       0., 8., 19., 16., 30., 7., 13., 7., 22., 46., 11., 6., 20., 32.,
       98., 76., 51., 26., 117., 19., 24., 5., 10., 20., 49., 116., 26.,
       25., 63., 1., 0., 0., 0., 4., 0., 27., 82., 0., 0., 0., 0., 0.,
       0., 19., 111., 1., 1., 5., 6., 1., 3., 15., 117., 1., 0., 1., 5.,
       4., 0., 18., 107., 1., 0., 0., 0., 0., 0., 0., 0., 0., 0., 0.,
       65., 61., 0., 2., 7., 3., 0., 0., 74., 63., 4., 6., 6., 2., 3.,
       1., 81., 35., 3., 7., 13., 19., 7., 2., 41., 20., 0., 0., 0., 1.,
       15., 10., 76., 51., 11., 25., 56., 85., 101., 25., 24., 16., 126.,
       92., 47., 20., 40., 10., 9., 11., 53., 12., 14., 45., 119., 16.,
       3., 10., 0., 0., 0., 0., 19., 25., 43., 19., 22., 7., 5., 18.,
       126., 126., 12., 17., 126., 28., 5., 4., 56., 56., 8., 60., 83.,
       10., 0., 1., 126., 38., 1., 7., 1., 0., 0., 0., 5., 9., 21., 7.,
       3., 1., 0., 3., 126., 77., 5., 4., 126., 38., 1., 7., 76., 24.,
       2., 14., 59., 13., 1., 3., 126., 17., 0., 1., 21., 3., 1., 0.,
       32., 64., 39., 47., 49., 22., 24., 2., 5., 16., 53., 115., 3.,
       12., 19., 3., 40., 115., 66., 12., 0., 0., 6., 5., 53., 52., 1.,
       0., 19., 15., 5., 4., 115., 41., 7., 30., 46., 80., 96., 6., 39.,
       7., 12., 19., 99., 58., 38., 3., 95., 36., 3., 10., 1., 0., 0.,
       0., 115., 44., 0., 0., 22., 52., 13., 27., 115., 14., 3., 7., 55.,
       29., 8., 6., 42., 8., 83., 87., 79., 10., 5., 21., 99., 4., 52.,
       70., 1., 0., 0., 17., 115., 10., 0., 1., 12., 57., 55., 44., 17.,
       0., 0., 0., 37., 115., 50., 14., 6., 0., 8., 10., 3., 37., 105.,
       91., 31., 0., 12., 9., 0., 0., 5., 54., 62., 2., 0., 0., 5., 0.,
       0., 11., 16., 2., 63., 69., 0., 1., 3., 1., 0., 22., 115., 17.,
       0., 1., 1., 0., 0., 60., 115., 1., 0., 0., 0., 0., 0., 44., 53.,
       0., 93., 42., 11., 23., 20., 1., 25., 92., 6., 27., 104., 71.,
       39., 10., 77., 14., 46., 75., 61., 4., 2., 61., 98., 7., 12., 5.,
       1., 14., 71., 115., 45., 1., 37., 90., 42., 23., 10., 7., 48.,
       28., 29., 20., 42., 85., 43., 22., 60., 4., 115., 77., 62., 27.,
       4., 8., 18., 18., 15., 8., 47., 115., 67., 10., 1., 2., 33., 69.,
       11., 1., 0., 9., 75., 33., 11., 16., 19., 23., 6., 58., 115., 7.,
       5., 13., 50., 40., 29., 79., 66., 1., 0., 1., 25., 55., 34., 15.,
       1., 0., 8., 51., 23., 0., 0., 16., 10., 0., 4., 16., 9., 1., 1.,
       50., 39., 2., 0., 0., 0., 0., 0., 9., 11., 0., 0., 0., 0., 0., 0.,
       0., 0., 0., 55., 134., 134., 8., 0., 1., 0., 3., 134., 134., 24.,
       0., 1., 35., 47., 36., 19., 4., 3., 0., 6., 134., 51., 12., 0.,
       0., 0., 0., 0., 21., 2., 0., 134., 49., 40., 9., 0., 0., 1., 134.,
       134., 106., 64., 0., 1., 4., 3., 85., 23., 94., 49., 1., 8., 88.,
       10., 3., 0., 1., 0., 0., 0., 29., 3., 0., 81., 42., 53., 1., 0.,
       0., 1., 113., 33., 79., 134., 0., 0., 0., 0., 15., 1., 35., 25.,
       0., 0., 0., 0., 0., 0., 0., 0., 0., 0., 0., 0., 0., 25., 39., 21.,
       20., 22., 20., 17., 44., 20., 17., 5., 18., 119., 27., 7., 29.,
       124., 8., 2., 3., 29., 14., 11., 65., 46., 10., 3., 0., 0., 0.,
       0., 8., 116., 88., 36., 52., 31., 4., 2., 10., 52., 58., 56.,
       124., 77., 8., 2., 3., 124., 124., 46., 25., 7., 4., 4., 22., 34.,
       41., 18., 0., 0., 0., 0., 1., 91., 15., 5., 13., 37., 23., 18.,
       60., 60., 11., 8., 62., 124., 46., 6., 28., 124., 45., 8., 8.,
       16., 11., 5., 51., 42., 27., 40., 1., 0., 0., 0., 1., 55., 79.,
       20., 37., 11., 1., 1., 8., 24., 36., 26., 113., 58., 18., 4., 12.,
       120., 77., 18., 6., 2., 4., 3., 30., 9., 14., 54., 40., 8., 0.,
       0., 0., 81., 60., 32., 12., 12., 14., 17., 31., 36., 16., 17., 8.,
       20., 116., 69., 62., 1., 0., 0., 1., 8., 119., 85., 39., 23., 0.,
       0., 0., 1., 119., 119., 59., 109., 51., 14., 39., 11., 6., 8.,
       44., 119., 77., 21., 5., 9., 34., 25., 75., 13., 2., 2., 4., 21.,
       119., 67., 38., 5., 0., 0., 0., 2., 95., 62., 24., 43., 2., 2.,
       1., 0., 0., 28., 114., 119., 51., 7., 4., 1., 3., 5., 53., 28.,
       18., 14., 32., 27., 53., 27., 22., 2., 7., 9., 26., 23., 51., 20.,
       9., 4., 0., 0., 0., 0., 1., 29., 48., 81., 37., 16., 3., 0., 0.,
       6., 22., 19., 24., 70., 98., 3., 2., 7., 9., 0., 10., 65., 102.,
       8., 1., 0., 1., 62., 110., 11., 0., 4., 37., 6., 4., 17., 15., 3.,
       0., 7., 127., 30., 5., 0., 0., 0., 0., 3., 127., 89., 0., 0., 0.,
       0., 0., 0., 28., 45., 0., 127., 127., 3., 0., 0., 1., 1., 3.,
       127., 84., 7., 2., 7., 86., 36., 29., 8., 2., 1., 4., 29., 127.,
       121., 8., 0., 0., 0., 0., 1., 90., 110., 1., 127., 24., 0., 0.,
       1., 2., 7., 53., 127., 57., 13., 9., 5., 4., 2., 30., 12., 16.,
       15., 29., 44., 29., 23., 12., 0., 0., 0., 0., 3., 68., 47., 7.,
       36., 0., 0., 0., 0., 0., 17., 127., 90., 8., 1., 0., 0., 0., 3.,
       53., 15., 4., 1., 1., 1., 1., 17., 25., 0., 0., 0., 7., 7., 10.,
       14., 4., 66., 18., 0., 0., 0., 0., 0., 6., 93., 38., 1., 0., 0.,
       0., 1., 17., 7., 37., 7., 0., 0., 0., 2., 3., 2., 11., 12., 25.,
       11., 2., 2., 1., 136., 74., 0., 0., 0., 0., 0., 1., 136., 47., 5.,
       5., 2., 3., 21., 63., 7., 13., 26., 56., 31., 24., 33., 21., 0.,
       10., 70., 66., 4., 0., 0., 0., 136., 22., 0., 0., 0., 0., 0., 38.,
       136., 33., 37., 56., 27., 2., 3., 36., 4., 5., 100., 136., 41.,
       5., 4., 4., 0., 22., 136., 94., 2., 0., 0., 0., 136., 2., 1., 0.,
       1., 0., 0., 66., 89., 10., 15., 109., 67., 3., 1., 29., 1., 1.,
       15., 136., 70., 1., 0., 1., 8., 18., 35., 41., 9., 1., 0., 4.,
       16., 50., 62., 3., 0., 0., 0., 0., 45., 61., 67., 20., 0., 0., 0.,
       0., 52., 95., 63., 7., 0., 0., 0., 0., 54., 26., 12., 4., 0., 0.,
       0., 2., 55., 73., 58., 16., 1., 0., 0., 0., 47., 65., 82., 128.,
       13., 0., 0., 1., 128., 128., 55., 32., 1., 0., 0., 3., 101., 55.,
       31., 2., 0., 0., 0., 5., 81., 19., 11., 32., 7., 0., 0., 12., 88.,
       14., 15., 108., 57., 1., 0., 23., 128., 37., 16., 7., 3., 0., 0.,
       47., 128., 65., 25., 1., 0., 1., 1., 9., 44., 16., 2., 38., 21.,
       0., 0., 8., 128., 10., 13., 63., 33., 0., 0., 27., 128., 10., 9.,
       5., 0., 0., 0., 35., 111., 25., 12., 3., 1., 4., 5., 24., 120.,
