%YAML:1.0
---
mat: !!opencv-matrix
   rows: 141
   cols: 128
   dt: f
   data: [ 22., 122., 41., 24., 15., 26., 2., 3., 93., 21., 38., 84.,
       46., 1., 1., 42., 108., 3., 4., 2., 2., 0., 2., 78., 0., 0., 0.,
       0., 0., 0., 0., 0., 23., 25., 35., 8., 85., 122., 5., 5., 122.,
       46., 37., 19., 21., 10., 0., 39., 105., 18., 33., 93., 30., 0.,
       0., 24., 0., 0., 3., 9., 2., 0., 0., 0., 22., 2., 0., 36., 122.,
       48., 12., 23., 122., 120., 4., 10., 57., 17., 34., 15., 37., 75.,
       13., 63., 106., 26., 11., 3., 0., 0., 0., 5., 12., 9., 5., 1.,
       23., 0., 0., 79., 100., 5., 17., 55., 27., 19., 1., 2., 15., 104.,
       92., 68., 64., 72., 2., 0., 12., 60., 17., 10., 11., 14., 1., 0.,
       0., 3., 7., 5., 40., 56., 106., 69., 61., 33., 9., 41., 134., 30.,
       55., 75., 30., 18., 24., 134., 11., 6., 15., 96., 66., 65., 57.,
       33., 2., 3., 5., 3., 2., 3., 3., 4., 92., 6., 24., 32., 62., 39.,
       76., 134., 134., 11., 3., 23., 18., 32., 78., 134., 19., 3., 7.,
       49., 28., 122., 134., 14., 0., 0., 1., 1., 1., 9., 6., 0., 35.,
       4., 1., 0., 19., 30., 38., 35., 134., 34., 8., 41., 6., 2., 6.,
       19., 27., 10., 27., 128., 17., 13., 12., 4., 0., 0., 0., 0., 0.,
       0., 0., 0., 0., 0., 0., 0., 0., 0., 0., 0., 2., 0., 0., 3., 1.,
       0., 0., 0., 0., 0., 1., 7., 2., 0., 0., 0., 0., 0., 0., 0., 0.,
       0., 0., 0., 26., 16., 3., 1., 0., 0., 0., 18., 26., 17., 49., 28.,
       6., 2., 0., 8., 2., 15., 35., 13., 114., 67., 0., 0., 26., 46.,
       4., 4., 67., 50., 0., 0., 11., 94., 16., 6., 1., 0., 0., 0., 18.,
       86., 89., 114., 46., 4., 1., 3., 114., 104., 61., 25., 42., 42.,
       2., 12., 13., 15., 15., 18., 114., 104., 1., 2., 29., 44., 2., 1.,
       1., 7., 7., 5., 67., 60., 9., 21., 44., 29., 42., 48., 114., 13.,
       2., 26., 32., 12., 34., 114., 15., 1., 0., 98., 114., 24., 6., 9.,
       3., 3., 1., 2., 22., 39., 5., 1., 79., 95., 4., 2., 32., 32., 10.,
       19., 35., 52., 20., 99., 40., 0., 9., 40., 12., 0., 0., 110., 76.,
       2., 14., 67., 188., 188., 3., 4., 6., 6., 12., 53., 50., 22., 12.,
       4., 0., 4., 30., 16., 0., 3., 13., 2., 0., 0., 4., 6., 0., 0., 0.,
       0., 0., 0., 0., 0., 188., 68., 2., 9., 15., 5., 176., 188., 54.,
       20., 72., 95., 44., 3., 2., 23., 52., 76., 68., 16., 2., 0., 0.,
       2., 6., 3., 0., 0., 0., 0., 0., 0., 1., 0., 0., 2., 29., 9., 66.,
       67., 12., 5., 7., 32., 120., 63., 7., 9., 113., 21., 6., 5., 6.,
       9., 5., 17., 12., 1., 0., 0., 0., 0., 0., 0., 0., 0., 0., 0., 3.,
       2., 0., 0., 0., 0., 0., 0., 7., 9., 0., 0., 1., 0., 0., 0., 0.,
       1., 0., 0., 0., 0., 0., 0., 0., 0., 0., 0., 10., 75., 2., 2., 22.,
       115., 2., 0., 37., 107., 10., 18., 29., 25., 34., 35., 46., 6.,
       5., 44., 97., 9., 15., 51., 21., 0., 0., 0., 3., 2., 7., 31., 13.,
       27., 39., 72., 60., 97., 2., 1., 23., 104., 61., 25., 39., 111.,
       4., 2., 115., 30., 47., 49., 22., 5., 0., 41., 55., 5., 11., 24.,
       5., 0., 0., 19., 59., 20., 17., 27., 68., 71., 46., 50., 59., 11.,
       5., 15., 115., 101., 16., 36., 115., 99., 9., 20., 64., 19., 14.,
       12., 17., 27., 9., 46., 58., 14., 6., 2., 2., 17., 23., 20., 24.,
       34., 54., 21., 21., 1., 1., 81., 115., 7., 22., 48., 34., 31., 1.,
       4., 24., 74., 66., 54., 32., 48., 3., 1., 10., 33., 12., 7., 14.,
       8., 4., 2., 3., 1., 3., 17., 35., 40., 18., 10., 87., 28., 6.,
       21., 36., 55., 67., 75., 15., 2., 1., 55., 6., 3., 5., 44., 4.,
       14., 35., 111., 6., 0., 0., 26., 14., 5., 33., 35., 25., 3., 4.,
       108., 111., 24., 25., 40., 111., 22., 17., 39., 43., 3., 2., 111.,
       39., 58., 75., 54., 11., 3., 2., 65., 3., 1., 18., 111., 23., 2.,
       4., 15., 16., 1., 1., 104., 70., 62., 67., 62., 111., 56., 3.,
       25., 53., 57., 26., 12., 72., 28., 18., 39., 40., 25., 49., 78.,
       62., 10., 24., 26., 5., 0., 0., 63., 26., 16., 52., 32., 54., 28.,
       11., 66., 100., 42., 5., 4., 89., 48., 8., 7., 77., 28., 0., 0.,
       1., 5., 41., 49., 20., 41., 1., 2., 18., 43., 11., 6., 40., 97.,
       21., 43., 36., 7., 7., 38., 45., 3., 7., 89., 104., 2., 8., 75.,
       29., 6., 5., 1., 4., 51., 80., 75., 22., 24., 19., 9., 29., 43.,
       3., 4., 28., 73., 71., 40., 55., 82., 4., 5., 116., 20., 36., 56.,
       24., 3., 0., 74., 48., 47., 83., 52., 15., 5., 7., 27., 44., 8.,
       2., 1., 10., 11., 10., 51., 43., 9., 3., 16., 116., 86., 16., 35.,
       116., 116., 8., 17., 62., 18., 17., 10., 54., 60., 26., 45., 75.,
       32., 24., 33., 0., 0., 0., 16., 30., 2., 6., 7., 20., 1., 1., 50.,
       116., 12., 26., 41., 26., 49., 3., 3., 21., 105., 57., 34., 44.,
       105., 1., 1., 8., 34., 21., 34., 24., 1., 6., 65., 71., 1., 1.,
       20., 53., 4., 12., 15., 23., 58., 31., 70., 20., 60., 7., 6., 39.,
       115., 7., 2., 48., 115., 0., 0., 2., 10., 5., 17., 115., 29., 22.,
       25., 6., 0., 0., 14., 92., 20., 49., 75., 70., 15., 1., 20., 60.,
       48., 38., 23., 33., 112., 11., 16., 14., 115., 3., 0., 16., 115.,
       5., 2., 115., 39., 0., 0., 2., 1., 4., 13., 108., 36., 2., 8.,
       65., 76., 50., 26., 87., 9., 2., 2., 10., 50., 68., 115., 6., 10.,
       3., 0., 48., 115., 10., 14., 29., 8., 1., 0., 1., 3., 16., 15.,
       115., 55., 0., 0., 1., 7., 24., 16., 25., 9., 0., 0., 1., 4., 31.,
       39., 0., 0., 0., 5., 91., 40., 2., 3., 26., 18., 13., 9., 30.,
       105., 23., 14., 48., 114., 18., 15., 31., 44., 12., 12., 15., 38.,
       13., 18., 25., 9., 13., 12., 2., 2., 1., 0., 0., 0., 1., 2., 23.,
       2., 4., 11., 114., 65., 50., 53., 72., 16., 2., 5., 83., 57., 75.,
       99., 26., 38., 14., 10., 29., 83., 65., 25., 2., 10., 14., 7., 8.,
       13., 5., 1., 8., 11., 114., 110., 75., 10., 14., 3., 114., 66.,
       11., 47., 62., 9., 5., 17., 46., 15., 5., 53., 114., 71., 20.,
       19., 20., 2., 3., 7., 10., 25., 77., 50., 5., 8., 53., 49., 33.,
       64., 41., 2., 114., 114., 10., 15., 21., 18., 1., 12., 30., 114.,
       12., 2., 26., 44., 33., 33., 18., 21., 1., 1., 11., 12., 41., 81.,
       2., 2., 43., 129., 13., 1., 0., 1., 23., 6., 92., 129., 2., 4.,
       14., 73., 7., 13., 103., 19., 63., 79., 34., 47., 0., 9., 34., 3.,
       19., 13., 0., 0., 11., 16., 18., 129., 65., 25., 4., 3., 129.,
       41., 8., 15., 20., 11., 7., 68., 54., 5., 4., 26., 129., 47., 8.,
       38., 0., 0., 0., 2., 40., 12., 0., 0., 7., 9., 9., 21., 28., 42.,
       129., 57., 129., 50., 33., 21., 39., 53., 70., 23., 22., 24., 44.,
       129., 76., 6., 1., 1., 0., 0., 0., 10., 9., 1., 0., 0., 20., 34.,
       26., 33., 55., 22., 59., 33., 6., 13., 13., 60., 129., 35., 13.,
       1., 25., 23., 10., 17., 15., 12., 11., 6., 0., 0., 0., 1., 1., 1.,
       1., 0., 19., 33., 16., 6., 62., 29., 3., 8., 29., 49., 75., 62.,
       11., 1., 0., 40., 20., 3., 7., 38., 3., 1., 13., 116., 2., 5., 4.,
       0., 4., 96., 39., 47., 15., 2., 3., 53., 116., 24., 9., 23., 116.,
       18., 12., 17., 39., 2., 0., 102., 55., 35., 77., 82., 13., 0., 0.,
       89., 41., 94., 49., 7., 0., 18., 4., 4., 8., 0., 0., 85., 77.,
       35., 43., 21., 116., 63., 2., 16., 25., 35., 23., 12., 51., 40.,
       23., 83., 86., 32., 29., 31., 116., 44., 12., 6., 3., 3., 11.,
       76., 14., 2., 12., 13., 27., 36., 28., 71., 58., 32., 3., 3., 77.,
       73., 10., 4., 92., 35., 0., 0., 8., 21., 64., 56., 24., 1., 0.,
       0., 0., 1., 28., 87., 0., 39., 117., 2., 12., 20., 3., 0., 1.,
       30., 55., 37., 38., 46., 57., 15., 17., 1., 3., 60., 117., 17.,
       34., 43., 26., 17., 2., 2., 15., 43., 53., 32., 0., 53., 112., 2.,
       2., 41., 107., 2., 12., 71., 117., 66., 32., 42., 15., 0., 117.,
       15., 36., 69., 26., 2., 5., 68., 32., 4., 5., 63., 65., 38., 13.,
       31., 1., 25., 117., 16., 7., 37., 59., 8., 34., 13., 73., 61.,
       79., 51., 10., 14., 117., 73., 5., 8., 24., 6., 3., 38., 31., 29.,
