%YAML:1.0
---
mat: !!opencv-matrix
   rows: 33
   cols: 128
   dt: f
   data: [ 10., 58., 68., 16., 3., 0., 0., 0., 12., 58., 61., 12., 1.,
       0., 0., 0., 8., 21., 21., 7., 0., 0., 0., 0., 4., 12., 6., 0., 0.,
       0., 0., 1., 124., 45., 31., 33., 98., 4., 0., 14., 124., 77., 43.,
       35., 71., 2., 0., 9., 63., 61., 58., 79., 69., 4., 0., 1., 74.,
       76., 18., 4., 2., 1., 0., 0., 124., 9., 0., 18., 124., 7., 2.,
       17., 124., 20., 2., 13., 101., 5., 2., 14., 82., 28., 6., 16.,
       124., 64., 1., 3., 124., 61., 1., 1., 10., 12., 1., 2., 41., 4.,
       0., 6., 36., 47., 72., 48., 68., 14., 2., 3., 20., 26., 89., 58.,
       22., 10., 2., 1., 33., 58., 41., 25., 94., 14., 0., 0., 10., 24.,
       23., 31., 0., 3., 43., 19., 3., 0., 0., 0., 3., 24., 52., 19., 3.,
       0., 0., 0., 3., 18., 63., 35., 5., 0., 0., 0., 7., 20., 16., 1.,
       3., 0., 0., 0., 7., 7., 32., 30., 79., 21., 12., 7., 124., 51.,
       45., 31., 82., 16., 0., 12., 101., 35., 53., 58., 124., 32., 0.,
       15., 120., 31., 12., 2., 5., 1., 0., 15., 37., 9., 0., 0., 124.,
       19., 4., 9., 124., 15., 0., 1., 124., 13., 0., 6., 124., 14., 0.,
       2., 124., 19., 0., 6., 124., 15., 2., 6., 7., 1., 0., 5., 29., 2.,
       0., 1., 98., 22., 7., 13., 116., 17., 0., 2., 90., 26., 24., 29.,
       79., 16., 0., 4., 124., 44., 21., 15., 82., 28., 11., 27., 7., 7.,
       17., 12., 4., 4., 8., 8., 84., 15., 18., 30., 123., 33., 20., 15.,
       102., 8., 0., 17., 83., 23., 25., 34., 120., 5., 0., 10., 100.,
       27., 12., 13., 19., 1., 0., 9., 5., 0., 0., 20., 123., 2., 1., 4.,
       123., 7., 0., 18., 123., 2., 0., 21., 123., 3., 0., 19., 123., 2.,
       0., 11., 123., 4., 2., 10., 41., 4., 0., 10., 4., 1., 0., 25.,
       106., 37., 17., 3., 123., 16., 0., 23., 83., 37., 58., 64., 91.,
       8., 0., 27., 123., 45., 39., 30., 94., 16., 15., 8., 9., 7., 21.,
       24., 2., 0., 0., 0., 5., 18., 17., 2., 3., 0., 0., 0., 3., 17.,
       56., 28., 3., 0., 0., 0., 5., 31., 60., 16., 5., 1., 0., 0., 1.,
       6., 47., 19., 0., 1., 25., 32., 29., 3., 3., 0., 31., 9., 38.,
       75., 145., 10., 0., 4., 145., 20., 5., 12., 34., 9., 6., 34., 19.,
       0., 0., 1., 5., 22., 62., 24., 0., 1., 29., 42., 145., 53., 6.,
       0., 67., 9., 79., 118., 92., 76., 36., 10., 145., 19., 2., 15.,
       13., 6., 10., 33., 33., 2., 0., 0., 0., 3., 10., 8., 3., 0., 0.,
       0., 99., 74., 15., 4., 38., 2., 1., 4., 25., 145., 145., 36.,
       145., 26., 0., 1., 0., 61., 86., 52., 47., 11., 0., 0., 0., 2.,
       5., 4., 3., 0., 0., 0., 27., 41., 8., 3., 35., 3., 0., 0., 8.,
       37., 31., 24., 28., 1., 0., 0., 5., 46., 28., 25., 24., 0., 0.,
       0., 0., 1., 2., 11., 7., 18., 88., 15., 0., 0., 0., 0., 8., 41.,
       117., 12., 1., 0., 0., 0., 3., 18., 117., 22., 4., 1., 0., 0., 2.,
       44., 117., 6., 0., 0., 0., 0., 11., 15., 110., 46., 46., 41., 16.,
       32., 117., 74., 106., 25., 41., 33., 6., 22., 45., 21., 71., 23.,
       91., 68., 11., 14., 41., 56., 52., 5., 6., 4., 12., 13., 64., 11.,
       3., 1., 72., 88., 22., 42., 117., 12., 0., 0., 55., 84., 44.,
       103., 71., 4., 0., 0., 62., 109., 75., 50., 15., 3., 0., 0., 4.,
       13., 117., 90., 51., 20., 4., 1., 5., 11., 8., 19., 42., 3., 0.,
       0., 3., 13., 38., 82., 24., 4., 0., 0., 0., 8., 26., 31., 10., 2.,
       0., 0., 0., 1., 29., 21., 8., 21., 34., 20., 30., 40., 33., 17.,
       47., 29., 30., 58., 11., 5., 25., 50., 25., 34., 46., 51., 59.,
       31., 26., 18., 42., 3., 1., 4., 6., 11., 28., 100., 57., 53., 39.,
       18., 23., 23., 22., 40., 36., 21., 24., 131., 131., 6., 6., 15.,
       131., 71., 42., 75., 16., 3., 5., 20., 63., 16., 1., 0., 0., 0.,
       5., 15., 14., 15., 35., 35., 31., 16., 24., 37., 20., 13., 19.,
       55., 131., 70., 66., 52., 131., 8., 0., 7., 11., 15., 55., 131.,
       40., 18., 3., 0., 0., 0., 0., 7., 13., 29., 82., 131., 9., 1., 4.,
       7., 126., 101., 42., 26., 5., 9., 30., 35., 27., 13., 3., 0., 0.,
       1., 24., 44., 3., 13., 6., 0., 0., 0., 0., 2., 20., 23., 40., 5.,
       0., 0., 0., 4., 8., 25., 102., 23., 1., 0., 0., 0., 8., 31., 121.,
       37., 3., 1., 0., 0., 8., 17., 121., 31., 7., 6., 1., 1., 6., 40.,
       121., 90., 6., 1., 4., 3., 91., 72., 121., 29., 5., 14., 9., 25.,
       81., 27., 62., 35., 33., 96., 21., 30., 98., 18., 16., 7., 16.,
       52., 32., 33., 13., 18., 33., 36., 32., 32., 115., 82., 121., 48.,
       10., 1., 1., 8., 64., 97., 86., 14., 0., 0., 10., 73., 45., 64.,
       56., 2., 0., 0., 0., 12., 42., 101., 6., 15., 67., 8., 3., 8.,
       39., 41., 83., 39., 20., 3., 0., 1., 20., 27., 95., 35., 1., 0.,
       0., 0., 1., 12., 46., 17., 0., 0., 0., 0., 0., 8., 3., 4., 17.,
       78., 96., 19., 6., 0., 88., 52., 15., 23., 52., 40., 64., 58.,
       117., 74., 12., 12., 20., 5., 3., 22., 20., 32., 13., 9., 22.,
       10., 2., 3., 39., 11., 4., 43., 74., 26., 14., 18., 44., 41., 43.,
       48., 81., 43., 32., 28., 117., 117., 26., 9., 13., 12., 9., 28.,
       31., 5., 0., 0., 7., 19., 48., 35., 9., 0., 0., 1., 20., 73.,
       105., 34., 17., 3., 1., 8., 65., 117., 117., 37., 117., 21., 3.,
       8., 12., 26., 68., 92., 61., 3., 0., 0., 0., 0., 36., 45., 0., 0.,
       0., 0., 0., 19., 99., 12., 0., 0., 0., 15., 41., 94., 79., 4.,
       104., 18., 5., 22., 23., 36., 36., 34., 88., 5., 0., 0., 0., 0.,
       13., 39., 1., 1., 7., 59., 81., 5., 1., 0., 120., 28., 7., 18.,
       59., 4., 0., 1., 80., 10., 12., 57., 2., 0., 0., 0., 4., 6., 80.,
       62., 0., 0., 0., 5., 3., 1., 2., 15., 120., 43., 18., 7., 120.,
       16., 2., 14., 91., 12., 0., 3., 83., 8., 11., 120., 83., 1., 0.,
       8., 57., 5., 33., 74., 11., 0., 3., 120., 2., 0., 0., 7., 120.,
       52., 11., 5., 120., 8., 1., 5., 84., 44., 37., 47., 77., 4., 0.,
       28., 120., 56., 6., 33., 120., 9., 0., 3., 11., 8., 2., 83., 0.,
       0., 0., 0., 13., 41., 15., 0., 7., 0., 0., 0., 4., 38., 71., 34.,
       13., 0., 0., 0., 22., 111., 27., 17., 58., 20., 3., 1., 1., 27.,
       21., 14., 1., 1., 1., 25., 110., 30., 3., 2., 110., 18., 2., 10.,
       47., 26., 9., 61., 83., 9., 2., 10., 38., 44., 8., 31., 92., 9.,
       1., 1., 2., 4., 3., 28., 0., 1., 7., 27., 89., 110., 42., 1., 82.,
       24., 17., 16., 24., 49., 102., 93., 71., 21., 5., 32., 68., 18.,
       5., 34., 108., 20., 2., 4., 2., 2., 1., 14., 2., 3., 37., 104.,
       85., 41., 11., 2., 106., 70., 80., 51., 27., 20., 24., 27., 81.,
       14., 2., 18., 92., 12., 1., 17., 110., 1., 0., 1., 2., 1., 1.,
       24., 4., 4., 11., 94., 110., 29., 3., 2., 110., 37., 18., 29.,
       27., 17., 7., 23., 80., 5., 2., 19., 38., 19., 9., 23., 72., 1.,
       0., 0., 0., 1., 2., 27., 0., 1., 1., 31., 61., 1., 0., 0., 36.,
       15., 9., 32., 73., 3., 2., 20., 24., 14., 6., 30., 109., 30., 16.,
       23., 105., 24., 3., 3., 8., 7., 16., 107., 2., 1., 1., 32., 103.,
       1., 0., 1., 91., 8., 2., 23., 77., 12., 1., 21., 27., 18., 20.,
       31., 109., 69., 75., 44., 97., 35., 7., 3., 3., 4., 43., 106., 3.,
       2., 1., 21., 106., 17., 2., 4., 65., 16., 7., 39., 72., 18., 5.,
       35., 25., 57., 108., 87., 74., 22., 21., 17., 79., 109., 34., 1.,
       0., 1., 11., 32., 4., 6., 4., 35., 93., 6., 1., 2., 42., 39., 7.,
       39., 89., 6., 2., 11., 61., 26., 11., 65., 109., 13., 2., 15.,
       109., 21., 2., 1., 0., 0., 0., 33., 33., 7., 0., 2., 131., 64.,
       3., 2., 131., 69., 8., 9., 25., 9., 3., 5., 24., 37., 78., 35.,
       4., 0., 3., 3., 14., 32., 17., 1., 0., 0., 0., 1., 15., 9., 2.,
       41., 131., 32., 2., 2., 131., 82., 7., 28., 64., 19., 7., 22.,
       64., 37., 41., 43., 29., 46., 48., 46., 71., 31., 7., 0., 0., 0.,
       7., 45., 5., 1., 1., 14., 106., 131., 39., 10., 131., 12., 11.,
       15., 27., 66., 73., 120., 46., 33., 35., 47., 27., 31., 35., 37.,
       64., 41., 8., 1., 0., 0., 7., 34., 0., 0., 5., 48., 76., 23., 6.,
