%YAML:1.0
---
mat: !!opencv-matrix
   rows: 91
   cols: 128
   dt: f
   data: [ 7., 10., 0., 0., 0., 0., 0., 0., 178., 87., 0., 0., 0., 0.,
       0., 18., 149., 32., 1., 12., 31., 1., 0., 10., 0., 1., 7., 11.,
       12., 0., 0., 0., 44., 24., 0., 0., 0., 0., 0., 2., 178., 51., 0.,
       1., 1., 0., 0., 114., 134., 7., 2., 43., 30., 0., 0., 48., 0., 2.,
       11., 20., 8., 0., 0., 0., 63., 47., 2., 0., 0., 0., 2., 15., 178.,
       129., 1., 1., 2., 0., 1., 57., 110., 20., 3., 30., 47., 1., 0.,
       9., 0., 3., 14., 11., 4., 0., 0., 0., 35., 2., 0., 0., 0., 0., 7.,
       40., 178., 3., 0., 1., 2., 0., 1., 110., 54., 1., 0., 13., 35.,
       2., 0., 11., 0., 1., 3., 5., 5., 3., 1., 0., 0., 0., 0., 0., 0.,
       0., 0., 0., 12., 2., 0., 0., 0., 0., 0., 0., 7., 1., 0., 0., 0.,
       0., 1., 1., 0., 0., 0., 0., 0., 0., 3., 1., 40., 1., 0., 3., 6.,
       0., 0., 3., 205., 16., 0., 0., 1., 0., 0., 12., 172., 4., 0., 0.,
       0., 0., 9., 28., 0., 0., 1., 1., 0., 0., 23., 10., 58., 0., 0.,
       1., 1., 0., 1., 18., 205., 15., 0., 0., 0., 0., 1., 24., 205.,
       10., 1., 10., 1., 0., 2., 10., 1., 0., 29., 47., 2., 0., 5., 3.,
       17., 0., 0., 0., 0., 0., 10., 30., 205., 8., 0., 0., 0., 0., 8.,
       73., 205., 13., 1., 18., 23., 3., 0., 2., 4., 2., 11., 46., 25.,
       5., 6., 16., 0., 2., 71., 9., 0., 0., 0., 0., 39., 42., 58., 0.,
       0., 0., 0., 0., 191., 34., 2., 0., 0., 0., 0., 4., 58., 1., 0.,
       0., 0., 0., 0., 2., 0., 4., 85., 10., 0., 0., 0., 0., 94., 64.,
       52., 0., 0., 0., 0., 0., 191., 27., 1., 0., 0., 0., 0., 10., 63.,
       3., 1., 0., 0., 0., 0., 3., 0., 5., 67., 7., 0., 0., 0., 0., 154.,
       63., 32., 0., 0., 0., 0., 1., 191., 18., 0., 0., 0., 0., 0., 11.,
       51., 9., 1., 0., 0., 0., 0., 1., 0., 4., 48., 4., 0., 0., 1., 0.,
       174., 39., 20., 0., 0., 0., 0., 2., 191., 12., 0., 0., 0., 0., 0.,
       6., 29., 10., 8., 0., 0., 0., 0., 0., 1., 0., 0., 0., 0., 0., 0.,
       0., 154., 25., 0., 0., 0., 0., 0., 34., 169., 20., 2., 10., 10.,
       0., 0., 44., 2., 4., 17., 10., 7., 0., 0., 0., 15., 4., 0., 0.,
       0., 0., 0., 0., 169., 19., 0., 1., 1., 0., 0., 132., 134., 4., 6.,
       50., 24., 0., 0., 97., 0., 4., 29., 16., 5., 0., 0., 0., 35., 22.,
       0., 0., 0., 0., 0., 2., 169., 98., 0., 3., 4., 0., 0., 42., 112.,
       19., 7., 41., 49., 0., 0., 11., 0., 7., 22., 11., 2., 0., 0., 0.,
       95., 29., 0., 0., 0., 0., 0., 15., 169., 30., 0., 10., 5., 0., 0.,
       147., 46., 2., 6., 44., 30., 0., 0., 19., 0., 5., 12., 8., 1., 0.,
       0., 0., 0., 0., 0., 0., 0., 0., 0., 0., 10., 1., 0., 0., 0., 0.,
       0., 0., 4., 0., 0., 0., 0., 0., 1., 2., 0., 0., 1., 1., 1., 0.,
       2., 1., 39., 1., 0., 0., 0., 0., 0., 4., 206., 25., 0., 0., 0.,
       0., 0., 19., 160., 9., 23., 12., 0., 0., 6., 18., 0., 4., 29.,
       34., 16., 3., 6., 4., 23., 0., 0., 0., 0., 0., 0., 12., 206., 17.,
       1., 2., 1., 0., 0., 96., 187., 25., 43., 56., 12., 0., 0., 4.,
       10., 31., 42., 20., 13., 10., 2., 1., 1., 0., 0., 0., 0., 0., 0.,
       2., 206., 111., 4., 3., 0., 0., 0., 25., 86., 72., 33., 90., 28.,
       0., 0., 1., 17., 105., 37., 28., 8., 1., 0., 0., 0., 3., 78., 68.,
       17., 4., 1., 0., 4., 52., 118., 35., 2., 1., 2., 1., 20., 118.,
       94., 0., 0., 1., 3., 3., 10., 63., 32., 0., 0., 0., 0., 0., 13.,
       10., 19., 103., 118., 33., 4., 1., 118., 44., 27., 31., 19., 14.,
       32., 30., 65., 65., 23., 19., 23., 12., 46., 29., 66., 79., 15.,
       3., 1., 0., 0., 13., 9., 1., 5., 18., 51., 118., 44., 19., 118.,
       15., 2., 6., 18., 86., 40., 56., 61., 28., 14., 45., 118., 41.,
       12., 19., 118., 40., 8., 7., 9., 5., 3., 34., 1., 0., 0., 0., 4.,
       68., 39., 13., 10., 0., 0., 0., 3., 76., 91., 33., 15., 0., 0.,
       0., 25., 101., 46., 34., 94., 0., 0., 0., 2., 12., 15., 68., 30.,
       1., 1., 42., 116., 27., 6., 28., 52., 4., 4., 28., 15., 7., 35.,
       98., 95., 25., 7., 24., 19., 4., 13., 30., 19., 5., 1., 30., 116.,
       43., 23., 12., 51., 3., 1., 28., 100., 39., 41., 49., 66., 20.,
       25., 116., 85., 14., 11., 38., 116., 84., 26., 45., 32., 12., 5.,
       29., 31., 31., 27., 25., 79., 63., 25., 13., 1., 0., 5., 1., 23.,
       60., 89., 29., 8., 3., 3., 16., 107., 116., 109., 49., 116., 11.,
       4., 4., 10., 24., 75., 116., 20., 3., 10., 2., 12., 108., 73.,
       23., 0., 0., 36., 3., 1., 6., 5., 1., 0., 5., 31., 1., 2., 26.,
       38., 8., 5., 10., 41., 1., 0., 1., 24., 35., 2., 2., 54., 4., 0.,
       3., 3., 2., 11., 69., 51., 6., 0., 0., 90., 34., 16., 55., 55.,
       10., 0., 6., 117., 20., 3., 49., 62., 8., 1., 26., 117., 2., 5.,
       22., 2., 0., 2., 38., 117., 1., 33., 117., 48., 6., 0., 0., 1.,
       9., 113., 101., 51., 10., 5., 15., 13., 29., 53., 83., 39., 13.,
       44., 59., 14., 11., 83., 66., 1., 0., 9., 3., 1., 3., 27., 8., 3.,
       3., 1., 1., 107., 117., 117., 31., 7., 9., 6., 11., 82., 80., 55.,
       17., 10., 33., 68., 23., 36., 53., 97., 9., 3., 0., 8., 3., 3.,
       56., 7., 39., 26., 0., 0., 0., 60., 61., 2., 11., 45., 18., 2.,
       15., 68., 17., 4., 7., 74., 40., 6., 9., 41., 24., 16., 61., 69.,
       7., 2., 1., 2., 17., 0., 0., 0., 0., 0., 3., 68., 5., 79., 0., 0.,
       0., 0., 11., 53., 22., 195., 1., 0., 0., 0., 1., 1., 35., 55., 2.,
       0., 1., 0., 0., 0., 2., 21., 3., 0., 5., 5., 5., 102., 59., 83.,
       0., 0., 24., 59., 61., 89., 24., 195., 1., 0., 1., 7., 6., 2.,
       23., 65., 2., 0., 1., 1., 0., 0., 2., 38., 19., 48., 24., 17., 1.,
       5., 49., 75., 0., 21., 53., 84., 21., 6., 12., 195., 1., 0., 2.,
       6., 3., 2., 22., 56., 1., 1., 0., 0., 0., 0., 2., 6., 14., 42.,
       6., 1., 3., 82., 25., 57., 2., 21., 19., 23., 36., 59., 8., 195.,
       6., 0., 1., 3., 3., 1., 10., 42., 1., 0., 1., 1., 0., 0., 1., 0.,
       0., 0., 13., 31., 13., 11., 8., 1., 1., 6., 27., 85., 61., 11.,
       3., 85., 6., 4., 8., 17., 24., 32., 112., 44., 0., 0., 0., 1., 4.,
       12., 74., 0., 1., 9., 89., 32., 0., 0., 0., 13., 28., 58., 129.,
       63., 13., 5., 5., 129., 93., 34., 12., 3., 6., 8., 44., 66., 12.,
       3., 5., 5., 1., 1., 17., 0., 0., 54., 129., 17., 0., 0., 0., 27.,
       17., 40., 68., 71., 30., 24., 29., 129., 29., 5., 3., 2., 4., 12.,
       76., 61., 9., 13., 29., 8., 0., 0., 3., 0., 5., 118., 129., 8.,
       0., 0., 0., 36., 99., 129., 7., 1., 1., 1., 3., 129., 77., 7., 2.,
       2., 0., 1., 7., 28., 4., 22., 68., 43., 14., 1., 0., 4., 0., 0.,
       0., 0., 1., 63., 33., 76., 0., 0., 1., 8., 22., 115., 53., 200.,
       0., 0., 0., 1., 2., 6., 49., 65., 1., 0., 0., 2., 0., 0., 2., 22.,
       19., 6., 3., 1., 1., 11., 27., 99., 10., 11., 31., 27., 18., 25.,
       25., 200., 0., 0., 2., 3., 2., 2., 29., 75., 1., 2., 3., 1., 0.,
       0., 2., 5., 17., 28., 1., 0., 1., 18., 23., 81., 22., 51., 25.,
       9., 25., 35., 20., 200., 33., 3., 3., 1., 2., 2., 11., 64., 6.,
       7., 42., 15., 0., 0., 0., 3., 14., 41., 0., 0., 0., 5., 21., 65.,
       30., 64., 13., 5., 8., 24., 22., 200., 70., 4., 2., 2., 1., 1.,
       1., 47., 13., 2., 28., 60., 6., 0., 0., 4., 32., 147., 0., 0.,
       13., 32., 13., 3., 42., 147., 0., 2., 10., 16., 7., 5., 27., 147.,
       3., 2., 6., 16., 17., 0., 1., 147., 16., 6., 20., 12., 1., 42.,
       30., 6., 0., 2., 57., 78., 28., 23., 6., 8., 2., 83., 62., 55.,
       14., 143., 7., 10., 3., 32., 25., 40., 72., 6., 1., 9., 13., 128.,
       71., 28., 7., 26., 95., 59., 9., 3., 6., 4., 0., 26., 40., 39.,
       58., 112., 16., 5., 0., 147., 61., 16., 28., 41., 1., 1., 3., 6.,
       6., 8., 59., 147., 5., 0., 1., 1., 12., 17., 3., 0., 0., 0., 0.,
       3., 10., 14., 18., 4., 0., 0., 0., 15., 23., 6., 8., 2., 0., 0.,
       0., 0., 2., 3., 19., 15., 0., 0., 0., 8., 10., 2., 0., 0., 0., 8.,
       12., 37., 12., 12., 20., 10., 15., 23., 21., 191., 0., 0., 4., 4.,
       4., 2., 55., 77., 0., 3., 4., 0., 0., 0., 10., 3., 20., 37., 0.,
