%YAML:1.0
---
mat: !!opencv-matrix
   rows: 58
   cols: 128
   dt: f
   data: [ 0., 0., 0., 3., 60., 20., 0., 0., 37., 12., 9., 20., 135.,
       51., 0., 0., 135., 38., 5., 2., 32., 8., 0., 2., 27., 4., 0., 0.,
       135., 33., 0., 1., 0., 20., 57., 25., 42., 5., 0., 0., 32., 5.,
       8., 55., 135., 24., 2., 5., 135., 36., 0., 3., 48., 4., 2., 22.,
       34., 7., 0., 3., 135., 31., 2., 2., 3., 42., 112., 26., 4., 2.,
       59., 16., 8., 1., 24., 64., 59., 11., 108., 76., 93., 2., 0., 1.,
       13., 8., 47., 135., 13., 0., 0., 1., 64., 81., 48., 13., 1., 1.,
       1., 0., 0., 3., 130., 22., 0., 0., 0., 0., 0., 0., 111., 50., 0.,
       0., 0., 0., 0., 1., 33., 45., 0., 0., 0., 0., 1., 11., 19., 2.,
       1., 5., 13., 4., 0., 0., 0., 0., 0., 0., 31., 52., 0., 0., 0., 0.,
       0., 0., 107., 66., 0., 0., 1., 0., 0., 2., 129., 34., 1., 2., 4.,
       0., 40., 73., 54., 15., 13., 1., 0., 0., 12., 7., 40., 129., 96.,
       3., 0., 1., 74., 10., 87., 79., 9., 1., 23., 65., 6., 1., 37.,
       16., 2., 36., 129., 33., 129., 56., 6., 2., 27., 9., 0., 1., 43.,
       7., 1., 20., 129., 60., 0., 1., 129., 44., 2., 5., 37., 11., 5.,
       38., 52., 13., 0., 0., 0., 10., 41., 22., 129., 51., 0., 0., 25.,
       9., 0., 0., 34., 14., 0., 1., 129., 54., 3., 1., 129., 63., 0.,
       0., 50., 23., 11., 20., 71., 34., 0., 0., 0., 0., 0., 6., 140.,
       12., 3., 3., 32., 3., 0., 14., 42., 2., 7., 51., 140., 2., 0., 9.,
       140., 4., 13., 12., 17., 2., 24., 90., 8., 1., 5., 1., 1., 66.,
       79., 19., 140., 4., 0., 5., 53., 1., 0., 1., 69., 4., 0., 18.,
       140., 17., 4., 7., 140., 23., 0., 1., 21., 3., 4., 23., 35., 4.,
       0., 0., 2., 13., 5., 3., 140., 5., 0., 2., 32., 10., 3., 5., 29.,
       1., 1., 4., 79., 98., 106., 26., 107., 7., 0., 0., 4., 10., 81.,
       106., 26., 3., 0., 0., 2., 0., 1., 10., 140., 15., 2., 2., 11.,
       4., 10., 22., 20., 23., 41., 20., 4., 7., 28., 4., 1., 38., 25.,
       1., 0., 0., 24., 14., 1., 2., 15., 7., 1., 0., 1., 3., 16., 1.,
       1., 1., 122., 42., 17., 7., 122., 8., 1., 4., 95., 12., 1., 6.,
       101., 4., 2., 20., 122., 7., 1., 16., 121., 5., 1., 1., 2., 16.,
       23., 38., 22., 0., 0., 2., 122., 3., 0., 4., 122., 6., 0., 2.,
       115., 14., 5., 7., 78., 4., 2., 2., 70., 74., 86., 50., 95., 4.,
       0., 0., 1., 2., 22., 60., 5., 0., 0., 6., 122., 39., 17., 4.,
       122., 10., 4., 5., 62., 30., 53., 61., 38., 45., 72., 28., 18.,
       14., 34., 17., 3., 47., 68., 8., 1., 0., 9., 15., 1., 0., 0., 0.,
       8., 24., 24., 3., 4., 0., 0., 2., 12., 32., 64., 28., 2., 18.,
       22., 16., 39., 90., 55., 4., 1., 34., 52., 5., 1., 10., 86., 7.,
       0., 0., 0., 0., 67., 133., 22., 1., 56., 8., 2., 4., 40., 101.,
       66., 54., 133., 8., 1., 0., 1., 14., 34., 70., 8., 0., 0., 0., 0.,
       11., 87., 73., 0., 0., 0., 8., 108., 85., 15., 1., 61., 7., 1.,
       19., 133., 101., 7., 10., 133., 15., 0., 2., 3., 5., 4., 51., 29.,
       1., 0., 0., 0., 3., 27., 41., 0., 0., 0., 10., 133., 32., 4., 1.,
       27., 2., 0., 14., 110., 102., 29., 13., 133., 18., 1., 1., 5.,
       16., 14., 50., 60., 6., 10., 2., 0., 1., 5., 8., 0., 1., 29., 15.,
       46., 42., 1., 0., 2., 0., 19., 14., 30., 75., 46., 21., 62., 8.,
       50., 7., 3., 3., 21., 80., 14., 5., 95., 22., 0., 0., 0., 3., 42.,
       104., 50., 1., 0., 4., 2., 4., 11., 17., 32., 10., 2., 0., 0., 0.,
       0., 9., 32., 5., 3., 0., 0., 0., 0., 2., 1., 2., 3., 0., 0., 0.,
       76., 33., 7., 6., 13., 41., 61., 62., 25., 25., 120., 117., 96.,
       8., 2., 6., 117., 116., 117., 21., 7., 0., 0., 7., 27., 12., 1.,
       2., 2., 1., 0., 3., 4., 31., 63., 10., 35., 18., 30., 11., 43.,
       10., 11., 25., 158., 26., 3., 3., 158., 18., 7., 6., 42., 2., 1.,
       24., 46., 0., 0., 13., 15., 0., 0., 7., 114., 67., 53., 17., 35.,
       2., 0., 8., 62., 9., 2., 4., 158., 3., 0., 3., 158., 2., 0., 0.,
       40., 0., 0., 1., 36., 0., 0., 10., 51., 1., 0., 0., 50., 1., 0.,
       0., 38., 1., 0., 9., 43., 1., 0., 0., 158., 6., 0., 0., 158., 6.,
       0., 3., 60., 10., 2., 3., 34., 2., 0., 7., 112., 68., 56., 18.,
       16., 0., 0., 6., 47., 1., 0., 12., 43., 3., 1., 21., 158., 19.,
       7., 6., 158., 30., 3., 3., 42., 10., 11., 25., 35., 18., 31., 12.,
       3., 29., 62., 10., 2., 1., 0., 3., 28., 12., 1., 2., 7., 0., 0.,
       7., 118., 116., 117., 21., 95., 8., 2., 6., 25., 25., 120., 118.,
       13., 40., 60., 61., 78., 35., 8., 6., 3., 0., 0., 0., 0., 2., 1.,
       2., 3., 0., 0., 0., 0., 9., 32., 5., 2., 0., 0., 0., 10., 16.,
       32., 10., 0., 4., 2., 4., 40., 103., 50., 1., 1., 8., 44., 1., 0.,
       0., 1., 2., 1., 6., 57., 0., 0., 0., 0., 1., 2., 14., 28., 0., 0.,
       0., 0., 1., 0., 2., 15., 11., 0., 0., 1., 0., 2., 16., 136., 10.,
       1., 8., 48., 13., 9., 28., 138., 28., 22., 38., 16., 1., 93.,
       112., 100., 11., 11., 2., 0., 6., 14., 12., 50., 117., 45., 0.,
       0., 3., 24., 4., 2., 1., 12., 22., 91., 40., 35., 5., 8., 6.,
       138., 108., 29., 5., 138., 17., 4., 4., 64., 9., 1., 16., 54., 2.,
       4., 34., 138., 5., 0., 8., 63., 5., 0., 0., 21., 2., 1., 4., 26.,
       1., 0., 0., 138., 12., 0., 0., 138., 10., 0., 3., 65., 4., 0., 1.,
       44., 4., 0., 8., 138., 23., 10., 6., 1., 6., 68., 5., 0., 0., 5.,
       9., 7., 7., 108., 22., 0., 0., 2., 8., 4., 24., 119., 18., 1., 0.,
       0., 0., 2., 14., 95., 67., 1., 0., 0., 1., 4., 11., 119., 26.,
       25., 52., 14., 6., 84., 47., 119., 29., 14., 25., 10., 17., 31.,
       36., 92., 27., 56., 77., 10., 10., 50., 33., 39., 51., 27., 11.,
       8., 12., 22., 17., 8., 20., 119., 99., 16., 14., 119., 26., 3.,
       3., 66., 45., 7., 67., 85., 3., 0., 0., 119., 98., 5., 23., 91.,
       6., 4., 1., 20., 20., 33., 56., 8., 28., 21., 32., 35., 5., 36.,
       43., 56., 0., 0., 4., 20., 10., 23., 119., 21., 0., 0., 0., 47.,
       87., 43., 33., 28., 4., 8., 3., 8., 41., 65., 31., 2., 1., 123.,
       109., 0., 0., 18., 30., 99., 12., 23., 60., 1., 0., 8., 126.,
       108., 29., 1., 0., 0., 0., 0., 65., 6., 2., 0., 0., 5., 3., 1.,
       2., 1., 0., 14., 7., 3., 13., 126., 111., 34., 35., 15., 8., 47.,
       45., 64., 90., 126., 108., 11., 2., 5., 2., 0., 8., 29., 6., 0.,
       0., 4., 3., 1., 3., 0., 0., 7., 4., 17., 21., 74., 14., 23., 4.,
       2., 14., 126., 79., 11., 4., 126., 12., 1., 2., 22., 7., 2., 20.,
       42., 0., 0., 0., 2., 3., 1., 8., 0., 0., 126., 35., 5., 1., 1.,
       0., 22., 13., 81., 125., 64., 4., 2., 2., 126., 29., 7., 13., 10.,
       0., 0., 7., 33., 0., 0., 0., 0., 1., 1., 4., 2., 4., 1., 5., 3.,
       0., 0., 0., 1., 0., 0., 65., 125., 2., 0., 1., 22., 2., 4., 34.,
       97., 16., 71., 71., 5., 8., 15., 1., 0., 30., 125., 32., 5., 2.,
       1., 17., 21., 0., 0., 0., 12., 1., 2., 101., 125., 5., 0., 2.,
       125., 13., 4., 20., 34., 3., 7., 53., 38., 12., 12., 0., 0., 9.,
       46., 22., 3., 1., 1., 8., 34., 6., 0., 0., 7., 1., 2., 43., 125.,
       78., 5., 5., 93., 48., 105., 49., 17., 20., 6., 12., 12., 52.,
       125., 7., 0., 0., 0., 0., 1., 1., 1., 38., 20., 2., 0., 0., 0.,
       0., 2., 125., 74., 13., 7., 7., 0., 2., 74., 125., 13., 7., 86.,
       36., 0., 15., 116., 10., 0., 14., 125., 7., 141., 31., 0., 0.,
       20., 31., 5., 9., 34., 15., 2., 4., 49., 46., 6., 11., 86., 16.,
       0., 0., 0., 1., 23., 30., 3., 0., 0., 0., 0., 0., 33., 18., 146.,
       18., 0., 0., 20., 27., 3., 31., 27., 16., 4., 5., 113., 80., 4.,
       6., 146., 52., 3., 1., 7., 5., 3., 19., 18., 2., 0., 0., 0., 0.,
       19., 15., 146., 146., 2., 0., 8., 13., 1., 12., 24., 7., 1., 1.,
       76., 135., 12., 10., 146., 10., 1., 0., 9., 32., 16., 56., 33.,
       0., 0., 0., 0., 0., 13., 22., 146., 146., 3., 5., 20., 16., 1.,
       5., 55., 7., 0., 0., 11., 57., 31., 8., 23., 0., 0., 0., 2., 20.,
       50., 57., 9., 0., 0., 0., 0., 0., 7., 22., 0., 10., 13., 4., 0.,
