%YAML:1.0
---
mat: !!opencv-matrix
   rows: 78
   cols: 128
   dt: f
   data: [ 0., 2., 2., 29., 6., 0., 0., 0., 0., 0., 43., 117., 7., 0.,
       1., 8., 0., 0., 93., 89., 1., 5., 47., 29., 14., 33., 73., 22.,
       2., 14., 75., 16., 1., 1., 0., 70., 85., 0., 0., 0., 75., 2., 7.,
       117., 61., 0., 4., 76., 31., 0., 4., 8., 1., 3., 81., 117., 2.,
       0., 8., 26., 7., 18., 114., 20., 2., 2., 0., 16., 117., 16., 0.,
       0., 117., 68., 1., 16., 109., 12., 0., 14., 97., 44., 0., 1., 6.,
       2., 2., 19., 0., 1., 9., 50., 95., 31., 1., 1., 3., 2., 0., 0.,
       78., 48., 0., 0., 45., 104., 2., 0., 111., 97., 0., 0., 44., 117.,
       21., 0., 3., 6., 0., 0., 0., 21., 33., 13., 62., 36., 0., 0., 0.,
       3., 29., 22., 0., 1., 2., 0., 0., 1., 97., 49., 0., 1., 3., 1.,
       1., 36., 115., 11., 1., 1., 0., 1., 0., 44., 26., 1., 4., 1., 0.,
       0., 27., 56., 75., 81., 39., 4., 0., 0., 82., 11., 95., 89., 25.,
       12., 31., 42., 13., 55., 101., 14., 9., 115., 68., 17., 50., 115.,
       29., 1., 6., 41., 1., 0., 102., 35., 2., 6., 82., 38., 8., 3.,
       115., 20., 0., 3., 45., 30., 34., 62., 66., 8., 0., 2., 62., 115.,
       24., 18., 105., 45., 0., 1., 80., 93., 2., 4., 107., 20., 2., 1.,
       41., 28., 20., 18., 44., 18., 47., 9., 5., 12., 46., 60., 17., 9.,
       50., 52., 43., 5., 1., 15., 52., 1., 2., 31., 74., 11., 2., 44.,
       0., 0., 1., 3., 1., 3., 19., 6., 0., 1., 26., 12., 1., 42., 34.,
       3., 5., 7., 22., 5., 36., 19., 37., 22., 26., 7., 13., 28., 140.,
       12., 1., 2., 1., 0., 1., 15., 33., 3., 0., 0., 8., 18., 97., 104.,
       95., 6., 0., 0., 80., 93., 85., 16., 45., 2., 1., 5., 52., 5., 1.,
       4., 140., 5., 0., 1., 1., 10., 5., 4., 52., 7., 0., 0., 42., 5.,
       5., 25., 140., 20., 0., 2., 140., 15., 4., 4., 64., 4., 0., 18.,
       60., 2., 0., 2., 140., 4., 0., 2., 1., 54., 77., 27., 14., 1., 5.,
       2., 32., 1., 16., 82., 135., 5., 16., 21., 140., 2., 0., 7., 44.,
       3., 5., 50., 30., 7., 0., 14., 140., 16., 6., 2., 140., 15., 6.,
       2., 30., 7., 0., 15., 44., 3., 5., 51., 140., 2., 0., 7., 133.,
       5., 16., 22., 32., 1., 16., 83., 14., 1., 6., 2., 1., 54., 77.,
       28., 140., 3., 0., 2., 61., 1., 0., 2., 64., 3., 0., 19., 140.,
       15., 4., 5., 140., 19., 0., 3., 42., 5., 5., 26., 52., 6., 0., 0.,
       1., 10., 6., 5., 140., 4., 0., 1., 52., 5., 1., 4., 44., 2., 1.,
       5., 80., 93., 85., 16., 95., 5., 0., 0., 8., 18., 97., 104., 33.,
       3., 0., 0., 1., 0., 1., 15., 140., 11., 1., 2., 25., 7., 14., 28.,
       35., 19., 37., 22., 5., 7., 22., 5., 1., 42., 33., 2., 0., 1.,
       26., 12., 1., 3., 19., 5., 0., 0., 1., 3., 17., 1., 1., 1., 125.,
       43., 15., 6., 125., 8., 1., 4., 97., 11., 0., 6., 101., 3., 2.,
       19., 125., 7., 2., 17., 117., 4., 1., 1., 2., 17., 23., 37., 22.,
       0., 0., 2., 125., 3., 0., 3., 125., 6., 0., 2., 110., 16., 5., 8.,
       73., 3., 2., 2., 65., 72., 89., 52., 90., 4., 0., 0., 1., 2., 20.,
       57., 6., 0., 0., 4., 125., 45., 18., 6., 125., 9., 4., 6., 56.,
       31., 49., 63., 32., 43., 77., 28., 17., 13., 34., 15., 3., 42.,
       71., 8., 0., 0., 8., 14., 1., 0., 0., 0., 8., 27., 27., 2., 4.,
       0., 0., 2., 16., 36., 63., 25., 2., 19., 25., 17., 40., 88., 56.,
       4., 2., 31., 54., 5., 0., 8., 85., 7., 0., 0., 0., 0., 67., 111.,
       20., 2., 25., 4., 3., 3., 82., 133., 64., 36., 133., 7., 2., 1.,
       3., 16., 27., 84., 17., 0., 0., 0., 4., 34., 100., 60., 0., 0.,
       0., 20., 94., 49., 12., 4., 33., 5., 2., 40., 133., 90., 6., 6.,
       133., 10., 2., 3., 9., 8., 5., 50., 45., 1., 0., 0., 0., 4., 22.,
       48., 1., 1., 0., 26., 133., 17., 1., 1., 18., 1., 1., 29., 121.,
       94., 17., 11., 133., 10., 0., 2., 7., 22., 11., 56., 73., 5., 6.,
       0., 0., 2., 2., 8., 0., 2., 44., 15., 47., 30., 0., 0., 2., 0.,
       25., 14., 33., 71., 40., 19., 62., 10., 49., 3., 3., 4., 22., 84.,
       17., 7., 94., 9., 0., 0., 0., 4., 22., 0., 0., 0., 66., 2., 0.,
       4., 53., 2., 0., 0., 157., 9., 0., 0., 157., 10., 0., 2., 45.,
       10., 2., 4., 22., 1., 0., 4., 84., 74., 61., 13., 7., 0., 0., 7.,
       80., 1., 0., 4., 52., 4., 0., 14., 157., 25., 7., 8., 157., 32.,
       2., 2., 32., 8., 8., 26., 34., 16., 31., 14., 1., 21., 47., 6.,
       1., 0., 0., 3., 41., 20., 2., 1., 8., 0., 0., 4., 114., 125.,
       125., 26., 97., 8., 1., 5., 20., 21., 112., 121., 13., 25., 55.,
       65., 78., 27., 5., 7., 3., 0., 0., 0., 1., 4., 3., 1., 1., 0., 0.,
       0., 0., 13., 44., 4., 0., 0., 0., 0., 11., 17., 39., 10., 0., 2.,
       2., 4., 49., 104., 38., 1., 59., 108., 37., 1., 0., 4., 4., 8.,
       16., 20., 39., 9., 0., 0., 0., 0., 0., 13., 44., 3., 1., 0., 0.,
       0., 0., 4., 3., 1., 2., 0., 0., 0., 68., 19., 3., 6., 14., 30.,
       61., 66., 22., 20., 112., 119., 99., 6., 2., 6., 111., 125., 127.,
       25., 8., 0., 0., 6., 40., 21., 3., 1., 1., 0., 0., 4., 2., 29.,
       50., 7., 40., 13., 26., 10., 35., 8., 8., 31., 158., 16., 1., 3.,
       158., 21., 7., 9., 48., 1., 0., 31., 70., 1., 0., 5., 6., 0., 0.,
       11., 98., 69., 47., 11., 28., 1., 0., 8., 50., 6., 1., 11., 158.,
       2., 0., 3., 158., 0., 0., 1., 42., 0., 0., 10., 52., 0., 0., 7.,
       25., 0., 0., 1., 0., 10., 53., 0., 0., 0., 1., 1., 0., 5., 67.,
       0., 0., 0., 0., 1., 1., 14., 31., 1., 0., 0., 0., 0., 0., 3., 14.,
       10., 0., 0., 1., 0., 1., 20., 130., 7., 2., 11., 47., 12., 10.,
       31., 140., 30., 24., 35., 11., 1., 93., 115., 91., 10., 9., 1.,
       0., 5., 11., 12., 45., 118., 39., 0., 0., 2., 14., 2., 1., 1.,
       19., 32., 93., 33., 45., 6., 8., 7., 140., 108., 19., 4., 140.,
       16., 4., 4., 57., 7., 0., 19., 43., 2., 3., 41., 140., 3., 0., 8.,
       41., 3., 0., 0., 35., 2., 1., 4., 38., 1., 0., 0., 140., 9., 0.,
       0., 140., 7., 0., 3., 59., 2., 0., 1., 38., 3., 0., 10., 140.,
       16., 6., 4., 27., 1., 1., 1., 0., 0., 0., 6., 17., 8., 46., 27.,
       0., 0., 0., 9., 20., 52., 50., 8., 0., 0., 0., 8., 13., 10., 0.,
       0., 2., 4., 3., 16., 11., 2., 2., 16., 29., 2., 2., 17., 17., 22.,
       88., 132., 124., 10., 1., 3., 132., 132., 90., 45., 9., 2., 1.,
       11., 71., 34., 6., 4., 1., 0., 0., 2., 10., 12., 1., 3., 47., 15.,
       0., 1., 22., 4., 3., 33., 132., 132., 39., 26., 132., 59., 28.,
       13., 14., 30., 34., 86., 56., 77., 17., 2., 1., 0., 0., 1., 10.,
       14., 1., 1., 6., 4., 0., 0., 1., 1., 2., 36., 110., 63., 13., 3.,
       68., 72., 84., 94., 72., 17., 12., 12., 126., 103., 21., 0., 0.,
       0., 0., 2., 1., 4., 69., 7., 0., 0., 6., 8., 6., 5., 113., 26.,
       0., 0., 1., 7., 2., 20., 120., 22., 1., 0., 0., 0., 2., 9., 93.,
       74., 1., 0., 0., 1., 6., 16., 120., 30., 26., 45., 10., 3., 80.,
       40., 120., 32., 14., 29., 11., 20., 24., 43., 91., 30., 54., 69.,
       9., 7., 52., 25., 39., 52., 25., 11., 8., 16., 19., 13., 7., 18.,
       120., 104., 15., 14., 120., 26., 2., 2., 55., 40., 6., 67., 68.,
       3., 0., 0., 120., 100., 8., 17., 84., 6., 5., 1., 11., 16., 38.,
       61., 6., 18., 18., 31., 47., 8., 33., 52., 65., 0., 0., 1., 18.,
       15., 17., 120., 18., 0., 0., 0., 51., 97., 53., 26., 29., 4., 11.,
       5., 7., 39., 60., 27., 4., 10., 36., 55., 22., 24., 18., 3., 80.,
       63., 52., 42., 22., 1., 1., 6., 58., 36., 27., 88., 5., 0., 0.,
       3., 4., 4., 99., 78., 1., 1., 2., 7., 19., 19., 33., 68., 45., 4.,
       7., 15., 112., 21., 7., 33., 40., 3., 1., 21., 86., 12., 14.,
       112., 112., 1., 0., 8., 112., 13., 28., 55., 17., 7., 11., 66.,
       6., 0., 0., 6., 19., 71., 112., 39., 72., 31., 7., 13., 19., 73.,
       104., 15., 37., 18., 10., 55., 106., 64., 81., 6., 112., 59., 13.,
       11., 14., 26., 41., 18., 0., 0., 0., 0., 1., 26., 48., 3., 0., 0.,
       1., 6., 5., 52., 99., 1., 0., 0., 6., 4., 2., 54., 112., 1., 4.,
       6., 5., 2., 1., 55., 96., 4., 0., 97., 70., 2., 6., 22., 3., 0.,
