%YAML:1.0
---
mat: !!opencv-matrix
   rows: 53
   cols: 128
   dt: f
   data: [ 11., 5., 8., 69., 145., 88., 10., 5., 147., 37., 16., 29.,
       23., 26., 15., 37., 113., 6., 2., 6., 14., 4., 0., 9., 36., 2.,
       1., 1., 2., 1., 0., 4., 17., 4., 2., 54., 147., 59., 6., 5., 147.,
       20., 4., 25., 50., 23., 11., 48., 129., 8., 1., 4., 24., 5., 1.,
       16., 42., 3., 1., 0., 2., 3., 1., 7., 14., 2., 3., 27., 147., 40.,
       17., 7., 147., 34., 3., 7., 43., 26., 30., 42., 124., 25., 0., 9.,
       16., 2., 0., 8., 48., 1., 0., 0., 4., 3., 0., 9., 3., 4., 21.,
       46., 78., 47., 20., 3., 99., 27., 22., 24., 7., 12., 32., 67.,
       96., 17., 0., 3., 2., 2., 2., 26., 38., 2., 0., 0., 1., 1., 0.,
       3., 1., 17., 63., 20., 0., 0., 1., 1., 3., 36., 84., 17., 0., 0.,
       0., 0., 2., 28., 77., 17., 1., 0., 0., 0., 1., 23., 41., 5., 0.,
       0., 0., 0., 3., 46., 105., 66., 39., 15., 0., 0., 122., 76., 74.,
       59., 18., 10., 1., 12., 47., 69., 72., 45., 91., 57., 1., 8., 28.,
       99., 65., 32., 8., 3., 1., 5., 13., 6., 11., 24., 95., 39., 19.,
       10., 122., 8., 3., 9., 19., 30., 8., 20., 82., 16., 3., 2., 122.,
       122., 2., 9., 97., 58., 17., 5., 42., 34., 2., 36., 11., 1., 0.,
       4., 32., 65., 72., 10., 122., 6., 0., 1., 16., 21., 58., 70., 59.,
       4., 0., 0., 64., 91., 10., 19., 55., 0., 0., 0., 27., 62., 36.,
       76., 40., 24., 98., 67., 8., 3., 1., 10., 116., 99., 21., 11., 0.,
       0., 0., 27., 38., 22., 0., 0., 2., 2., 2., 4., 0., 0., 0., 0., 0.,
       2., 3., 3., 13., 26., 20., 24., 12., 6., 116., 57., 116., 104.,
       23., 4., 1., 3., 93., 110., 103., 25., 0., 0., 0., 0., 3., 19.,
       0., 0., 0., 0., 0., 0., 7., 9., 1., 0., 60., 116., 4., 6., 116.,
       40., 85., 70., 86., 101., 3., 5., 59., 69., 116., 47., 4., 0., 0.,
       0., 1., 25., 6., 0., 0., 0., 0., 0., 2., 13., 20., 2., 61., 116.,
       3., 6., 51., 41., 85., 36., 24., 23., 0., 2., 24., 116., 92., 26.,
       1., 0., 0., 0., 1., 36., 10., 2., 0., 0., 0., 0., 0., 3., 0., 0.,
       0., 2., 76., 50., 13., 1., 18., 3., 3., 10., 125., 84., 44., 34.,
       125., 6., 2., 0., 6., 6., 23., 112., 33., 0., 0., 0., 5., 24.,
       21., 26., 0., 0., 0., 7., 74., 57., 18., 0., 6., 13., 40., 71.,
       125., 84., 52., 19., 125., 65., 33., 8., 2., 3., 25., 63., 57.,
       2., 0., 0., 0., 8., 35., 21., 0., 0., 0., 3., 63., 63., 16., 1.,
       7., 5., 9., 43., 125., 125., 50., 11., 125., 23., 9., 11., 6.,
       16., 33., 66., 86., 1., 0., 0., 0., 1., 13., 23., 0., 0., 0., 8.,
       49., 13., 5., 2., 3., 1., 5., 33., 122., 74., 26., 6., 125., 4.,
       3., 8., 7., 19., 26., 47., 73., 1., 0., 0., 0., 0., 2., 12., 138.,
       4., 0., 1., 23., 14., 3., 42., 24., 2., 1., 12., 107., 42., 6.,
       11., 138., 4., 0., 2., 4., 3., 3., 36., 24., 0., 0., 0., 0., 0.,
       0., 9., 138., 8., 0., 1., 43., 15., 1., 20., 29., 14., 4., 9.,
       138., 49., 3., 4., 138., 50., 3., 3., 13., 4., 3., 20., 56., 1.,
       0., 0., 0., 0., 0., 12., 138., 22., 0., 0., 25., 10., 2., 17.,
       22., 6., 3., 10., 138., 90., 16., 12., 138., 27., 4., 4., 12.,
       18., 18., 56., 87., 4., 0., 0., 0., 0., 0., 12., 138., 19., 0.,
       1., 14., 6., 1., 18., 18., 3., 2., 10., 93., 57., 19., 9., 108.,
       15., 3., 4., 8., 13., 27., 73., 67., 2., 0., 0., 0., 0., 0., 28.,
       0., 0., 0., 25., 29., 0., 0., 0., 2., 5., 19., 103., 118., 8., 2.,
       2., 82., 47., 29., 17., 9., 5., 3., 19., 31., 7., 0., 38., 132.,
       1., 0., 3., 0., 0., 0., 24., 56., 0., 0., 0., 9., 13., 17., 96.,
       132., 12., 3., 3., 132., 56., 17., 17., 18., 5., 3., 23., 35., 5.,
       1., 51., 132., 2., 0., 2., 0., 0., 0., 29., 53., 0., 0., 0., 20.,
       3., 2., 48., 132., 25., 3., 7., 132., 16., 2., 9., 28., 8., 3.,
       24., 41., 4., 1., 70., 132., 1., 0., 2., 0., 0., 0., 32., 38., 0.,
       0., 0., 18., 9., 5., 67., 107., 2., 1., 7., 124., 23., 4., 18.,
       20., 1., 0., 25., 20., 7., 4., 93., 132., 1., 0., 3., 62., 10.,
       1., 6., 34., 64., 19., 39., 53., 92., 6., 5., 62., 79., 6., 2.,
       137., 59., 8., 4., 8., 1., 2., 41., 59., 0., 0., 4., 36., 31., 4.,
       30., 72., 1., 0., 0., 58., 50., 12., 120., 42., 38., 3., 2., 137.,
       137., 8., 7., 137., 54., 1., 1., 9., 12., 5., 28., 72., 6., 0.,
       62., 62., 3., 0., 8., 8., 0., 0., 0., 17., 24., 10., 42., 12., 0.,
       0., 0., 71., 137., 90., 16., 137., 10., 0., 0., 3., 42., 110.,
       111., 40., 7., 0., 19., 78., 56., 4., 21., 6., 1., 0., 0., 0., 2.,
       3., 3., 1., 0., 0., 0., 0., 19., 33., 3., 8., 2., 0., 0., 0., 5.,
       41., 28., 7., 3., 0., 0., 4., 27., 5., 10., 94., 56., 4., 10., 5.,
       0., 1., 24., 10., 11., 37., 36., 8., 1., 0., 1., 0., 27., 29., 6.,
       2., 0., 0., 0., 0., 5., 2., 3., 2., 0., 0., 0., 38., 1., 1., 26.,
       30., 1., 13., 109., 12., 37., 65., 131., 123., 1., 0., 3., 105.,
       131., 61., 26., 7., 0., 0., 1., 18., 20., 6., 2., 1., 0., 0., 0.,
       8., 2., 2., 113., 63., 1., 2., 13., 40., 7., 4., 131., 131., 21.,
       1., 10., 131., 33., 7., 16., 18., 5., 1., 41., 40., 5., 44., 74.,
       0., 0., 0., 3., 8., 5., 14., 108., 31., 11., 5., 10., 39., 6., 1.,
       22., 129., 43., 5., 13., 131., 44., 19., 35., 20., 4., 1., 18.,
       10., 6., 38., 131., 30., 1., 1., 11., 22., 18., 44., 32., 19.,
       27., 47., 30., 131., 46., 12., 1., 0., 10., 11., 51., 44., 3., 0.,
       0., 1., 31., 11., 19., 37., 0., 0., 0., 0., 0., 7., 27., 18., 22.,
       48., 55., 94., 79., 28., 13., 131., 97., 30., 6., 4., 9., 7., 27.,
       76., 3., 0., 0., 5., 51., 16., 26., 46., 0., 0., 0., 0., 3., 5.,
       52., 15., 2., 2., 4., 131., 131., 45., 32., 131., 15., 5., 1.,
       10., 13., 37., 130., 105., 3., 0., 0., 3., 28., 51., 37., 16., 0.,
       0., 0., 0., 3., 33., 51., 0., 1., 14., 38., 105., 88., 32., 9.,
       122., 82., 49., 26., 12., 10., 30., 41., 131., 35., 0., 0., 0.,
       1., 17., 17., 1., 0., 0., 0., 0., 1., 31., 13., 7., 3., 3., 68.,
       142., 4., 0., 2., 142., 23., 9., 27., 34., 1., 0., 45., 100., 3.,
       2., 17., 10., 0., 0., 27., 37., 6., 2., 5., 3., 0., 0., 3., 17.,
       6., 5., 85., 142., 11., 5., 10., 142., 28., 4., 15., 25., 5., 5.,
       71., 89., 14., 1., 28., 14., 0., 0., 8., 37., 19., 3., 3., 1., 0.,
       0., 1., 30., 11., 10., 125., 142., 9., 5., 27., 142., 42., 8.,
       18., 8., 2., 3., 83., 66., 24., 1., 31., 16., 0., 0., 4., 34.,
       29., 5., 2., 0., 0., 0., 0., 36., 35., 12., 46., 137., 12., 8.,
       26., 142., 74., 5., 7., 5., 1., 3., 68., 30., 20., 3., 30., 20.,
       0., 0., 3., 25., 30., 6., 1., 0., 0., 0., 0., 0., 1., 4., 4., 5.,
       2., 0., 0., 0., 0., 17., 19., 6., 2., 0., 0., 0., 8., 41., 8., 2.,
       1., 0., 0., 0., 3., 9., 16., 8., 1., 0., 0., 16., 79., 13., 18.,
       15., 0., 0., 0., 6., 10., 78., 142., 83., 0., 0., 0., 115., 98.,
       140., 51., 6., 0., 0., 11., 27., 16., 14., 39., 54., 20., 2., 8.,
       78., 142., 13., 26., 33., 5., 2., 0., 29., 16., 15., 113., 142.,
       31., 3., 4., 142., 31., 9., 15., 27., 12., 4., 22., 64., 5., 0.,
       2., 93., 26., 2., 9., 30., 109., 21., 8., 20., 55., 7., 4., 37.,
       36., 15., 14., 103., 56., 2., 12., 142., 42., 0., 0., 45., 20.,
       1., 1., 61., 13., 0., 5., 70., 2., 0., 0., 8., 7., 1., 3., 83.,
       124., 1., 0., 43., 116., 5., 3., 52., 66., 2., 1., 56., 49., 4.,
       2., 9., 77., 68., 21., 5., 36., 26., 2., 4., 124., 33., 3., 20.,
       19., 1., 0., 75., 85., 0., 1., 41., 54., 4., 5., 124., 124., 5.,
       11., 124., 77., 1., 2., 6., 23., 11., 40., 29., 3., 0., 0., 0.,
       124., 54., 6., 48., 86., 6., 2., 33., 16., 1., 7., 13., 2., 1.,
       1., 110., 124., 91., 53., 111., 3., 0., 0., 3., 13., 56., 124.,
       20., 2., 0., 0., 0., 5., 8., 15., 40., 17., 0., 0., 1., 2., 11.,
       65., 8., 2., 0., 0., 1., 10., 36., 18., 3., 2., 0., 0., 0., 0.,
       16., 24., 5., 6., 0., 0., 0., 0., 0., 1., 7., 14., 9., 58., 118.,
