%YAML:1.0
---
mat: !!opencv-matrix
   rows: 61
   cols: 128
   dt: f
   data: [ 0., 0., 40., 78., 38., 13., 0., 0., 5., 21., 135., 96., 27.,
       15., 0., 0., 70., 94., 98., 14., 2., 1., 3., 3., 12., 7., 24.,
       13., 2., 10., 29., 5., 0., 0., 4., 22., 97., 63., 0., 0., 25.,
       20., 14., 55., 135., 79., 0., 2., 135., 83., 8., 14., 22., 3., 1.,
       15., 58., 12., 3., 2., 3., 3., 9., 8., 8., 33., 96., 70., 40., 8.,
       1., 1., 28., 20., 10., 32., 135., 84., 6., 7., 135., 117., 5., 3.,
       33., 22., 10., 28., 38., 68., 28., 4., 1., 0., 0., 4., 18., 27.,
       21., 16., 13., 52., 72., 14., 9., 14., 4., 20., 63., 42., 68., 6.,
       37., 53., 27., 17., 24., 17., 66., 38., 39., 69., 36., 1., 0., 0.,
       1., 14., 34., 0., 0., 0., 0., 64., 74., 45., 41., 0., 0., 0., 14.,
       103., 34., 65., 85., 0., 0., 0., 9., 77., 28., 64., 40., 2., 0.,
       0., 3., 55., 37., 33., 7., 1., 0., 0., 7., 71., 107., 19., 78.,
       2., 0., 0., 11., 86., 47., 68., 61., 7., 0., 0., 42., 107., 45.,
       41., 64., 11., 0., 0., 2., 37., 45., 61., 59., 6., 1., 1., 23.,
       97., 26., 25., 107., 13., 0., 0., 34., 106., 16., 37., 50., 4.,
       0., 1., 50., 101., 98., 76., 41., 1., 12., 9., 2., 11., 75., 107.,
       77., 1., 2., 3., 7., 56., 19., 47., 24., 1., 11., 17., 12., 90.,
       58., 64., 16., 2., 46., 46., 1., 7., 58., 56., 2., 1., 55., 59.,
       0., 1., 18., 19., 0., 65., 74., 29., 0., 12., 24., 0., 7., 60.,
       107., 37., 0., 14., 53., 1., 5., 42., 58., 35., 2., 20., 64., 1.,
       18., 29., 19., 10., 0., 9., 61., 5., 17., 52., 62., 74., 20., 0.,
       0., 0., 107., 65., 70., 71., 12., 0., 0., 27., 80., 48., 53.,
       107., 38., 0., 0., 8., 107., 60., 27., 57., 6., 0., 2., 3., 31.,
       40., 39., 107., 15., 0., 0., 0., 107., 104., 36., 57., 9., 0., 0.,
       8., 84., 39., 28., 90., 27., 0., 0., 3., 89., 41., 20., 50., 16.,
       1., 1., 3., 38., 32., 33., 87., 4., 0., 0., 0., 107., 49., 38.,
       57., 1., 0., 0., 0., 23., 107., 63., 46., 1., 0., 0., 0., 12.,
       101., 29., 3., 2., 1., 1., 1., 99., 8., 0., 0., 7., 62., 21., 19.,
       50., 3., 0., 0., 6., 36., 83., 37., 93., 13., 2., 1., 8., 15.,
       47., 39., 80., 9., 0., 0., 0., 0., 8., 49., 68., 11., 0., 0., 33.,
       114., 15., 15., 114., 24., 0., 0., 4., 33., 37., 52., 61., 19.,
       4., 2., 27., 114., 45., 25., 114., 21., 0., 0., 1., 7., 12., 45.,
       40., 4., 0., 0., 16., 114., 55., 29., 113., 59., 6., 1., 27., 70.,
       27., 36., 41., 36., 8., 1., 5., 72., 56., 55., 87., 18., 0., 0.,
       0., 19., 40., 59., 73., 35., 0., 0., 34., 47., 9., 8., 68., 7.,
       1., 0., 73., 87., 42., 53., 98., 3., 2., 2., 0., 13., 61., 114.,
       7., 0., 17., 18., 0., 14., 83., 57., 0., 6., 33., 86., 21., 0.,
       0., 0., 23., 68., 64., 51., 13., 0., 0., 0., 17., 74., 98., 76.,
       1., 2., 3., 0., 21., 79., 96., 49., 0., 5., 11., 5., 7., 8., 38.,
       111., 27., 1., 0., 2., 111., 61., 38., 60., 18., 5., 1., 9., 29.,
       16., 54., 101., 67., 11., 1., 13., 111., 28., 21., 44., 11., 1.,
       0., 85., 12., 21., 28., 111., 25., 2., 1., 8., 83., 60., 34., 47.,
       12., 2., 1., 17., 69., 38., 42., 111., 42., 2., 0., 6., 111., 58.,
       25., 38., 7., 0., 0., 17., 33., 45., 37., 82., 2., 0., 0., 3.,
       26., 64., 38., 72., 8., 0., 0., 3., 111., 11., 16., 95., 15., 0.,
       0., 20., 80., 18., 24., 53., 3., 0., 0., 11., 15., 3., 0., 1.,
       66., 28., 10., 11., 50., 7., 0., 3., 134., 48., 2., 21., 134.,
       18., 2., 1., 4., 4., 8., 50., 10., 6., 31., 7., 2., 12., 36., 20.,
       34., 4., 0., 0., 63., 49., 11., 43., 43., 18., 0., 2., 134., 134.,
       9., 6., 134., 38., 1., 2., 12., 16., 19., 45., 23., 2., 13., 5.,
       6., 21., 91., 50., 24., 0., 0., 0., 13., 47., 21., 40., 9., 2.,
       2., 10., 99., 134., 41., 14., 134., 45., 10., 8., 13., 43., 42.,
       99., 46., 48., 15., 1., 10., 9., 17., 38., 37., 1., 0., 1., 6.,
       15., 13., 27., 2., 2., 3., 32., 134., 68., 6., 1., 97., 53., 15.,
       25., 65., 12., 4., 23., 29., 64., 33., 5., 9., 19., 30., 19., 56.,
       29., 21., 4., 4., 2., 0., 66., 5., 5., 20., 41., 74., 33., 2., 5.,
       11., 4., 20., 93., 57., 19., 15., 39., 24., 1., 8., 32., 4., 1.,
       37., 125., 16., 72., 45., 24., 4., 14., 7., 4., 13., 31., 80.,
       125., 27., 1., 0., 1., 125., 55., 40., 38., 20., 11., 18., 73.,
       76., 12., 5., 1., 0., 0., 8., 96., 3., 10., 27., 110., 21., 9.,
       5., 2., 44., 8., 12., 125., 59., 0., 1., 75., 125., 25., 7., 8.,
       4., 0., 1., 125., 43., 21., 29., 23., 1., 0., 0., 7., 11., 6.,
       44., 125., 3., 0., 0., 32., 68., 2., 11., 29., 6., 0., 0., 125.,
       61., 9., 18., 23., 5., 0., 0., 83., 7., 13., 71., 50., 8., 2., 1.,
       2., 2., 1., 1., 2., 28., 85., 20., 11., 103., 20., 2., 3., 27.,
       69., 10., 16., 91., 5., 0., 0., 0., 1., 40., 99., 1., 0., 0., 0.,
       0., 22., 86., 45., 0., 0., 0., 0., 8., 77., 59., 30., 74., 7., 0.,
       0., 21., 124., 33., 22., 124., 19., 0., 0., 0., 10., 12., 70.,
       18., 0., 0., 0., 0., 0., 43., 92., 0., 0., 0., 0., 0., 16., 73.,
       51., 9., 0., 0., 0., 8., 124., 81., 18., 124., 22., 0., 0., 6.,
       62., 27., 53., 84., 6., 0., 0., 0., 0., 20., 91., 0., 0., 0., 0.,
       0., 0., 71., 46., 0., 0., 0., 0., 4., 97., 93., 24., 69., 11., 0.,
       0., 8., 124., 77., 46., 93., 4., 0., 0., 0., 0., 21., 94., 0.,
       56., 61., 0., 0., 0., 0., 0., 0., 21., 90., 104., 7., 0., 0., 0.,
       76., 54., 72., 124., 12., 0., 0., 9., 91., 91., 19., 0., 0., 0.,
       0., 3., 1., 55., 81., 18., 0., 0., 0., 0., 10., 17., 96., 124.,
       10., 0., 0., 0., 124., 50., 28., 58., 8., 0., 0., 18., 80., 97.,
       24., 0., 0., 0., 0., 4., 1., 50., 100., 73., 2., 0., 0., 0., 78.,
       17., 49., 124., 12., 0., 0., 12., 124., 57., 16., 10., 1., 0., 0.,
       22., 17., 87., 42., 0., 0., 0., 0., 0., 11., 24., 32., 58., 14.,
       2., 2., 3., 118., 9., 10., 57., 10., 2., 3., 52., 96., 56., 23.,
       0., 0., 0., 0., 17., 0., 50., 54., 0., 0., 0., 0., 0., 33., 29.,
       22., 0., 0., 0., 0., 5., 56., 36., 26., 0., 0., 0., 0., 17., 51.,
       48., 22., 0., 0., 0., 2., 40., 53., 37., 12., 0., 0., 0., 0., 23.,
       38., 83., 96., 19., 17., 9., 3., 15., 42., 101., 111., 30., 24.,
       15., 3., 13., 87., 111., 95., 15., 8., 4., 2., 14., 111., 111.,
       47., 11., 6., 2., 1., 6., 33., 6., 3., 4., 16., 40., 99., 111.,
       34., 7., 4., 7., 23., 77., 111., 111., 80., 13., 3., 4., 9., 22.,
       110., 111., 111., 10., 1., 3., 7., 13., 56., 111., 28., 1., 0.,
       0., 0., 2., 27., 45., 38., 3., 0., 0., 0., 3., 42., 55., 46., 3.,
       0., 0., 0., 1., 39., 69., 45., 4., 0., 0., 0., 0., 21., 52., 43.,
       30., 21., 9., 0., 0., 0., 1., 31., 48., 61., 33., 2., 0., 0., 1.,
       4., 83., 116., 61., 12., 4., 1., 1., 29., 116., 27., 0., 1., 1.,
       1., 1., 10., 55., 38., 31., 1., 0., 0., 0., 5., 51., 116., 116.,
       18., 7., 2., 2., 75., 116., 71., 29., 16., 19., 18., 34., 116.,
       73., 4., 0., 1., 4., 12., 74., 4., 30., 90., 109., 14., 5., 1.,
       1., 63., 66., 47., 54., 24., 34., 51., 39., 116., 42., 6., 2., 1.,
       7., 40., 116., 77., 47., 4., 0., 0., 0., 1., 37., 18., 20., 12.,
       32., 21., 47., 45., 18., 116., 31., 4., 2., 1., 8., 33., 104.,
       68., 35., 2., 0., 0., 0., 6., 43., 9., 43., 29., 10., 0., 0., 0.,
       1., 3., 22., 45., 9., 1., 0., 9., 14., 9., 44., 48., 10., 1., 0.,
       4., 22., 8., 35., 63., 10., 1., 0., 8., 24., 14., 42., 55., 10.,
       0., 0., 2., 15., 6., 35., 105., 47., 48., 24., 0., 1., 119., 92.,
       75., 38., 16., 17., 3., 9., 25., 38., 111., 46., 86., 48., 3., 4.,
       119., 79., 95., 43., 9., 6., 1., 3., 8., 1., 3., 11., 86., 63.,
       61., 9., 119., 3., 1., 3., 25., 26., 45., 89., 45., 0., 2., 11.,
       119., 100., 52., 15., 119., 6., 2., 5., 13., 28., 69., 68., 7.,
       0., 0., 0., 4., 27., 93., 16., 33., 0., 0., 0., 1., 5., 70., 85.,
