%YAML:1.0
---
mat: !!opencv-matrix
   rows: 73
   cols: 128
   dt: f
   data: [ 55., 104., 10., 15., 33., 4., 5., 4., 75., 117., 9., 1., 1.,
       6., 35., 24., 40., 16., 28., 39., 21., 17., 20., 13., 18., 3., 8.,
       27., 14., 4., 7., 31., 36., 52., 3., 23., 63., 5., 4., 36., 117.,
       117., 9., 1., 0., 1., 19., 48., 37., 24., 36., 17., 6., 14., 108.,
       35., 4., 0., 1., 8., 19., 6., 37., 37., 56., 0., 0., 20., 18., 3.,
       17., 109., 117., 75., 91., 16., 32., 25., 28., 66., 117., 117.,
       117., 7., 9., 7., 12., 28., 13., 6., 1., 7., 47., 3., 2., 1., 53.,
       2., 2., 4., 6., 5., 32., 99., 22., 7., 14., 15., 61., 55., 63.,
       94., 102., 18., 9., 3., 10., 9., 38., 117., 11., 1., 0., 4., 42.,
       1., 0., 5., 58., 65., 9., 23., 131., 16., 0., 0., 136., 136., 12.,
       1., 2., 0., 0., 5., 20., 25., 25., 31., 9., 6., 1., 3., 1., 1.,
       8., 48., 47., 43., 4., 1., 65., 13., 1., 23., 136., 47., 1., 13.,
       136., 56., 2., 1., 6., 6., 4., 43., 41., 14., 17., 36., 25., 24.,
       8., 12., 2., 4., 32., 51., 22., 28., 5., 3., 88., 19., 7., 134.,
       88., 5., 1., 13., 136., 135., 8., 3., 1., 1., 7., 48., 30., 65.,
       28., 69., 35., 7., 3., 11., 4., 4., 10., 23., 11., 3., 12., 14.,
       113., 29., 5., 50., 21., 0., 5., 29., 136., 28., 4., 1., 0., 2.,
       11., 75., 19., 10., 14., 28., 15., 12., 7., 23., 7., 13., 6., 8.,
       4., 2., 2., 8., 65., 29., 24., 36., 40., 1., 0., 1., 77., 51.,
       44., 46., 40., 0., 0., 1., 84., 20., 5., 67., 114., 1., 0., 3.,
       83., 11., 4., 34., 45., 38., 4., 9., 114., 8., 2., 32., 110., 1.,
       0., 3., 114., 31., 5., 34., 98., 9., 0., 7., 114., 21., 4., 37.,
       114., 25., 0., 10., 114., 28., 11., 64., 53., 21., 3., 8., 68.,
       2., 1., 27., 113., 17., 7., 29., 114., 9., 1., 19., 90., 14., 8.,
       22., 89., 4., 0., 8., 114., 28., 8., 30., 83., 7., 3., 29., 114.,
       11., 3., 23., 5., 0., 15., 5., 21., 41., 35., 16., 38., 2., 10.,
       6., 19., 31., 45., 39., 21., 3., 2., 4., 28., 23., 23., 15., 17.,
       2., 3., 8., 32., 26., 17., 15., 88., 7., 1., 3., 4., 1., 0., 2.,
       12., 3., 3., 45., 116., 7., 1., 2., 60., 2., 1., 12., 57., 8., 6.,
       125., 82., 9., 12., 1., 0., 0., 6., 125., 101., 12., 1., 10., 14.,
       1., 0., 0., 32., 12., 8., 104., 125., 15., 1., 3., 125., 23., 7.,
       22., 18., 5., 4., 86., 47., 14., 44., 20., 8., 17., 23., 39., 95.,
       18., 0., 1., 11., 4., 0., 1., 33., 4., 1., 7., 94., 122., 16.,
       10., 125., 73., 1., 2., 9., 42., 18., 32., 53., 67., 8., 1., 3.,
       19., 73., 18., 92., 4., 0., 0., 0., 1., 0., 5., 31., 14., 2., 0.,
       2., 60., 27., 10., 41., 51., 8., 14., 10., 74., 48., 9., 16.,
       125., 91., 19., 7., 2., 3., 3., 15., 7., 13., 74., 67., 0., 0.,
       1., 66., 68., 44., 51., 30., 1., 0., 1., 28., 31., 70., 62., 22.,
       1., 1., 0., 42., 42., 33., 28., 42., 0., 1., 1., 13., 8., 2., 48.,
       118., 2., 0., 1., 118., 14., 2., 22., 100., 3., 0., 6., 84., 22.,
       9., 51., 118., 1., 0., 1., 92., 38., 8., 45., 51., 5., 0., 3.,
       13., 2., 9., 100., 100., 1., 0., 5., 118., 5., 1., 31., 82., 0.,
       0., 28., 112., 7., 4., 65., 118., 0., 0., 4., 118., 6., 1., 7.,
       74., 16., 0., 10., 6., 0., 5., 40., 32., 29., 43., 23., 53., 0.,
       1., 10., 40., 13., 24., 67., 72., 2., 0., 19., 108., 44., 25.,
       22., 89., 4., 0., 7., 41., 6., 6., 17., 22., 14., 17., 26., 89.,
       17., 0., 2., 117., 61., 28., 18., 45., 6., 0., 2., 24., 8., 22.,
       62., 81., 1., 0., 13., 61., 25., 18., 10., 4., 1., 2., 61., 55.,
       22., 0., 1., 122., 34., 1., 3., 122., 4., 0., 1., 90., 25., 2.,
       22., 98., 7., 0., 6., 122., 31., 0., 15., 122., 8., 0., 1., 10.,
       7., 2., 55., 66., 20., 0., 2., 74., 48., 5., 28., 122., 13., 0.,
       0., 67., 47., 6., 25., 92., 15., 0., 0., 122., 57., 4., 12., 122.,
       15., 0., 0., 15., 11., 4., 26., 86., 0., 0., 0., 34., 40., 17.,
       26., 30., 1., 0., 0., 29., 38., 64., 70., 24., 1., 1., 1., 43.,
       75., 50., 38., 71., 3., 2., 0., 5., 13., 25., 70., 21., 31., 27.,
       32., 55., 3., 6., 8., 99., 7., 3., 43., 94., 2., 1., 24., 62., 7.,
       6., 64., 108., 11., 1., 26., 97., 6., 0., 6., 25., 3., 2., 64.,
       74., 27., 12., 69., 59., 2., 0., 5., 112., 12., 4., 59., 67., 14.,
       1., 24., 76., 8., 7., 66., 83., 74., 11., 24., 112., 10., 1., 4.,
       3., 4., 4., 32., 79., 5., 1., 19., 108., 13., 0., 17., 112., 14.,
       6., 41., 80., 8., 1., 34., 96., 24., 24., 106., 63., 18., 4., 16.,
       102., 13., 7., 4., 1., 2., 2., 32., 46., 1., 0., 12., 60., 9., 6.,
       19., 69., 2., 2., 21., 77., 9., 5., 42., 112., 6., 2., 28., 94.,
       7., 5., 30., 75., 7., 7., 4., 0., 0., 1., 12., 111., 102., 9., 2.,
       9., 16., 26., 26., 137., 123., 5., 1., 2., 6., 5., 29., 21., 31.,
       14., 15., 17., 41., 37., 19., 19., 4., 0., 2., 8., 18., 17., 28.,
       70., 38., 7., 27., 48., 50., 56., 29., 137., 93., 6., 7., 5., 6.,
       21., 84., 34., 21., 19., 20., 4., 12., 83., 66., 4., 3., 2., 2.,
       2., 15., 28., 43., 34., 7., 3., 12., 24., 130., 111., 81., 137.,
       23., 4., 10., 6., 43., 45., 120., 63., 24., 27., 44., 12., 14.,
       22., 19., 42., 21., 5., 1., 1., 13., 10., 7., 12., 8., 2., 0., 1.,
       74., 106., 62., 42., 10., 2., 1., 2., 61., 78., 59., 19., 11., 3.,
       10., 8., 15., 47., 25., 35., 6., 2., 2., 1., 6., 15., 17., 1., 4.,
       4., 23., 128., 22., 2., 0., 17., 48., 17., 17., 115., 36., 45.,
       13., 63., 128., 6., 0., 0., 9., 16., 5., 28., 60., 9., 23., 4.,
       3., 2., 1., 11., 14., 8., 102., 128., 27., 4., 0., 65., 22., 10.,
       33., 53., 78., 121., 34., 51., 39., 1., 3., 21., 126., 77., 19.,
       61., 64., 7., 20., 17., 6., 7., 6., 44., 11., 78., 128., 51., 0.,
       0., 22., 128., 26., 17., 53., 17., 7., 4., 60., 19., 7., 7., 58.,
       77., 40., 16., 6., 25., 35., 13., 14., 12., 5., 13., 8., 41., 3.,
       35., 39., 2., 6., 26., 128., 55., 9., 23., 22., 2., 0., 1., 48.,
       1., 1., 40., 58., 9., 2., 5., 2., 0., 1., 31., 74., 2., 1., 5.,
       2., 7., 15., 2., 14., 12., 8., 18., 14., 3., 13., 7., 32., 26.,
       14., 15., 10., 4., 13., 2., 0., 0., 39., 46., 10., 0., 0., 0., 0.,
       0., 63., 42., 0., 7., 6., 9., 94., 75., 10., 20., 6., 98., 23.,
       14., 45., 14., 1., 24., 55., 14., 6., 28., 57., 7., 20., 69., 34.,
       1., 4., 64., 43., 8., 25., 14., 1., 12., 12., 5., 96., 115., 1.,
       0., 0., 115., 115., 24., 36., 15., 2., 3., 13., 18., 20., 59.,
       115., 23., 22., 101., 28., 0., 5., 95., 64., 8., 88., 115., 8.,
       0., 2., 2., 23., 115., 30., 17., 25., 50., 35., 6., 8., 9., 6.,
       53., 115., 18., 5., 1., 12., 10., 10., 115., 115., 2., 3., 8.,
       33., 13., 86., 113., 11., 13., 36., 6., 2., 0., 0., 0., 0., 1.,
       12., 62., 78., 1., 0., 0., 0., 1., 1., 27., 128., 61., 8., 9., 4.,
       4., 4., 46., 57., 37., 32., 56., 17., 55., 128., 19., 14., 2., 0.,
       0., 0., 15., 46., 102., 128., 55., 1., 0., 0., 128., 34., 65.,
       79., 15., 5., 26., 67., 23., 7., 17., 4., 4., 36., 128., 64., 27.,
       84., 5., 5., 2., 0., 0., 0., 35., 55., 13., 40., 124., 22., 1.,
       4., 128., 81., 12., 6., 26., 10., 1., 20., 51., 39., 47., 3., 0.,
       1., 6., 59., 4., 16., 0., 0., 0., 0., 0., 0., 14., 55., 3., 4.,
       33., 15., 5., 2., 91., 93., 8., 3., 18., 16., 25., 19., 32., 71.,
       128., 14., 6., 1., 2., 24., 5., 11., 17., 47., 66., 34., 2., 0.,
       21., 16., 33., 41., 31., 47., 21., 11., 47., 9., 16., 38., 50.,
       26., 28., 35., 26., 30., 17., 36., 35., 17., 10., 31., 23., 20.,
       15., 19., 40., 54., 13., 30., 55., 26., 9., 34., 102., 91., 21.,
       15., 122., 35., 2., 12., 37., 92., 72., 72., 13., 2., 2., 8., 19.,
       73., 122., 122., 19., 1., 0., 0., 18., 38., 44., 57., 13., 3., 1.,
       0., 34., 102., 122., 76., 86., 7., 1., 4., 5., 13., 119., 122.,
       6., 2., 15., 31., 13., 15., 85., 36., 4., 18., 55., 8., 1., 4.,
