%YAML:1.0
---
mat: !!opencv-matrix
   rows: 57
   cols: 128
   dt: f
   data: [ 69., 5., 0., 0., 0., 0., 0., 0., 154., 13., 0., 0., 0., 0.,
       0., 0., 154., 31., 0., 0., 0., 0., 0., 0., 14., 1., 0., 0., 0.,
       0., 0., 0., 66., 11., 0., 0., 0., 0., 10., 27., 154., 16., 0., 0.,
       0., 0., 19., 63., 154., 30., 0., 0., 0., 0., 3., 50., 30., 2., 0.,
       0., 0., 0., 0., 2., 9., 0., 0., 0., 0., 0., 154., 154., 22., 0.,
       0., 0., 0., 0., 154., 154., 104., 1., 0., 0., 0., 0., 45., 154.,
       14., 0., 0., 0., 0., 0., 0., 10., 7., 0., 0., 0., 0., 0., 71.,
       65., 14., 0., 0., 0., 0., 0., 42., 55., 25., 1., 0., 0., 0., 0.,
       6., 26., 4., 0., 0., 0., 0., 0., 0., 2., 0., 137., 109., 0., 0.,
       0., 0., 0., 0., 80., 64., 0., 0., 0., 0., 0., 0., 17., 10., 0.,
       0., 0., 0., 0., 0., 0., 0., 0., 0., 0., 0., 0., 0., 142., 108.,
       0., 0., 0., 0., 0., 19., 142., 142., 0., 0., 0., 0., 0., 102.,
       142., 46., 0., 0., 0., 0., 1., 13., 22., 3., 0., 0., 0., 0., 0.,
       0., 55., 47., 0., 0., 0., 0., 0., 142., 92., 36., 0., 0., 0., 0.,
       21., 142., 55., 3., 0., 0., 0., 0., 50., 24., 28., 7., 0., 0., 0.,
       0., 1., 8., 37., 28., 0., 0., 0., 0., 0., 142., 24., 6., 0., 0.,
       0., 0., 63., 142., 11., 0., 0., 0., 0., 0., 61., 6., 10., 1., 0.,
       0., 0., 0., 0., 101., 14., 0., 0., 0., 0., 0., 0., 150., 32., 0.,
       0., 0., 0., 0., 0., 150., 30., 0., 0., 0., 0., 0., 0., 0., 0., 0.,
       0., 0., 0., 0., 0., 121., 8., 0., 0., 0., 0., 4., 28., 150., 18.,
       0., 0., 0., 0., 10., 65., 150., 23., 0., 0., 0., 0., 2., 45., 4.,
       0., 0., 0., 0., 0., 0., 1., 23., 0., 0., 0., 0., 0., 150., 150.,
       37., 0., 0., 0., 0., 0., 150., 150., 82., 1., 0., 0., 0., 0., 33.,
       150., 2., 0., 0., 0., 0., 0., 0., 5., 0., 0., 0., 0., 0., 0., 70.,
       71., 1., 0., 0., 0., 0., 0., 36., 60., 5., 0., 0., 0., 0., 0., 5.,
       25., 0., 0., 0., 0., 0., 0., 0., 1., 0., 131., 75., 0., 0., 0.,
       0., 0., 0., 59., 31., 0., 0., 0., 0., 0., 0., 5., 2., 0., 0., 0.,
       0., 0., 0., 0., 0., 0., 0., 0., 0., 0., 0., 143., 95., 0., 0., 0.,
       0., 0., 18., 143., 124., 0., 0., 0., 0., 0., 100., 143., 21., 0.,
       0., 0., 0., 1., 12., 6., 0., 0., 0., 0., 0., 0., 1., 99., 47., 0.,
       0., 0., 0., 0., 143., 131., 30., 0., 0., 0., 0., 27., 143., 60.,
       2., 0., 0., 0., 0., 56., 23., 10., 0., 0., 0., 0., 0., 1., 20.,
       79., 26., 0., 0., 0., 0., 2., 143., 35., 4., 0., 0., 0., 0., 86.,
       143., 4., 0., 0., 0., 0., 0., 54., 2., 1., 0., 0., 0., 0., 0., 0.,
       30., 6., 4., 0., 0., 0., 102., 142., 142., 43., 0., 0., 0., 0.,
       26., 142., 142., 19., 0., 0., 0., 0., 3., 23., 2., 0., 0., 0., 0.,
       0., 18., 26., 0., 0., 0., 0., 0., 0., 142., 142., 142., 9., 0.,
       0., 0., 0., 53., 142., 142., 27., 0., 0., 0., 0., 2., 28., 19.,
       0., 0., 0., 0., 0., 18., 35., 0., 0., 0., 0., 0., 0., 100., 77.,
       36., 1., 0., 0., 0., 0., 72., 103., 142., 11., 0., 0., 0., 0., 3.,
       34., 20., 2., 0., 0., 0., 0., 3., 8., 0., 0., 0., 0., 0., 0., 38.,
       26., 1., 0., 0., 0., 0., 0., 16., 12., 3., 0., 0., 0., 0., 0., 1.,
       2., 0., 0., 0., 0., 0., 0., 0., 0., 0., 45., 121., 0., 0., 0., 0.,
       0., 9., 67., 95., 0., 0., 0., 0., 0., 123., 71., 9., 0., 0., 0.,
       0., 0., 18., 6., 0., 0., 0., 0., 0., 0., 0., 79., 143., 0., 0.,
       0., 0., 0., 46., 143., 143., 0., 0., 0., 0., 1., 143., 143., 22.,
       0., 0., 0., 0., 2., 10., 8., 0., 0., 0., 0., 0., 0., 1., 8., 19.,
       0., 0., 1., 7., 1., 143., 37., 23., 0., 0., 0., 1., 43., 143.,
       29., 1., 0., 0., 0., 0., 55., 4., 1., 0., 0., 0., 0., 0., 0., 1.,
       0., 0., 0., 3., 21., 42., 3., 143., 0., 0., 0., 2., 8., 5., 65.,
       143., 0., 0., 0., 0., 0., 0., 57., 0., 0., 0., 0., 0., 0., 0., 0.,
       0., 0., 0., 0., 0., 0., 0., 0., 0., 6., 26., 12., 0., 0., 0., 0.,
       0., 30., 19., 2., 0., 0., 0., 0., 0., 2., 1., 0., 0., 0., 0., 0.,
       0., 0., 1., 4., 1., 0., 0., 0., 11., 52., 156., 156., 43., 0., 0.,
       0., 94., 156., 150., 35., 4., 0., 0., 1., 6., 22., 5., 0., 0., 0.,
       0., 0., 0., 0., 0., 4., 12., 1., 0., 0., 83., 18., 14., 126.,
       156., 19., 1., 14., 156., 69., 14., 21., 24., 3., 1., 54., 21.,
       4., 0., 0., 0., 0., 0., 3., 0., 0., 0., 0., 13., 4., 0., 0., 51.,
       0., 0., 2., 156., 60., 7., 35., 156., 0., 0., 0., 12., 8., 4.,
       106., 7., 0., 0., 0., 0., 0., 0., 3., 0., 1., 8., 2., 0., 2., 1.,
       1., 1., 0., 8., 3., 0., 0., 18., 15., 0., 1., 7., 0., 0., 0., 73.,
       13., 0., 0., 5., 0., 0., 7., 65., 3., 18., 0., 2., 1., 37., 60.,
       9., 9., 104., 2., 2., 4., 1., 1., 66., 130., 9., 1., 35., 35., 0.,
       3., 130., 79., 0., 0., 58., 36., 16., 46., 130., 7., 35., 5., 0.,
       20., 130., 35., 1., 2., 130., 71., 6., 29., 11., 2., 4., 33., 21.,
       16., 82., 130., 50., 20., 40., 12., 0., 0., 130., 70., 7., 13.,
       53., 1., 16., 5., 2., 66., 52., 1., 0., 0., 130., 62., 3., 6., 4.,
       1., 5., 14., 31., 26., 21., 13., 20., 33., 123., 20., 0., 1., 9.,
       11., 9., 44., 130., 3., 20., 0., 0., 3., 5., 0., 0., 5., 131., 0.,
       0., 2., 20., 5., 10., 87., 30., 0., 0., 14., 131., 38., 15., 29.,
       93., 0., 0., 1., 26., 8., 5., 66., 48., 3., 0., 3., 6., 0., 0.,
       5., 131., 44., 6., 2., 27., 13., 0., 43., 38., 12., 12., 14.,
       131., 130., 23., 25., 119., 6., 4., 11., 20., 23., 21., 97., 17.,
       13., 1., 1., 9., 1., 0., 0., 78., 131., 84., 1., 2., 3., 3., 1.,
       7., 61., 131., 36., 13., 42., 9., 3., 23., 45., 131., 38., 5., 9.,
       6., 12., 6., 1., 0., 2., 6., 0., 6., 23., 4., 12., 16., 0., 1.,
       8., 116., 54., 0., 8., 56., 2., 1., 67., 93., 1., 0., 8., 57., 3.,
       2., 26., 5., 0., 20., 26., 29., 40., 30., 19., 15., 7., 4., 3.,
       5., 71., 126., 28., 3., 3., 126., 55., 3., 8., 12., 2., 3., 47.,
       60., 44., 7., 20., 40., 21., 11., 24., 19., 57., 95., 8., 19.,
       12., 34., 51., 29., 9., 11., 15., 126., 68., 7., 30., 126., 32.,
       4., 1., 21., 6., 15., 126., 26., 19., 17., 14., 41., 33., 38.,
       60., 12., 24., 126., 30., 6., 2., 50., 63., 19., 13., 60., 126.,
       118., 17., 7., 17., 111., 126., 89., 9., 16., 1., 1., 10., 8.,
       32., 126., 50., 13., 3., 2., 3., 0., 5., 69., 8., 0., 1., 4., 0.,
       0., 1., 25., 24., 2., 1., 7., 1., 1., 15., 20., 1., 1., 1., 6.,
       1., 0., 3., 44., 4., 0., 0., 1., 1., 0., 0., 0., 1., 0., 9., 74.,
       6., 0., 1., 5., 1., 2., 26., 29., 1., 1., 1., 8., 1., 1., 2., 18.,
       14., 0., 1., 4., 0., 0., 4., 43., 3., 20., 5., 5., 6., 10., 43.,
       125., 39., 12., 1., 2., 23., 125., 125., 77., 8., 96., 9., 7.,
       13., 22., 14., 68., 125., 5., 2., 46., 37., 7., 34., 125., 26.,
       38., 25., 49., 68., 35., 23., 8., 13., 31., 5., 22., 125., 125.,
       18., 1., 1., 125., 42., 11., 33., 24., 11., 13., 26., 12., 7.,
       61., 57., 20., 64., 70., 7., 19., 15., 9., 33., 96., 38., 5., 14.,
       24., 1., 2., 42., 125., 28., 5., 18., 125., 21., 5., 2., 1., 3.,
       9., 90., 16., 13., 9., 8., 32., 43., 41., 25., 18., 6., 1., 9.,
       101., 46., 0., 2., 112., 50., 2., 10., 59., 11., 0., 3., 55., 34.,
       16., 34., 120., 27., 3., 6., 118., 50., 4., 1., 1., 1., 1., 4.,
       5., 6., 1., 10., 120., 24., 0., 0., 120., 69., 3., 9., 101., 12.,
       0., 5., 72., 30., 3., 12., 120., 50., 1., 5., 120., 55., 1., 1.,
       8., 3., 0., 3., 3., 1., 0., 7., 120., 48., 11., 3., 120., 9., 1.,
       4., 68., 37., 34., 61., 59., 3., 0., 0., 112., 112., 47., 34.,
       120., 8., 0., 0., 8., 15., 35., 71., 0., 0., 0., 0., 12., 35.,
       22., 2., 10., 0., 0., 0., 3., 20., 63., 49., 4., 0., 0., 0., 1.,
       22., 37., 18., 3., 0., 0., 0., 0., 3., 26., 22., 0., 3., 28., 33.,
       9., 0., 0., 0., 6., 40., 53., 16., 2., 0., 0., 0., 2., 14., 49.,
       34., 4., 0., 0., 0., 6., 27., 25., 2., 0., 0., 0., 0., 10., 7.,
       22., 71., 122., 1., 0., 0., 122., 77., 40., 40., 52., 1., 0., 2.,
