%YAML:1.0
---
mat: !!opencv-matrix
   rows: 22
   cols: 128
   dt: f
   data: [ 0., 2., 4., 59., 69., 2., 0., 0., 19., 44., 24., 87., 62., 3.,
       0., 11., 70., 95., 6., 1., 0., 0., 1., 18., 47., 27., 2., 0., 0.,
       0., 0., 1., 4., 2., 7., 122., 122., 0., 0., 0., 122., 15., 11.,
       94., 57., 0., 5., 99., 78., 12., 1., 3., 2., 2., 26., 112., 47.,
       21., 2., 0., 0., 0., 1., 5., 17., 1., 3., 122., 122., 1., 0., 12.,
       122., 29., 3., 28., 34., 1., 0., 72., 69., 29., 23., 22., 3., 1.,
       4., 14., 10., 19., 80., 38., 1., 0., 0., 0., 51., 0., 1., 86.,
       107., 0., 0., 20., 122., 4., 2., 8., 6., 0., 0., 94., 14., 5.,
       15., 69., 14., 0., 0., 8., 7., 3., 48., 100., 19., 5., 17., 10.,
       28., 2., 0., 1., 34., 26., 4., 27., 78., 4., 0., 2., 155., 82.,
       1., 6., 155., 7., 0., 0., 8., 5., 6., 23., 7., 0., 0., 0., 0., 4.,
       42., 11., 33., 0., 0., 5., 44., 20., 8., 37., 69., 14., 0., 23.,
       155., 69., 2., 4., 155., 36., 0., 3., 21., 6., 3., 17., 22., 0.,
       0., 0., 0., 1., 26., 15., 8., 1., 2., 10., 20., 32., 16., 28.,
       47., 2., 1., 34., 155., 140., 4., 15., 155., 4., 0., 1., 32., 20.,
       2., 48., 35., 0., 0., 0., 0., 5., 18., 18., 1., 1., 2., 17., 37.,
       34., 2., 0., 15., 0., 1., 49., 104., 61., 20., 18., 155., 23., 0.,
       1., 13., 11., 12., 53., 38., 9., 0., 0., 0., 2., 10., 8., 0., 0.,
       0., 0., 27., 34., 29., 10., 14., 6., 4., 13., 134., 111., 20.,
       22., 134., 19., 5., 6., 22., 17., 21., 134., 32., 0., 0., 0., 0.,
       0., 12., 30., 0., 0., 0., 0., 39., 22., 17., 13., 15., 21., 11.,
       42., 134., 84., 21., 20., 134., 64., 10., 11., 15., 14., 20., 93.,
       44., 1., 0., 0., 0., 1., 5., 19., 0., 0., 0., 0., 24., 22., 26.,
       13., 7., 4., 2., 6., 134., 134., 134., 27., 112., 11., 2., 2., 7.,
       20., 134., 134., 22., 0., 0., 0., 0., 1., 17., 28., 0., 0., 0.,
       0., 0., 10., 47., 9., 0., 0., 0., 0., 1., 29., 84., 8., 0., 0.,
       0., 0., 1., 11., 73., 26., 0., 0., 0., 0., 2., 3., 11., 5., 1.,
       2., 11., 4., 0., 0., 0., 0., 1., 12., 71., 23., 0., 0., 0., 0.,
       1., 35., 80., 6., 0., 0., 0., 0., 0., 12., 48., 7., 0., 0., 0.,
       0., 0., 1., 16., 26., 21., 0., 0., 0., 7., 20., 134., 134., 111.,
       10., 2., 2., 134., 134., 134., 25., 7., 3., 2., 8., 25., 24., 29.,
       10., 0., 0., 0., 0., 0., 1., 5., 27., 45., 0., 0., 0., 20., 16.,
       23., 112., 134., 54., 9., 13., 134., 66., 20., 16., 12., 19., 11.,
       55., 38., 17., 17., 12., 0., 0., 0., 1., 0., 1., 15., 46., 44.,
       0., 0., 0., 41., 23., 24., 134., 134., 18., 6., 10., 134., 90.,
       17., 14., 5., 3., 3., 15., 17., 26., 29., 9., 0., 0., 0., 0.,
       108., 7., 0., 1., 35., 32., 4., 9., 36., 28., 15., 34., 123., 52.,
       11., 12., 133., 51., 8., 5., 3., 1., 2., 23., 9., 0., 0., 0., 0.,
       0., 15., 29., 133., 9., 0., 0., 41., 28., 6., 42., 52., 11., 1.,
       5., 133., 122., 7., 9., 133., 39., 1., 1., 15., 13., 7., 40., 35.,
       1., 0., 0., 0., 2., 22., 27., 133., 43., 2., 2., 13., 21., 4.,
       17., 16., 1., 0., 0., 77., 133., 76., 27., 119., 2., 0., 0., 5.,
       32., 80., 133., 24., 0., 0., 0., 0., 3., 20., 30., 133., 25., 0.,
       0., 9., 9., 2., 10., 25., 1., 0., 0., 0., 24., 65., 17., 1., 0.,
       0., 0., 0., 5., 75., 35., 0., 0., 0., 0., 0., 1., 24., 14., 0.,
       8., 25., 4., 0., 0., 0., 0., 0., 11., 62., 27., 0., 0., 0., 0.,
       1., 42., 73., 5., 0., 0., 0., 0., 0., 7., 15., 57., 68., 0., 0.,
       0., 0., 13., 19., 31., 13., 0., 0., 0., 10., 24., 77., 130., 80.,
       0., 0., 0., 119., 130., 84., 34., 5., 0., 0., 1., 19., 21., 7.,
       60., 125., 2., 0., 0., 0., 2., 31., 50., 39., 0., 0., 0., 53., 7.,
       7., 130., 130., 4., 2., 12., 130., 29., 7., 20., 18., 0., 1., 39.,
       30., 11., 10., 95., 93., 5., 1., 2., 0., 0., 14., 39., 40., 3.,
       0., 0., 37., 10., 11., 58., 107., 35., 19., 34., 130., 18., 3.,
       17., 16., 2., 7., 58., 12., 11., 9., 104., 125., 0., 0., 1., 21.,
       1., 0., 6., 48., 26., 1., 9., 85., 5., 0., 12., 134., 62., 2.,
       13., 134., 8., 0., 1., 9., 7., 3., 31., 6., 0., 1., 6., 70., 63.,
       15., 8., 16., 1., 1., 21., 50., 37., 7., 13., 67., 11., 0., 29.,
       134., 108., 13., 15., 134., 45., 0., 0., 6., 13., 8., 40., 15.,
       1., 2., 18., 113., 41., 6., 6., 37., 0., 0., 0., 8., 42., 16.,
       26., 17., 6., 4., 20., 56., 134., 53., 20., 134., 27., 5., 6., 6.,
       27., 33., 91., 19., 1., 0., 0., 118., 51., 4., 11., 35., 0., 0.,
       1., 13., 7., 5., 21., 14., 11., 6., 33., 134., 29., 2., 4., 134.,
       59., 7., 11., 27., 7., 2., 7., 30., 3., 0., 0., 25., 46., 9., 5.,
       8., 0., 0., 4., 81., 61., 3., 6., 92., 3., 0., 5., 111., 109., 7.,
       13., 144., 8., 0., 0., 1., 4., 5., 21., 8., 0., 0., 0., 80., 48.,
       6., 6., 23., 1., 0., 1., 43., 50., 3., 12., 64., 6., 0., 4., 144.,
       120., 2., 9., 144., 17., 0., 1., 15., 7., 3., 24., 22., 0., 0.,
       0., 62., 58., 9., 9., 21., 2., 1., 20., 45., 14., 1., 6., 39., 5.,
       0., 31., 144., 55., 3., 10., 144., 43., 0., 0., 15., 12., 3., 30.,
       36., 5., 0., 4., 42., 30., 6., 7., 15., 0., 0., 2., 10., 34., 13.,
       19., 7., 2., 0., 6., 42., 144., 38., 6., 144., 23., 1., 1., 5.,
       36., 30., 59., 43., 3., 0., 0., 36., 18., 4., 16., 29., 5., 0.,
       2., 70., 34., 2., 4., 66., 28., 4., 11., 125., 58., 3., 12., 125.,
       42., 1., 0., 2., 1., 2., 16., 9., 0., 0., 0., 0., 0., 10., 17.,
       75., 6., 0., 0., 41., 41., 11., 15., 55., 11., 1., 1., 125., 125.,
       11., 12., 125., 38., 1., 0., 10., 9., 7., 39., 30., 2., 0., 0.,
       0., 2., 12., 14., 125., 10., 0., 0., 19., 24., 6., 14., 8., 1.,
       5., 13., 110., 125., 46., 32., 113., 49., 31., 16., 8., 14., 30.,
       99., 37., 14., 0., 0., 0., 0., 6., 19., 124., 27., 0., 0., 2., 7.,
       4., 9., 3., 1., 6., 31., 125., 63., 6., 3., 125., 59., 34., 38.,
       57., 20., 4., 19., 85., 19., 0., 0., 0., 0., 6., 21., 0., 0., 16.,
       20., 12., 1., 0., 0., 4., 1., 5., 66., 135., 45., 21., 10., 135.,
       13., 5., 16., 27., 15., 28., 82., 54., 10., 5., 19., 42., 1., 0.,
       6., 0., 3., 14., 22., 18., 1., 0., 0., 5., 8., 40., 135., 98.,
       32., 14., 4., 135., 93., 55., 32., 6., 9., 17., 35., 39., 20., 6.,
       38., 67., 0., 0., 2., 0., 4., 15., 29., 40., 0., 0., 0., 41., 6.,
       12., 112., 135., 4., 1., 2., 135., 39., 15., 17., 20., 1., 0.,
       18., 38., 13., 11., 56., 94., 0., 0., 1., 0., 2., 9., 28., 44.,
       0., 0., 0., 34., 3., 4., 70., 135., 15., 2., 12., 135., 21., 3.,
       6., 10., 4., 1., 28., 19., 6., 4., 42., 110., 0., 0., 0., 36.,
       11., 0., 7., 21., 15., 3., 12., 34., 26., 12., 46., 93., 58., 2.,
       4., 135., 50., 5., 4., 14., 17., 2., 10., 22., 3., 1., 5., 65.,
       63., 5., 7., 80., 2., 0., 0., 16., 17., 3., 35., 45., 7., 1., 3.,
       135., 104., 3., 6., 135., 29., 0., 1., 38., 19., 2., 10., 37., 4.,
       0., 4., 125., 44., 2., 4., 61., 8., 0., 0., 7., 9., 4., 46., 21.,
       0., 0., 1., 135., 135., 6., 13., 135., 4., 0., 0., 40., 46., 6.,
       27., 47., 1., 0., 0., 89., 77., 8., 12., 57., 16., 0., 0., 1., 1.,
       2., 23., 11., 1., 0., 9., 128., 42., 3., 6., 135., 8., 0., 1.,
       60., 23., 3., 16., 52., 3., 1., 5., 48., 40., 5., 8., 3., 6., 12.,
       52., 32., 0., 0., 0., 10., 17., 38., 138., 47., 0., 0., 0., 138.,
       68., 27., 27., 5., 0., 0., 5., 50., 22., 7., 29., 37., 0., 0., 1.,
       5., 7., 11., 55., 64., 1., 0., 1., 37., 21., 13., 86., 138., 0.,
       0., 3., 138., 68., 8., 12., 14., 0., 0., 10., 51., 23., 11., 69.,
       75., 0., 0., 0., 3., 2., 23., 65., 52., 4., 2., 2., 53., 4., 6.,
       81., 138., 14., 6., 18., 138., 31., 3., 4., 10., 1., 2., 43., 31.,
       15., 8., 72., 127., 0., 0., 1., 4., 8., 10., 21., 23., 17., 14.,
       7., 15., 3., 2., 8., 27., 61., 85., 32., 92., 13., 5., 2., 1., 2.,
       29., 74., 10., 6., 7., 51., 135., 10., 1., 1., 25., 3., 0., 2.,
