%YAML:1.0
---
mat: !!opencv-matrix
   rows: 47
   cols: 128
   dt: f
   data: [ 1., 0., 0., 1., 1., 0., 1., 1., 0., 6., 21., 30., 4., 0., 0.,
       0., 1., 32., 24., 6., 2., 0., 0., 0., 0., 3., 1., 2., 1., 0., 0.,
       0., 0., 0., 0., 40., 8., 0., 1., 1., 12., 29., 48., 152., 93., 0.,
       0., 0., 139., 152., 55., 40., 10., 0., 0., 3., 20., 14., 2., 3.,
       1., 0., 0., 1., 1., 0., 12., 126., 17., 5., 4., 10., 61., 7., 5.,
       117., 152., 17., 4., 10., 152., 24., 6., 21., 40., 0., 0., 46.,
       33., 15., 35., 37., 5., 0., 0., 5., 22., 2., 15., 37., 42., 4.,
       6., 70., 93., 1., 0., 75., 152., 8., 5., 28., 152., 6., 4., 34.,
       33., 0., 1., 60., 14., 20., 26., 69., 44., 7., 23., 17., 3., 4.,
       8., 99., 104., 2., 0., 0., 144., 74., 19., 28., 29., 0., 0., 1.,
       68., 21., 17., 11., 0., 0., 0., 0., 0., 12., 18., 4., 0., 0., 0.,
       0., 14., 1., 1., 26., 144., 21., 3., 5., 144., 9., 1., 10., 72.,
       1., 0., 17., 78., 14., 34., 78., 35., 4., 5., 6., 31., 67., 37.,
       14., 4., 1., 5., 17., 25., 2., 0., 36., 144., 6., 2., 10., 144.,
       26., 2., 15., 59., 0., 0., 10., 42., 11., 4., 18., 28., 9., 34.,
       51., 19., 5., 2., 15., 5., 2., 35., 67., 17., 1., 0., 26., 144.,
       19., 7., 13., 144., 6., 0., 5., 28., 5., 6., 98., 33., 1., 0.,
       11., 1., 0., 3., 69., 0., 0., 0., 125., 13., 0., 3., 9., 15., 0.,
       0., 2., 0., 0., 12., 126., 5., 3., 20., 37., 2., 0., 2., 13., 6.,
       38., 32., 10., 0., 0., 0., 0., 4., 5., 0., 0., 0., 0., 0., 4., 2.,
       0., 1., 41., 15., 0., 1., 16., 12., 21., 54., 162., 78., 0., 0.,
       1., 162., 137., 69., 48., 5., 0., 0., 5., 41., 11., 1., 1., 0.,
       0., 1., 3., 0., 0., 1., 81., 58., 3., 0., 0., 56., 5., 4., 96.,
       162., 21., 1., 8., 162., 17., 4., 11., 24., 3., 1., 40., 58., 1.,
       6., 28., 13., 0., 0., 7., 10., 1., 6., 35., 36., 12., 5., 17.,
       60., 0., 0., 3., 162., 30., 3., 9., 162., 1., 1., 4., 24., 1., 0.,
       29., 32., 1., 2., 59., 47., 1., 3., 5., 6., 19., 61., 9., 0., 0.,
       0., 0., 12., 56., 62., 6., 0., 0., 0., 0., 7., 26., 32., 9., 0.,
       0., 0., 0., 4., 16., 24., 5., 0., 0., 0., 0., 4., 14., 60., 70.,
       48., 11., 4., 3., 122., 111., 72., 53., 35., 2., 0., 4., 56., 73.,
       73., 72., 90., 27., 0., 2., 13., 122., 61., 25., 10., 7., 0., 2.,
       5., 1., 2., 39., 99., 69., 7., 3., 122., 5., 1., 16., 46., 36.,
       6., 43., 83., 13., 3., 13., 112., 122., 5., 8., 42., 122., 3., 2.,
       12., 115., 14., 6., 1., 0., 0., 4., 17., 43., 85., 8., 61., 0.,
       0., 1., 10., 30., 87., 103., 19., 0., 0., 7., 17., 36., 46., 36.,
       12., 5., 0., 0., 1., 84., 77., 28., 5., 7., 27., 1., 0., 0., 0.,
       1., 4., 5., 52., 4., 0., 0., 0., 3., 4., 17., 33., 0., 0., 0., 0.,
       2., 2., 5., 3., 1., 0., 0., 0., 1., 10., 32., 86., 13., 7., 12.,
       17., 40., 15., 29., 158., 86., 82., 31., 6., 2., 146., 124., 115.,
       12., 8., 1., 0., 13., 30., 12., 3., 14., 27., 1., 0., 6., 9., 44.,
       51., 24., 30., 16., 21., 60., 67., 27., 18., 36., 158., 64., 6.,
       4., 158., 19., 5., 5., 42., 5., 0., 26., 41., 1., 0., 4., 55.,
       10., 0., 7., 16., 46., 35., 33., 78., 24., 18., 31., 68., 30.,
       12., 37., 158., 36., 7., 21., 158., 11., 0., 3., 35., 4., 0., 1.,
       33., 2., 0., 1., 22., 4., 0., 0., 20., 32., 14., 16., 56., 34.,
       36., 67., 80., 10., 3., 23., 159., 52., 8., 20., 159., 4., 0., 1.,
       19., 3., 0., 2., 34., 1., 0., 1., 15., 1., 0., 1., 8., 49., 21.,
       14., 40., 21., 39., 60., 72., 3., 5., 30., 159., 44., 11., 19.,
       159., 26., 0., 0., 31., 5., 3., 18., 44., 7., 0., 13., 23., 1.,
       0., 1., 9., 47., 20., 13., 10., 10., 80., 26., 14., 2., 7., 23.,
       93., 77., 159., 35., 146., 11., 0., 0., 6., 10., 100., 132., 32.,
       6., 0., 9., 28., 17., 4., 14., 2., 0., 0., 0., 0., 1., 48., 10.,
       1., 0., 0., 0., 0., 4., 72., 9., 3., 1., 0., 0., 0., 0., 39., 24.,
       2., 2., 0., 0., 1., 5., 3., 6., 6., 17., 19., 5., 9., 11., 18.,
       40., 11., 8., 13., 21., 151., 46., 6., 2., 151., 25., 13., 7.,
       39., 4., 0., 24., 61., 3., 0., 0., 6., 0., 0., 14., 12., 72., 57.,
       39., 46., 6., 3., 10., 30., 37., 17., 57., 151., 13., 1., 6.,
       151., 1., 0., 7., 53., 2., 0., 10., 79., 1., 0., 1., 5., 0., 0.,
       2., 12., 11., 4., 6., 47., 39., 53., 72., 31., 6., 1., 11., 151.,
       63., 17., 36., 151., 3., 0., 2., 52., 8., 0., 4., 79., 1., 0., 0.,
       4., 0., 0., 1., 7., 49., 18., 8., 8., 6., 15., 20., 12., 3., 7.,
       31., 151., 23., 12., 10., 151., 12., 0., 1., 41., 8., 11., 28.,
       58., 9., 0., 4., 6., 0., 0., 3., 1., 1., 24., 55., 109., 4., 0.,
       0., 68., 53., 94., 36., 28., 0., 1., 19., 26., 19., 52., 9., 5.,
       26., 18., 22., 10., 34., 58., 9., 9., 29., 5., 2., 6., 1., 0.,
       28., 138., 2., 0., 0., 138., 19., 5., 17., 86., 0., 1., 39., 79.,
       17., 41., 49., 7., 31., 15., 28., 20., 17., 15., 9., 8., 59., 39.,
       15., 10., 1., 0., 37., 138., 0., 0., 2., 138., 33., 7., 20., 76.,
       7., 3., 37., 66., 40., 60., 91., 27., 35., 10., 18., 120., 33.,
       16., 6., 1., 2., 10., 20., 19., 0., 0., 40., 138., 0., 0., 3.,
       138., 5., 0., 7., 37., 14., 7., 55., 36., 3., 2., 5., 11., 96.,
       51., 38., 51., 7., 19., 13., 1., 5., 16., 36., 2., 3., 37., 62.,
       27., 0., 0., 0., 10., 41., 138., 31., 5., 0., 0., 1., 4., 17.,
       106., 15., 4., 4., 1., 2., 6., 37., 43., 4., 2., 0., 0., 0., 8.,
       3., 12., 56., 138., 2., 0., 2., 138., 56., 52., 42., 76., 2., 3.,
       32., 48., 22., 49., 22., 19., 66., 20., 26., 51., 42., 17., 3.,
       5., 18., 22., 33., 10., 1., 0., 31., 138., 0., 0., 1., 138., 48.,
       21., 26., 104., 6., 5., 27., 94., 59., 82., 43., 9., 20., 17.,
       24., 65., 15., 3., 1., 3., 4., 18., 36., 15., 0., 0., 37., 138.,
       3., 0., 3., 138., 9., 2., 10., 59., 17., 19., 59., 55., 10., 11.,
       21., 6., 40., 66., 48., 41., 29., 30., 10., 2., 0., 2., 13., 6.,
       24., 112., 12., 0., 0., 0., 0., 11., 86., 88., 6., 0., 0., 0., 0.,
       4., 23., 110., 21., 1., 0., 0., 0., 8., 66., 89., 14., 1., 0., 0.,
       0., 13., 34., 113., 48., 17., 4., 1., 2., 115., 89., 53., 18., 6.,
       7., 2., 11., 27., 8., 45., 58., 89., 28., 2., 7., 115., 66., 42.,
       44., 32., 8., 2., 4., 15., 7., 3., 4., 25., 41., 97., 34., 115.,
       7., 0., 3., 8., 8., 50., 99., 37., 3., 0., 6., 89., 81., 45., 13.,
       106., 2., 0., 2., 21., 49., 65., 73., 6., 0., 0., 0., 0., 13.,
       115., 33., 19., 0., 0., 0., 0., 2., 73., 107., 9., 0., 0., 0., 1.,
       19., 82., 30., 5., 0., 0., 0., 0., 6., 81., 53., 0., 1., 2., 9.,
       5., 0., 0., 0., 0., 0., 39., 20., 6., 1., 0., 0., 0., 2., 55., 8.,
       6., 1., 0., 0., 0., 3., 37., 3., 3., 2., 0., 0., 16., 13., 2.,
       16., 45., 7., 0., 1., 9., 17., 123., 115., 128., 13., 0., 0., 74.,
       66., 149., 22., 10., 9., 6., 17., 4., 26., 120., 30., 39., 32.,
       5., 5., 19., 3., 0., 1., 58., 9., 3., 9., 42., 8., 6., 15., 149.,
       32., 0., 1., 149., 41., 10., 13., 46., 13., 5., 28., 22., 13.,
       12., 61., 149., 65., 6., 11., 0., 1., 2., 1., 46., 2., 1., 1.,
       28., 4., 0., 3., 149., 4., 0., 2., 149., 46., 9., 17., 46., 10.,
       6., 26., 16., 12., 9., 87., 52., 63., 10., 8., 55., 56., 7., 8.,
       17., 11., 10., 96., 37., 11., 6., 29., 148., 42., 10., 22., 148.,
       1., 0., 4., 37., 4., 0., 15., 55., 1., 1., 0., 0., 1., 2., 3.,
       148., 62., 6., 12., 20., 14., 15., 59., 42., 13., 6., 38., 148.,
       35., 10., 14., 148., 18., 0., 3., 47., 7., 5., 21., 64., 7., 3.,
       9., 16., 2., 0., 2., 34., 26., 5., 5., 4., 28., 122., 26., 10.,
       8., 5., 18., 70., 69., 148., 20., 134., 10., 0., 0., 9., 17.,
       121., 113., 46., 6., 0., 2., 19., 13., 2., 16., 4., 2., 0., 0.,
       0., 3., 31., 2., 7., 1., 0., 0., 0., 3., 54., 7., 5., 1., 0., 0.,
       0., 0., 40., 19., 5., 0., 0., 0., 0., 2., 2., 9., 4., 4., 10., 1.,
