%YAML:1.0
---
mat: !!opencv-matrix
   rows: 37
   cols: 128
   dt: f
   data: [ 13., 31., 15., 21., 84., 3., 0., 0., 118., 52., 7., 10., 70.,
       8., 0., 1., 99., 17., 0., 1., 88., 25., 3., 8., 71., 16., 0., 1.,
       4., 12., 4., 7., 94., 16., 1., 9., 119., 22., 1., 10., 125., 15.,
       1., 7., 87., 24., 4., 21., 81., 6., 7., 1., 27., 71., 58., 52.,
       41., 3., 4., 1., 5., 12., 17., 43., 125., 1., 0., 9., 125., 21.,
       1., 22., 125., 31., 3., 7., 107., 14., 2., 21., 64., 27., 69.,
       27., 19., 18., 16., 14., 22., 48., 50., 7., 3., 3., 6., 8., 98.,
       5., 0., 14., 109., 6., 0., 5., 125., 1., 0., 6., 77., 10., 2.,
       33., 62., 2., 5., 7., 22., 65., 39., 19., 18., 16., 5., 2., 3.,
       16., 47., 25., 1., 0., 0., 18., 67., 128., 46., 1., 128., 34., 2.,
       11., 25., 78., 97., 36., 128., 36., 0., 1., 1., 16., 18., 20.,
       12., 0., 0., 0., 0., 17., 37., 51., 11., 0., 0., 3., 28., 96.,
       61., 11., 36., 24., 11., 72., 120., 112., 61., 13., 128., 73., 9.,
       13., 7., 8., 14., 43., 42., 1., 0., 0., 0., 3., 54., 55., 43., 3.,
       0., 1., 50., 54., 14., 12., 12., 3., 1., 9., 111., 128., 84., 43.,
       128., 7., 1., 2., 3., 21., 71., 128., 42., 0., 0., 0., 0., 0., 7.,
       37., 48., 8., 0., 0., 17., 22., 3., 2., 0., 0., 0., 0., 16., 30.,
       44., 24., 4., 0., 0., 0., 0., 1., 20., 47., 2., 0., 0., 0., 0.,
       0., 0., 3., 0., 50., 116., 13., 6., 65., 16., 0., 23., 71., 28.,
       1., 3., 123., 41., 3., 105., 99., 0., 0., 0., 43., 14., 7., 22.,
       10., 0., 0., 0., 0., 7., 4., 9., 104., 120., 18., 49., 55., 25.,
       7., 123., 123., 46., 0., 3., 54., 13., 30., 109., 24., 0., 0.,
       13., 94., 15., 15., 66., 11., 0., 0., 0., 1., 4., 8., 22., 47.,
       40., 15., 61., 52., 23., 20., 123., 65., 4., 1., 4., 7., 12., 78.,
       85., 6., 1., 2., 36., 32., 4., 28., 47., 0., 0., 0., 1., 2., 3.,
       28., 10., 54., 38., 3., 4., 57., 25., 13., 123., 123., 6., 1., 1.,
       4., 9., 61., 50., 23., 2., 3., 7., 1., 1., 56., 9., 0., 0., 0.,
       0., 0., 3., 26., 0., 5., 5., 36., 11., 0., 0., 0., 27., 14., 19.,
       95., 16., 0., 0., 1., 20., 9., 53., 129., 21., 0., 0., 1., 2., 1.,
       46., 130., 11., 2., 2., 5., 2., 4., 15., 83., 68., 0., 0., 0.,
       133., 21., 7., 77., 73., 13., 1., 12., 32., 1., 12., 58., 133.,
       83., 16., 35., 8., 1., 9., 17., 25., 39., 42., 80., 12., 16., 55.,
       100., 97., 0., 0., 0., 133., 26., 5., 45., 58., 11., 2., 6., 53.,
       2., 0., 0., 34., 110., 73., 40., 1., 0., 0., 0., 76., 66., 61.,
       64., 22., 33., 54., 87., 33., 8., 4., 1., 133., 33., 7., 31., 12.,
       3., 1., 2., 57., 13., 1., 0., 1., 2., 7., 2., 0., 2., 1., 1., 45.,
       31., 7., 2., 1., 42., 49., 12., 0., 0., 3., 5., 2., 27., 50., 18.,
       2., 0., 3., 5., 3., 40., 67., 19., 3., 0., 1., 5., 7., 29., 43.,
       4., 0., 0., 0., 2., 11., 117., 86., 24., 8., 17., 15., 3., 93.,
       89., 67., 29., 25., 15., 1., 3., 22., 73., 96., 44., 113., 71.,
       2., 3., 75., 98., 95., 6., 3., 5., 0., 19., 9., 28., 14., 2., 6.,
       117., 114., 19., 117., 47., 12., 1., 9., 48., 54., 96., 50., 5.,
       2., 1., 91., 117., 26., 27., 117., 11., 2., 0., 7., 44., 33.,
       117., 3., 0., 0., 0., 0., 35., 70., 15., 16., 0., 0., 0., 0., 14.,
       72., 68., 6., 0., 0., 0., 4., 48., 31., 21., 10., 0., 0., 0., 0.,
       13., 40., 58., 0., 3., 30., 119., 5., 0., 0., 0., 54., 88., 78.,
       49., 2., 0., 0., 0., 20., 21., 24., 18., 0., 0., 0., 0., 0., 11.,
       19., 8., 2., 0., 0., 0., 6., 4., 6., 119., 67., 82., 14., 2.,
       119., 49., 11., 44., 25., 27., 5., 20., 63., 34., 67., 119., 66.,
       4., 0., 1., 35., 119., 80., 27., 7., 2., 0., 0., 2., 0., 0., 3.,
       29., 119., 36., 4., 85., 3., 1., 18., 38., 90., 57., 67., 21., 8.,
       5., 69., 119., 89., 31., 6., 59., 119., 30., 8., 39., 48., 6., 4.,
       0., 0., 3., 6., 6., 20., 5., 0., 0., 0., 7., 2., 11., 45., 28.,
       4., 0., 0., 4., 1., 40., 96., 57., 3., 30., 14., 3., 2., 54.,
       105., 42., 45., 20., 5., 24., 28., 0., 0., 0., 15., 4., 4., 83.,
       119., 5., 4., 1., 1., 16., 17., 119., 119., 10., 13., 7., 11.,
       62., 99., 47., 7., 0., 0., 2., 25., 5., 9., 119., 119., 0., 0.,
       0., 1., 105., 44., 75., 82., 6., 21., 23., 18., 37., 3., 5., 21.,
       10., 92., 111., 79., 55., 7., 1., 0., 0., 4., 42., 119., 20., 6.,
       37., 98., 4., 28., 56., 32., 119., 31., 13., 7., 0., 13., 20.,
       62., 88., 13., 0., 0., 0., 21., 33., 49., 32., 9., 2., 0., 0., 1.,
       13., 60., 19., 0., 0., 1., 1., 42., 64., 73., 72., 2., 0., 0., 0.,
       17., 28., 114., 54., 15., 8., 2., 0., 0., 0., 20., 10., 18., 38.,
       22., 0., 0., 0., 1., 48., 21., 16., 20., 3., 1., 10., 16., 20.,
       35., 26., 22., 2., 1., 8., 12., 25., 25., 11., 4., 0., 0., 0.,
       13., 3., 22., 12., 1., 0., 0., 0., 0., 76., 10., 15., 115., 28.,
       5., 6., 35., 115., 54., 38., 105., 17., 1., 1., 11., 55., 43.,
       72., 115., 47., 1., 0., 8., 11., 115., 62., 13., 2., 0., 0., 0.,
       13., 13., 10., 53., 56., 90., 64., 17., 115., 17., 5., 32., 27.,
       36., 93., 91., 30., 26., 14., 65., 115., 115., 28., 8., 57., 115.,
       24., 7., 10., 58., 13., 16., 23., 18., 5., 0., 1., 12., 41., 45.,
       7., 0., 0., 0., 1., 14., 66., 50., 1., 0., 0., 0., 5., 115., 70.,
       8., 22., 5., 0., 0., 4., 96., 92., 60., 1., 0., 0., 25., 115., 5.,
       10., 1., 123., 1., 0., 29., 101., 1., 0., 24., 94., 8., 0., 7.,
       74., 1., 0., 12., 69., 14., 12., 17., 3., 0., 0., 0., 5., 0., 0.,
       30., 123., 1., 0., 1., 123., 7., 1., 21., 115., 0., 0., 31., 96.,
       16., 2., 23., 123., 1., 0., 8., 64., 21., 16., 45., 57., 1., 0.,
       0., 5., 1., 0., 24., 123., 0., 0., 1., 123., 63., 18., 18., 88.,
       1., 2., 18., 60., 38., 24., 56., 59., 5., 3., 6., 69., 22., 1.,
       6., 85., 16., 1., 2., 6., 0., 0., 12., 123., 2., 0., 5., 58., 7.,
       1., 3., 56., 9., 8., 95., 45., 7., 2., 4., 81., 26., 11., 29.,
       90., 6., 0., 0., 21., 29., 10., 23., 5., 39., 90., 14., 63., 114.,
       16., 12., 114., 93., 72., 3., 8., 25., 25., 94., 74., 39., 4., 0.,
       0., 0., 1., 19., 17., 8., 0., 0., 0., 0., 0., 2., 50., 72., 27.,
       8., 20., 70., 58., 52., 53., 23., 27., 72., 16., 21., 59., 107.,
       114., 97., 25., 12., 1., 0., 0., 12., 29., 15., 0., 0., 0., 0.,
       0., 1., 72., 29., 6., 51., 16., 4., 29., 69., 21., 4., 6., 86.,
       33., 3., 33., 70., 114., 42., 31., 10., 1., 0., 14., 77., 35.,
       34., 9., 0., 0., 0., 0., 2., 52., 11., 11., 74., 12., 1., 5., 38.,
       49., 4., 12., 73., 34., 1., 6., 47., 6., 89., 114., 80., 43., 9.,
       4., 8., 12., 114., 58., 1., 0., 1., 1., 1., 46., 37., 3., 6., 75.,
       26., 1., 7., 33., 30., 24., 48., 122., 81., 22., 18., 126., 78.,
       9., 3., 1., 3., 7., 29., 18., 12., 1., 1., 1., 0., 0., 1., 97.,
       106., 2., 3., 44., 22., 0., 7., 34., 25., 8., 38., 126., 102.,
       19., 17., 126., 68., 7., 11., 14., 8., 9., 38., 36., 5., 0., 0.,
       0., 0., 7., 14., 126., 16., 0., 0., 25., 24., 4., 65., 30., 5.,
       2., 11., 126., 126., 23., 28., 126., 37., 3., 5., 18., 26., 23.,
       72., 53., 6., 0., 0., 0., 0., 10., 19., 92., 24., 2., 4., 12.,
       13., 3., 21., 21., 5., 2., 9., 97., 62., 8., 5., 98., 37., 6., 9.,
       22., 20., 16., 35., 65., 9., 0., 0., 0., 0., 2., 10., 54., 35.,
       18., 35., 91., 3., 0., 0., 85., 59., 2., 11., 92., 20., 0., 0.,
       73., 13., 5., 8., 119., 63., 4., 13., 88., 6., 1., 0., 7., 24.,
       70., 64., 34., 32., 21., 22., 55., 28., 14., 44., 119., 63., 1.,
       5., 53., 36., 5., 10., 83., 3., 0., 0., 77., 119., 68., 67., 106.,
       0., 0., 2., 1., 6., 39., 119., 53., 1., 0., 0., 76., 93., 21.,
       60., 119., 5., 0., 0., 51., 59., 22., 67., 81., 0., 0., 4., 1.,
       35., 73., 49., 5., 0., 0., 23., 4., 2., 24., 39., 80., 0., 1., 0.,
       8., 61., 22., 18., 31., 0., 3., 3., 5., 45., 62., 84., 18., 0.,
