%YAML:1.0
---
mat: !!opencv-matrix
   rows: 106
   cols: 128
   dt: f
   data: [ 4., 52., 10., 4., 6., 2., 0., 0., 1., 3., 12., 71., 83., 1.,
       0., 0., 102., 50., 23., 42., 33., 0., 0., 0., 30., 6., 0., 0., 0.,
       2., 0., 1., 11., 137., 54., 37., 9., 16., 1., 0., 12., 16., 107.,
       137., 44., 19., 15., 3., 137., 52., 28., 57., 16., 4., 6., 12.,
       66., 3., 0., 0., 2., 4., 0., 2., 19., 63., 19., 12., 50., 127.,
       4., 4., 44., 48., 21., 45., 31., 95., 99., 23., 137., 7., 4., 8.,
       15., 37., 31., 48., 69., 1., 0., 0., 4., 2., 0., 2., 7., 15., 0.,
       0., 66., 137., 0., 0., 22., 91., 50., 21., 45., 63., 2., 2., 137.,
       24., 21., 15., 14., 5., 1., 6., 53., 1., 0., 0., 2., 1., 0., 1.,
       0., 0., 3., 3., 118., 121., 32., 5., 75., 3., 5., 4., 16., 112.,
       98., 121., 55., 10., 16., 44., 53., 18., 24., 40., 2., 0., 0.,
       17., 60., 27., 121., 121., 0., 1., 15., 22., 73., 72., 9., 0., 6.,
       5., 12., 71., 121., 83., 41., 15., 121., 35., 19., 23., 10., 11.,
       28., 62., 72., 22., 10., 1., 1., 4., 58., 121., 0., 1., 10., 11.,
       32., 18., 0., 0., 2., 0., 1., 11., 65., 121., 83., 10., 85., 7.,
       1., 2., 3., 22., 95., 106., 47., 35., 23., 3., 0., 0., 0., 13.,
       0., 0., 0., 0., 0., 2., 0., 0., 0., 0., 0., 0., 0., 14., 13., 0.,
       1., 1., 1., 0., 0., 4., 17., 7., 1., 7., 9., 0., 0., 0., 0., 1.,
       16., 124., 50., 5., 6., 3., 2., 4., 1., 25., 56., 51., 36., 9.,
       1., 0., 1., 13., 25., 15., 21., 1., 0., 0., 0., 1., 0., 0., 2.,
       0., 0., 0., 56., 124., 35., 12., 5., 12., 57., 40., 15., 56.,
       124., 105., 11., 14., 8., 4., 100., 107., 63., 13., 1., 2., 3.,
       13., 18., 5., 0., 0., 0., 0., 0., 2., 23., 56., 124., 29., 9.,
       17., 19., 7., 57., 32., 21., 17., 11., 37., 109., 61., 100., 14.,
       2., 1., 0., 5., 78., 124., 19., 1., 0., 0., 0., 0., 1., 13., 124.,
       78., 88., 2., 0., 0., 4., 124., 115., 18., 3., 0., 2., 6., 41.,
       124., 2., 0., 0., 0., 12., 15., 47., 31., 0., 0., 0., 0., 4., 3.,
       2., 2., 0., 0., 0., 1., 0., 1., 3., 0., 0., 2., 18., 5., 0., 0.,
       0., 0., 1., 14., 18., 0., 0., 0., 0., 0., 1., 2., 0., 0., 0., 0.,
       3., 2., 0., 0., 1., 13., 29., 19., 23., 2., 3., 14., 102., 107.,
       67., 13., 1., 2., 79., 125., 100., 12., 2., 1., 0., 6., 47., 25.,
       1., 0., 0., 0., 13., 14., 0., 0., 3., 39., 64., 48., 33., 7., 8.,
       5., 18., 60., 131., 91., 11., 16., 118., 67., 58., 29., 17., 14.,
       11., 41., 53., 131., 85., 11., 1., 0., 4., 8., 4., 7., 28., 131.,
       32., 4., 4., 1., 68., 39., 56., 98., 28., 12., 6., 17., 12., 9.,
       37., 78., 131., 19., 8., 15., 12., 131., 131., 65., 51., 0., 0.,
       0., 1., 2., 27., 29., 16., 11., 9., 8., 2., 3., 29., 55., 31.,
       41., 15., 7., 3., 8., 27., 7., 0., 2., 4., 8., 0., 0., 0., 0., 0.,
       0., 0., 0., 3., 23., 122., 120., 25., 5., 9., 5., 18., 37., 122.,
       122., 72., 31., 3., 2., 122., 98., 94., 31., 7., 5., 1., 7., 8.,
       1., 0., 0., 0., 0., 0., 1., 24., 28., 34., 41., 70., 49., 83.,
       25., 37., 24., 16., 25., 76., 122., 122., 44., 122., 18., 5., 4.,
       10., 46., 88., 122., 21., 0., 0., 0., 0., 0., 1., 10., 9., 2.,
       21., 45., 18., 26., 79., 43., 7., 67., 67., 23., 3., 27., 122.,
       33., 9., 21., 32., 17., 7., 21., 89., 44., 2., 4., 7., 4., 2., 1.,
       2., 4., 2., 1., 0., 1., 125., 4., 0., 0., 79., 54., 20., 6., 64.,
       2., 0., 1., 16., 40., 125., 28., 4., 2., 0., 0., 18., 9., 63.,
       81., 2., 0., 0., 15., 3., 0., 0., 2., 125., 2., 0., 0., 84., 15.,
       8., 9., 98., 23., 10., 26., 15., 12., 76., 25., 51., 112., 18.,
       33., 76., 13., 39., 7., 2., 8., 6., 125., 3., 1., 1., 6., 125.,
       1., 0., 0., 83., 64., 18., 20., 96., 4., 2., 7., 34., 16., 14.,
       36., 40., 33., 9., 99., 37., 0., 0., 0., 1., 4., 4., 125., 1., 0.,
       1., 14., 125., 2., 1., 0., 44., 47., 17., 20., 90., 3., 3., 44.,
       73., 11., 7., 3., 0., 0., 0., 125., 12., 0., 0., 1., 1., 0., 0.,
       34., 0., 0., 34., 36., 0., 0., 0., 2., 1., 0., 86., 86., 0., 0.,
       2., 1., 0., 0., 85., 118., 15., 12., 5., 1., 25., 12., 74., 83.,
       11., 6., 3., 48., 8., 6., 107., 118., 10., 23., 10., 1., 88., 23.,
       92., 60., 5., 7., 19., 40., 11., 2., 12., 55., 86., 42., 33., 37.,
       56., 0., 1., 7., 25., 14., 8., 118., 8., 2., 5., 17., 9., 118.,
       100., 11., 93., 30., 14., 34., 20., 68., 44., 25., 50., 7., 10.,
       87., 38., 2., 2., 118., 66., 0., 0., 3., 3., 0., 0., 118., 0., 0.,
       0., 21., 30., 42., 17., 4., 12., 0., 0., 54., 91., 37., 12., 32.,
       71., 0., 0., 8., 10., 0., 0., 118., 20., 0., 0., 13., 7., 0., 0.,
       52., 14., 40., 3., 1., 45., 152., 2., 2., 34., 84., 55., 26., 36.,
       41., 13., 5., 152., 25., 10., 10., 12., 5., 2., 3., 28., 2., 0.,
       0., 3., 2., 0., 0., 2., 10., 1., 0., 61., 152., 0., 0., 40., 41.,
       59., 15., 103., 152., 4., 6., 152., 65., 19., 4., 4., 14., 4.,
       13., 47., 3., 0., 0., 2., 2., 0., 1., 29., 69., 0., 0., 17., 51.,
       0., 0., 18., 2., 0., 0., 70., 152., 36., 18., 152., 3., 0., 0.,
       4., 73., 58., 97., 41., 0., 0., 0., 2., 2., 0., 6., 58., 30., 0.,
       0., 1., 3., 14., 35., 4., 1., 0., 0., 10., 65., 17., 3., 10., 0.,
       0., 0., 2., 35., 48., 33., 5., 0., 0., 0., 3., 2., 2., 6., 4., 0.,
       0., 1., 0., 0., 0., 4., 2., 3., 16., 44., 2., 0., 0., 1., 21.,
       47., 35., 19., 0., 0., 0., 1., 20., 6., 0., 0., 0., 0., 0., 4.,
       3., 0., 0., 41., 11., 0., 0., 2., 16., 16., 34., 154., 50., 1.,
       0., 1., 154., 100., 53., 69., 3., 0., 0., 8., 56., 6., 4., 18.,
       11., 0., 0., 5., 1., 0., 0., 154., 48., 1., 2., 2., 49., 4., 5.,
       154., 112., 63., 22., 20., 154., 10., 5., 13., 7., 14., 5., 56.,
       57., 0., 1., 18., 82., 0., 0., 7., 23., 24., 11., 147., 25., 1.,
       4., 16., 53., 14., 4., 22., 78., 62., 25., 32., 154., 0., 0., 1.,
       20., 11., 2., 28., 36., 0., 0., 2., 90., 1., 0., 3., 9., 14., 46.,
       8., 11., 45., 76., 14., 1., 11., 26., 30., 57., 85., 62., 27.,
       37., 45., 49., 57., 46., 55., 12., 23., 27., 116., 77., 30., 11.,
       2., 0., 5., 11., 41., 116., 64., 21., 25., 8., 4., 116., 102.,
       68., 10., 32., 68., 17., 17., 15., 4., 7., 44., 116., 116., 53.,
       25., 40., 52., 22., 32., 27., 16., 77., 116., 42., 116., 28., 17.,
       23., 32., 31., 28., 116., 78., 7., 2., 5., 19., 21., 38., 22.,
       30., 11., 7., 37., 77., 46., 12., 0., 0., 0., 0., 2., 11., 55.,
       39., 25., 21., 1., 3., 11., 31., 116., 61., 22., 27., 2., 0., 1.,
       21., 72., 33., 13., 14., 3., 1., 0., 0., 5., 11., 0., 0., 0., 0.,
       0., 0., 0., 0., 0., 4., 14., 0., 0., 0., 0., 0., 2., 9., 8., 0.,
       2., 2., 1., 1., 1., 9., 15., 17., 18., 6., 1., 1., 9., 49., 19.,
       3., 2., 0., 1., 4., 16., 41., 115., 47., 34., 18., 15., 25., 115.,
       104., 70., 8., 8., 6., 7., 42., 16., 14., 14., 75., 105., 33., 5.,
       6., 5., 81., 93., 46., 65., 11., 0., 1., 27., 12., 23., 33., 70.,
       90., 76., 57., 115., 51., 12., 27., 30., 12., 13., 76., 35., 35.,
       19., 115., 115., 70., 25., 10., 29., 33., 17., 21., 107., 68.,
       31., 30., 16., 4., 15., 30., 69., 77., 50., 16., 97., 55., 47.,
       7., 8., 14., 34., 48., 27., 36., 10., 3., 26., 115., 77., 15.,
       14., 8., 1., 4., 22., 52., 65., 31., 68., 24., 0., 0., 1., 9.,
       51., 113., 148., 26., 2., 5., 2., 1., 4., 33., 49., 9., 19., 67.,
       20., 6., 8., 3., 0., 0., 16., 49., 104., 9., 3., 0., 44., 6., 4.,
       9., 22., 29., 32., 55., 148., 10., 1., 9., 19., 3., 3., 25., 69.,
       9., 10., 69., 88., 2., 0., 4., 31., 8., 6., 12., 111., 45., 9.,
       6., 16., 3., 2., 5., 10., 95., 148., 22., 148., 8., 2., 11., 22.,
       8., 83., 89., 52., 16., 11., 46., 105., 10., 1., 7., 65., 37., 4.,
       2., 15., 23., 18., 14., 0., 0., 1., 5., 16., 42., 93., 5., 6., 1.,
       8., 34., 54., 13., 44., 17., 17., 20., 11., 66., 89., 0., 0., 1.,
