%YAML:1.0
---
mat: !!opencv-matrix
   rows: 68
   cols: 128
   dt: f
   data: [ 13., 15., 38., 39., 3., 2., 5., 54., 14., 27., 62., 63., 52.,
       2., 3., 21., 46., 95., 103., 28., 10., 0., 0., 7., 23., 22., 3.,
       0., 0., 0., 0., 4., 7., 0., 3., 33., 17., 4., 10., 115., 24., 3.,
       6., 133., 133., 12., 3., 19., 133., 37., 15., 32., 43., 3., 0.,
       77., 56., 6., 0., 0., 0., 0., 0., 26., 8., 1., 6., 89., 17., 6.,
       5., 32., 25., 3., 1., 49., 133., 132., 15., 16., 133., 80., 0.,
       2., 47., 40., 1., 10., 61., 19., 0., 0., 0., 0., 0., 2., 3., 0.,
       1., 10., 11., 19., 30., 30., 4., 1., 0., 0., 98., 98., 21., 25.,
       133., 31., 0., 0., 47., 70., 47., 41., 69., 14., 0., 0., 0., 0.,
       1., 11., 0., 2., 21., 34., 84., 39., 0., 0., 41., 135., 68., 24.,
       45., 30., 0., 0., 29., 73., 23., 45., 18., 0., 0., 6., 28., 16.,
       16., 19., 17., 1., 0., 23., 0., 0., 0., 1., 68., 87., 0., 0., 34.,
       106., 4., 2., 135., 135., 0., 0., 135., 135., 20., 13., 16., 5.,
       0., 38., 37., 2., 1., 39., 30., 1., 0., 55., 0., 0., 0., 4., 38.,
       12., 0., 0., 32., 6., 1., 10., 135., 84., 10., 8., 135., 22., 1.,
       9., 43., 15., 10., 47., 38., 6., 4., 93., 46., 3., 4., 18., 0.,
       0., 0., 2., 16., 7., 0., 0., 4., 0., 0., 3., 74., 85., 80., 11.,
       56., 3., 0., 3., 9., 22., 99., 73., 9., 2., 0., 17., 18., 27.,
       43., 29., 0., 0., 0., 0., 61., 104., 0., 0., 24., 98., 6., 2.,
       123., 138., 0., 0., 138., 124., 18., 8., 10., 4., 0., 28., 37.,
       1., 1., 34., 27., 0., 0., 39., 0., 0., 0., 3., 51., 20., 0., 0.,
       34., 6., 1., 5., 138., 107., 9., 6., 138., 29., 1., 6., 40., 18.,
       10., 37., 47., 8., 3., 90., 58., 4., 3., 15., 0., 0., 0., 2., 27.,
       11., 1., 0., 5., 0., 0., 3., 110., 125., 116., 14., 80., 6., 0.,
       2., 10., 27., 138., 115., 14., 3., 0., 18., 25., 39., 60., 32.,
       0., 0., 0., 0., 1., 3., 0., 0., 0., 0., 0., 0., 1., 10., 22., 1.,
       0., 0., 0., 0., 0., 1., 30., 6., 0., 0., 0., 1., 1., 4., 17., 2.,
       1., 11., 27., 4., 0., 0., 0., 1., 0., 4., 35., 5., 0., 0., 0., 0.,
       1., 10., 22., 1., 0., 0., 0., 0., 1., 3., 1., 0., 0., 0., 0., 0.,
       31., 43., 51., 34., 17., 3., 1., 37., 13., 35., 140., 113., 86.,
       3., 0., 4., 105., 134., 114., 14., 4., 0., 0., 8., 25., 13., 1.,
       0., 0., 0., 0., 3., 36., 1., 2., 22., 61., 5., 4., 104., 58., 16.,
       9., 74., 140., 17., 1., 6., 140., 68., 8., 9., 23., 3., 0., 26.,
       44., 8., 0., 0., 0., 0., 0., 8., 12., 0., 0., 65., 39., 3., 2.,
       25., 22., 7., 0., 29., 131., 140., 15., 8., 140., 140., 0., 0.,
       24., 56., 1., 1., 52., 52., 0., 0., 0., 0., 0., 0., 5., 9., 3.,
       9., 13., 81., 78., 34., 95., 86., 3., 5., 5., 28., 29., 48., 37.,
       30., 0., 2., 17., 32., 13., 17., 10., 3., 2., 4., 10., 30., 51.,
       28., 1., 73., 126., 20., 6., 78., 13., 0., 85., 84., 74., 4., 6.,
       64., 36., 49., 82., 15., 0., 0., 0., 3., 4., 34., 0., 0., 0., 0.,
       0., 3., 14., 4., 5., 52., 126., 49., 2., 6., 126., 46., 126.,
       126., 83., 1., 0., 3., 89., 123., 94., 11., 0., 0., 0., 0., 1.,
       23., 0., 0., 0., 0., 0., 0., 1., 1., 0., 0., 0., 0., 0., 12.,
       126., 50., 24., 0., 0., 0., 0., 9., 126., 94., 13., 0., 0., 0.,
       0., 1., 3., 22., 1., 0., 0., 0., 0., 1., 0., 0., 9., 101., 43.,
       26., 71., 54., 0., 0., 33., 122., 34., 29., 4., 2., 0., 9., 33.,
       13., 12., 29., 48., 3., 0., 26., 2., 22., 42., 55., 103., 51., 0.,
       0., 9., 30., 2., 1., 122., 122., 0., 1., 122., 110., 7., 5., 46.,
       23., 1., 19., 75., 8., 6., 89., 53., 3., 1., 25., 3., 9., 9., 27.,
       91., 92., 8., 8., 4., 0., 0., 1., 122., 99., 32., 6., 122., 7.,
       1., 5., 44., 53., 89., 104., 39., 5., 3., 47., 40., 27., 50., 58.,
       2., 2., 2., 7., 17., 63., 53., 75., 0., 0., 0., 0., 7., 34., 30.,
       1., 1., 0., 0., 0., 1., 14., 84., 32., 1., 0., 0., 1., 3., 13.,
       54., 18., 0., 1., 8., 21., 11., 8., 11., 18., 0., 0., 58., 57.,
       3., 0., 0., 0., 10., 49., 123., 28., 0., 0., 0., 0., 12., 35.,
       28., 0., 0., 0., 0., 0., 0., 2., 17., 0., 0., 0., 0., 0., 2., 2.,
       45., 123., 123., 19., 4., 4., 123., 91., 105., 50., 21., 11., 7.,
       59., 123., 40., 5., 0., 0., 0., 0., 13., 1., 3., 5., 0., 0., 0.,
       0., 0., 3., 5., 14., 123., 123., 25., 7., 8., 123., 101., 32.,
       39., 25., 11., 11., 90., 123., 23., 0., 0., 0., 0., 0., 22., 3.,
       1., 0., 0., 0., 0., 0., 4., 3., 2., 4., 40., 108., 72., 13., 9.,
       123., 71., 14., 21., 18., 15., 15., 83., 114., 21., 0., 0., 0.,
       0., 0., 18., 3., 1., 1., 0., 0., 0., 0., 3., 56., 119., 45., 16.,
       4., 11., 6., 7., 57., 6., 17., 49., 15., 22., 16., 54., 59., 1.,
       1., 12., 119., 28., 2., 50., 50., 48., 1., 5., 119., 85., 10., 1.,
       79., 119., 13., 2., 24., 101., 6., 6., 119., 106., 22., 9., 9.,
       11., 9., 40., 54., 2., 1., 60., 93., 11., 4., 28., 23., 10., 0.,
       11., 46., 119., 46., 23., 15., 38., 2., 0., 22., 119., 119., 28.,
       119., 52., 3., 1., 4., 8., 91., 118., 36., 3., 0., 13., 42., 34.,
       40., 35., 25., 0., 0., 1., 7., 42., 29., 44., 0., 0., 0., 0., 0.,
       24., 50., 4., 1., 0., 0., 0., 0., 2., 50., 29., 0., 0., 0., 0.,
       0., 3., 14., 8., 0., 0., 1., 0., 0., 0., 5., 4., 12., 17., 16.,
       23., 139., 19., 0., 1., 139., 126., 16., 5., 19., 1., 0., 1., 47.,
       53., 33., 12., 0., 0., 1., 1., 2., 12., 47., 36., 0., 0., 1., 1.,
       20., 2., 0., 0., 139., 34., 0., 4., 139., 40., 2., 0., 40., 9.,
       5., 58., 31., 39., 64., 16., 19., 24., 14., 25., 8., 9., 48., 37.,
       3., 2., 15., 69., 17., 2., 0., 0., 139., 48., 1., 1., 139., 73.,
       4., 2., 46., 15., 4., 19., 42., 26., 7., 10., 17., 17., 18., 74.,
       1., 0., 2., 20., 6., 3., 23., 109., 2., 0., 0., 0., 79., 124.,
       23., 1., 77., 17., 0., 0., 11., 58., 79., 74., 54., 6., 3., 17.,
       3., 0., 4., 90., 1., 0., 13., 67., 6., 2., 2., 17., 19., 26., 33.,
       25., 1., 0., 11., 27., 12., 31., 37., 18., 2., 0., 1., 7., 0.,
       28., 17., 1., 0., 0., 0., 0., 0., 1., 0., 0., 0., 1., 0., 0., 5.,
       2., 23., 72., 9., 2., 30., 52., 14., 61., 89., 149., 96., 11., 3.,
       7., 118., 149., 56., 13., 11., 0., 0., 3., 16., 10., 0., 0., 0.,
       1., 0., 1., 22., 18., 53., 72., 13., 13., 28., 12., 72., 17., 12.,
       91., 149., 30., 5., 14., 149., 38., 4., 9., 39., 1., 0., 60., 34.,
       2., 9., 31., 11., 0., 0., 7., 4., 4., 4., 12., 51., 51., 55., 14.,
       96., 3., 4., 66., 149., 37., 3., 20., 149., 1., 0., 12., 12., 1.,
       0., 61., 13., 0., 5., 77., 63., 6., 1., 3., 15., 14., 30., 58.,
       4., 7., 27., 12., 34., 11., 8., 56., 154., 32., 6., 4., 154., 11.,
       1., 9., 55., 3., 0., 9., 58., 1., 1., 23., 23., 0., 0., 3., 3.,
       3., 3., 6., 23., 43., 78., 33., 41., 3., 4., 38., 154., 108., 15.,
       5., 154., 4., 1., 10., 47., 14., 5., 22., 62., 2., 1., 59., 56.,
       3., 1., 4., 3., 16., 31., 12., 20., 12., 4., 3., 11., 6., 4., 1.,
       104., 154., 72., 12., 154., 6., 3., 16., 17., 62., 98., 81., 46.,
       6., 6., 78., 25., 8., 6., 22., 28., 22., 17., 17., 14., 11., 11.,
       14., 15., 31., 38., 22., 8., 20., 16., 3., 9., 29., 12., 5., 6.,
       38., 37., 7., 15., 5., 5., 8., 8., 31., 35., 28., 34., 17., 47.,
       19., 2., 9., 40., 36., 60., 42., 31., 13., 13., 12., 11., 14.,
       26., 25., 18., 27., 25., 19., 11., 14., 33., 33., 7., 1., 0., 0.,
       0., 5., 9., 15., 103., 132., 7., 10., 48., 15., 132., 132., 80.,
       51., 15., 8., 7., 24., 46., 26., 13., 32., 55., 50., 17., 18.,
       78., 35., 7., 3., 1., 2., 5., 21., 24., 8., 77., 132., 1., 1.,
       65., 132., 132., 38., 21., 17., 6., 6., 10., 132., 35., 11., 9.,
       32., 56., 50., 24., 27., 65., 34., 8., 6., 4., 5., 15., 36., 17.,
       16., 3., 9., 8., 21., 79., 124., 61., 114., 9., 1., 2., 10., 14.,
       64., 18., 22., 2., 0., 6., 32., 32., 11., 6., 0., 0., 0., 0., 3.,
