%YAML:1.0
---
mat: !!opencv-matrix
   rows: 142
   cols: 128
   dt: f
   data: [ 17., 1., 0., 0., 125., 30., 1., 6., 125., 30., 2., 2., 6., 5.,
       3., 45., 24., 13., 4., 10., 125., 45., 7., 18., 48., 0., 0., 0.,
       62., 22., 2., 12., 18., 0., 0., 0., 125., 40., 1., 11., 125., 23.,
       2., 1., 8., 7., 6., 94., 24., 13., 4., 12., 125., 41., 10., 24.,
       52., 0., 0., 0., 79., 24., 3., 17., 25., 3., 0., 1., 125., 12.,
       0., 3., 125., 62., 11., 2., 10., 2., 2., 21., 18., 27., 23., 22.,
       125., 31., 5., 6., 31., 0., 0., 3., 68., 22., 25., 63., 5., 4.,
       0., 1., 125., 7., 1., 2., 33., 65., 21., 1., 8., 1., 6., 37., 7.,
       22., 38., 19., 17., 3., 48., 98., 1., 0., 2., 10., 13., 6., 99.,
       125., 13., 6., 117., 108., 2., 0., 5., 9., 24., 4., 79., 78., 4.,
       17., 30., 22., 2., 0., 15., 46., 31., 64., 20., 1., 106., 2., 3.,
       6., 8., 5., 0., 12., 73., 10., 19., 52., 34., 0., 0., 2., 124.,
       13., 6., 6., 16., 20., 17., 24., 8., 1., 2., 29., 124., 51., 10.,
       3., 124., 1., 0., 5., 29., 3., 0., 21., 101., 14., 3., 21., 34.,
       0., 0., 4., 124., 19., 12., 30., 29., 13., 4., 22., 12., 6., 8.,
       116., 124., 13., 1., 1., 124., 10., 1., 12., 12., 0., 0., 4.,
       100., 15., 2., 11., 22., 0., 0., 3., 124., 22., 9., 29., 43., 15.,
       4., 17., 15., 4., 3., 58., 124., 13., 1., 0., 124., 9., 1., 4.,
       5., 0., 0., 1., 1., 1., 5., 2., 2., 42., 122., 27., 40., 1., 1.,
       0., 18., 103., 32., 10., 122., 12., 5., 3., 7., 30., 31., 64.,
       13., 5., 5., 5., 38., 122., 19., 6., 24., 23., 27., 27., 23., 37.,
       54., 32., 51., 10., 5., 1., 122., 122., 12., 13., 122., 16., 7.,
       9., 22., 18., 11., 15., 20., 8., 34., 19., 24., 83., 16., 24.,
       35., 39., 38., 46., 23., 15., 29., 17., 19., 45., 44., 22., 119.,
       90., 7., 12., 122., 45., 31., 60., 35., 34., 6., 11., 10., 24.,
       121., 122., 15., 5., 5., 4., 8., 38., 38., 53., 46., 2., 0., 0.,
       2., 60., 68., 54., 32., 5., 0., 0., 6., 18., 66., 76., 16., 3.,
       0., 0., 0., 3., 22., 54., 11., 0., 0., 0., 3., 0., 0., 0., 0.,
       56., 78., 45., 4., 0., 0., 2., 17., 30., 99., 77., 14., 1., 0.,
       1., 11., 45., 82., 42., 8., 0., 0., 0., 6., 35., 47., 41., 30.,
       28., 11., 20., 8., 50., 101., 38., 28., 14., 9., 82., 118., 23.,
       52., 44., 118., 24., 6., 16., 39., 56., 29., 31., 25., 4., 6., 3.,
       36., 61., 54., 71., 79., 59., 9., 31., 39., 10., 21., 9., 56.,
       13., 5., 118., 118., 3., 5., 9., 118., 32., 18., 25., 22., 13.,
       10., 31., 20., 35., 41., 25., 51., 17., 29., 22., 44., 100., 60.,
       53., 24., 1., 2., 2., 24., 24., 19., 101., 73., 1., 0., 0., 71.,
       118., 44., 3., 5., 8., 6., 2., 6., 27., 103., 33., 20., 9., 17.,
       14., 29., 2., 1., 0., 43., 103., 14., 4., 127., 15., 6., 4., 7.,
       12., 7., 28., 25., 10., 15., 13., 48., 127., 10., 10., 50., 27.,
       0., 0., 30., 127., 2., 2., 29., 4., 4., 1., 127., 78., 5., 11.,
       127., 10., 4., 7., 23., 19., 12., 21., 38., 12., 56., 39., 11.,
       40., 29., 33., 16., 13., 43., 14., 67., 127., 5., 7., 9., 46.,
       33., 18., 85., 63., 3., 5., 127., 49., 37., 54., 34., 29., 3.,
       10., 16., 28., 123., 127., 19., 1., 2., 1., 0., 40., 127., 53.,
       22., 9., 0., 0., 2., 43., 57., 41., 17., 2., 0., 0., 3., 14., 67.,
       70., 12., 1., 0., 0., 0., 3., 26., 68., 12., 0., 0., 0., 0., 3.,
       18., 9., 5., 0., 0., 0., 27., 7., 4., 19., 35., 0., 0., 0., 136.,
       23., 5., 0., 0., 1., 1., 9., 52., 15., 32., 51., 56., 33., 10.,
       6., 6., 2., 3., 58., 122., 15., 0., 0., 44., 18., 8., 21., 33.,
       0., 0., 0., 136., 28., 9., 3., 1., 8., 14., 38., 30., 12., 46.,
       93., 77., 98., 27., 15., 11., 6., 5., 84., 93., 21., 0., 0., 57.,
       17., 7., 14., 28., 0., 0., 1., 136., 53., 21., 9., 2., 3., 8.,
       22., 22., 13., 44., 131., 96., 76., 26., 12., 16., 6., 3., 63.,
       100., 22., 0., 0., 51., 9., 1., 4., 21., 0., 0., 6., 136., 47.,
       32., 6., 1., 1., 5., 52., 18., 6., 41., 91., 119., 34., 17., 18.,
       19., 1., 1., 33., 97., 9., 0., 0., 7., 0., 0., 2., 21., 43., 64.,
       59., 5., 0., 0., 2., 14., 59., 87., 25., 1., 0., 0., 0., 7., 59.,
       41., 8., 1., 0., 0., 0., 0., 4., 16., 9., 24., 2., 0., 57., 86.,
       17., 16., 52., 128., 7., 1., 27., 39., 52., 36., 59., 16., 1., 2.,
       1., 21., 128., 116., 27., 0., 0., 0., 7., 18., 44., 128., 39.,
       33., 3., 2., 102., 128., 6., 7., 4., 128., 16., 10., 23., 16., 7.,
       4., 13., 33., 30., 28., 46., 12., 41., 53., 10., 19., 6., 6.,
       128., 53., 14., 40., 11., 39., 7., 17., 87., 53., 0., 0., 1.,
       128., 33., 8., 11., 6., 4., 6., 17., 20., 9., 9., 128., 46., 12.,
       13., 8., 48., 2., 2., 105., 20., 0., 0., 42., 4., 0., 0., 1., 83.,
       85., 24., 34., 6., 0., 0., 2., 19., 56., 89., 59., 3., 0., 0., 1.,
       9., 51., 81., 20., 1., 0., 0., 0., 4., 34., 23., 4., 16., 5., 8.,
       9., 71., 53., 29., 50., 38., 3., 0., 69., 106., 21., 19., 63.,
       122., 5., 1., 17., 30., 72., 49., 67., 4., 0., 1., 0., 17., 122.,
       91., 18., 73., 27., 5., 28., 53., 18., 29., 18., 65., 4., 2.,
       122., 122., 5., 6., 6., 122., 17., 13., 17., 9., 14., 5., 17.,
       14., 21., 19., 33., 10., 43., 58., 8., 46., 74., 52., 72., 34.,
       1., 0., 1., 76., 6., 10., 95., 70., 0., 0., 2., 122., 20., 5.,
       11., 6., 6., 8., 21., 8., 7., 6., 106., 33., 9., 10., 5., 48., 9.,
       0., 1., 6., 42., 119., 69., 84., 28., 1., 3., 132., 94., 24., 23.,
       137., 69., 0., 1., 28., 21., 3., 4., 18., 2., 0., 0., 1., 4., 15.,
       9., 7., 0., 0., 3., 17., 26., 92., 87., 29., 4., 0., 82., 137.,
       85., 63., 27., 137., 41., 0., 21., 51., 16., 19., 62., 58., 4.,
       0., 1., 1., 3., 11., 15., 0., 0., 0., 0., 11., 20., 27., 20., 3.,
       0., 0., 12., 67., 137., 137., 24., 74., 1., 0., 3., 6., 19., 137.,
       137., 20., 0., 0., 1., 4., 8., 8., 26., 1., 0., 0., 0., 0., 1.,
       9., 11., 0., 0., 0., 0., 0., 5., 34., 8., 1., 0., 0., 0., 0., 4.,
       33., 11., 1., 0., 0., 0., 0., 5., 10., 11., 12., 15., 79., 0., 0.,
       0., 0., 2., 15., 31., 80., 0., 0., 0., 0., 4., 7., 28., 22., 0.,
       1., 3., 4., 6., 7., 5., 0., 0., 0., 1., 3., 17., 2., 29., 133.,
       1., 0., 5., 111., 22., 21., 112., 133., 0., 1., 55., 65., 17.,
       133., 133., 70., 0., 0., 5., 6., 27., 29., 13., 0., 0., 0., 0.,
       0., 7., 63., 41., 41., 9., 1., 9., 116., 52., 60., 19., 8., 0.,
       0., 133., 133., 76., 129., 16., 2., 0., 0., 15., 64., 133., 34.,
       1., 0., 0., 0., 0., 0., 11., 87., 52., 7., 2., 2., 4., 13., 58.,
       92., 38., 0., 0., 0., 3., 19., 28., 19., 6., 0., 0., 0., 0., 11.,
       19., 15., 8., 0., 0., 0., 0., 0., 1., 0., 1., 98., 59., 2., 0.,
       0., 0., 0., 70., 124., 28., 0., 0., 0., 0., 7., 85., 27., 1., 1.,
       0., 0., 0., 2., 6., 2., 1., 0., 0., 0., 0., 1., 3., 83., 74., 72.,
       24., 4., 1., 24., 86., 102., 25., 1., 5., 30., 19., 124., 124.,
       17., 0., 0., 0., 6., 32., 19., 16., 3., 1., 0., 0., 0., 1., 49.,
       23., 10., 34., 124., 21., 7., 9., 116., 22., 7., 2., 3., 5., 124.,
       123., 75., 5., 2., 1., 0., 0., 61., 124., 13., 2., 5., 4., 2., 0.,
       0., 6., 78., 19., 2., 6., 124., 48., 0., 5., 124., 55., 1., 2.,
       8., 3., 7., 20., 12., 6., 34., 60., 23., 1., 9., 9., 16., 51.,
       84., 33., 7., 1., 0., 1., 0., 0., 4., 11., 2., 2., 1., 0., 0., 4.,
       37., 18., 1., 0., 0., 0., 0., 9., 17., 4., 3., 1., 0., 0., 0., 1.,
       2., 12., 9., 10., 1., 0., 0., 0., 24., 121., 33., 0., 0., 0., 12.,
       54., 121., 121., 8., 0., 0., 1., 80., 121., 64., 2., 0., 0., 0.,
       4., 10., 6., 3., 33., 67., 20., 1., 1., 0., 0., 3., 80., 121.,
       15., 0., 0., 53., 23., 25., 72., 55., 8., 5., 27., 121., 109.,
       76., 2., 1., 0., 0., 31., 15., 36., 84., 1., 18., 26., 4., 1., 0.,
       0., 0., 20., 98., 56., 48., 1., 7., 7., 12., 8., 28., 94., 121.,
