%YAML:1.0
---
mat: !!opencv-matrix
   rows: 80
   cols: 128
   dt: f
   data: [ 80., 12., 0., 0., 9., 29., 80., 75., 104., 44., 0., 1., 68.,
       128., 16., 12., 128., 68., 0., 0., 5., 10., 7., 17., 8., 0., 0.,
       0., 0., 4., 33., 24., 8., 1., 0., 0., 7., 25., 108., 101., 40.,
       6., 0., 14., 128., 123., 67., 35., 128., 37., 0., 2., 32., 20.,
       21., 81., 37., 2., 0., 0., 0., 0., 25., 43., 0., 0., 0., 0., 4.,
       15., 58., 53., 3., 0., 0., 3., 46., 124., 128., 38., 50., 1., 0.,
       1., 5., 15., 128., 128., 10., 0., 0., 0., 0., 0., 43., 50., 0.,
       0., 0., 0., 0., 0., 33., 30., 0., 0., 0., 0., 0., 2., 57., 30.,
       0., 0., 0., 0., 0., 0., 44., 45., 0., 0., 0., 0., 0., 0., 33.,
       22., 26., 33., 67., 0., 0., 0., 0., 3., 40., 52., 56., 0., 0., 0.,
       0., 2., 55., 33., 11., 0., 0., 0., 0., 5., 43., 1., 0., 0., 0.,
       0., 0., 14., 3., 61., 124., 0., 0., 2., 100., 32., 25., 124.,
       124., 0., 0., 29., 72., 23., 124., 124., 39., 0., 0., 2., 6., 24.,
       84., 6., 0., 0., 0., 0., 0., 2., 72., 39., 31., 2., 0., 4., 92.,
       61., 69., 16., 3., 0., 0., 72., 124., 92., 124., 14., 1., 0., 0.,
       7., 49., 124., 79., 4., 0., 0., 0., 0., 0., 7., 103., 41., 2., 1.,
       0., 1., 6., 58., 121., 26., 0., 0., 0., 1., 11., 31., 62., 4., 0.,
       0., 0., 0., 5., 23., 54., 0., 0., 0., 0., 0., 0., 8., 0., 9.,
       121., 47., 11., 1., 0., 0., 2., 86., 121., 26., 0., 0., 0., 0.,
       17., 121., 32., 0., 0., 0., 0., 0., 3., 11., 14., 0., 0., 0., 0.,
       0., 4., 9., 53., 63., 86., 10., 7., 3., 23., 99., 55., 11., 2.,
       9., 42., 16., 121., 121., 7., 0., 0., 0., 8., 31., 31., 14., 12.,
       4., 0., 0., 0., 1., 121., 30., 12., 74., 102., 2., 9., 25., 101.,
       8., 2., 0., 0., 7., 121., 100., 85., 6., 4., 0., 0., 0., 66.,
       111., 17., 3., 11., 11., 0., 0., 0., 4., 121., 15., 0., 15., 108.,
       3., 0., 17., 121., 16., 6., 7., 1., 0., 12., 20., 2., 11., 75.,
       35., 3., 0., 8., 7., 3., 31., 48., 4., 0., 0., 0., 0., 0., 0., 7.,
       21., 10., 0., 0., 0., 0., 3., 45., 18., 10., 1., 0., 0., 0., 6.,
       20., 3., 14., 7., 0., 0., 0., 0., 1., 16., 19., 4., 0., 0., 0.,
       0., 33., 127., 39., 0., 0., 0., 11., 43., 127., 120., 3., 0., 0.,
       1., 73., 124., 86., 5., 3., 0., 0., 3., 8., 6., 3., 31., 72., 12.,
       0., 0., 0., 0., 5., 88., 127., 13., 0., 0., 52., 20., 29., 88.,
       38., 6., 3., 25., 127., 99., 72., 4., 1., 0., 0., 30., 14., 25.,
       79., 7., 24., 17., 1., 1., 0., 0., 0., 24., 123., 51., 42., 0.,
       8., 8., 15., 13., 34., 101., 87., 6., 12., 82., 127., 20., 8.,
       74., 61., 2., 0., 66., 127., 6., 0., 17., 33., 0., 13., 10., 0.,
       0., 106., 122., 0., 0., 12., 14., 31., 35., 72., 84., 18., 20.,
       10., 1., 17., 76., 24., 15., 122., 122., 24., 0., 0., 3., 5., 4.,
       100., 122., 43., 39., 0., 0., 79., 93., 0., 0., 52., 4., 0., 0.,
       122., 122., 21., 36., 122., 14., 0., 0., 2., 10., 69., 122., 7.,
       0., 0., 0., 6., 16., 38., 33., 69., 24., 0., 0., 17., 41., 14.,
       29., 15., 1., 0., 0., 41., 122., 118., 36., 61., 3., 0., 0., 5.,
       18., 82., 101., 4., 0., 0., 0., 17., 20., 1., 4., 7., 0., 0., 0.,
       1., 16., 40., 31., 1., 0., 0., 0., 11., 25., 24., 5., 0., 0., 0.,
       1., 17., 18., 13., 2., 0., 0., 5., 9., 18., 11., 0., 0., 29., 0.,
       0., 0., 0., 0., 0., 4., 31., 5., 8., 1., 0., 0., 0., 4., 27., 12.,
       9., 0., 0., 0., 0., 6., 22., 7., 1., 0., 0., 0., 0., 2., 24., 10.,
       12., 7., 3., 0., 0., 2., 13., 21., 83., 116., 40., 0., 0., 0.,
       68., 143., 105., 24., 4., 0., 0., 1., 24., 36., 38., 32., 7., 0.,
       0., 0., 3., 56., 143., 38., 3., 0., 0., 3., 37., 34., 143., 143.,
       71., 0., 0., 3., 143., 47., 17., 26., 17., 0., 0., 18., 62., 12.,
       8., 39., 83., 0., 0., 3., 38., 43., 112., 18., 1., 4., 80., 118.,
       65., 29., 57., 16., 13., 26., 75., 38., 143., 4., 2., 3., 10., 1.,
       1., 15., 42., 2., 0., 12., 93., 0., 0., 2., 64., 4., 26., 73., 2.,
       0., 0., 3., 2., 18., 114., 68., 0., 0., 1., 4., 3., 33., 114.,
       32., 9., 0., 4., 7., 68., 9., 15., 26., 10., 0., 0., 4., 48., 4.,
       13., 114., 97., 6., 0., 4., 84., 26., 52., 61., 13., 1., 26., 99.,
       15., 26., 36., 9., 10., 21., 102., 66., 111., 4., 4., 4., 7., 9.,
       10., 10., 35., 2., 0., 7., 114., 114., 7., 10., 98., 105., 22.,
       2., 18., 44., 35., 29., 18., 61., 96., 28., 11., 8., 30., 26.,
       104., 3., 9., 12., 7., 3., 4., 30., 9., 0., 0., 0., 10., 93., 29.,
       11., 5., 7., 1., 0., 1., 62., 114., 22., 4., 8., 6., 0., 0., 0.,
       114., 51., 26., 1., 1., 0., 0., 0., 51., 73., 0., 1., 3., 35.,
       47., 50., 1., 0., 11., 33., 29., 34., 32., 13., 3., 10., 4., 80.,
       52., 1., 3., 9., 9., 9., 8., 95., 33., 0., 1., 5., 4., 0., 3., 4.,
       4., 112., 110., 2., 0., 0., 112., 41., 18., 68., 27., 3., 5., 41.,
       31., 18., 20., 68., 56., 28., 16., 29., 97., 45., 10., 13., 10.,
       1., 0., 26., 2., 10., 8., 22., 112., 69., 1., 0., 46., 112., 74.,
       18., 43., 50., 18., 3., 49., 38., 106., 88., 10., 1., 12., 44.,
       112., 6., 3., 8., 1., 0., 0., 94., 0., 86., 61., 3., 27., 59., 6.,
       0., 2., 33., 21., 1., 9., 97., 112., 8., 17., 8., 10., 0., 0., 4.,
       112., 112., 38., 4., 1., 0., 0., 0., 6., 80., 3., 10., 55., 85.,
       3., 3., 2., 4., 0., 115., 91., 11., 2., 3., 1., 0., 1., 52., 20.,
       13., 2., 0., 0., 0., 0., 0., 1., 19., 6., 0., 0., 0., 11., 26.,
       28., 64., 17., 24., 14., 8., 23., 114., 61., 49., 77., 36., 7.,
       4., 110., 115., 27., 8., 3., 0., 0., 4., 5., 9., 16., 18., 4., 0.,
       0., 0., 2., 20., 44., 24., 28., 115., 34., 1., 41., 11., 37., 92.,
       39., 28., 81., 73., 115., 29., 63., 97., 3., 1., 7., 71., 3.,
       101., 115., 41., 0., 0., 0., 0., 0., 0., 0., 14., 10., 86., 43.,
       0., 1., 0., 1., 115., 23., 34., 108., 27., 15., 8., 20., 115., 8.,
       6., 17., 23., 8., 89., 39., 24., 5., 50., 19., 7., 2., 1., 4.,
       48., 107., 0., 0., 0., 115., 8., 3., 38., 67., 0., 15., 41., 51.,
       8., 15., 4., 0., 0., 36., 70., 12., 8., 20., 4., 0., 0., 0., 6.,
       7., 2., 2., 49., 133., 0., 0., 1., 133., 25., 1., 28., 91., 1.,
       0., 12., 65., 28., 61., 70., 50., 10., 4., 11., 36., 55., 44.,
       30., 10., 1., 2., 10., 13., 1., 2., 45., 133., 0., 0., 1., 133.,
       7., 0., 16., 82., 2., 0., 15., 59., 16., 9., 16., 112., 38., 6.,
       12., 37., 74., 31., 16., 45., 6., 3., 17., 17., 1., 1., 29., 133.,
       0., 0., 1., 133., 16., 2., 12., 50., 1., 0., 8., 26., 8., 17.,
       97., 89., 11., 0., 1., 0., 85., 57., 41., 51., 4., 0., 0., 49.,
       87., 11., 3., 9., 28., 6., 7., 50., 48., 0., 0., 2., 110., 21.,
       1., 110., 97., 0., 0., 0., 19., 13., 8., 37., 13., 0., 0., 0., 7.,
       52., 28., 58., 30., 2., 1., 7., 55., 54., 34., 110., 42., 1., 0.,
       1., 68., 40., 23., 107., 54., 0., 0., 0., 110., 77., 19., 110.,
       42., 0., 0., 0., 2., 14., 57., 50., 12., 0., 0., 3., 97., 74.,
       32., 110., 18., 0., 0., 1., 42., 58., 54., 98., 10., 0., 0., 0.,
       52., 99., 71., 46., 2., 0., 0., 0., 3., 47., 110., 68., 0., 0.,
       0., 0., 25., 38., 45., 22., 1., 0., 0., 0., 35., 110., 39., 91.,
       4., 0., 0., 0., 4., 32., 49., 47., 2., 0., 0., 0., 0., 5., 53.,
       1., 31., 53., 32., 1., 0., 0., 0., 9., 77., 112., 38., 0., 0., 0.,
       0., 6., 48., 78., 45., 0., 0., 0., 0., 17., 45., 44., 24., 0., 0.,
       0., 0., 7., 17., 36., 112., 13., 0., 0., 0., 112., 64., 54., 105.,
       8., 0., 0., 12., 48., 55., 87., 108., 0., 0., 0., 2., 64., 92.,
       38., 17., 0., 0., 0., 0., 37., 5., 12., 112., 31., 0., 0., 8.,
       112., 19., 35., 83., 9., 0., 0., 19., 64., 29., 87., 112., 8., 0.,
       1., 6., 112., 50., 38., 16., 0., 0., 0., 4., 50., 1., 1., 64.,
       34., 0., 0., 31., 47., 9., 31., 110., 28., 1., 1., 16., 89., 39.,
       30., 37., 11., 1., 1., 19., 46., 20., 88., 100., 34., 0., 0., 5.,
