%YAML:1.0
---
mat: !!opencv-matrix
   rows: 81
   cols: 128
   dt: f
   data: [ 0., 0., 36., 32., 14., 4., 1., 0., 1., 6., 86., 23., 0., 0.,
       2., 1., 4., 45., 38., 6., 0., 0., 3., 2., 4., 25., 5., 0., 0., 0.,
       5., 4., 3., 19., 85., 146., 75., 1., 0., 0., 131., 106., 108.,
       28., 1., 1., 21., 21., 41., 33., 15., 2., 0., 14., 117., 31., 27.,
       39., 8., 0., 0., 10., 47., 24., 28., 11., 18., 117., 146., 30.,
       2., 15., 146., 51., 14., 9., 6., 2., 4., 77., 129., 6., 1., 0.,
       0., 9., 46., 20., 4., 2., 1., 0., 0., 8., 44., 17., 49., 5., 3.,
       26., 146., 20., 2., 16., 146., 23., 1., 1., 4., 1., 1., 83., 73.,
       12., 2., 0., 0., 0., 0., 15., 0., 3., 5., 0., 0., 0., 0., 0., 0.,
       1., 26., 36., 13., 2., 0., 0., 1., 10., 67., 19., 0., 0., 0., 2.,
       5., 44., 18., 1., 0., 0., 1., 3., 12., 15., 1., 0., 0., 0., 1.,
       11., 6., 20., 70., 156., 80., 1., 0., 0., 150., 102., 97., 33.,
       2., 0., 12., 31., 43., 30., 8., 0., 0., 2., 93., 50., 41., 16.,
       1., 0., 0., 1., 27., 42., 39., 10., 10., 94., 156., 36., 1., 11.,
       156., 39., 9., 10., 12., 3., 2., 62., 128., 5., 0., 0., 0., 2.,
       39., 24., 3., 2., 3., 0., 0., 1., 20., 18., 41., 12., 2., 43.,
       156., 16., 1., 6., 156., 71., 1., 4., 9., 1., 0., 32., 83., 32.,
       4., 0., 0., 0., 0., 5., 0., 2., 13., 1., 0., 0., 0., 0., 0., 0.,
       0., 0., 80., 66., 14., 1., 91., 5., 1., 2., 158., 110., 4., 7.,
       158., 14., 0., 0., 8., 5., 2., 19., 20., 1., 0., 0., 0., 0., 0.,
       5., 0., 0., 4., 9., 73., 32., 7., 1., 63., 11., 2., 6., 158., 97.,
       6., 13., 158., 73., 1., 1., 25., 9., 4., 48., 42., 12., 0., 0.,
       0., 0., 0., 7., 0., 0., 21., 56., 49., 11., 1., 0., 14., 1., 6.,
       30., 158., 87., 62., 49., 156., 9., 2., 0., 9., 16., 39., 158.,
       26., 4., 5., 0., 0., 0., 0., 13., 0., 0., 1., 7., 16., 14., 1.,
       0., 0., 0., 0., 2., 4., 13., 23., 11., 10., 1., 1., 0., 0., 0.,
       9., 21., 1., 1., 2., 0., 0., 0., 0., 0., 0., 0., 0., 0., 1., 1.,
       2., 0., 0., 0., 9., 22., 11., 2., 1., 0., 2., 10., 25., 11., 0.,
       0., 0., 1., 10., 11., 1., 0., 0., 0., 0., 3., 0., 0., 0., 18.,
       25., 4., 3., 0., 10., 14., 41., 168., 145., 7., 2., 0., 165., 76.,
       74., 57., 12., 0., 8., 35., 48., 13., 1., 0., 0., 0., 27., 58.,
       0., 0., 0., 10., 56., 8., 0., 0., 37., 9., 5., 74., 168., 38., 1.,
       4., 168., 55., 6., 17., 49., 5., 3., 32., 65., 13., 6., 0., 0.,
       0., 10., 18., 0., 0., 0., 15., 42., 0., 0., 0., 31., 9., 2., 70.,
       168., 7., 0., 1., 168., 83., 3., 11., 41., 2., 1., 4., 59., 37.,
       14., 0., 0., 0., 0., 0., 7., 5., 41., 6., 0., 0., 0., 1., 5., 8.,
       65., 32., 11., 0., 0., 0., 24., 0., 10., 114., 96., 1., 1., 56.,
       69., 0., 0., 8., 14., 0., 1., 117., 0., 2., 125., 48., 5., 17.,
       45., 16., 17., 20., 130., 60., 41., 49., 14., 1., 130., 30., 68.,
       52., 17., 3., 1., 95., 46., 0., 0., 0., 2., 1., 0., 62., 7., 4.,
       39., 66., 16., 17., 54., 48., 28., 5., 11., 43., 91., 125., 46.,
       30., 130., 14., 4., 1., 10., 33., 15., 66., 45., 1., 0., 1., 2.,
       0., 0., 7., 5., 7., 49., 29., 3., 2., 26., 106., 10., 0., 3., 15.,
       68., 31., 38., 93., 102., 0., 0., 1., 16., 11., 8., 123., 12., 0.,
       0., 0., 1., 0., 0., 7., 10., 6., 37., 6., 0., 0., 0., 1., 4., 5.,
       71., 50., 16., 0., 0., 0., 26., 1., 13., 95., 97., 1., 1., 45.,
       81., 0., 0., 2., 8., 1., 1., 107., 1., 2., 118., 68., 4., 11.,
       17., 8., 8., 13., 129., 108., 33., 34., 6., 1., 129., 52., 75.,
       50., 12., 3., 1., 54., 91., 1., 0., 0., 1., 1., 0., 61., 17., 8.,
       31., 36., 16., 20., 38., 46., 13., 5., 12., 32., 88., 129., 41.,
       15., 129., 20., 5., 2., 6., 34., 26., 71., 111., 2., 0., 0., 0.,
       0., 0., 11., 14., 23., 54., 20., 1., 0., 14., 76., 4., 0., 5.,
       10., 10., 55., 58., 69., 95., 0., 0., 0., 3., 24., 26., 129., 39.,
       0., 0., 0., 0., 0., 0., 22., 34., 25., 9., 1., 0., 0., 4., 57.,
       25., 23., 45., 3., 0., 0., 0., 37., 17., 31., 12., 0., 0., 0., 0.,
       21., 2., 1., 0., 0., 2., 1., 0., 6., 60., 88., 45., 26., 9., 15.,
       15., 35., 19., 91., 135., 89., 55., 44., 6., 3., 135., 135., 71.,
       3., 3., 2., 0., 6., 21., 11., 0., 0., 0., 1., 0., 1., 17., 3., 1.,
       7., 31., 42., 60., 135., 47., 17., 13., 21., 135., 135., 30., 58.,
       135., 48., 6., 1., 14., 18., 8., 135., 23., 2., 0., 0., 0., 0.,
       0., 2., 5., 1., 6., 43., 41., 2., 4., 25., 11., 0., 0., 35., 117.,
       29., 19., 108., 35., 0., 0., 0., 2., 3., 5., 101., 0., 0., 0., 0.,
       0., 0., 0., 0., 1., 21., 26., 62., 83., 4., 0., 0., 123., 30., 1.,
       29., 44., 1., 0., 3., 106., 7., 0., 0., 0., 0., 0., 10., 2., 0.,
       0., 0., 0., 2., 3., 2., 14., 14., 80., 108., 19., 1., 3., 4.,
       123., 32., 9., 29., 6., 0., 1., 26., 112., 33., 6., 0., 0., 0.,
       1., 22., 1., 3., 3., 0., 0., 1., 5., 2., 8., 1., 8., 25., 8., 7.,
       123., 56., 97., 74., 12., 1., 0., 50., 120., 33., 22., 123., 100.,
       0., 0., 22., 10., 1., 0., 83., 83., 0., 0., 1., 1., 0., 0., 0.,
       0., 0., 0., 5., 123., 26., 0., 2., 1., 0., 0., 107., 103., 4., 0.,
       27., 26., 0., 1., 123., 84., 0., 0., 61., 75., 1., 1., 68., 41.,
       0., 0., 5., 111., 92., 8., 12., 8., 0., 35., 6., 70., 111., 4.,
       2., 1., 31., 47., 35., 51., 18., 0., 0., 40., 99., 2., 30., 41.,
       0., 0., 0., 97., 37., 1., 1., 15., 18., 83., 111., 38., 4., 83.,
       5., 4., 15., 30., 37., 30., 111., 37., 41., 30., 0., 0., 36.,
       111., 49., 1., 63., 87., 0., 0., 48., 45., 2., 1., 0., 0., 0.,
       101., 106., 2., 1., 111., 54., 0., 0., 41., 96., 8., 23., 61.,
       83., 1., 0., 0., 29., 55., 14., 0., 5., 3., 0., 1., 101., 49., 0.,
       0., 0., 1., 1., 25., 42., 0., 0., 12., 26., 0., 0., 26., 111., 3.,
       1., 16., 111., 12., 0., 0., 35., 4., 0., 0., 52., 38., 3., 4.,
       15., 1., 0., 0., 0., 0., 61., 9., 0., 0., 0., 25., 2., 16., 126.,
       8., 0., 0., 24., 50., 1., 13., 42., 0., 0., 0., 126., 3., 0., 0.,
       5., 1., 0., 2., 48., 3., 1., 2., 126., 102., 0., 0., 0., 126.,
       21., 11., 126., 29., 0., 0., 66., 100., 13., 5., 7., 0., 0., 0.,
       89., 0., 0., 5., 26., 3., 0., 0., 3., 6., 1., 0., 57., 126., 80.,
       14., 1., 126., 94., 3., 16., 28., 28., 44., 24., 53., 109., 73.,
       7., 0., 0., 8., 11., 0., 2., 72., 73., 7., 1., 1., 0., 0., 0., 0.,
       1., 24., 105., 37., 0., 11., 9., 0., 0., 2., 52., 126., 22., 8.,
       20., 15., 2., 3., 8., 93., 25., 0., 2., 15., 28., 71., 32., 16.,
       2., 5., 49., 101., 28., 25., 12., 19., 11., 71., 149., 41., 0.,
       0., 0., 3., 25., 30., 16., 0., 0., 0., 0., 9., 9., 0., 0., 0., 0.,
       0., 0., 3., 1., 17., 20., 27., 14., 126., 67., 2., 6., 149., 92.,
       15., 1., 6., 7., 2., 37., 123., 10., 0., 0., 0., 0., 6., 15., 0.,
       0., 0., 0., 0., 0., 4., 2., 20., 7., 2., 19., 149., 57., 3., 6.,
       149., 46., 2., 4., 12., 6., 3., 29., 149., 9., 0., 0., 0., 0., 4.,
       11., 0., 0., 0., 0., 0., 0., 5., 3., 8., 2., 0., 3., 133., 110.,
       5., 7., 149., 32., 0., 2., 14., 11., 6., 33., 133., 20., 1., 0.,
       0., 0., 1., 8., 1., 1., 0., 0., 0., 0., 3., 3., 0., 0., 1., 12.,
       39., 56., 27., 0., 15., 2., 3., 4., 5., 45., 50., 41., 112., 4.,
       0., 0., 0., 2., 10., 126., 15., 0., 0., 0., 0., 0., 1., 21., 0.,
       0., 0., 1., 37., 119., 67., 0., 21., 42., 27., 41., 118., 44.,
       24., 11., 152., 118., 14., 6., 4., 0., 2., 38., 34., 3., 0., 0.,
       0., 0., 1., 13., 0., 0., 0., 0., 110., 68., 14., 0., 51., 9., 3.,
       9., 152., 60., 2., 7., 152., 26., 2., 2., 17., 4., 1., 47., 60.,
       1., 0., 0., 0., 0., 0., 16., 0., 0., 0., 1., 71., 36., 4., 0.,
       36., 2., 1., 5., 152., 76., 4., 8., 152., 19., 1., 1., 15., 7.,
       3., 32., 49., 5., 0., 0., 0., 0., 0., 8., 0., 9., 15., 30., 112.,
       21., 2., 0., 23., 40., 41., 31., 127., 41., 51., 25., 127., 120.,
