%YAML:1.0
---
mat: !!opencv-matrix
   rows: 37
   cols: 128
   dt: f
   data: [ 14., 14., 2., 1., 41., 63., 32., 3., 63., 55., 0., 0., 4.,
       48., 43., 6., 76., 46., 0., 0., 0., 27., 38., 29., 61., 14., 0.,
       0., 0., 4., 31., 101., 66., 44., 0., 0., 14., 41., 56., 16., 56.,
       33., 0., 2., 96., 108., 59., 14., 121., 33., 0., 0., 6., 12., 51.,
       121., 48., 0., 0., 0., 0., 0., 20., 121., 82., 25., 0., 0., 5.,
       44., 62., 26., 71., 7., 0., 1., 35., 64., 121., 84., 109., 3., 0.,
       0., 2., 6., 121., 121., 42., 0., 1., 3., 0., 0., 6., 59., 60., 5.,
       0., 0., 0., 21., 68., 42., 53., 0., 0., 0., 0., 3., 46., 121., 6.,
       1., 6., 7., 0., 0., 32., 42., 0., 0., 10., 41., 0., 0., 3., 7.,
       22., 38., 79., 15., 0., 0., 1., 17., 83., 120., 34., 1., 0., 0.,
       0., 4., 24., 85., 24., 0., 0., 0., 0., 0., 4., 9., 1., 0., 18.,
       21., 0., 0., 19., 13., 85., 20., 0., 0., 1., 54., 67., 119., 120.,
       11., 0., 3., 13., 27., 120., 120., 91., 0., 0., 0., 2., 13., 53.,
       23., 1., 1., 9., 6., 0., 0., 36., 6., 67., 17., 0., 0., 29., 91.,
       41., 15., 58., 8., 0., 22., 119., 106., 120., 89., 41., 1., 0.,
       4., 27., 87., 52., 92., 10., 1., 2., 1., 0., 1., 23., 8., 41., 9.,
       0., 1., 31., 40., 26., 18., 109., 19., 0., 2., 12., 44., 62., 54.,
       60., 2., 0., 0., 3., 70., 61., 69., 29., 0., 0., 0., 0., 19., 63.,
       38., 14., 12., 24., 36., 14., 17., 111., 32., 1., 5., 7., 4., 12.,
       22., 3., 0., 9., 80., 78., 62., 13., 4., 80., 32., 7., 27., 55.,
       43., 1., 4., 30., 13., 0., 0., 39., 118., 24., 15., 118., 58., 0.,
       2., 19., 24., 12., 24., 23., 3., 7., 53., 101., 118., 52., 4.,
       61., 6., 9., 23., 14., 56., 110., 35., 10., 3., 0., 0., 22., 118.,
       47., 14., 111., 31., 2., 4., 14., 44., 38., 47., 87., 20., 0., 0.,
       2., 92., 103., 43., 2., 0., 0., 0., 0., 56., 118., 26., 46., 14.,
       0., 0., 10., 50., 23., 9., 22., 3., 1., 3., 11., 50., 97., 82.,
       38., 2., 0., 0., 0., 0., 19., 108., 0., 0., 0., 0., 0., 2., 35.,
       13., 62., 78., 3., 1., 5., 25., 10., 4., 47., 35., 0., 0., 1.,
       68., 36., 8., 97., 47., 0., 0., 7., 28., 27., 14., 23., 8., 0.,
       4., 78., 63., 34., 7., 66., 41., 2., 3., 19., 85., 23., 10., 114.,
       39., 0., 0., 1., 43., 41., 28., 76., 9., 0., 0., 1., 77., 101.,
       40., 70., 3., 0., 0., 10., 39., 105., 73., 19., 5., 1., 6., 20.,
       25., 114., 50., 114., 9., 0., 0., 1., 5., 75., 114., 94., 5., 0.,
       0., 0., 31., 93., 65., 36., 0., 0., 0., 0., 4., 48., 114., 0., 0.,
       0., 0., 0., 1., 114., 65., 7., 0., 0., 0., 0., 13., 114., 88.,
       60., 0., 0., 0., 0., 7., 41., 72., 12., 0., 3., 9., 0., 0., 4.,
       28., 52., 26., 0., 0., 16., 55., 9., 6., 72., 34., 4., 4., 22.,
       45., 12., 12., 70., 19., 1., 4., 8., 50., 54., 18., 25., 9., 0.,
       13., 47., 118., 30., 3., 118., 27., 0., 0., 9., 39., 8., 22., 67.,
       12., 1., 2., 36., 118., 20., 20., 118., 23., 0., 14., 32., 27.,
       11., 24., 15., 1., 0., 77., 102., 73., 23., 6., 118., 9., 0., 1.,
       2., 8., 18., 77., 44., 4., 0., 0., 16., 118., 44., 30., 118., 6.,
       0., 0., 10., 66., 40., 65., 25., 1., 0., 2., 16., 118., 118., 32.,
       59., 8., 0., 0., 5., 13., 85., 40., 74., 5., 0., 0., 5., 51., 41.,
       27., 26., 1., 0., 0., 3., 35., 85., 99., 12., 0., 0., 0., 0., 4.,
       41., 58., 55., 115., 45., 58., 1., 0., 11., 14., 79., 115., 50.,
       39., 1., 0., 0., 6., 21., 67., 115., 40., 1., 0., 0., 2., 12.,
       41., 42., 31., 0., 0., 0., 1., 70., 13., 3., 16., 2., 0., 77.,
       108., 67., 31., 35., 115., 13., 0., 9., 37., 115., 58., 36., 54.,
       3., 0., 0., 11., 40., 36., 28., 93., 12., 0., 0., 3., 70., 62.,
       15., 51., 11., 0., 8., 18., 54., 13., 22., 115., 36., 2., 3., 16.,
       115., 30., 30., 61., 3., 0., 0., 22., 9., 27., 71., 115., 14., 0.,
       0., 1., 23., 18., 9., 55., 15., 0., 6., 10., 68., 14., 10., 50.,
       27., 4., 4., 27., 59., 10., 15., 115., 32., 0., 0., 14., 36., 11.,
       29., 105., 12., 1., 8., 18., 6., 11., 1., 15., 84., 90., 8., 1.,
       116., 116., 3., 5., 18., 15., 8., 5., 58., 89., 26., 0., 0., 0.,
       3., 21., 7., 23., 11., 0., 0., 0., 13., 18., 1., 5., 14., 7., 34.,
       116., 71., 1., 54., 55., 5., 2., 16., 116., 60., 10., 116., 111.,
       35., 0., 1., 11., 17., 62., 45., 37., 14., 0., 0., 0., 31., 96.,
       0., 30., 70., 8., 5., 39., 31., 1., 10., 15., 56., 14., 32., 116.,
       34., 8., 116., 29., 2., 2., 5., 27., 26., 59., 94., 43., 0., 0.,
       0., 0., 17., 60., 14., 12., 4., 0., 1., 42., 81., 5., 4., 7., 18.,
       5., 4., 47., 116., 18., 39., 11., 2., 1., 3., 16., 102., 104.,
       55., 54., 0., 0., 5., 18., 27., 16., 0., 15., 76., 15., 2., 0.,
       0., 0., 2., 12., 35., 112., 80., 0., 0., 0., 13., 92., 108., 54.,
       24., 0., 0., 1., 17., 64., 68., 12., 3., 4., 4., 4., 0., 24., 83.,
       42., 51., 26., 0., 0., 12., 28., 90., 121., 45., 7., 0., 0., 73.,
       57., 35., 66., 12., 28., 12., 18., 40., 121., 10., 3., 8., 26.,
       5., 3., 0., 5., 23., 29., 80., 43., 0., 0., 45., 19., 19., 105.,
       121., 33., 0., 1., 121., 56., 4., 13., 15., 32., 5., 18., 36.,
       46., 0., 0., 24., 74., 8., 5., 0., 1., 20., 69., 58., 0., 0., 0.,
       30., 14., 4., 105., 121., 3., 7., 32., 121., 82., 3., 4., 3., 4.,
       10., 65., 24., 21., 4., 3., 7., 30., 13., 6., 42., 14., 35., 114.,
       9., 0., 0., 3., 1., 53., 85., 125., 13., 0., 2., 3., 24., 125.,
       67., 5., 0., 0., 2., 2., 20., 113., 27., 0., 0., 0., 0., 0., 20.,
       11., 19., 125., 56., 0., 0., 1., 86., 24., 35., 77., 7., 3., 33.,
       57., 53., 110., 9., 15., 19., 17., 50., 29., 37., 125., 34., 2.,
       1., 0., 0., 0., 25., 7., 8., 91., 121., 16., 6., 15., 125., 17.,
       4., 18., 24., 7., 8., 62., 37., 26., 9., 71., 80., 19., 9., 8.,
       88., 96., 8., 5., 2., 1., 2., 7., 60., 26., 18., 53., 28., 5., 4.,
       24., 98., 5., 3., 7., 12., 4., 3., 61., 11., 6., 5., 9., 33., 36.,
       26., 6., 77., 8., 1., 0., 1., 6., 16., 24., 8., 4., 3., 8., 56.,
       82., 16., 9., 101., 45., 7., 7., 11., 15., 16., 41., 49., 14., 3.,
       10., 17., 48., 28., 16., 0., 0., 11., 23., 24., 96., 83., 1., 37.,
       18., 0., 2., 32., 98., 26., 9., 46., 45., 30., 30., 62., 66., 34.,
       35., 121., 106., 20., 5., 2., 9., 20., 29., 24., 2., 0., 6., 6.,
       60., 88., 22., 121., 35., 0., 0., 16., 47., 8., 16., 21., 7., 4.,
       12., 88., 121., 32., 21., 121., 65., 3., 2., 9., 23., 16., 46.,
       66., 16., 3., 40., 54., 16., 3., 13., 121., 30., 0., 0., 0., 8.,
       4., 44., 18., 2., 0., 0., 53., 121., 20., 15., 99., 28., 0., 0.,
       19., 68., 32., 33., 99., 17., 0., 3., 32., 61., 14., 19., 0., 0.,
       2., 47., 103., 3., 0., 1., 70., 17., 5., 33., 51., 3., 1., 7.,
       58., 9., 5., 43., 99., 5., 0., 5., 121., 9., 2., 4., 5., 1., 0.,
       11., 5., 2., 3., 84., 121., 0., 0., 1., 121., 17., 6., 31., 60.,
       7., 0., 28., 84., 7., 6., 38., 121., 43., 7., 19., 121., 10., 2.,
       3., 3., 3., 2., 24., 14., 2., 2., 48., 121., 4., 2., 6., 121.,
       13., 4., 26., 47., 5., 2., 35., 66., 24., 21., 78., 79., 29., 6.,
       24., 121., 29., 6., 2., 1., 2., 2., 29., 12., 1., 1., 20., 104.,
       18., 8., 20., 54., 2., 0., 13., 62., 8., 7., 68., 69., 15., 3.,
       32., 98., 14., 4., 28., 121., 12., 2., 1., 1., 0., 1., 25., 1.,
       4., 4., 19., 106., 48., 3., 3., 69., 39., 7., 9., 27., 28., 6.,
       42., 52., 17., 3., 7., 60., 77., 10., 26., 119., 14., 1., 1., 1.,
       3., 4., 25., 4., 4., 1., 17., 119., 51., 3., 4., 119., 30., 3.,
       18., 51., 24., 3., 41., 69., 10., 5., 30., 84., 40., 7., 18.,
       119., 10., 2., 2., 3., 3., 3., 24., 4., 3., 2., 29., 119., 34.,
       4., 5., 119., 27., 4., 29., 68., 16., 7., 47., 84., 17., 10., 79.,
       111., 6., 2., 11., 119., 18., 4., 5., 2., 1., 1., 24., 3., 5., 3.,
