%YAML:1.0
---
mat: !!opencv-matrix
   rows: 72
   cols: 128
   dt: f
   data: [ 2., 1., 1., 1., 0., 0., 0., 0., 51., 3., 1., 0., 0., 0., 0.,
       2., 165., 1., 0., 1., 1., 0., 2., 44., 14., 2., 16., 13., 3., 1.,
       3., 19., 4., 7., 5., 2., 0., 0., 43., 12., 159., 10., 3., 1., 0.,
       2., 51., 22., 180., 6., 0., 13., 19., 0., 3., 56., 37., 3., 33.,
       81., 66., 1., 2., 12., 6., 4., 2., 0., 2., 3., 119., 40., 88., 5.,
       4., 7., 13., 24., 121., 30., 180., 33., 2., 20., 35., 4., 7., 17.,
       36., 14., 4., 58., 101., 0., 0., 2., 16., 8., 6., 9., 15., 5., 6.,
       8., 44., 21., 20., 56., 24., 4., 3., 1., 180., 87., 6., 32., 24.,
       0., 0., 0., 17., 28., 15., 69., 58., 0., 0., 0., 7., 4., 12., 4.,
       0., 0., 3., 34., 1., 0., 4., 6., 1., 0., 33., 115., 9., 3., 16.,
       22., 2., 1., 25., 115., 6., 13., 29., 45., 10., 25., 59., 36.,
       106., 5., 1., 0., 2., 1., 5., 115., 44., 7., 14., 67., 84., 13.,
       28., 115., 115., 27., 42., 70., 17., 3., 8., 59., 24., 16., 78.,
       115., 13., 20., 49., 35., 77., 12., 0., 0., 3., 0., 0., 14., 70.,
       19., 2., 13., 115., 99., 3., 9., 115., 60., 10., 31., 52., 69.,
       7., 8., 21., 30., 26., 72., 38., 32., 85., 59., 3., 0., 0., 0.,
       0., 0., 0., 0., 15., 1., 0., 0., 18., 54., 2., 4., 10., 57., 11.,
       3., 66., 115., 4., 2., 18., 115., 21., 12., 8., 15., 27., 20., 0.,
       0., 0., 113., 10., 0., 1., 14., 0., 0., 1., 50., 8., 0., 9., 113.,
       2., 0., 4., 74., 15., 3., 17., 113., 3., 2., 5., 56., 21., 16.,
       43., 30., 48., 10., 1., 45., 5., 0., 5., 104., 19., 7., 7., 113.,
       56., 9., 11., 113., 98., 8., 18., 96., 28., 23., 8., 45., 13.,
       25., 36., 48., 42., 51., 20., 14., 60., 104., 9., 4., 5., 1., 1.,
       16., 21., 113., 23., 27., 67., 82., 9., 10., 113., 81., 10., 7.,
       17., 99., 18., 12., 14., 42., 45., 11., 24., 113., 40., 7., 0.,
       24., 4., 0., 3., 4., 1., 0., 0., 113., 22., 0., 1., 11., 2., 0.,
       2., 113., 27., 1., 7., 63., 5., 0., 1., 28., 76., 14., 8., 61.,
       14., 3., 0., 2., 7., 0., 0., 1., 112., 4., 0., 2., 8., 0., 0., 1.,
       112., 4., 1., 3., 2., 0., 4., 38., 112., 5., 39., 3., 1., 0., 8.,
       30., 12., 2., 3., 18., 75., 2., 0., 11., 101., 34., 11., 30.,
       112., 10., 7., 56., 96., 4., 70., 86., 34., 14., 76., 47., 71.,
       12., 48., 2., 0., 15., 111., 36., 6., 5., 10., 32., 112., 27., 5.,
       16., 52., 48., 32., 50., 64., 8., 48., 112., 27., 12., 112., 19.,
       4., 22., 112., 28., 3., 31., 64., 3., 0., 26., 112., 0., 0., 2.,
       13., 15., 38., 18., 15., 44., 66., 22., 54., 32., 27., 35., 18.,
       9., 11., 34., 81., 9., 5., 33., 101., 3., 0., 7., 57., 5., 0.,
       19., 86., 0., 0., 0., 0., 0., 2., 9., 17., 1., 0., 1., 0., 0., 0.,
       8., 32., 12., 28., 10., 0., 0., 0., 8., 53., 38., 26., 1., 0., 0.,
       0., 13., 60., 21., 13., 0., 13., 1., 2., 3., 11., 2., 1., 9.,
       125., 20., 5., 5., 10., 44., 105., 128., 14., 11., 13., 22., 35.,
       128., 128., 42., 3., 5., 11., 15., 21., 128., 128., 14., 15., 6.,
       3., 4., 4., 3., 1., 1., 124., 128., 106., 32., 5., 6., 5., 20.,
       15., 53., 128., 128., 28., 35., 21., 13., 4., 22., 128., 128.,
       19., 29., 32., 7., 0., 1., 10., 11., 2., 4., 5., 0., 0., 9., 35.,
       37., 2., 3., 2., 0., 0., 2., 43., 68., 5., 1., 1., 0., 0., 0.,
       22., 60., 25., 1., 0., 0., 126., 95., 1., 0., 4., 17., 15., 24.,
       44., 33., 5., 5., 41., 126., 83., 19., 0., 0., 0., 0., 17., 93.,
       66., 4., 31., 34., 0., 0., 0., 14., 28., 3., 126., 83., 2., 0.,
       0., 0., 16., 38., 126., 126., 24., 18., 38., 76., 53., 58., 8.,
       4., 7., 38., 102., 126., 77., 15., 5., 2., 0., 2., 14., 41., 25.,
       1., 42., 12., 0., 0., 0., 0., 19., 45., 126., 126., 102., 38., 5.,
       5., 6., 26., 8., 19., 95., 126., 75., 27., 6., 6., 0., 0., 0.,
       11., 14., 14., 7., 2., 1., 1., 0., 0., 0., 0., 21., 24., 5., 16.,
       16., 2., 0., 1., 17., 21., 1., 2., 14., 7., 1., 2., 5., 9., 5.,
       1., 0., 0., 1., 3., 6., 23., 14., 6., 36., 46., 10., 3., 89., 38.,
       6., 6., 48., 29., 7., 7., 95., 24., 0., 0., 49., 74., 17., 25.,
       83., 7., 0., 0., 74., 51., 2., 7., 105., 11., 57., 24., 15., 32.,
       48., 23., 9., 56., 33., 19., 33., 51., 107., 32., 12., 60., 96.,
       33., 25., 25., 33., 36., 67., 32., 36., 20., 12., 10., 17., 13.,
       107., 42., 70., 68., 17., 9., 38., 10., 1., 6., 22., 76., 71.,
       17., 102., 67., 18., 16., 100., 19., 71., 54., 25., 27., 29., 45.,
       19., 18., 107., 77., 18., 5., 29., 5., 67., 55., 11., 3., 19.,
       36., 16., 2., 2., 37., 53., 4., 10., 36., 99., 18., 1., 6., 37.,
       25., 4., 2., 107., 30., 0., 0., 18., 15., 2., 1., 107., 29., 1.,
       15., 111., 0., 0., 1., 63., 15., 5., 16., 111., 4., 1., 4., 59.,
       23., 5., 30., 111., 6., 2., 39., 36., 3., 19., 52., 26., 3., 50.,
       53., 14., 2., 23., 5., 13., 10., 38., 25., 111., 34., 31., 21.,
       25., 66., 97., 16., 85., 35., 104., 50., 22., 18., 22., 92., 57.,
       20., 44., 13., 2., 3., 77., 59., 17., 18., 14., 39., 111., 22.,
       23., 5., 20., 10., 40., 41., 55., 34., 78., 28., 34., 33., 111.,
       20., 21., 70., 30., 21., 29., 61., 47., 14., 9., 48., 79., 21.,
       7., 18., 3., 20., 81., 0., 0., 0., 104., 25., 19., 32., 82., 0.,
       0., 1., 57., 48., 6., 14., 88., 24., 6., 19., 65., 19., 18., 7.,
       53., 35., 40., 10., 36., 52., 55., 16., 26., 14., 46., 44., 4.,
       17., 60., 2., 6., 5., 136., 89., 0., 2., 136., 9., 0., 0., 10.,
       6., 0., 2., 7., 1., 0., 0., 0., 0., 0., 0., 50., 23., 66., 35.,
       21., 20., 59., 20., 60., 9., 19., 10., 136., 62., 21., 12., 136.,
       11., 0., 2., 32., 9., 1., 2., 9., 0., 0., 1., 3., 0., 0., 0., 24.,
       54., 136., 28., 17., 11., 39., 17., 48., 52., 48., 7., 136., 86.,
       14., 13., 136., 13., 0., 4., 59., 27., 2., 3., 12., 1., 0., 3.,
       18., 0., 0., 0., 11., 16., 25., 22., 16., 29., 120., 43., 41.,
       19., 7., 75., 84., 6., 35., 54., 136., 7., 1., 23., 64., 3., 0.,
       8., 11., 1., 0., 6., 36., 0., 0., 0., 81., 27., 0., 4., 66., 25.,
       24., 18., 65., 8., 0., 2., 139., 56., 3., 1., 139., 28., 0., 0.,
       6., 3., 0., 1., 5., 0., 0., 0., 0., 0., 0., 0., 139., 25., 5., 7.,
       47., 40., 5., 36., 46., 3., 2., 7., 139., 139., 1., 4., 139., 25.,
       0., 0., 18., 19., 0., 3., 22., 2., 0., 0., 0., 0., 0., 0., 124.,
       38., 41., 21., 11., 7., 13., 10., 19., 2., 24., 27., 139., 76.,
       15., 4., 139., 23., 0., 0., 44., 24., 1., 2., 38., 5., 0., 0., 0.,
       0., 0., 0., 51., 24., 58., 13., 6., 4., 18., 18., 10., 26., 59.,
       11., 76., 53., 18., 6., 139., 16., 1., 1., 41., 31., 6., 4., 34.,
       8., 1., 1., 0., 0., 0., 0., 0., 0., 0., 1., 4., 0., 0., 0., 11.,
       4., 2., 44., 138., 2., 1., 1., 125., 22., 8., 19., 39., 21., 14.,
       13., 14., 11., 21., 13., 16., 64., 69., 13., 0., 0., 0., 5., 18.,
       0., 0., 0., 34., 4., 0., 79., 138., 0., 0., 2., 138., 19., 11.,
       14., 29., 3., 21., 34., 12., 14., 29., 26., 57., 26., 45., 10.,
       0., 0., 0., 12., 36., 0., 0., 0., 53., 11., 0., 88., 138., 0., 0.,
       1., 138., 49., 1., 13., 16., 2., 11., 29., 29., 12., 3., 79.,
       138., 17., 22., 11., 0., 0., 0., 13., 47., 0., 0., 0., 59., 3.,
       0., 55., 138., 0., 0., 11., 138., 21., 5., 9., 17., 2., 0., 54.,
       16., 6., 5., 60., 138., 5., 0., 6., 10., 6., 2., 9., 8., 5., 71.,
       95., 120., 45., 3., 4., 2., 3., 37., 125., 35., 10., 0., 3., 37.,
       116., 72., 29., 6., 2., 0., 1., 42., 51., 3., 1., 23., 23., 67.,
       71., 32., 3., 11., 17., 125., 75., 18., 19., 8., 1., 1., 26., 84.,
       29., 39., 105., 71., 17., 1., 2., 5., 4., 4., 60., 90., 11., 0.,
       0., 28., 101., 95., 15., 1., 0., 0., 2., 100., 125., 125., 5., 1.,
       0., 0., 13., 16., 57., 125., 99., 4., 0., 0., 0., 23., 25., 22.,
       39., 5., 0., 0., 0., 33., 40., 2., 0., 0., 0., 0., 0., 34., 84.,
