%YAML:1.0
---
mat: !!opencv-matrix
   rows: 88
   cols: 128
   dt: f
   data: [ 15., 40., 115., 0., 0., 0., 0., 11., 18., 62., 115., 0., 0.,
       0., 9., 71., 9., 29., 105., 5., 0., 0., 38., 89., 0., 2., 53.,
       35., 1., 1., 77., 39., 110., 42., 33., 1., 0., 0., 0., 27., 71.,
       59., 112., 20., 5., 1., 8., 90., 91., 82., 106., 7., 1., 1., 16.,
       71., 16., 19., 51., 39., 8., 27., 41., 22., 87., 54., 1., 1., 1.,
       0., 0., 0., 113., 57., 21., 14., 31., 14., 0., 2., 115., 68., 17.,
       13., 28., 15., 2., 25., 100., 48., 30., 16., 23., 23., 18., 23.,
       42., 25., 0., 0., 0., 0., 0., 0., 87., 59., 0., 0., 18., 12., 1.,
       0., 73., 115., 7., 0., 13., 17., 10., 13., 34., 68., 42., 9., 4.,
       13., 26., 39., 30., 52., 75., 5., 1., 0., 10., 41., 39., 54., 51.,
       7., 1., 5., 21., 45., 2., 5., 58., 46., 9., 29., 56., 10., 0., 0.,
       48., 43., 3., 13., 109., 9., 112., 24., 16., 5., 16., 5., 0., 22.,
       112., 35., 34., 28., 36., 16., 3., 39., 112., 42., 23., 8., 12.,
       24., 50., 34., 35., 22., 12., 10., 9., 11., 112., 37., 100., 73.,
       0., 0., 23., 9., 1., 1., 89., 112., 14., 3., 24., 34., 15., 16.,
       112., 34., 76., 30., 9., 13., 19., 39., 14., 17., 112., 74., 9.,
       4., 25., 4., 44., 22., 0., 0., 7., 13., 43., 38., 27., 76., 12.,
       0., 0., 1., 80., 112., 5., 15., 37., 13., 1., 0., 112., 75., 0.,
       0., 20., 14., 2., 2., 112., 28., 24., 51., 71., 4., 1., 0., 14.,
       50., 33., 55., 51., 6., 1., 3., 28., 50., 1., 4., 66., 49., 8.,
       25., 57., 10., 0., 0., 59., 51., 3., 13., 93., 5., 112., 26., 26.,
       7., 16., 4., 0., 23., 112., 36., 38., 27., 30., 12., 2., 45.,
       101., 41., 26., 9., 12., 28., 58., 31., 31., 17., 7., 7., 7., 12.,
       112., 40., 112., 66., 0., 0., 24., 9., 0., 2., 102., 112., 12.,
       5., 30., 37., 14., 15., 112., 34., 64., 26., 12., 16., 16., 42.,
       21., 21., 112., 68., 11., 5., 13., 3., 44., 26., 0., 0., 9., 14.,
       36., 31., 32., 95., 13., 0., 0., 2., 70., 107., 7., 20., 47., 16.,
       1., 0., 112., 67., 0., 0., 31., 21., 2., 2., 112., 26., 5., 10.,
       58., 33., 11., 20., 50., 28., 37., 34., 30., 4., 13., 74., 41.,
       28., 76., 0., 0., 2., 60., 54., 15., 66., 40., 0., 0., 0., 90.,
       21., 4., 36., 20., 9., 32., 13., 14., 69., 117., 17., 41., 10.,
       22., 59., 61., 24., 44., 45., 117., 9., 9., 34., 97., 7., 1., 17.,
       84., 1., 0., 7., 117., 5., 0., 19., 32., 18., 32., 14., 37., 18.,
       69., 24., 41., 9., 8., 63., 117., 10., 11., 7., 117., 12., 4.,
       29., 92., 0., 0., 2., 102., 11., 1., 22., 97., 0., 0., 1., 38.,
       41., 5., 41., 52., 4., 12., 9., 39., 11., 3., 89., 117., 3., 2.,
       0., 117., 27., 1., 34., 65., 0., 0., 0., 71., 25., 0., 28., 60.,
       0., 0., 0., 0., 0., 0., 0., 0., 0., 0., 0., 125., 1., 0., 0., 0.,
       0., 0., 43., 137., 7., 14., 129., 38., 0., 0., 60., 2., 4., 24.,
       130., 80., 2., 1., 0., 3., 3., 0., 0., 0., 0., 0., 0., 137., 33.,
       4., 11., 4., 0., 0., 64., 114., 11., 13., 137., 136., 0., 0., 32.,
       4., 22., 44., 95., 38., 0., 1., 4., 22., 12., 0., 0., 0., 0., 0.,
       1., 137., 129., 37., 46., 4., 0., 0., 10., 28., 45., 114., 137.,
       52., 0., 0., 2., 7., 50., 51., 26., 14., 0., 1., 6., 4., 0., 0.,
       0., 0., 0., 0., 0., 30., 4., 4., 15., 3., 0., 0., 3., 7., 17.,
       29., 52., 7., 0., 0., 0., 8., 33., 43., 20., 2., 0., 0., 0., 17.,
       69., 39., 8., 16., 26., 20., 10., 8., 7., 9., 7., 22., 45., 109.,
       26., 4., 4., 10., 3., 1., 67., 109., 6., 0., 0., 9., 3., 2., 64.,
       108., 5., 109., 26., 4., 2., 10., 4., 4., 66., 74., 23., 13., 43.,
       109., 19., 28., 52., 109., 51., 13., 17., 17., 31., 68., 20., 6.,
       7., 22., 17., 16., 81., 74., 13., 71., 13., 52., 16., 4., 11.,
       28., 90., 40., 24., 109., 22., 87., 43., 14., 25., 88., 24., 109.,
       36., 13., 13., 13., 34., 2., 31., 83., 74., 35., 3., 0., 0., 1.,
       9., 88., 28., 0., 5., 57., 4., 0., 19., 109., 18., 1., 7., 58.,
       0., 0., 11., 109., 30., 0., 12., 42., 0., 0., 15., 80., 41., 6.,
       7., 23., 0., 1., 0., 0., 0., 0., 0., 0., 0., 150., 0., 0., 1.,
       11., 3., 1., 58., 65., 0., 0., 7., 150., 31., 4., 32., 0., 0., 0.,
       1., 63., 21., 24., 16., 12., 0., 0., 0., 0., 0., 0., 1., 150., 7.,
       4., 19., 19., 1., 0., 34., 68., 5., 7., 104., 150., 13., 3., 8.,
       0., 1., 5., 26., 57., 15., 20., 4., 37., 0., 0., 0., 0., 0., 0.,
       3., 150., 12., 4., 54., 38., 0., 0., 24., 21., 10., 31., 150.,
       131., 0., 0., 1., 1., 10., 41., 44., 22., 0., 0., 1., 46., 24.,
       0., 0., 0., 0., 0., 2., 150., 68., 17., 65., 47., 0., 0., 9., 4.,
       10., 24., 101., 107., 1., 0., 2., 4., 11., 18., 12., 8., 0., 0.,
       4., 30., 0., 0., 0., 0., 0., 0., 4., 160., 0., 0., 0., 30., 12.,
       4., 31., 9., 0., 0., 0., 160., 58., 4., 4., 4., 0., 0., 0., 20.,
       14., 6., 21., 59., 2., 0., 0., 0., 0., 0., 1., 160., 10., 1., 4.,
       39., 22., 1., 23., 23., 2., 1., 12., 160., 100., 6., 8., 1., 1.,
       2., 1., 33., 24., 32., 30., 62., 5., 0., 0., 0., 0., 0., 0., 160.,
       42., 2., 20., 34., 3., 0., 2., 22., 9., 3., 62., 160., 27., 2.,
       1., 1., 5., 15., 12., 34., 15., 13., 7., 50., 4., 0., 0., 0., 0.,
       0., 0., 160., 34., 1., 25., 25., 0., 0., 0., 10., 7., 10., 118.,
       135., 4., 0., 0., 1., 12., 42., 26., 14., 4., 2., 0., 88., 6., 0.,
       0., 53., 45., 43., 33., 58., 0., 0., 0., 132., 104., 8., 16.,
       117., 0., 0., 0., 2., 5., 1., 30., 0., 0., 0., 0., 0., 0., 0., 0.,
       132., 12., 5., 5., 44., 55., 8., 54., 54., 0., 2., 6., 132., 132.,
       5., 10., 132., 2., 0., 0., 14., 18., 2., 32., 4., 0., 0., 0., 0.,
       0., 0., 1., 121., 36., 38., 22., 12., 9., 8., 12., 26., 3., 20.,
       24., 132., 92., 11., 5., 132., 35., 0., 0., 39., 24., 2., 5., 23.,
       4., 0., 0., 0., 0., 0., 0., 34., 23., 81., 24., 12., 4., 8., 15.,
       13., 32., 88., 26., 70., 26., 8., 9., 132., 64., 4., 13., 41.,
       15., 1., 0., 34., 18., 0., 0., 0., 0., 0., 0., 0., 0., 0., 0., 0.,
       0., 0., 0., 7., 1., 0., 36., 133., 4., 1., 1., 80., 4., 2., 17.,
       74., 27., 23., 49., 11., 8., 19., 13., 13., 65., 67., 21., 0., 0.,
       0., 3., 3., 0., 0., 0., 28., 4., 1., 102., 133., 0., 0., 1., 133.,
       15., 9., 21., 44., 7., 19., 35., 14., 8., 19., 20., 46., 42., 59.,
       14., 0., 0., 0., 12., 7., 0., 0., 0., 50., 15., 1., 133., 133.,
       0., 0., 1., 133., 59., 3., 20., 14., 1., 11., 31., 28., 16., 6.,
       101., 119., 15., 25., 11., 0., 0., 0., 18., 8., 0., 0., 0., 74.,
       10., 2., 98., 69., 0., 0., 5., 133., 38., 12., 20., 13., 0., 0.,
       28., 14., 9., 10., 121., 121., 0., 0., 2., 66., 5., 0., 0., 6.,
       56., 16., 21., 105., 8., 6., 3., 9., 43., 81., 91., 13., 0., 0.,
       1., 43., 134., 49., 34., 10., 0., 0., 0., 0., 3., 2., 15., 69.,
       2., 0., 0., 5., 96., 35., 36., 134., 19., 0., 0., 16., 63., 30.,
       54., 60., 4., 1., 2., 124., 134., 27., 27., 55., 1., 0., 0., 9.,
       21., 9., 23., 54., 0., 0., 0., 16., 100., 15., 42., 134., 56.,
       10., 4., 12., 59., 8., 31., 51., 37., 38., 24., 117., 92., 3., 6.,
       83., 22., 2., 4., 35., 31., 2., 7., 40., 17., 2., 4., 47., 47.,
       1., 5., 39., 23., 27., 28., 16., 33., 7., 14., 11., 24., 105.,
       62., 24., 7., 2., 3., 20., 75., 35., 54., 12., 4., 0., 0., 22.,
       10., 28., 5., 2., 5., 28., 84., 21., 64., 63., 1., 0., 1., 59.,
       74., 14., 62., 8., 0., 1., 55., 109., 12., 1., 6., 0., 0., 18.,
       121., 30., 1., 36., 16., 50., 62., 9., 2., 3., 6., 121., 41., 46.,
       2., 9., 5., 7., 108., 46., 116., 23., 10., 56., 20., 9., 32., 32.,
       59., 3., 2., 91., 73., 1., 0., 72., 11., 7., 24., 8., 1., 1., 23.,
       121., 21., 0., 0., 22., 7., 3., 45., 91., 23., 1., 4., 121., 43.,
       3., 20., 92., 26., 1., 31., 82., 7., 1., 14., 66., 23., 5., 4.,
       1., 0., 10., 103., 99., 17., 24., 9., 6., 1., 22., 106., 29., 3.,
