%YAML:1.0
---
mat: !!opencv-matrix
   rows: 84
   cols: 128
   dt: f
   data: [ 0., 0., 4., 9., 4., 0., 0., 0., 3., 11., 27., 27., 14., 3.,
       13., 9., 11., 39., 34., 1., 0., 0., 34., 19., 11., 29., 28., 0.,
       0., 0., 21., 13., 6., 0., 0., 1., 4., 1., 0., 3., 100., 2., 1.,
       2., 9., 4., 97., 155., 19., 2., 20., 5., 0., 4., 160., 88., 3.,
       1., 24., 1., 0., 2., 160., 23., 22., 2., 0., 0., 0., 0., 0., 1.,
       160., 20., 7., 10., 10., 0., 9., 42., 61., 13., 139., 77., 36.,
       2., 58., 18., 0., 21., 160., 4., 0., 1., 53., 1., 16., 1., 0., 0.,
       0., 0., 0., 0., 160., 18., 0., 4., 31., 0., 0., 0., 52., 5., 19.,
       37., 148., 2., 0., 7., 5., 8., 49., 4., 4., 2., 20., 33., 9., 7.,
       8., 49., 32., 0., 0., 0., 153., 14., 5., 3., 6., 0., 0., 39., 97.,
       0., 0., 49., 149., 0., 0., 19., 23., 16., 1., 31., 66., 1., 0.,
       3., 30., 12., 12., 49., 28., 3., 1., 1., 153., 67., 16., 3., 13.,
       1., 0., 40., 76., 21., 40., 23., 153., 58., 20., 14., 3., 13.,
       16., 9., 37., 59., 96., 0., 14., 5., 2., 6., 22., 27., 15., 3.,
       105., 153., 90., 1., 1., 2., 8., 4., 11., 91., 153., 7., 11., 17.,
       11., 0., 0., 34., 153., 0., 0., 21., 55., 0., 0., 0., 0., 0., 2.,
       4., 2., 0., 0., 4., 6., 0., 0., 1., 2., 0., 0., 6., 33., 1., 0.,
       0., 0., 0., 0., 6., 46., 0., 0., 0., 0., 0., 0., 30., 121., 1.,
       0., 0., 0., 0., 0., 11., 129., 109., 0., 0., 0., 0., 115., 58.,
       83., 93., 0., 0., 0., 4., 83., 27., 6., 106., 35., 0., 0., 2., 0.,
       19., 117., 18., 2., 0., 0., 0., 24., 13., 91., 129., 11., 0., 0.,
       1., 129., 43., 25., 77., 14., 0., 0., 53., 65., 10., 5., 122.,
       57., 3., 2., 16., 0., 0., 10., 15., 8., 0., 0., 0., 37., 18., 7.,
       71., 49., 0., 0., 0., 129., 129., 68., 17., 17., 0., 0., 13., 16.,
       66., 112., 21., 39., 12., 4., 5., 0., 0., 0., 0., 0., 0., 0., 0.,
       1., 1., 0., 0., 0., 0., 0., 0., 2., 26., 18., 0., 0., 0., 0., 0.,
       0., 37., 63., 0., 0., 0., 0., 0., 0., 7., 108., 8., 0., 3., 6.,
       0., 7., 35., 129., 4., 0., 4., 8., 0., 42., 65., 40., 6., 100.,
       18., 9., 0., 1., 0., 0., 2., 129., 15., 0., 0., 1., 3., 18., 10.,
       7., 20., 54., 19., 43., 11., 27., 8., 33., 56., 20., 1., 129.,
       18., 4., 3., 128., 2., 0., 1., 3., 0., 0., 4., 129., 0., 0., 0.,
       16., 10., 12., 9., 30., 81., 9., 13., 46., 4., 13., 28., 50., 35.,
       1., 2., 129., 1., 0., 2., 129., 2., 0., 4., 3., 0., 0., 3., 129.,
       1., 0., 0., 21., 78., 4., 1., 19., 72., 3., 2., 36., 7., 2., 5.,
       75., 84., 0., 0., 129., 3., 0., 0., 104., 2., 0., 1., 3., 0., 0.,
       0., 129., 1., 0., 0., 0., 0., 0., 0., 0., 0., 117., 9., 0., 0.,
       0., 0., 0., 0., 126., 17., 0., 0., 0., 0., 2., 29., 126., 13., 5.,
       5., 1., 1., 16., 56., 27., 1., 1., 2., 59., 4., 0., 3., 126., 20.,
       8., 24., 72., 8., 2., 13., 126., 22., 71., 54., 14., 1., 50., 58.,
       126., 30., 12., 3., 0., 0., 126., 126., 27., 10., 3., 2., 22.,
       31., 9., 14., 55., 60., 28., 8., 21., 28., 28., 57., 18., 10.,
       126., 20., 3., 1., 71., 18., 2., 37., 16., 1., 0., 0., 126., 70.,
       7., 17., 3., 3., 11., 35., 10., 25., 6., 7., 31., 0., 8., 23.,
       10., 22., 6., 18., 126., 0., 0., 1., 34., 19., 3., 61., 8., 0.,
       0., 0., 109., 87., 15., 18., 8., 14., 7., 7., 6., 10., 28., 6.,
       18., 12., 14., 13., 4., 52., 65., 22., 50., 7., 7., 8., 6., 87.,
       112., 140., 29., 0., 0., 0., 0., 9., 49., 140., 10., 33., 42.,
       12., 0., 0., 0., 0., 40., 45., 71., 136., 4., 1., 0., 2., 140.,
       46., 33., 26., 1., 1., 2., 57., 72., 3., 3., 1., 0., 4., 7., 29.,
       1., 26., 65., 29., 1., 0., 0., 0., 90., 36., 41., 140., 6., 0.,
       0., 1., 140., 140., 53., 8., 0., 0., 0., 24., 26., 82., 130., 2.,
       0., 0., 0., 4., 0., 0., 1., 2., 0., 0., 0., 0., 13., 6., 1., 7.,
       1., 0., 0., 0., 26., 62., 31., 0., 0., 0., 0., 0., 0., 56., 111.,
       0., 0., 0., 0., 0., 0., 0., 123., 38., 0., 3., 66., 16., 16., 20.,
       133., 22., 0., 9., 30., 8., 128., 79., 40., 1., 18., 6., 9., 5.,
       32., 13., 0., 0., 133., 66., 2., 1., 3., 2., 15., 41., 20., 34.,
       102., 39., 42., 7., 7., 6., 33., 90., 23., 3., 133., 20., 0., 0.,
       11., 6., 0., 5., 73., 8., 0., 0., 133., 67., 0., 1., 12., 16.,
       16., 108., 26., 4., 9., 9., 32., 9., 19., 35., 51., 18., 4., 6.,
       133., 2., 0., 1., 8., 3., 1., 18., 84., 1., 0., 0., 133., 67., 1.,
       8., 0., 2., 8., 20., 10., 27., 46., 5., 8., 1., 6., 6., 3., 11.,
       29., 8., 133., 4., 0., 0., 0., 0., 6., 17., 76., 2., 0., 0., 60.,
       42., 0., 7., 22., 25., 14., 10., 1., 2., 2., 2., 8., 3., 28., 32.,
       5., 5., 4., 0., 122., 11., 3., 19., 9., 1., 0., 16., 31., 3., 10.,
       82., 60., 3., 0., 5., 18., 38., 8., 8., 5., 5., 21., 30., 24.,
       10., 18., 51., 29., 9., 7., 1., 122., 22., 7., 50., 34., 0., 0.,
       3., 18., 5., 40., 122., 86., 0., 0., 0., 6., 11., 79., 58., 6.,
       7., 28., 27., 52., 7., 43., 58., 33., 4., 11., 13., 122., 8., 3.,
       85., 101., 0., 1., 27., 4., 6., 39., 122., 122., 0., 0., 0., 0.,
       19., 116., 8., 0., 14., 55., 0., 24., 27., 103., 8., 0., 8., 64.,
       41., 49., 10., 55., 122., 116., 0., 4., 45., 7., 7., 15., 115.,
       100., 0., 0., 0., 0., 10., 98., 11., 0., 0., 0., 0., 0., 12.,
       109., 30., 2., 1., 0., 0., 2., 44., 101., 24., 3., 0., 0., 0., 9.,
       26., 10., 2., 3., 1., 0., 1., 9., 28., 109., 50., 38., 7., 1., 2.,
       109., 76., 109., 45., 28., 28., 7., 12., 77., 95., 67., 30., 72.,
       76., 5., 5., 109., 74., 5., 0., 2., 2., 0., 3., 10., 4., 1., 3.,
       36., 53., 98., 47., 109., 15., 4., 12., 23., 50., 109., 62., 85.,
       10., 4., 34., 108., 57., 39., 51., 109., 8., 0., 0., 4., 2., 6.,
       55., 0., 0., 0., 0., 1., 13., 86., 42., 1., 0., 0., 1., 3., 42.,
       102., 12., 4., 0., 0., 2., 6., 41., 98., 41., 18., 1., 0., 0., 0.,
       1., 15., 42., 1., 1., 3., 2., 1., 1., 101., 74., 21., 27., 8., 3.,
       2., 13., 108., 95., 37., 22., 1., 0., 71., 121., 69., 25., 102.,
       1., 0., 0., 22., 60., 14., 68., 17., 3., 7., 10., 13., 8., 29.,
       77., 66., 18., 4., 19., 38., 38., 19., 18., 121., 20., 1., 1.,
       47., 121., 13., 15., 65., 0., 0., 0., 23., 121., 44., 98., 37.,
       3., 0., 4., 14., 28., 7., 28., 39., 3., 0., 10., 21., 58., 30.,
       16., 121., 45., 0., 1., 6., 52., 13., 17., 43., 15., 6., 10., 24.,
       104., 32., 33., 9., 3., 6., 3., 25., 36., 5., 24., 6., 3., 14.,
       39., 25., 20., 11., 16., 59., 121., 43., 35., 13., 5., 1., 1.,
       14., 68., 57., 121., 54., 7., 0., 0., 4., 6., 29., 22., 3., 2.,
       4., 5., 23., 3., 21., 40., 20., 11., 2., 5., 127., 1., 1., 11.,
       16., 4., 1., 58., 19., 0., 3., 40., 91., 12., 2., 12., 3., 12.,
       40., 23., 4., 15., 37., 3., 52., 13., 19., 30., 19., 8., 11., 2.,
       127., 15., 1., 37., 37., 0., 0., 9., 14., 3., 24., 127., 94., 0.,
       0., 1., 3., 13., 46., 30., 19., 26., 38., 13., 92., 12., 32., 45.,
       31., 13., 3., 5., 127., 9., 3., 73., 91., 0., 0., 16., 4., 2.,
       51., 127., 118., 0., 0., 0., 2., 21., 50., 63., 17., 10., 13., 4.,
       116., 10., 9., 32., 32., 5., 1., 21., 127., 3., 1., 98., 127., 0.,
       0., 24., 0., 2., 39., 114., 106., 0., 0., 0., 6., 39., 125., 4.,
       1., 18., 21., 24., 0., 1., 125., 55., 3., 18., 16., 2., 1., 0.,
       125., 70., 10., 34., 21., 4., 0., 0., 125., 46., 10., 21., 24.,
       9., 32., 3., 3., 3., 28., 54., 32., 59., 11., 2., 4., 14., 66.,
       76., 35., 4., 83., 5., 2., 11., 58., 72., 34., 27., 21., 3., 3.,
       7., 50., 81., 64., 69., 41., 51., 18., 9., 22., 23., 3., 7., 13.,
       8., 18., 18., 67., 101., 11., 8., 98., 17., 16., 38., 95., 40.,
       4., 10., 82., 125., 11., 33., 74., 39., 12., 19., 20., 87., 58.,
       9., 3., 2., 0., 2., 2., 13., 86., 59., 19., 7., 1., 1., 5., 11.,
       44., 112., 43., 5., 0., 0., 37., 81., 14., 53., 25., 1., 0., 12.,
