%YAML:1.0
---
mat: !!opencv-matrix
   rows: 96
   cols: 128
   dt: f
   data: [ 57., 12., 0., 0., 18., 13., 6., 10., 41., 31., 11., 2., 49.,
       37., 5., 23., 74., 40., 41., 39., 2., 1., 3., 111., 15., 7., 53.,
       111., 8., 4., 27., 41., 111., 25., 1., 2., 11., 17., 8., 20., 74.,
       24., 2., 6., 105., 88., 12., 22., 111., 55., 22., 46., 13., 7.,
       42., 80., 5., 14., 54., 76., 11., 6., 111., 92., 111., 44., 6.,
       2., 7., 13., 2., 7., 67., 30., 24., 36., 71., 73., 11., 11., 111.,
       81., 22., 57., 33., 21., 10., 25., 9., 46., 102., 86., 30., 12.,
       48., 30., 23., 20., 12., 1., 5., 31., 5., 6., 14., 20., 52., 43.,
       9., 10., 36., 24., 79., 64., 11., 15., 10., 17., 27., 10., 45.,
       33., 13., 2., 7., 8., 65., 64., 40., 7., 1., 30., 89., 20., 2.,
       8., 125., 9., 1., 19., 35., 6., 12., 56., 11., 2., 22., 99., 61.,
       24., 15., 18., 90., 4., 10., 22., 17., 11., 9., 29., 31., 8., 1.,
       40., 124., 39., 5., 7., 125., 14., 1., 13., 35., 26., 2., 5., 27.,
       2., 10., 51., 76., 125., 26., 3., 125., 12., 6., 11., 11., 29.,
       13., 11., 39., 35., 1., 1., 86., 101., 1., 3., 125., 10., 1., 14.,
       47., 38., 3., 9., 32., 4., 23., 121., 105., 42., 7., 2., 125.,
       11., 14., 28., 13., 9., 6., 10., 28., 75., 26., 13., 32., 25., 1.,
       1., 89., 46., 37., 12., 36., 25., 1., 7., 14., 17., 48., 13., 59.,
       72., 27., 2., 49., 10., 18., 11., 9., 15., 24., 21., 67., 11., 6.,
       15., 38., 17., 14., 41., 34., 8., 1., 17., 115., 30., 5., 7.,
       110., 56., 30., 20., 4., 2., 19., 59., 3., 5., 44., 89., 6., 7.,
       110., 28., 63., 34., 20., 25., 20., 19., 19., 35., 44., 1., 4.,
       26., 100., 84., 12., 12., 115., 19., 12., 19., 8., 7., 24., 104.,
       14., 18., 105., 84., 7., 2., 107., 43., 43., 42., 88., 21., 4.,
       9., 12., 29., 37., 8., 52., 83., 67., 39., 7., 3., 115., 68., 16.,
       36., 38., 5., 1., 4., 11., 24., 52., 94., 87., 18., 25., 3., 1.,
       8., 37., 7., 0., 3., 34., 16., 18., 4., 22., 19., 1., 24., 35.,
       5., 109., 44., 11., 4., 5., 6., 14., 35., 10., 13., 29., 4., 14.,
       21., 115., 21., 117., 12., 2., 21., 54., 12., 2., 19., 58., 5.,
       3., 70., 82., 67., 8., 17., 117., 17., 5., 21., 19., 32., 16.,
       44., 60., 11., 1., 1., 48., 117., 26., 40., 117., 12., 1., 6.,
       56., 60., 6., 14., 90., 9., 6., 97., 111., 72., 5., 7., 117., 62.,
       10., 32., 23., 22., 6., 14., 61., 107., 15., 12., 19., 34., 15.,
       7., 56., 62., 55., 17., 28., 30., 4., 8., 38., 38., 71., 38., 80.,
       69., 14., 7., 86., 28., 52., 37., 12., 24., 20., 31., 17., 98.,
       85., 55., 6., 0., 1., 1., 3., 27., 45., 6., 1., 12., 55., 15., 2.,
       24., 74., 14., 15., 23., 35., 20., 16., 14., 65., 20., 15., 12.,
       6., 21., 9., 9., 28., 14., 3., 9., 37., 28., 2., 0., 0., 0., 2.,
       51., 41., 61., 2., 0., 0., 1., 12., 46., 63., 81., 4., 0., 0., 0.,
       6., 38., 57., 27., 9., 0., 0., 0., 0., 12., 34., 26., 70., 7., 0.,
       10., 45., 38., 22., 65., 52., 3., 1., 47., 101., 49., 30., 60.,
       115., 6., 1., 11., 21., 69., 81., 107., 20., 1., 0., 0., 5., 115.,
       93., 110., 115., 10., 2., 9., 60., 35., 6., 16., 93., 8., 2., 44.,
       115., 60., 4., 11., 115., 87., 3., 9., 21., 27., 5., 18., 39.,
       53., 16., 7., 6., 56., 35., 34., 33., 41., 42., 5., 13., 19., 4.,
       8., 30., 21., 35., 36., 75., 26., 4., 7., 77., 62., 52., 13., 9.,
       8., 4., 11., 6., 80., 115., 15., 0., 0., 1., 0., 51., 1., 0., 0.,
       13., 14., 4., 19., 101., 5., 1., 11., 60., 19., 6., 44., 115., 5.,
       7., 8., 44., 15., 13., 95., 21., 11., 45., 37., 7., 22., 86., 32.,
       34., 15., 2., 0., 20., 44., 14., 12., 68., 47., 57., 30., 26.,
       13., 19., 18., 116., 47., 50., 34., 19., 12., 19., 47., 10., 65.,
       116., 39., 6., 16., 94., 19., 24., 3., 1., 0., 37., 31., 24., 40.,
       36., 10., 13., 8., 37., 68., 88., 51., 116., 27., 4., 5., 20.,
       28., 35., 68., 40., 9., 8., 14., 6., 13., 116., 116., 60., 5., 0.,
       1., 26., 8., 3., 33., 50., 9., 3., 20., 73., 56., 20., 44., 116.,
       19., 5., 4., 30., 17., 6., 116., 85., 26., 29., 15., 14., 16.,
       15., 77., 1., 46., 112., 33., 17., 32., 8., 6., 0., 15., 112.,
       98., 86., 62., 2., 1., 17., 17., 68., 61., 43., 6., 1., 18., 61.,
       13., 14., 17., 5., 3., 23., 99., 17., 112., 45., 16., 17., 52.,
       5., 14., 12., 14., 60., 85., 93., 91., 2., 6., 76., 8., 8., 21.,
       13., 19., 27., 93., 52., 72., 36., 14., 6., 37., 27., 29., 16.,
       26., 13., 76., 53., 19., 45., 71., 19., 18., 21., 112., 48., 8.,
       11., 3., 111., 112., 38., 8., 3., 15., 13., 23., 7., 31., 69.,
       66., 30., 45., 22., 4., 21., 2., 18., 112., 27., 5., 13., 24.,
       23., 8., 2., 19., 12., 60., 75., 39., 3., 41., 25., 4., 14., 60.,
       18., 1., 15., 14., 46., 18., 1., 1., 0., 15., 36., 35., 77., 23.,
       5., 8., 8., 20., 48., 16., 41., 66., 46., 26., 5., 2., 111., 65.,
       18., 39., 51., 8., 10., 8., 8., 32., 33., 42., 54., 19., 72., 12.,
       4., 8., 33., 8., 1., 7., 62., 48., 34., 8., 17., 16., 4., 63.,
       78., 13., 111., 80., 41., 3., 6., 15., 30., 48., 15., 25., 72.,
       3., 5., 11., 111., 57., 66., 23., 32., 14., 3., 9., 46., 94., 6.,
       5., 43., 41., 75., 111., 57., 13., 72., 63., 36., 5., 40., 29.,
       2., 47., 77., 68., 71., 2., 0., 0., 22., 111., 63., 26., 21., 8.,
       2., 3., 24., 43., 9., 2., 24., 20., 57., 79., 68., 25., 48., 23.,
       2., 3., 39., 31., 12., 56., 42., 85., 49., 2., 0., 0., 67., 98.,
       3., 127., 43., 0., 0., 3., 6., 0., 2., 127., 69., 17., 15., 0.,
       0., 0., 85., 24., 14., 13., 17., 2., 0., 4., 18., 24., 71., 28.,
       33., 24., 2., 3., 7., 74., 18., 0., 0., 52., 79., 5., 25., 127.,
       88., 2., 0., 33., 49., 7., 127., 106., 24., 2., 1., 3., 5., 18.,
       34., 1., 1., 1., 18., 68., 24., 8., 50., 64., 0., 0., 0., 17.,
       34., 7., 46., 31., 1., 0., 0., 53., 127., 48., 127., 20., 3., 0.,
       0., 3., 33., 109., 36., 4., 16., 13., 1., 5., 6., 5., 43., 85.,
       0., 0., 0., 0., 0., 0., 53., 106., 19., 1., 0., 0., 6., 10., 45.,
       55., 117., 20., 0., 0., 3., 19., 38., 37., 127., 40., 0., 0., 1.,
       16., 6., 1., 0., 0., 0., 0., 0., 10., 96., 41., 17., 1., 1., 9.,
       34., 135., 12., 17., 59., 38., 29., 82., 80., 38., 2., 0., 3., 7.,
       31., 48., 21., 15., 43., 3., 0., 0., 0., 0., 0., 11., 135., 20.,
       5., 8., 12., 17., 18., 135., 26., 5., 10., 57., 135., 96., 34.,
       33., 0., 1., 8., 20., 69., 27., 7., 3., 78., 5., 0., 0., 0., 0.,
       0., 8., 135., 78., 40., 35., 12., 1., 1., 18., 13., 18., 61.,
       135., 114., 5., 1., 2., 1., 25., 70., 47., 19., 1., 1., 0., 54.,
       19., 4., 0., 0., 0., 0., 28., 105., 33., 41., 37., 16., 1., 1.,
       43., 2., 1., 21., 135., 71., 0., 0., 1., 0., 9., 44., 48., 16.,
       0., 0., 0., 1., 0., 0., 0., 8., 37., 34., 22., 21., 11., 9., 1.,
       26., 74., 15., 45., 33., 12., 28., 20., 12., 44., 115., 107., 75.,
       64., 11., 7., 30., 57., 40., 10., 0., 0., 0., 0., 13., 23., 21.,
       5., 58., 26., 1., 0., 61., 69., 5., 22., 115., 68., 37., 26., 26.,
       42., 53., 92., 49., 13., 5., 17., 97., 115., 36., 33., 5., 5., 2.,
       2., 6., 8., 2., 1., 32., 9., 0., 0., 64., 61., 1., 3., 115., 115.,
       22., 20., 29., 28., 24., 56., 42., 51., 26., 76., 115., 95., 26.,
       29., 10., 27., 14., 7., 3., 1., 0., 0., 7., 11., 1., 2., 63., 18.,
       0., 0., 115., 90., 12., 7., 37., 11., 8., 21., 46., 37., 23., 51.,
       91., 88., 27., 24., 24., 25., 22., 12., 5., 13., 15., 14., 65.,
       45., 18., 21., 8., 14., 23., 10., 53., 25., 25., 18., 5., 7., 74.,
       91., 4., 3., 11., 39., 26., 19., 116., 94., 46., 10., 2., 1., 11.,
       24., 28., 51., 67., 22., 1., 2., 46., 70., 37., 24., 116., 62.,
       3., 1., 5., 5., 7., 89., 32., 18., 24., 46., 46., 49., 44., 43.,
       84., 26., 2., 2., 15., 15., 5., 17., 62., 33., 9., 25., 75., 68.,
