%YAML:1.0
---
mat: !!opencv-matrix
   rows: 100
   cols: 128
   dt: f
   data: [ 0., 2., 2., 7., 41., 0., 0., 0., 48., 4., 3., 47., 174., 9.,
       2., 5., 174., 7., 2., 7., 34., 3., 3., 45., 37., 0., 0., 0., 1.,
       2., 3., 7., 1., 4., 2., 8., 64., 2., 0., 1., 65., 7., 0., 26.,
       174., 44., 12., 12., 174., 28., 0., 2., 40., 9., 10., 50., 47.,
       1., 0., 1., 2., 2., 2., 8., 0., 0., 0., 2., 26., 19., 6., 1., 10.,
       1., 0., 2., 113., 161., 120., 35., 117., 2., 0., 0., 5., 21., 97.,
       174., 18., 0., 0., 1., 3., 4., 3., 14., 0., 0., 0., 0., 0., 2.,
       1., 0., 0., 0., 0., 0., 0., 10., 19., 2., 0., 0., 0., 0., 0., 1.,
       15., 14., 0., 0., 0., 0., 1., 2., 1., 2., 1., 2., 1., 2., 0., 0.,
       0., 0., 0., 1., 15., 13., 0., 0., 0., 0., 0., 10., 19., 2., 0.,
       0., 0., 0., 0., 2., 1., 0., 0., 0., 0., 0., 3., 4., 3., 14., 18.,
       0., 0., 0., 5., 21., 96., 174., 118., 3., 0., 0., 113., 161.,
       120., 35., 10., 1., 0., 1., 27., 19., 6., 1., 1., 0., 0., 1., 2.,
       2., 2., 8., 45., 1., 0., 1., 38., 9., 10., 48., 174., 33., 0., 1.,
       174., 45., 12., 12., 66., 8., 0., 19., 67., 2., 0., 0., 1., 4.,
       2., 7., 1., 2., 3., 6., 34., 0., 0., 0., 30., 3., 3., 39., 174.,
       8., 2., 6., 174., 11., 3., 5., 52., 5., 3., 41., 46., 1., 0., 0.,
       0., 2., 2., 6., 55., 13., 0., 1., 84., 31., 3., 9., 54., 23., 5.,
       10., 144., 47., 4., 9., 107., 39., 2., 1., 3., 1., 1., 9., 0., 0.,
       0., 0., 0., 0., 0., 0., 14., 0., 0., 0., 68., 76., 80., 32., 53.,
       20., 5., 8., 144., 78., 10., 11., 144., 41., 3., 2., 20., 6., 1.,
       16., 6., 0., 0., 0., 0., 0., 0., 1., 0., 0., 0., 0., 40., 57.,
       33., 2., 28., 2., 0., 0., 144., 144., 11., 17., 144., 16., 0., 0.,
       27., 36., 9., 57., 19., 1., 0., 0., 0., 0., 0., 3., 0., 0., 0.,
       0., 10., 14., 11., 2., 4., 1., 0., 0., 106., 144., 46., 9., 65.,
       7., 0., 0., 15., 41., 89., 121., 8., 1., 0., 0., 0., 0., 4., 18.,
       0., 0., 0., 0., 1., 0., 0., 0., 3., 7., 63., 91., 56., 0., 0., 0.,
       120., 110., 91., 34., 15., 0., 0., 2., 43., 27., 5., 0., 0., 0.,
       0., 0., 0., 0., 0., 3., 4., 0., 0., 0., 17., 13., 8., 135., 143.,
       0., 0., 2., 143., 87., 10., 39., 36., 0., 0., 12., 92., 28., 8.,
       0., 0., 0., 0., 1., 0., 0., 0., 6., 12., 0., 0., 0., 37., 3., 2.,
       72., 143., 13., 2., 17., 143., 35., 17., 16., 29., 5., 2., 79.,
       65., 79., 59., 8., 1., 0., 0., 3., 0., 0., 0., 5., 17., 1., 0.,
       0., 46., 5., 3., 41., 125., 16., 3., 17., 143., 9., 8., 20., 33.,
       3., 2., 46., 106., 33., 18., 19., 21., 0., 0., 5., 0., 0., 0., 2.,
       8., 0., 0., 0., 39., 5., 1., 30., 142., 19., 3., 7., 142., 45.,
       20., 14., 28., 7., 2., 23., 45., 70., 59., 13., 3., 0., 0., 0.,
       0., 0., 0., 1., 6., 1., 0., 0., 37., 7., 3., 30., 142., 39., 3.,
       8., 142., 31., 7., 17., 64., 11., 3., 28., 142., 40., 10., 15.,
       49., 4., 0., 2., 0., 0., 0., 1., 3., 1., 0., 0., 39., 6., 1., 27.,
       142., 38., 0., 5., 142., 37., 1., 4., 72., 18., 1., 24., 142.,
       12., 0., 1., 49., 21., 1., 19., 0., 0., 0., 1., 2., 1., 0., 0.,
       21., 6., 2., 26., 131., 42., 5., 5., 142., 40., 3., 12., 50., 11.,
       6., 28., 85., 26., 4., 12., 39., 4., 0., 6., 7., 5., 4., 22., 82.,
       49., 12., 6., 121., 47., 5., 8., 20., 10., 11., 31., 57., 24., 6.,
       22., 97., 9., 0., 2., 115., 38., 2., 2., 3., 1., 0., 0., 7., 4.,
       4., 29., 121., 54., 1., 2., 121., 51., 6., 7., 29., 11., 1., 29.,
       86., 16., 0., 2., 121., 39., 1., 9., 121., 30., 0., 1., 11., 5.,
       1., 6., 4., 2., 0., 32., 121., 44., 1., 1., 121., 79., 0., 4.,
       38., 11., 1., 18., 85., 32., 1., 1., 96., 43., 2., 12., 121., 27.,
       1., 1., 13., 10., 2., 12., 0., 0., 1., 20., 84., 55., 0., 0.,
       121., 52., 6., 13., 33., 17., 2., 23., 81., 29., 2., 9., 80., 6.,
       0., 10., 77., 35., 2., 7., 27., 1., 0., 2., 1., 0., 0., 54., 102.,
       12., 0., 0., 115., 18., 0., 13., 42., 4., 1., 40., 89., 9., 1.,
       9., 102., 9., 2., 27., 99., 1., 0., 4., 32., 7., 3., 35., 3., 2.,
       2., 52., 115., 40., 1., 2., 115., 26., 4., 11., 28., 7., 2., 81.,
       87., 10., 2., 22., 99., 5., 1., 32., 115., 12., 2., 6., 19., 4.,
       2., 22., 4., 5., 5., 78., 98., 69., 40., 8., 115., 51., 7., 20.,
       17., 9., 48., 94., 65., 11., 2., 60., 93., 1., 1., 20., 115., 10.,
       3., 13., 12., 0., 0., 25., 0., 12., 58., 32., 11., 65., 61., 7.,
       19., 43., 26., 6., 27., 8., 80., 78., 25., 2., 0., 18., 92., 4.,
       3., 29., 74., 0., 0., 4., 21., 1., 0., 48., 1., 54., 86., 8., 1.,
       0., 0., 0., 1., 44., 42., 1., 1., 0., 0., 0., 3., 10., 20., 4.,
       8., 5., 1., 1., 16., 4., 1., 0., 1., 1., 0., 1., 106., 122., 109.,
       58., 34., 0., 0., 2., 57., 105., 122., 58., 24., 9., 2., 5., 85.,
       122., 91., 9., 2., 2., 1., 8., 25., 18., 5., 0., 0., 0., 0., 0.,
       122., 27., 10., 43., 55., 5., 1., 23., 111., 25., 38., 41., 43.,
       71., 30., 38., 122., 42., 12., 4., 3., 9., 19., 88., 25., 18.,
       12., 0., 0., 0., 0., 2., 117., 6., 6., 18., 46., 24., 36., 114.,
       98., 33., 47., 59., 48., 7., 4., 34., 122., 26., 7., 1., 0., 0.,
       2., 38., 8., 8., 4., 0., 0., 0., 1., 5., 131., 29., 2., 4., 23.,
       7., 1., 15., 70., 23., 36., 6., 0., 0., 0., 2., 0., 28., 38., 1.,
       0., 0., 0., 0., 0., 14., 14., 1., 0., 0., 0., 0., 131., 32., 6.,
       18., 39., 2., 0., 21., 63., 45., 131., 109., 60., 3., 0., 5.,
       109., 126., 107., 16., 4., 1., 0., 6., 23., 22., 11., 0., 0., 1.,
       2., 6., 131., 3., 0., 3., 51., 9., 1., 49., 65., 9., 8., 30.,
       131., 55., 1., 23., 131., 29., 6., 5., 16., 11., 1., 32., 57., 2.,
       0., 0., 0., 3., 5., 8., 129., 32., 2., 4., 29., 4., 0., 7., 41.,
       6., 1., 3., 125., 66., 10., 9., 131., 34., 9., 3., 13., 15., 10.,
       24., 50., 17., 1., 0., 0., 0., 1., 5., 2., 8., 46., 79., 74., 0.,
       0., 0., 61., 105., 93., 26., 10., 0., 0., 0., 17., 55., 107., 33.,
       10., 2., 0., 1., 30., 55., 34., 2., 1., 0., 0., 1., 17., 8., 5.,
       94., 126., 0., 0., 0., 126., 38., 10., 28., 32., 8., 1., 9., 61.,
       21., 28., 30., 34., 54., 25., 30., 109., 29., 7., 1., 0., 2., 8.,
       43., 20., 2., 2., 31., 126., 64., 21., 25., 126., 9., 11., 27.,
       36., 17., 25., 102., 84., 39., 51., 54., 28., 10., 6., 22., 104.,
       22., 4., 0., 0., 0., 2., 23., 36., 14., 10., 50., 81., 24., 13.,
       20., 64., 10., 2., 3., 80., 22., 21., 61., 108., 2., 1., 6., 70.,
       14., 4., 42., 82., 1., 0., 0., 0., 0., 1., 28., 7., 3., 1., 10.,
       33., 11., 0., 9., 9., 6., 7., 74., 127., 83., 20., 9., 127., 41.,
       9., 16., 9., 13., 18., 42., 44., 6., 0., 4., 15., 2., 0., 2., 13.,
       8., 2., 15., 52., 9., 1., 6., 5., 12., 66., 127., 127., 70., 22.,
       8., 127., 95., 66., 25., 6., 13., 21., 40., 71., 6., 0., 3., 27.,
       10., 1., 5., 10., 0., 0., 4., 66., 18., 2., 13., 6., 4., 9., 44.,
       127., 127., 48., 13., 127., 34., 9., 11., 11., 27., 45., 85., 82.,
       5., 0., 0., 4., 11., 2., 9., 5., 0., 0., 1., 30., 17., 3., 5., 2.,
       1., 0., 24., 105., 95., 39., 7., 107., 10., 1., 12., 9., 14., 50.,
       92., 43., 3., 0., 0., 0., 1., 2., 18., 101., 67., 5., 7., 28.,
       19., 4., 3., 28., 13., 9., 19., 44., 61., 65., 27., 124., 37., 5.,
       1., 0., 1., 16., 43., 14., 8., 7., 8., 0., 0., 0., 0., 124., 110.,
       4., 16., 8., 6., 3., 1., 28., 28., 60., 119., 36., 22., 29., 7.,
       121., 105., 46., 15., 2., 1., 7., 14., 29., 12., 2., 3., 1., 3.,
       1., 1., 124., 37., 1., 7., 23., 17., 29., 104., 53., 11., 9., 39.,
       124., 55., 5., 17., 124., 44., 7., 5., 10., 6., 2., 18., 50., 14.,
       1., 0., 0., 0., 2., 3., 75., 59., 18., 8., 14., 14., 20., 57.,
       27., 9., 1., 2., 124., 92., 9., 9., 124., 58., 3., 2., 23., 16.,
       14., 30., 62., 13., 0., 0., 0., 0., 4., 13., 1., 1., 78., 35., 1.,
