%YAML:1.0
---
mat: !!opencv-matrix
   rows: 90
   cols: 128
   dt: f
   data: [ 32., 12., 3., 10., 145., 45., 3., 3., 145., 50., 2., 5., 16.,
       6., 4., 4., 87., 18., 0., 2., 4., 9., 11., 14., 42., 8., 0., 0.,
       0., 1., 1., 5., 27., 4., 0., 3., 145., 125., 4., 8., 145., 27.,
       0., 1., 27., 25., 8., 36., 84., 3., 0., 0., 0., 5., 51., 69., 15.,
       0., 0., 0., 0., 0., 13., 25., 7., 0., 0., 0., 145., 145., 21., 7.,
       145., 13., 0., 0., 34., 57., 54., 120., 103., 3., 0., 0., 0., 0.,
       12., 43., 0., 0., 0., 0., 0., 0., 12., 5., 0., 0., 0., 0., 20.,
       59., 54., 6., 10., 0., 0., 0., 2., 20., 107., 88., 8., 0., 0., 0.,
       0., 1., 17., 24., 0., 0., 0., 0., 0., 0., 10., 3., 0., 0., 8.,
       85., 53., 2., 0., 0., 6., 29., 70., 87., 79., 38., 7., 3., 37.,
       49., 29., 8., 27., 48., 14., 16., 12., 103., 27., 4., 4., 67., 8.,
       4., 7., 22., 47., 113., 77., 1., 0., 0., 62., 38., 17., 18., 25.,
       59., 71., 28., 60., 16., 2., 8., 23., 41., 91., 54., 40., 18., 3.,
       2., 9., 113., 23., 19., 37., 27., 39., 113., 71., 2., 1., 31.,
       113., 50., 4., 5., 13., 8., 10., 85., 53., 17., 2., 17., 95., 81.,
       17., 11., 113., 37., 1., 3., 8., 42., 19., 9., 68., 3., 8., 11.,
       16., 25., 40., 73., 104., 33., 2., 1., 1., 3., 3., 90., 28., 17.,
       1., 30., 71., 50., 3., 9., 113., 22., 1., 12., 21., 10., 3., 12.,
       7., 4., 13., 29., 101., 55., 28., 9., 147., 44., 11., 5., 3., 4.,
       16., 46., 60., 9., 2., 12., 25., 11., 5., 7., 83., 11., 1., 2.,
       1., 1., 1., 3., 16., 6., 14., 45., 147., 42., 1., 5., 147., 39.,
       11., 8., 10., 5., 0., 40., 91., 8., 1., 14., 43., 33., 7., 13.,
       110., 12., 0., 2., 2., 4., 4., 9., 21., 5., 1., 47., 147., 70.,
       6., 12., 147., 23., 1., 7., 10., 7., 6., 56., 85., 5., 0., 2.,
       15., 24., 46., 27., 44., 1., 0., 0., 2., 4., 30., 45., 14., 2.,
       0., 1., 147., 85., 5., 7., 147., 12., 0., 0., 14., 9., 5., 43.,
       93., 2., 0., 0., 0., 1., 28., 28., 0., 0., 0., 0., 0., 2., 22.,
       11., 13., 1., 0., 4., 72., 13., 1., 6., 30., 7., 8., 39., 147.,
       42., 2., 12., 147., 32., 9., 9., 29., 17., 4., 46., 77., 4., 1.,
       1., 5., 10., 6., 22., 20., 5., 1., 8., 100., 10., 1., 3., 43., 9.,
       1., 36., 147., 44., 1., 8., 147., 41., 3., 8., 37., 13., 7., 44.,
       66., 12., 5., 1., 1., 6., 12., 30., 11., 0., 0., 2., 94., 23., 7.,
       11., 29., 6., 2., 37., 147., 36., 7., 14., 147., 27., 4., 10.,
       27., 12., 6., 46., 90., 10., 3., 3., 3., 3., 2., 10., 1., 0., 0.,
       3., 53., 40., 20., 3., 34., 3., 1., 37., 147., 22., 5., 8., 147.,
       6., 1., 8., 22., 7., 6., 42., 59., 2., 0., 2., 3., 7., 11., 22.,
       3., 7., 13., 22., 59., 2., 0., 1., 27., 7., 5., 34., 148., 7., 2.,
       8., 148., 26., 6., 6., 28., 3., 1., 30., 46., 41., 21., 3., 1.,
       0., 0., 1., 3., 3., 2., 8., 92., 11., 2., 3., 30., 12., 7., 40.,
       148., 31., 4., 10., 148., 41., 7., 13., 28., 6., 2., 31., 93.,
       26., 6., 11., 12., 0., 0., 2., 1., 5., 11., 27., 67., 14., 5., 1.,
       34., 13., 7., 38., 148., 47., 3., 7., 148., 50., 1., 7., 45., 10.,
       1., 30., 99., 13., 1., 2., 20., 6., 1., 7., 5., 10., 6., 21., 79.,
       4., 0., 1., 23., 17., 5., 42., 148., 34., 8., 7., 148., 48., 2.,
       13., 34., 9., 9., 38., 70., 15., 1., 6., 14., 1., 0., 4., 132.,
       49., 14., 5., 4., 3., 19., 54., 100., 19., 6., 23., 56., 0., 0.,
       13., 131., 29., 5., 8., 10., 0., 0., 0., 33., 6., 0., 0., 0., 0.,
       0., 0., 132., 57., 14., 5., 11., 8., 1., 92., 115., 19., 1., 24.,
       102., 6., 1., 29., 132., 19., 1., 8., 16., 1., 1., 6., 47., 7.,
       1., 0., 0., 0., 0., 0., 132., 104., 1., 8., 16., 6., 0., 53., 99.,
       36., 1., 5., 94., 24., 4., 22., 132., 19., 1., 2., 14., 7., 4.,
       18., 43., 10., 1., 0., 0., 0., 0., 0., 132., 65., 6., 10., 12.,
       7., 0., 53., 83., 22., 2., 17., 65., 5., 0., 18., 130., 28., 1.,
       5., 16., 1., 0., 1., 44., 7., 1., 0., 0., 0., 0., 0., 21., 11.,
       7., 45., 28., 0., 0., 3., 18., 11., 5., 95., 114., 7., 1., 5.,
       114., 13., 1., 47., 51., 6., 2., 72., 77., 5., 1., 14., 30., 1.,
       1., 51., 23., 4., 2., 29., 45., 10., 4., 17., 26., 12., 13., 114.,
       114., 43., 19., 15., 114., 28., 10., 30., 24., 7., 14., 114., 59.,
       3., 3., 26., 32., 1., 1., 35., 31., 5., 26., 30., 23., 20., 5.,
       25., 10., 43., 91., 36., 44., 114., 114., 31., 78., 34., 10., 17.,
       19., 11., 106., 114., 41., 2., 3., 26., 22., 1., 2., 28., 11., 4.,
       22., 60., 91., 8., 6., 12., 65., 79., 104., 40., 45., 8., 6., 43.,
       79., 62., 12., 22., 20., 1., 6., 32., 44., 3., 2., 9., 10., 0.,
       1., 29., 1., 48., 75., 6., 1., 14., 31., 1., 1., 33., 59., 4., 3.,
       26., 32., 1., 2., 28., 42., 2., 3., 25., 22., 1., 1., 27., 45.,
       3., 2., 9., 10., 1., 2., 72., 114., 14., 1., 43., 49., 6., 14.,
       114., 114., 29., 10., 29., 24., 7., 106., 114., 78., 35., 10.,
       17., 19., 11., 6., 32., 81., 64., 13., 21., 20., 1., 1., 5., 18.,
       11., 5., 94., 114., 8., 19., 15., 26., 13., 12., 114., 114., 43.,
       114., 31., 10., 41., 91., 37., 44., 114., 6., 41., 62., 76., 107.,
       42., 48., 8., 0., 3., 21., 12., 8., 44., 28., 1., 4., 17., 24.,
       5., 2., 29., 46., 10., 5., 25., 31., 5., 24., 29., 24., 20., 6.,
       12., 11., 4., 21., 57., 89., 9., 2., 3., 12., 5., 0., 0., 0., 0.,
       0., 1., 36., 48., 3., 0., 0., 0., 5., 7., 107., 45., 0., 0., 2.,
       4., 2., 11., 100., 15., 1., 10., 11., 3., 6., 19., 83., 26., 4.,
       1., 0., 0., 17., 11., 33., 130., 95., 2., 0., 1., 130., 19., 57.,
       70., 14., 1., 7., 70., 23., 2., 13., 4., 1., 55., 63., 38., 98.,
       59., 70., 26., 13., 23., 2., 4., 76., 25., 6., 27., 130., 37., 1.,
       5., 130., 64., 1., 7., 47., 5., 0., 19., 53., 14., 0., 0., 0., 9.,
       5., 9., 66., 39., 4., 2., 32., 72., 2., 1., 55., 50., 2., 2.,
       130., 64., 0., 0., 130., 130., 0., 0., 54., 48., 0., 0., 56., 83.,
       1., 0., 0., 0., 0., 1., 138., 22., 4., 2., 8., 0., 2., 50., 45.,
       0., 0., 57., 138., 1., 2., 31., 138., 0., 0., 21., 39., 0., 0.,
       128., 49., 0., 0., 0., 0., 0., 1., 60., 138., 10., 1., 4., 19.,
       15., 52., 60., 72., 6., 2., 28., 138., 41., 6., 15., 138., 14.,
       0., 3., 27., 7., 3., 48., 48., 7., 2., 4., 0., 0., 1., 13., 11.,
       1., 0., 0., 4., 29., 105., 36., 17., 1., 0., 1., 53., 138., 63.,
       18., 138., 50., 2., 0., 4., 68., 56., 29., 31., 38., 37., 39., 2.,
       1., 2., 1., 3., 0., 0., 0., 0., 1., 7., 13., 0., 0., 0., 0., 0.,
       46., 33., 7., 8., 5., 1., 0., 0., 73., 70., 5., 4., 6., 12., 16.,
       4., 22., 62., 3., 0., 4., 61., 53., 11., 0., 0., 0., 7., 65.,
       129., 19., 1., 0., 0., 0., 6., 25., 56., 51., 6., 1., 0., 1., 25.,
       40., 29., 6., 1., 0., 0., 2., 9., 7., 30., 129., 129., 0., 0., 1.,
       129., 92., 73., 50., 14., 1., 1., 36., 62., 32., 19., 23., 15.,
       31., 32., 34., 59., 15., 5., 3., 1., 4., 15., 50., 32., 12., 2.,
       129., 129., 8., 3., 8., 129., 50., 9., 23., 14., 1., 2., 41., 70.,
       66., 67., 13., 2., 4., 10., 12., 48., 40., 6., 0., 0., 1., 5.,
       15., 15., 2., 2., 19., 111., 78., 53., 44., 91., 2., 1., 9., 23.,
       9., 39., 129., 94., 10., 6., 18., 19., 1., 0., 21., 74., 8., 0.,
       0., 0., 0., 0., 14., 38., 46., 19., 10., 130., 96., 2., 1., 130.,
       102., 6., 1., 25., 43., 3., 6., 27., 3., 0., 1., 29., 67., 16.,
       28., 29., 1., 0., 0., 3., 22., 8., 31., 21., 3., 0., 0., 57.,
       130., 43., 12., 130., 33., 1., 1., 13., 102., 51., 82., 49., 7.,
       0., 1., 42., 84., 54., 30., 33., 2., 0., 0., 2., 14., 38., 47.,
       21., 2., 0., 3., 55., 71., 20., 9., 75., 88., 17., 24., 117., 48.,
       22., 27., 90., 69., 2., 0., 2., 27., 48., 11., 10., 0., 0., 0.,
       13., 46., 28., 8., 22., 0., 0., 10., 72., 7., 0., 7., 72., 37.,
       2., 13., 130., 18., 1., 1., 130., 64., 0., 0., 4., 4., 2., 3., 7.,
