%YAML:1.0
---
mat: !!opencv-matrix
   rows: 78
   cols: 128
   dt: f
   data: [ 0., 0., 0., 0., 0., 0., 0., 0., 6., 2., 0., 0., 7., 2., 0.,
       0., 87., 5., 0., 0., 2., 1., 5., 57., 18., 4., 2., 6., 28., 63.,
       55., 37., 21., 19., 1., 2., 7., 1., 0., 0., 42., 14., 2., 19.,
       133., 12., 0., 2., 133., 22., 1., 4., 27., 2., 7., 95., 48., 18.,
       0., 0., 0., 47., 83., 54., 133., 34., 0., 3., 7., 17., 19., 41.,
       97., 19., 1., 17., 133., 29., 2., 7., 133., 118., 0., 1., 24., 9.,
       2., 12., 113., 121., 3., 1., 0., 7., 12., 7., 70., 2., 0., 0., 2.,
       70., 59., 41., 54., 5., 0., 0., 44., 82., 12., 17., 76., 71., 3.,
       4., 20., 37., 10., 5., 103., 130., 16., 7., 1., 0., 0., 0., 1.,
       3., 0., 0., 0., 0., 0., 0., 30., 19., 0., 0., 0., 12., 65., 29.,
       9., 1., 0., 0., 0., 6., 122., 159., 11., 5., 7., 12., 3., 3., 43.,
       95., 45., 20., 0., 0., 0., 0., 0., 6., 159., 72., 1., 0., 0., 0.,
       17., 58., 61., 8., 12., 2., 0., 2., 86., 95., 6., 11., 40., 5.,
       1., 3., 88., 61., 95., 2., 0., 0., 0., 0., 1., 74., 159., 40., 7.,
       0., 0., 0., 1., 94., 75., 47., 85., 9., 0., 1., 12., 11., 25.,
       22., 66., 3., 0., 0., 9., 29., 71., 0., 0., 0., 0., 0., 5., 109.,
       159., 10., 1., 0., 0., 0., 3., 92., 50., 15., 12., 15., 12., 13.,
       25., 26., 18., 27., 66., 24., 4., 2., 2., 6., 0., 0., 0., 0., 0.,
       0., 0., 0., 44., 71., 1., 0., 0., 0., 0., 1., 132., 132., 22., 0.,
       0., 0., 2., 12., 28., 70., 121., 27., 21., 27., 10., 8., 8., 1.,
       0., 0., 0., 0., 0., 0., 132., 47., 0., 0., 0., 0., 0., 52., 132.,
       132., 30., 2., 0., 0., 0., 29., 3., 36., 132., 53., 11., 6., 3.,
       1., 30., 7., 0., 0., 0., 0., 3., 11., 132., 75., 0., 0., 0., 0.,
       1., 33., 132., 86., 7., 1., 0., 0., 5., 28., 5., 9., 12., 33.,
       49., 17., 16., 15., 15., 2., 0., 0., 0., 0., 34., 65., 79., 27.,
       0., 0., 0., 0., 20., 109., 52., 132., 46., 3., 1., 1., 5., 9., 2.,
       26., 105., 48., 17., 1., 0., 1., 13., 0., 0., 0., 0., 32., 98.,
       36., 83., 0., 0., 0., 1., 4., 20., 105., 5., 0., 0., 0., 2., 9.,
       46., 9., 0., 0., 0., 0., 0., 1., 34., 25., 20., 0., 0., 0., 0.,
       74., 122., 45., 122., 3., 0., 0., 0., 9., 56., 122., 16., 1., 0.,
       0., 0., 13., 122., 52., 0., 0., 0., 0., 4., 11., 122., 115., 23.,
       6., 0., 0., 0., 40., 40., 15., 122., 34., 0., 0., 0., 11., 29.,
       37., 122., 25., 0., 0., 0., 3., 53., 110., 7., 0., 0., 23., 52.,
       12., 64., 116., 14., 45., 13., 0., 1., 6., 7., 3., 64., 58., 13.,
       0., 1., 2., 8., 4., 122., 98., 1., 1., 1., 0., 0., 24., 29., 15.,
       2., 57., 107., 1., 1., 14., 3., 1., 0., 0., 0., 0., 0., 0., 52.,
       8., 0., 1., 4., 3., 6., 31., 15., 19., 10., 17., 53., 74., 58.,
       20., 36., 42., 21., 8., 4., 19., 40., 43., 28., 7., 1., 3., 65.,
       12., 0., 0., 127., 17., 1., 1., 13., 3., 15., 90., 33., 7., 0.,
       0., 1., 72., 127., 53., 8., 7., 1., 0., 2., 103., 103., 16., 61.,
       24., 1., 7., 127., 20., 1., 2., 127., 127., 2., 1., 25., 7., 2.,
       14., 91., 127., 6., 1., 0., 14., 31., 13., 10., 6., 2., 41., 55.,
       56., 46., 4., 56., 7., 0., 1., 42., 49., 8., 9., 76., 81., 2., 1.,
       15., 32., 9., 5., 102., 127., 18., 8., 1., 0., 0., 0., 8., 22.,
       27., 127., 70., 2., 1., 0., 2., 7., 80., 51., 3., 7., 30., 13.,
       0., 2., 65., 103., 43., 29., 15., 4., 10., 59., 86., 76., 19.,
       42., 49., 12., 37., 80., 10., 1., 1., 6., 22., 21., 0., 0., 2.,
       5., 53., 41., 111., 27., 14., 8., 2., 14., 111., 70., 31., 11.,
       98., 16., 2., 4., 12., 51., 111., 89., 30., 9., 0., 1., 72., 53.,
       97., 60., 2., 1., 0., 1., 62., 62., 12., 4., 6., 2., 0., 1., 77.,
       111., 96., 21., 100., 4., 0., 0., 8., 13., 84., 111., 25., 1., 0.,
       1., 111., 66., 12., 22., 9., 5., 1., 0., 2., 36., 15., 11., 0.,
       0., 0., 0., 1., 48., 111., 19., 5., 0., 0., 0., 1., 26., 82., 43.,
       3., 1., 3., 5., 10., 48., 14., 9., 9., 8., 42., 90., 35., 8., 6.,
       15., 113., 51., 49., 24., 1., 3., 37., 47., 26., 20., 17., 0., 0.,
       28., 113., 32., 7., 4., 1., 0., 1., 5., 46., 60., 13., 2., 4.,
       30., 113., 92., 31., 42., 113., 59., 65., 10., 4., 11., 26., 94.,
       102., 113., 85., 1., 0., 4., 18., 15., 56., 39., 5., 0., 1., 1.,
       11., 31., 31., 5., 0., 13., 78., 42., 44., 23., 26., 7., 12., 3.,
       2., 42., 113., 47., 111., 17., 6., 0., 0., 3., 81., 113., 112.,
       8., 0., 0., 0., 0., 1., 76., 76., 9., 3., 7., 50., 20., 5., 28.,
       76., 8., 1., 0., 0., 10., 77., 45., 7., 2., 2., 0., 0., 4., 67.,
       66., 36., 19., 2., 2., 1., 0., 6., 31., 29., 61., 10., 6., 2., 0.,
       2., 3., 5., 30., 62., 41., 5., 0., 1., 1., 2., 62., 113., 12., 0.,
       0., 0., 0., 4., 33., 24., 17., 4., 3., 1., 0., 113., 42., 16.,
       21., 21., 0., 0., 15., 14., 14., 94., 113., 92., 2., 0., 2., 82.,
       113., 107., 19., 6., 1., 0., 2., 66., 64., 7., 3., 2., 0., 0., 2.,
       51., 44., 113., 57., 39., 17., 1., 2., 20., 77., 113., 69., 78.,
       11., 3., 8., 113., 54., 27., 8., 13., 4., 2., 27., 70., 45., 101.,
       12., 0., 0., 0., 5., 3., 12., 15., 13., 42., 90., 22., 4., 26.,
       47., 25., 4., 6., 42., 104., 91., 43., 24., 21., 6., 0., 8., 80.,
       62., 4., 15., 60., 10., 3., 8., 66., 31., 0., 0., 0., 0., 0., 0.,
       0., 0., 1., 0., 0., 0., 0., 1., 6., 2., 30., 1., 0., 0., 0., 1.,
       14., 17., 61., 7., 1., 2., 1., 4., 28., 55., 60., 5., 0., 0., 0.,
       0., 0., 20., 129., 25., 3., 2., 1., 5., 36., 60., 38., 16., 17.,
       39., 26., 32., 79., 35., 73., 71., 110., 67., 5., 3., 7., 17.,
       129., 6., 1., 1., 0., 0., 4., 129., 129., 99., 85., 26., 1., 1.,
       2., 39., 7., 30., 129., 129., 33., 7., 3., 3., 1., 22., 129.,
       129., 15., 4., 1., 1., 53., 47., 28., 5., 0., 0., 4., 31., 8.,
       23., 69., 90., 1., 0., 0., 3., 1., 1., 53., 117., 25., 13., 15.,
       12., 3., 5., 20., 37., 23., 78., 53., 12., 135., 6., 2., 3., 1.,
       0., 7., 94., 135., 10., 1., 1., 0., 1., 1., 119., 23., 36., 14.,
       3., 1., 3., 9., 38., 11., 44., 19., 0., 0., 1., 21., 19., 102.,
       3., 0., 0., 0., 2., 55., 94., 135., 9., 1., 1., 1., 10., 15., 58.,
       26., 20., 9., 3., 3., 67., 88., 18., 2., 38., 29., 1., 0., 14.,
       71., 4., 51., 45., 20., 1., 0., 6., 21., 26., 135., 73., 0., 0.,
       0., 1., 5., 27., 80., 45., 2., 0., 0., 29., 73., 8., 0., 1., 8.,
       12., 2., 26., 112., 2., 23., 47., 8., 1., 2., 72., 48., 2., 97.,
       135., 2., 0., 0., 8., 5., 2., 42., 135., 46., 5., 0., 0., 1., 0.,
       0., 8., 69., 85., 1., 1., 3., 1., 33., 0., 0., 6., 20., 12., 15.,
       99., 8., 0., 0., 12., 85., 14., 19., 88., 59., 0., 0., 5., 40.,
       14., 13., 124., 14., 0., 0., 0., 49., 100., 15., 51., 99., 1., 0.,
       2., 22., 8., 5., 111., 54., 2., 0., 4., 124., 32., 5., 43., 124.,
       13., 0., 1., 13., 13., 8., 124., 23., 1., 0., 1., 58., 124., 8.,
       20., 87., 38., 3., 2., 10., 4., 2., 28., 56., 10., 1., 13., 101.,
       41., 2., 10., 124., 14., 2., 4., 9., 8., 1., 30., 36., 4., 3.,
       48., 59., 17., 0., 1., 73., 15., 4., 19., 7., 0., 0., 28., 53.,
       21., 12., 87., 35., 1., 0., 4., 124., 50., 21., 21., 2., 0., 0.,
       11., 7., 6., 29., 122., 7., 0., 0., 0., 92., 105., 5., 1., 7., 6.,
       16., 40., 43., 18., 0., 0., 0., 0., 21., 44., 0., 0., 0., 0., 0.,
       0., 3., 4., 0., 0., 0., 0., 0., 0., 0., 0., 135., 92., 4., 3.,
       43., 128., 48., 43., 135., 54., 2., 0., 0., 0., 23., 112., 12.,
       8., 8., 13., 0., 0., 12., 49., 0., 0., 0., 1., 0., 0., 0., 0.,
       37., 3., 1., 1., 39., 135., 135., 48., 130., 135., 42., 4., 23.,
       31., 21., 43., 12., 112., 48., 29., 3., 0., 1., 6., 0., 0., 0.,
       4., 1., 0., 0., 0., 0., 0., 6., 6., 84., 135., 4., 0., 4., 47.,
       10., 2., 62., 135., 1., 0., 4., 49., 3., 0., 0., 2., 0., 0., 0.,
       0., 0., 0., 0., 0., 0., 0., 0., 0., 0., 7., 100., 51., 11., 3.,
