%YAML:1.0
---
mat: !!opencv-matrix
   rows: 128
   cols: 128
   dt: f
   data: [ 0., 0., 0., 0., 0., 0., 0., 0., 8., 13., 1., 0., 0., 0., 0.,
       0., 138., 55., 1., 0., 0., 0., 1., 6., 39., 14., 9., 21., 12.,
       15., 6., 7., 0., 0., 2., 2., 0., 0., 0., 0., 51., 40., 21., 21.,
       5., 0., 0., 1., 176., 56., 5., 1., 0., 0., 2., 46., 79., 6., 2.,
       1., 6., 62., 32., 35., 0., 2., 23., 39., 14., 0., 0., 0., 100.,
       31., 51., 40., 11., 0., 0., 1., 176., 63., 3., 2., 1., 0., 0.,
       25., 75., 33., 15., 3., 6., 9., 2., 6., 0., 2., 21., 86., 64., 0.,
       0., 0., 31., 98., 110., 32., 11., 0., 0., 0., 176., 176., 26., 0.,
       0., 0., 0., 0., 30., 150., 31., 2., 3., 2., 0., 0., 1., 0., 0.,
       106., 76., 3., 25., 21., 22., 1., 0., 101., 96., 3., 7., 79.,
       101., 38., 19., 5., 6., 4., 7., 108., 28., 49., 72., 4., 0., 0.,
       0., 17., 15., 2., 2., 124., 124., 14., 0., 1., 124., 17., 4., 52.,
       39., 15., 9., 93., 29., 26., 39., 22., 107., 77., 12., 37., 1.,
       51., 75., 8., 11., 8., 0., 0., 15., 1., 0., 9., 124., 124., 7.,
       3., 124., 89., 9., 4., 30., 44., 18., 27., 24., 42., 17., 10.,
       53., 43., 1., 3., 0., 0., 1., 1., 5., 8., 0., 0., 1., 2., 1., 0.,
       59., 124., 12., 1., 14., 7., 0., 0., 7., 79., 46., 18., 4., 6.,
       1., 0., 0., 0., 1., 2., 0., 0., 0., 0., 0., 0., 0., 0., 1., 128.,
       145., 2., 0., 1., 7., 0., 28., 140., 50., 0., 1., 5., 7., 6., 10.,
       8., 0., 0., 13., 24., 3., 2., 0., 0., 0., 0., 0., 1., 0., 0., 42.,
       140., 96., 1., 0., 16., 86., 32., 145., 145., 27., 0., 1., 1.,
       11., 38., 85., 12., 1., 9., 21., 28., 3., 8., 0., 0., 0., 2., 3.,
       3., 0., 0., 13., 4., 3., 2., 17., 71., 145., 38., 145., 17., 2.,
       1., 0., 5., 55., 81., 93., 14., 2., 23., 29., 10., 1., 5., 0., 0.,
       0., 5., 6., 5., 2., 0., 19., 13., 12., 13., 98., 22., 7., 10.,
       145., 18., 6., 1., 1., 2., 4., 63., 49., 9., 1., 0., 5., 11., 5.,
       14., 1., 0., 0., 0., 1., 5., 8., 5., 6., 8., 2., 51., 123., 1.,
       0., 0., 140., 8., 2., 22., 32., 0., 0., 34., 135., 3., 1., 0., 0.,
       0., 1., 84., 7., 2., 1., 0., 0., 1., 10., 18., 52., 19., 2., 62.,
       140., 0., 0., 2., 140., 36., 6., 21., 35., 0., 0., 39., 117., 29.,
       58., 6., 0., 0., 0., 43., 2., 7., 18., 1., 0., 0., 0., 1., 45.,
       2., 0., 20., 140., 23., 4., 28., 140., 60., 32., 11., 35., 12.,
       4., 41., 24., 44., 140., 37., 8., 10., 1., 1., 0., 3., 24., 1.,
       0., 0., 0., 0., 24., 13., 1., 20., 140., 21., 2., 7., 114., 70.,
       9., 8., 26., 43., 10., 30., 3., 9., 27., 13., 16., 78., 10., 2.,
       0., 0., 2., 0., 0., 0., 0., 0., 0., 0., 28., 69., 35., 23., 9.,
       1., 168., 11., 3., 31., 12., 9., 15., 34., 168., 24., 0., 1., 2.,
       0., 0., 18., 27., 13., 43., 24., 7., 1., 0., 5., 0., 0., 0., 0.,
       14., 61., 33., 1., 129., 25., 0., 0., 24., 44., 28., 20., 168.,
       56., 0., 2., 19., 6., 1., 21., 30., 2., 35., 56., 114., 71., 3.,
       4., 0., 0., 0., 0., 7., 12., 4., 0., 74., 3., 0., 0., 20., 42.,
       26., 50., 168., 9., 0., 0., 4., 9., 6., 92., 43., 1., 0., 5., 45.,
       134., 15., 7., 0., 0., 0., 0., 0., 0., 0., 0., 29., 0., 0., 0.,
       0., 1., 4., 37., 168., 9., 2., 2., 0., 0., 1., 78., 25., 8., 5.,
       40., 30., 9., 1., 2., 0., 0., 0., 0., 0., 0., 0., 0., 5., 18., 4.,
       3., 7., 3., 0., 0., 57., 63., 3., 1., 1., 4., 1., 1., 8., 2., 0.,
       0., 6., 24., 2., 1., 57., 8., 2., 5., 6., 31., 13., 12., 65., 40.,
       14., 63., 135., 22., 2., 11., 135., 117., 9., 14., 17., 1., 1.,
       19., 36., 9., 3., 27., 21., 6., 0., 1., 26., 6., 25., 109., 47.,
       65., 19., 17., 44., 7., 25., 114., 67., 3., 17., 135., 135., 12.,
       5., 7., 9., 1., 7., 135., 18., 6., 8., 33., 14., 7., 0., 4., 4.,
       0., 9., 118., 20., 2., 28., 104., 26., 7., 78., 60., 4., 0., 12.,
       135., 9., 72., 135., 10., 1., 0., 2., 59., 1., 65., 27., 3., 8.,
       12., 0., 1., 2., 10., 3., 3., 8., 3., 0., 0., 75., 75., 3., 2.,
       1., 0., 0., 0., 31., 10., 0., 0., 7., 28., 2., 2., 2., 0., 0., 1.,
       7., 22., 3., 1., 39., 26., 13., 72., 138., 18., 2., 7., 151.,
       135., 13., 21., 21., 0., 0., 18., 136., 16., 3., 20., 24., 11.,
       1., 3., 0., 0., 1., 29., 27., 7., 0., 0., 29., 5., 23., 131., 75.,
       3., 28., 129., 151., 10., 2., 10., 11., 1., 16., 151., 80., 12.,
       15., 57., 11., 1., 0., 15., 0., 2., 19., 40., 6., 0., 0., 0., 14.,
       9., 43., 15., 1., 0., 27., 151., 17., 38., 74., 1., 1., 0., 14.,
       145., 5., 27., 11., 9., 20., 17., 0., 6., 3., 3., 6., 7., 10.,
       15., 2., 2., 5., 12., 2., 8., 16., 0., 0., 0., 62., 55., 2., 3.,
       2., 0., 0., 3., 8., 2., 0., 0., 0., 0., 0., 4., 0., 0., 0., 0.,
       0., 0., 0., 0., 33., 28., 10., 78., 139., 51., 7., 6., 139., 103.,
       10., 26., 20., 10., 7., 27., 49., 5., 3., 74., 17., 0., 1., 11.,
       0., 0., 0., 5., 0., 0., 0., 0., 16., 4., 0., 5., 79., 139., 96.,
       18., 139., 12., 2., 31., 44., 54., 136., 102., 27., 8., 10., 139.,
       137., 1., 2., 5., 1., 3., 5., 21., 3., 0., 0., 1., 23., 17., 0.,
       0., 0., 12., 24., 3., 5., 3., 0., 20., 139., 22., 49., 9., 3., 3.,
       3., 60., 139., 28., 50., 22., 4., 4., 2., 3., 2., 3., 57., 26.,
       0., 0., 0., 0., 0., 0., 0., 0., 10., 11., 0., 0., 0., 0., 0., 0.,
       64., 46., 0., 0., 14., 14., 0., 0., 3., 1., 0., 10., 52., 21., 0.,
       0., 0., 0., 1., 5., 18., 3., 0., 0., 81., 35., 3., 14., 102., 13.,
       0., 3., 153., 91., 2., 5., 26., 7., 0., 6., 22., 4., 0., 21.,
       153., 21., 0., 0., 0., 12., 77., 75., 28., 2., 0., 0., 99., 5.,
       25., 56., 135., 20., 4., 33., 153., 20., 5., 18., 14., 4., 2.,
       58., 15., 5., 4., 72., 135., 1., 0., 0., 0., 6., 65., 80., 6., 0.,
       0., 0., 142., 40., 47., 35., 3., 1., 1., 22., 153., 20., 24., 36.,
       1., 0., 0., 29., 2., 2., 16., 123., 37., 0., 0., 0., 34., 128.,
       4., 3., 9., 4., 2., 1., 6., 7., 2., 52., 105., 2., 1., 1., 119.,
       6., 1., 19., 25., 0., 0., 25., 76., 2., 0., 0., 0., 0., 1., 47.,
       128., 116., 2., 5., 11., 2., 6., 12., 52., 19., 2., 61., 128., 0.,
       0., 1., 128., 22., 5., 16., 24., 0., 0., 37., 65., 14., 26., 2.,
       0., 0., 0., 32., 111., 7., 2., 5., 23., 6., 17., 128., 50., 3.,
       0., 24., 128., 18., 3., 27., 128., 47., 29., 9., 22., 7., 3., 29.,
       14., 25., 117., 18., 4., 4., 0., 1., 1., 0., 0., 2., 47., 7., 30.,
       90., 27., 13., 1., 21., 128., 18., 2., 9., 80., 46., 8., 7., 17.,
       35., 8., 24., 1., 4., 20., 8., 9., 40., 4., 0., 7., 47., 13., 2.,
       5., 14., 12., 7., 37., 26., 7., 15., 80., 70., 6., 5., 131., 45.,
       3., 17., 12., 6., 1., 3., 14., 7., 29., 131., 19., 0., 0., 0., 7.,
       13., 3., 1., 9., 20., 101., 39., 30., 14., 3., 19., 131., 59.,
       24., 9., 131., 44., 3., 22., 57., 9., 0., 8., 13., 5., 6., 103.,
       131., 34., 3., 6., 0., 0., 0., 9., 51., 18., 46., 11., 21., 0.,
       0., 13., 131., 55., 7., 9., 131., 5., 0., 0., 40., 26., 3., 25.,
       20., 2., 3., 4., 102., 131., 11., 2., 0., 0., 2., 30., 65., 4.,
       2., 0., 12., 0., 0., 17., 131., 15., 1., 5., 131., 2., 0., 1.,
       15., 6., 1., 30., 21., 9., 5., 2., 10., 63., 9., 5., 3., 18., 47.,
       38., 0., 0., 0., 0., 21., 37., 21., 5., 0., 0., 0., 39., 23., 4.,
       5., 2., 0., 0., 13., 145., 12., 0., 2., 2., 10., 7., 18., 92.,
       31., 42., 20., 34., 25., 20., 1., 0., 145., 44., 2., 0., 0., 0.,
       0., 114., 68., 6., 1., 2., 1., 0., 7., 145., 10., 5., 1., 11.,
       37., 12., 7., 19., 32., 10., 0., 1., 17., 145., 36., 6., 145.,
       52., 0., 0., 0., 22., 15., 30., 107., 44., 4., 7., 2., 0., 0.,
       11., 9., 7., 8., 67., 27., 0., 0., 2., 2., 0., 0., 0., 0., 145.,
       100., 4., 86., 32., 2., 0., 1., 131., 105., 34., 33., 97., 40.,
       12., 2., 15., 2., 2., 2., 10., 20., 54., 20., 1., 0., 0., 26., 2.,
       0., 9., 10., 0., 0., 4., 11., 7., 5., 87., 94., 0., 0., 1., 105.,
