%YAML:1.0
---
mat: !!opencv-matrix
   rows: 136
   cols: 128
   dt: f
   data: [ 47., 25., 14., 62., 45., 20., 10., 30., 58., 36., 27., 51.,
       39., 14., 7., 27., 111., 10., 15., 23., 20., 2., 0., 26., 9., 0.,
       0., 0., 0., 0., 0., 5., 17., 8., 7., 11., 99., 88., 65., 134.,
       40., 11., 8., 23., 134., 93., 44., 79., 134., 19., 2., 8., 31.,
       7., 0., 11., 32., 2., 0., 0., 0., 0., 0., 2., 18., 75., 134., 25.,
       32., 20., 14., 37., 28., 36., 113., 64., 134., 39., 5., 15., 134.,
       8., 2., 7., 38., 10., 1., 12., 49., 3., 0., 0., 0., 0., 0., 0.,
       10., 17., 45., 40., 54., 25., 12., 26., 42., 22., 76., 38., 37.,
       4., 0., 5., 134., 24., 4., 4., 2., 0., 0., 2., 46., 8., 0., 0.,
       0., 0., 0., 0., 0., 0., 0., 1., 24., 0., 0., 0., 1., 0., 0., 20.,
       132., 1., 1., 2., 17., 0., 0., 18., 71., 25., 49., 26., 66., 11.,
       6., 15., 5., 13., 43., 58., 0., 0., 0., 6., 34., 0., 0., 0., 33.,
       4., 1., 58., 132., 0., 1., 6., 132., 11., 3., 16., 32., 50., 102.,
       76., 30., 10., 11., 25., 15., 104., 132., 22., 0., 0., 0., 11.,
       38., 0., 0., 0., 44., 3., 0., 46., 132., 3., 5., 13., 132., 64.,
       62., 80., 29., 9., 11., 27., 123., 67., 77., 115., 12., 20., 21.,
       11., 0., 0., 0., 14., 18., 1., 1., 0., 29., 3., 1., 38., 78., 11.,
       30., 38., 32., 13., 16., 43., 69., 31., 25., 48., 63., 27., 28.,
       46., 39., 14., 18., 52., 4., 26., 98., 45., 96., 25., 10., 8.,
       50., 9., 4., 12., 127., 69., 3., 3., 127., 18., 0., 0., 1., 3.,
       1., 10., 80., 0., 0., 0., 0., 0., 0., 13., 18., 15., 44., 25.,
       21., 33., 72., 60., 31., 4., 7., 15., 102., 109., 11., 16., 127.,
       10., 0., 0., 15., 14., 1., 8., 93., 1., 0., 0., 0., 0., 0., 3.,
       16., 7., 22., 21., 127., 62., 35., 63., 11., 0., 7., 14., 92.,
       107., 40., 43., 127., 1., 0., 0., 29., 38., 3., 12., 75., 0., 0.,
       0., 0., 0., 0., 2., 60., 42., 68., 19., 28., 10., 7., 36., 19.,
       7., 37., 32., 109., 63., 20., 42., 127., 1., 1., 9., 60., 25., 2.,
       9., 42., 1., 0., 0., 0., 0., 0., 1., 3., 10., 64., 38., 62., 100.,
       16., 4., 8., 11., 5., 3., 11., 76., 110., 16., 0., 0., 1., 2., 3.,
       76., 110., 14., 0., 0., 0., 0., 0., 56., 91., 3., 13., 39., 48.,
       21., 31., 52., 32., 11., 43., 72., 65., 15., 7., 31., 44., 22.,
       110., 29., 33., 20., 7., 47., 109., 102., 5., 5., 33., 49., 19.,
       110., 110., 17., 24., 43., 31., 12., 12., 22., 42., 19., 50., 19.,
       26., 8., 7., 45., 60., 72., 89., 28., 37., 33., 24., 49., 49.,
       90., 2., 6., 81., 92., 35., 70., 7., 3., 7., 19., 12., 1., 0.,
       34., 62., 3., 87., 39., 27., 4., 0., 5., 18., 28., 29., 24., 81.,
       64., 14., 26., 9., 19., 1., 4., 37., 36., 19., 48., 7., 3., 62.,
       0., 0., 0., 0., 0., 4., 135., 86., 13., 8., 4., 3., 11., 30.,
       135., 15., 26., 20., 4., 4., 13., 10., 13., 1., 1., 2., 0., 0.,
       0., 0., 2., 26., 2., 9., 15., 8., 6., 69., 135., 40., 22., 69.,
       85., 30., 11., 22., 47., 100., 29., 37., 18., 4., 5., 2., 14., 7.,
       0., 0., 0., 0., 0., 0., 3., 7., 5., 135., 135., 7., 3., 11., 57.,
       85., 32., 108., 135., 19., 2., 2., 3., 135., 15., 7., 6., 0., 0.,
       0., 20., 10., 0., 0., 0., 0., 0., 0., 1., 11., 12., 81., 114., 2.,
       0., 0., 0., 135., 31., 29., 9., 0., 0., 0., 7., 135., 1., 0., 0.,
       0., 0., 0., 19., 5., 0., 0., 0., 0., 0., 0., 1., 39., 116., 26.,
       1., 0., 1., 1., 1., 35., 79., 22., 15., 45., 16., 19., 11., 31.,
       80., 17., 10., 19., 26., 30., 11., 6., 9., 7., 11., 16., 10., 24.,
       13., 45., 52., 1., 0., 2., 1., 0., 0., 130., 78., 6., 2., 5., 22.,
       37., 89., 61., 20., 8., 5., 40., 130., 73., 77., 49., 12., 16.,
       5., 21., 58., 45., 78., 27., 28., 0., 1., 6., 1., 1., 0., 130.,
       130., 54., 2., 2., 3., 1., 10., 47., 130., 130., 48., 40., 49.,
       6., 10., 23., 37., 115., 50., 32., 17., 3., 9., 3., 6., 0., 0.,
       8., 42., 21., 1., 17., 80., 12., 0., 2., 3., 0., 0., 78., 130.,
       27., 7., 10., 3., 0., 1., 20., 41., 15., 15., 51., 17., 1., 2.,
       16., 122., 49., 14., 7., 0., 0., 1., 33., 51., 25., 17., 11., 23.,
       38., 19., 27., 38., 25., 10., 4., 28., 24., 23., 14., 9., 1., 1.,
       0., 20., 24., 22., 84., 52., 3., 0., 0., 1., 0., 1., 129., 58.,
       9., 3., 2., 52., 59., 67., 59., 18., 20., 23., 18., 129., 104.,
       67., 43., 18., 22., 13., 18., 79., 43., 57., 47., 31., 1., 0., 5.,
       27., 4., 1., 129., 129., 104., 8., 2., 4., 2., 8., 37., 101.,
       129., 72., 23., 28., 10., 8., 19., 59., 124., 35., 28., 13., 4.,
       6., 3., 12., 3., 1., 21., 26., 0., 0., 16., 74., 17., 0., 3., 3.,
       0., 0., 72., 129., 21., 5., 11., 4., 2., 4., 22., 43., 13., 13.,
       37., 18., 23., 10., 0., 0., 0., 36., 113., 0., 0., 0., 47., 33.,
       2., 25., 98., 0., 0., 4., 60., 50., 24., 26., 7., 11., 20., 19.,
       13., 23., 61., 71., 14., 15., 35., 16., 0., 0., 0., 59., 117., 0.,
       0., 0., 84., 16., 1., 20., 117., 0., 0., 5., 117., 24., 10., 7.,
       5., 33., 69., 67., 5., 4., 13., 9., 31., 71., 114., 35., 0., 0.,
       0., 51., 112., 0., 0., 0., 78., 21., 1., 12., 117., 1., 0., 3.,
       117., 107., 78., 21., 2., 3., 3., 10., 69., 59., 64., 22., 13.,
       39., 15., 12., 0., 0., 0., 29., 69., 0., 0., 0., 13., 20., 1., 7.,
       106., 4., 0., 0., 102., 87., 18., 5., 6., 0., 2., 25., 83., 31.,
       17., 26., 9., 2., 3., 54., 68., 41., 0., 0., 0., 0., 0., 2., 109.,
       37., 5., 5., 22., 38., 14., 35., 41., 31., 4., 4., 28., 63., 16.,
       27., 24., 8., 3., 3., 16., 46., 15., 24., 118., 12., 0., 0., 0.,
       0., 0., 4., 130., 41., 9., 4., 5., 56., 26., 78., 46., 16., 21.,
       29., 29., 130., 59., 64., 42., 20., 16., 12., 15., 87., 31., 62.,
       73., 36., 0., 0., 0., 0., 0., 1., 130., 130., 55., 18., 4., 8.,
       4., 21., 23., 64., 130., 122., 34., 37., 6., 12., 27., 78., 93.,
       46., 16., 13., 3., 13., 40., 15., 0., 0., 0., 0., 0., 0., 130.,
       74., 6., 7., 7., 8., 4., 23., 31., 30., 14., 49., 63., 33., 4.,
       12., 40., 41., 12., 19., 20., 11., 3., 13., 0., 0., 0., 36., 6.,
       0., 0., 0., 3., 0., 0., 124., 44., 0., 0., 2., 67., 7., 3., 59.,
       18., 4., 10., 51., 31., 19., 24., 37., 29., 23., 13., 13., 0., 0.,
       0., 124., 25., 0., 0., 0., 28., 8., 2., 124., 57., 0., 0., 3.,
       124., 50., 2., 16., 8., 8., 10., 58., 27., 13., 2., 18., 124.,
       60., 14., 12., 0., 0., 0., 124., 35., 0., 0., 0., 59., 7., 2.,
       88., 60., 0., 0., 10., 124., 23., 8., 14., 8., 5., 2., 59., 28.,
       8., 24., 124., 124., 25., 1., 6., 0., 0., 0., 77., 26., 0., 0.,
       0., 58., 32., 3., 41., 32., 0., 0., 17., 123., 86., 25., 21., 15.,
       12., 3., 55., 1., 3., 13., 100., 119., 32., 1., 2., 40., 122.,
       70., 24., 5., 2., 1., 1., 18., 19., 71., 100., 30., 7., 15., 31.,
       24., 7., 15., 17., 28., 63., 39., 27., 37., 38., 0., 2., 15., 51.,
       16., 2., 44., 117., 48., 11., 1., 0., 0., 0., 122., 52., 44., 25.,
       8., 19., 26., 73., 54., 8., 12., 22., 60., 122., 40., 59., 27.,
       8., 1., 5., 23., 112., 43., 38., 30., 33., 6., 0., 0., 0., 0., 0.,
       122., 122., 89., 9., 1., 3., 1., 7., 78., 100., 122., 59., 27.,
       29., 4., 11., 42., 28., 43., 75., 30., 30., 7., 15., 11., 6., 0.,
       0., 0., 0., 0., 0., 13., 59., 27., 0., 0., 0., 0., 0., 50., 122.,
       40., 7., 1., 0., 0., 0., 21., 55., 28., 53., 11., 3., 4., 4., 5.,
       2., 2., 2., 6., 55., 36., 21., 123., 75., 0., 0., 0., 1., 31.,
       44., 141., 141., 18., 1., 0., 1., 9., 56., 7., 17., 14., 1., 0.,
       1., 13., 12., 10., 15., 6., 5., 4., 12., 24., 24., 123., 26., 2.,
       0., 4., 9., 28., 29., 141., 106., 3., 0., 0., 0., 14., 77., 17.,
       29., 9., 0., 0., 0., 24., 15., 21., 71., 34., 3., 3., 3., 14.,
       31., 122., 31., 19., 14., 30., 14., 15., 27., 141., 70., 4., 0.,
       1., 1., 17., 119., 13., 21., 8., 0., 0., 1., 24., 17., 10., 74.,
