%YAML:1.0
---
mat: !!opencv-matrix
   rows: 44
   cols: 128
   dt: f
   data: [ 2., 9., 22., 5., 2., 14., 113., 24., 2., 5., 41., 7., 2., 13.,
       142., 26., 21., 19., 32., 2., 1., 9., 119., 56., 40., 12., 1., 0.,
       0., 0., 7., 33., 44., 62., 77., 10., 6., 7., 10., 28., 13., 16.,
       140., 62., 65., 23., 11., 5., 111., 83., 109., 8., 6., 1., 5.,
       29., 52., 21., 2., 0., 0., 0., 0., 18., 86., 8., 3., 1., 20., 12.,
       3., 127., 46., 5., 5., 9., 142., 54., 3., 9., 142., 23., 4., 3.,
       37., 4., 0., 26., 57., 4., 0., 0., 0., 0., 0., 15., 27., 0., 0.,
       0., 19., 3., 0., 51., 30., 1., 0., 0., 142., 21., 0., 2., 142.,
       11., 0., 0., 41., 4., 0., 1., 56., 5., 0., 0., 0., 0., 0., 0., 0.,
       0., 0., 1., 45., 1., 0., 0., 27., 0., 0., 12., 144., 1., 0., 0.,
       144., 3., 0., 4., 45., 0., 0., 3., 31., 2., 0., 40., 15., 0., 0.,
       1., 0., 0., 0., 20., 51., 1., 0., 0., 32., 1., 0., 44., 144., 11.,
       4., 3., 144., 29., 2., 11., 51., 4., 4., 8., 27., 9., 3., 137.,
       64., 3., 1., 1., 0., 0., 1., 21., 50., 23., 2., 0., 7., 0., 7.,
       33., 99., 89., 108., 8., 74., 20., 9., 6., 13., 20., 137., 56.,
       8., 7., 7., 41., 51., 67., 67., 8., 0., 0., 14., 44., 45., 12.,
       1., 0., 1., 17., 133., 45., 16., 19., 32., 3., 2., 19., 144., 18.,
       2., 6., 41., 5., 1., 18., 105., 16., 1., 14., 25., 3., 21., 2.,
       14., 9., 35., 1., 0., 37., 53., 1., 3., 9., 163., 4., 0., 3.,
       163., 1., 0., 0., 36., 1., 0., 12., 73., 1., 0., 0., 0., 0., 0.,
       2., 16., 27., 69., 45., 22., 1., 1., 8., 65., 11., 7., 34., 163.,
       15., 6., 8., 163., 24., 0., 1., 37., 4., 5., 18., 87., 9., 0., 0.,
       0., 0., 0., 2., 19., 9., 15., 11., 7., 11., 74., 69., 16., 3., 0.,
       9., 75., 83., 163., 39., 147., 13., 0., 0., 6., 11., 111., 141.,
       62., 9., 0., 0., 0., 0., 1., 25., 11., 0., 0., 0., 0., 1., 26.,
       20., 14., 2., 0., 0., 0., 5., 55., 19., 14., 1., 0., 0., 0., 0.,
       36., 34., 15., 4., 0., 0., 0., 0., 1., 8., 0., 2., 37., 36., 6.,
       0., 0., 0., 5., 44., 77., 17., 1., 0., 0., 0., 1., 16., 56., 12.,
       0., 0., 0., 0., 0., 11., 44., 0., 0., 0., 0., 0., 6., 4., 18.,
       78., 124., 0., 0., 0., 126., 71., 44., 42., 50., 0., 0., 3., 20.,
       30., 115., 95., 68., 8., 5., 0., 0., 33., 126., 9., 3., 2., 21.,
       1., 12., 2., 1., 39., 126., 3., 1., 2., 126., 11., 1., 13., 70.,
       5., 1., 13., 27., 9., 18., 32., 109., 58., 59., 10., 3., 17., 49.,
       4., 4., 10., 126., 19., 11., 1., 0., 13., 126., 8., 1., 3., 126.,
       10., 1., 16., 50., 5., 1., 15., 14., 37., 49., 78., 76., 12., 6.,
       4., 3., 126., 61., 4., 1., 3., 22., 6., 0., 1., 76., 48., 6., 1.,
       0., 0., 4., 21., 120., 23., 3., 0., 0., 0., 3., 12., 49., 49., 6.,
       0., 0., 0., 0., 1., 93., 33., 2., 0., 1., 1., 8., 8., 70., 72.,
       149., 38., 0., 0., 149., 63., 98., 20., 22., 2., 1., 27., 35.,
       13., 21., 50., 82., 17., 13., 32., 0., 2., 46., 26., 15., 6., 69.,
       71., 22., 2., 0., 2., 149., 38., 0., 0., 149., 14., 0., 2., 63.,
       7., 1., 10., 67., 1., 0., 0., 32., 41., 43., 35., 1., 0., 0., 9.,
       8., 5., 38., 72., 13., 1., 0., 1., 149., 10., 0., 0., 149., 21.,
       0., 1., 61., 3., 0., 1., 83., 4., 0., 1., 3., 5., 11., 5., 0., 0.,
       0., 53., 34., 1., 4., 2., 3., 0., 0., 16., 124., 0., 0., 0., 124.,
       0., 0., 9., 81., 0., 1., 14., 56., 0., 0., 32., 13., 3., 12., 11.,
       1., 0., 0., 124., 48., 1., 3., 11., 6., 0., 0., 27., 124., 1., 0.,
       0., 124., 9., 2., 16., 90., 1., 1., 7., 58., 7., 3., 124., 55.,
       0., 0., 2., 27., 1., 1., 124., 50., 1., 1., 90., 2., 0., 4., 29.,
       115., 49., 25., 3., 92., 11., 7., 12., 38., 30., 75., 46., 20.,
       7., 5., 84., 73., 62., 54., 14., 47., 8., 7., 20., 11., 12., 64.,
       67., 0., 1., 61., 41., 28., 25., 19., 0., 1., 9., 124., 5., 1.,
       12., 50., 7., 1., 12., 104., 6., 2., 28., 46., 4., 1., 12., 58.,
       3., 0., 7., 55., 6., 1., 0., 37., 70., 0., 0., 21., 30., 3., 3.,
       37., 43., 5., 1., 31., 84., 47., 82., 47., 26., 7., 1., 5., 32.,
       38., 57., 1., 0., 0., 1., 0., 0., 3., 4., 39., 71., 19., 5., 22.,
       27., 85., 50., 66., 43., 26., 27., 9., 20., 63., 95., 21., 21.,
       54., 113., 4., 5., 98., 129., 1., 0., 2., 5., 0., 0., 18., 2., 9.,
       28., 120., 28., 9., 25., 129., 11., 4., 12., 57., 16., 2., 16.,
       67., 15., 1., 4., 80., 129., 3., 8., 89., 129., 0., 0., 30., 49.,
       0., 1., 19., 1., 0., 26., 129., 3., 1., 14., 129., 14., 4., 17.,
       49., 0., 0., 8., 41., 8., 16., 48., 33., 27., 1., 5., 31., 27.,
       2., 3., 30., 51., 27., 33., 3., 0., 1., 12., 126., 2., 0., 0.,
       126., 8., 4., 10., 75., 1., 6., 24., 25., 1., 2., 47., 29., 8.,
       46., 21., 6., 0., 4., 114., 77., 6., 8., 34., 7., 0., 0., 18.,
       126., 0., 0., 0., 126., 12., 2., 24., 93., 1., 0., 7., 42., 6.,
       3., 126., 81., 1., 2., 14., 37., 1., 2., 93., 38., 1., 1., 126.,
       3., 0., 1., 22., 126., 34., 11., 2., 95., 14., 8., 25., 64., 37.,
       40., 37., 25., 6., 4., 99., 74., 48., 49., 38., 53., 9., 17., 19.,
       4., 5., 32., 77., 0., 0., 22., 48., 57., 32., 15., 0., 1., 2.,
       98., 12., 4., 24., 54., 10., 0., 7., 75., 5., 2., 26., 64., 8.,
       1., 9., 39., 3., 0., 6., 46., 8., 1., 1., 37., 68., 0., 0., 12.,
       15., 12., 18., 44., 37., 7., 3., 11., 46., 67., 122., 27., 13.,
       7., 5., 1., 7., 34., 54., 0., 0., 1., 5., 1., 0., 5., 4., 22.,
       51., 42., 11., 9., 15., 122., 41., 36., 31., 37., 34., 7., 17.,
       83., 115., 6., 6., 41., 116., 6., 8., 91., 122., 0., 0., 2., 4.,
       0., 0., 19., 2., 3., 16., 122., 18., 8., 38., 122., 21., 5., 15.,
       81., 11., 1., 6., 65., 25., 9., 19., 80., 92., 10., 9., 108.,
       104., 0., 0., 14., 23., 17., 38., 34., 8., 0., 14., 122., 15., 5.,
       7., 122., 40., 6., 12., 60., 9., 10., 45., 28., 14., 13., 13., 6.,
       5., 15., 81., 26., 4., 0., 0., 1., 4., 24., 78., 1., 0., 43., 65.,
       2., 3., 29., 32., 2., 1., 26., 36., 1., 3., 66., 98., 1., 2., 26.,
       34., 5., 1., 51., 97., 7., 24., 63., 64., 12., 3., 11., 26., 1.,
       0., 29., 45., 3., 2., 51., 54., 8., 14., 111., 130., 17., 2., 20.,
       31., 87., 60., 92., 37., 15., 23., 7., 13., 25., 28., 15., 33.,
       70., 127., 5., 4., 7., 1., 44., 47., 14., 13., 20., 48., 46., 7.,
       18., 60., 135., 46., 12., 8., 135., 18., 8., 7., 17., 9., 2., 30.,
       39., 2., 0., 0., 63., 135., 3., 9., 21., 0., 1., 8., 46., 5., 10.,
       65., 59., 2., 0., 43., 135., 8., 4., 6., 135., 2., 0., 4., 12.,
       0., 0., 21., 33., 2., 3., 5., 24., 33., 0., 3., 11., 0., 0., 45.,
       146., 0., 0., 1., 146., 1., 0., 12., 43., 0., 0., 33., 109., 2.,
       1., 8., 5., 0., 0., 15., 3., 10., 16., 40., 17., 1., 0., 0., 28.,
       1., 0., 52., 146., 0., 0., 2., 146., 14., 5., 10., 34., 0., 0.,
       32., 84., 14., 38., 70., 4., 0., 1., 7., 16., 11., 12., 99., 21.,
       0., 8., 20., 32., 1., 0., 40., 146., 10., 6., 11., 146., 49., 13.,
       7., 19., 2., 10., 60., 21., 20., 44., 42., 0., 0., 34., 74., 4.,
       0., 4., 18., 1., 0., 49., 93., 3., 0., 0., 2., 82., 58., 68., 42.,
       20., 2., 0., 0., 2., 3., 73., 146., 3., 2., 1., 0., 0., 0., 32.,
       82., 1., 1., 1., 0., 0., 0., 9., 19., 0., 0., 0., 2., 1., 9., 5.,
       1., 0., 1., 23., 21., 0., 1., 4., 4., 1., 16., 33., 7., 2., 5.,
       4., 0., 1., 2., 1., 12., 76., 18., 0., 0., 0., 0., 22., 93., 5.,
       4., 2., 0., 12., 20., 109., 159., 38., 4., 1., 0., 159., 124.,
       92., 40., 4., 0., 0., 2., 27., 9., 1., 0., 70., 22., 0., 0., 2.,
       0., 28., 82., 22., 19., 25., 45., 58., 6., 10., 69., 159., 68.,
       15., 13., 159., 20., 6., 9., 32., 4., 0., 39., 42., 1., 0., 1.,
       41., 10., 0., 4., 11., 0., 1., 4., 56., 11., 16., 68., 59., 0.,
       0., 12., 159., 15., 4., 14., 159., 0., 0., 1., 28., 1., 0., 42.,
       24., 0., 8., 23., 17., 3., 0., 3., 12., 3., 19., 29., 1., 5., 4.,
