%YAML:1.0
---
mat: !!opencv-matrix
   rows: 36
   cols: 128
   dt: f
   data: [ 38., 6., 9., 54., 59., 6., 6., 12., 96., 10., 2., 52., 130.,
       12., 3., 38., 130., 58., 6., 0., 3., 1., 1., 28., 6., 21., 1., 0.,
       0., 0., 0., 0., 42., 8., 25., 130., 99., 9., 0., 4., 130., 21.,
       17., 86., 52., 7., 7., 86., 81., 87., 19., 8., 41., 12., 9., 45.,
       65., 67., 4., 1., 1., 0., 0., 4., 24., 3., 1., 20., 130., 37., 2.,
       8., 130., 23., 2., 7., 71., 22., 9., 77., 77., 9., 1., 8., 68.,
       21., 33., 75., 73., 6., 0., 0., 1., 1., 4., 63., 3., 0., 0., 14.,
       65., 23., 32., 36., 45., 0., 0., 0., 17., 11., 34., 130., 8., 0.,
       0., 0., 1., 4., 43., 65., 3., 0., 0., 0., 0., 0., 3., 25., 21.,
       3., 1., 0., 5., 38., 37., 65., 17., 1., 0., 5., 81., 137., 40.,
       57., 100., 1., 0., 1., 11., 32., 41., 137., 14., 0., 0., 0., 1.,
       50., 32., 33., 23., 1., 0., 1., 18., 58., 41., 29., 30., 10., 3.,
       32., 85., 69., 25., 23., 137., 30., 3., 8., 11., 16., 18., 61.,
       25., 1., 0., 0., 8., 55., 14., 18., 1., 0., 10., 2., 4., 37., 61.,
       7., 5., 1., 22., 9., 27., 118., 88., 15., 67., 4., 43., 8., 3.,
       19., 69., 93., 13., 0., 62., 14., 3., 16., 8., 17., 0., 0., 137.,
       33., 0., 1., 3., 0., 0., 0., 137., 59., 0., 7., 9., 0., 0., 0.,
       137., 54., 0., 1., 9., 5., 0., 0., 137., 46., 0., 0., 0., 1., 20.,
       12., 32., 7., 0., 2., 0., 5., 14., 8., 20., 8., 1., 99., 10., 3.,
       0., 7., 12., 2., 1., 137., 25., 0., 0., 0., 0., 0., 0., 137., 12.,
       0., 65., 19., 25., 28., 1., 0., 0., 10., 13., 24., 80., 137., 12.,
       2., 2., 6., 74., 105., 52., 16., 1., 88., 9., 9., 12., 6., 0., 0.,
       0., 137., 31., 1., 33., 41., 137., 83., 1., 0., 0., 4., 65., 34.,
       61., 78., 19., 5., 31., 60., 107., 62., 16., 13., 2., 2., 19.,
       66., 28., 45., 2., 0., 1., 60., 4., 1., 68., 21., 70., 47., 0.,
       0., 15., 111., 114., 33., 58., 17., 0., 0., 5., 65., 51., 41.,
       37., 25., 1., 0., 2., 24., 48., 31., 4., 0., 0., 0., 0., 14., 3.,
       5., 15., 56., 94., 11., 0., 0., 124., 70., 30., 29., 29., 3., 0.,
       4., 34., 10., 7., 74., 65., 5., 2., 6., 62., 7., 2., 31., 87.,
       10., 2., 24., 7., 2., 0., 10., 124., 31., 0., 1., 124., 16., 2.,
       9., 100., 13., 0., 9., 52., 9., 8., 102., 124., 29., 0., 1., 120.,
       33., 6., 38., 37., 12., 2., 24., 9., 2., 0., 32., 124., 6., 1.,
       4., 124., 3., 1., 10., 78., 8., 2., 38., 37., 3., 1., 13., 124.,
       47., 3., 5., 112., 14., 0., 1., 52., 32., 9., 65., 4., 7., 3., 8.,
       75., 23., 11., 10., 46., 0., 0., 2., 19., 21., 20., 81., 6., 0.,
       0., 10., 33., 27., 33., 23., 15., 0., 0., 0., 9., 8., 21., 104.,
       0., 0., 2., 3., 0., 0., 2., 2., 0., 0., 11., 57., 9., 1., 0., 0.,
       15., 50., 75., 72., 10., 2., 0., 0., 23., 42., 8., 0., 0., 0., 0.,
       0., 1., 4., 36., 111., 12., 0., 0., 0., 55., 42., 82., 102., 31.,
       33., 9., 4., 44., 76., 23., 43., 34., 130., 27., 6., 51., 130.,
       1., 0., 3., 17., 2., 1., 14., 3., 22., 96., 93., 44., 8., 15.,
       130., 36., 17., 26., 51., 28., 5., 9., 63., 9., 1., 3., 29., 130.,
       9., 4., 26., 122., 1., 1., 29., 130., 6., 2., 14., 0., 1., 1.,
       130., 29., 7., 33., 130., 14., 0., 1., 92., 13., 0., 1., 63., 9.,
       6., 38., 19., 14., 0., 1., 13., 9., 5., 10., 12., 72., 25., 14.,
       2., 0., 0., 25., 118., 1., 0., 1., 125., 7., 1., 22., 78., 1., 2.,
       38., 42., 1., 1., 23., 6., 8., 36., 25., 0., 1., 3., 125., 17.,
       5., 22., 12., 9., 2., 1., 63., 125., 4., 1., 2., 125., 18., 5.,
       34., 63., 2., 2., 31., 43., 5., 8., 125., 10., 0., 2., 12., 16.,
       1., 4., 125., 6., 0., 0., 125., 4., 1., 0., 27., 69., 72., 53.,
       6., 86., 15., 4., 26., 29., 45., 102., 52., 20., 5., 8., 125.,
       52., 74., 97., 40., 53., 10., 21., 30., 2., 11., 54., 125., 0.,
       0., 0., 0., 1., 11., 16., 0., 0., 0., 0., 0., 1., 15., 40., 4.,
       0., 0., 0., 0., 2., 37., 83., 6., 1., 0., 2., 1., 1., 21., 69.,
       8., 0., 0., 6., 9., 0., 0., 8., 8., 0., 1., 30., 80., 10., 1., 0.,
       1., 17., 77., 76., 47., 7., 2., 0., 0., 16., 35., 2., 0., 0., 0.,
       0., 0., 3., 5., 48., 129., 21., 2., 0., 0., 74., 42., 84., 105.,
       33., 44., 10., 8., 51., 116., 20., 26., 29., 129., 18., 6., 46.,
       129., 0., 0., 2., 7., 0., 0., 15., 3., 15., 66., 107., 49., 9.,
       20., 129., 23., 8., 15., 56., 33., 5., 11., 56., 17., 1., 11.,
       51., 129., 9., 5., 54., 116., 0., 1., 15., 69., 23., 16., 17., 2.,
       0., 0., 129., 25., 5., 26., 129., 24., 3., 6., 82., 10., 0., 3.,
       44., 13., 8., 43., 13., 15., 5., 19., 14., 2., 1., 2., 3., 21.,
       44., 50., 0., 0., 3., 28., 99., 1., 0., 0., 88., 38., 25., 38.,
       68., 1., 2., 17., 30., 12., 21., 24., 8., 7., 38., 17., 2., 5.,
       41., 88., 29., 5., 11., 9., 3., 1., 0., 42., 123., 1., 0., 1.,
       123., 15., 4., 33., 99., 1., 1., 34., 56., 6., 6., 123., 20., 2.,
       12., 21., 25., 1., 2., 123., 20., 1., 2., 123., 2., 1., 0., 28.,
       107., 59., 27., 3., 95., 18., 6., 34., 51., 51., 89., 48., 31.,
       7., 8., 123., 51., 58., 85., 50., 60., 10., 24., 27., 1., 7., 40.,
       123., 0., 0., 2., 1., 3., 25., 20., 0., 0., 0., 1., 0., 2., 27.,
       73., 8., 1., 0., 0., 0., 4., 46., 116., 11., 2., 1., 3., 1., 0.,
       20., 86., 11., 0., 0., 15., 33., 0., 1., 21., 16., 1., 8., 63.,
       118., 9., 4., 1., 6., 22., 120., 62., 28., 4., 4., 0., 0., 11.,
       36., 0., 0., 0., 0., 0., 0., 5., 5., 44., 120., 39., 8., 1., 0.,
       114., 37., 66., 95., 30., 49., 16., 14., 52., 120., 9., 10., 20.,
       120., 18., 8., 52., 120., 0., 0., 0., 4., 2., 3., 22., 2., 7.,
       34., 112., 57., 11., 21., 120., 32., 4., 7., 73., 36., 4., 10.,
       50., 23., 5., 10., 38., 104., 34., 30., 63., 39., 0., 0., 1., 14.,
       36., 78., 52., 27., 1., 0., 98., 42., 6., 9., 113., 22., 2., 1.,
       63., 34., 24., 66., 29., 9., 4., 3., 1., 1., 9., 103., 2., 0., 0.,
       0., 0., 0., 11., 43., 10., 0., 0., 15., 152., 2., 1., 7., 152.,
       0., 0., 7., 92., 0., 0., 30., 98., 1., 1., 13., 7., 0., 0., 7.,
       4., 10., 17., 29., 19., 18., 0., 0., 18., 0., 0., 19., 152., 0.,
       0., 3., 152., 10., 3., 8., 96., 1., 0., 33., 81., 9., 17., 82.,
       15., 0., 2., 9., 32., 11., 6., 63., 22., 0., 6., 35., 16., 0., 0.,
       14., 152., 26., 6., 7., 152., 33., 7., 7., 68., 12., 15., 74.,
       26., 18., 19., 43., 1., 0., 38., 73., 5., 0., 0., 11., 1., 0.,
       30., 91., 1., 0., 0., 0., 58., 68., 34., 13., 15., 1., 0., 0., 9.,
       21., 70., 135., 2., 0., 0., 0., 0., 0., 24., 57., 1., 0., 0., 0.,
       0., 0., 3., 11., 0., 1., 21., 18., 4., 1., 1., 3., 1., 1., 13.,
       50., 106., 6., 0., 1., 12., 3., 3., 24., 102., 22., 5., 10., 4.,
       7., 4., 21., 126., 84., 31., 25., 12., 28., 91., 84., 20., 0., 0.,
       0., 88., 45., 52., 62., 35., 26., 10., 9., 14., 5., 11., 20., 48.,
       80., 50., 7., 6., 3., 6., 5., 30., 112., 63., 90., 97., 39., 8.,
       27., 126., 7., 1., 7., 126., 35., 4., 18., 78., 13., 3., 17., 41.,
       7., 10., 18., 60., 89., 58., 32., 6., 4., 6., 3., 3., 12., 46.,
       120., 73., 10., 0., 1., 105., 53., 14., 58., 126., 35., 0., 1.,
       58., 33., 17., 54., 45., 7., 0., 0., 1., 19., 24., 13., 0., 0.,
       0., 0., 2., 6., 15., 11., 4., 86., 103., 3., 0., 9., 34., 13.,
       11., 96., 13., 8., 8., 0., 4., 10., 1., 3., 1., 101., 121., 1.,
       0., 0., 38., 0., 0., 45., 121., 19., 4., 58., 12., 44., 19., 13.,
       38., 37., 66., 11., 121., 121., 4., 11., 43., 10., 2., 2., 19.,
       9., 0., 35., 121., 53., 16., 4., 32., 0., 0., 3., 63., 32., 43.,
       121., 38., 6., 6., 52., 89., 3., 1., 15., 121., 12., 1., 16., 48.,
       7., 1., 67., 34., 1., 0., 0., 27., 86., 63., 19., 2., 0., 0., 0.,
       2., 14., 72., 102., 41., 0., 0., 63., 44., 0., 0., 62., 118., 0.,
       0., 7., 8., 0., 0., 119., 10., 1., 0., 0., 0., 2., 5., 8., 1., 1.,
