%YAML:1.0
---
mat: !!opencv-matrix
   rows: 48
   cols: 128
   dt: f
   data: [ 104., 23., 0., 0., 20., 34., 71., 85., 108., 26., 0., 0.,
       112., 136., 9., 27., 136., 51., 0., 0., 6., 13., 8., 18., 10., 1.,
       0., 0., 0., 1., 33., 11., 5., 0., 0., 2., 25., 20., 112., 94.,
       41., 4., 0., 32., 136., 118., 25., 28., 136., 39., 0., 3., 37.,
       18., 12., 61., 38., 3., 1., 1., 5., 5., 10., 12., 0., 0., 0., 1.,
       15., 36., 28., 5., 4., 0., 0., 8., 80., 136., 122., 30., 60., 1.,
       0., 1., 6., 16., 118., 136., 12., 0., 0., 1., 17., 18., 9., 21.,
       0., 0., 0., 0., 1., 13., 8., 0., 0., 0., 0., 0., 2., 21., 25., 2.,
       0., 0., 0., 0., 2., 8., 22., 7., 0., 0., 0., 2., 11., 12., 2., 1.,
       10., 12., 2., 1., 0., 0., 0., 2., 2., 9., 22., 7., 0., 0., 0., 0.,
       2., 21., 26., 2., 0., 0., 0., 0., 1., 12., 9., 0., 0., 0., 0., 0.,
       16., 18., 9., 21., 11., 0., 0., 0., 6., 16., 117., 136., 60., 1.,
       0., 1., 80., 136., 122., 30., 4., 0., 0., 7., 15., 35., 29., 6.,
       0., 0., 0., 1., 5., 6., 9., 12., 37., 4., 1., 1., 36., 17., 12.,
       60., 136., 44., 0., 3., 136., 123., 24., 28., 43., 5., 0., 29.,
       25., 20., 110., 100., 6., 0., 0., 2., 0., 1., 32., 11., 9., 1.,
       0., 0., 5., 12., 8., 18., 136., 56., 0., 0., 104., 136., 9., 26.,
       112., 31., 0., 0., 22., 39., 64., 83., 107., 26., 0., 0., 46.,
       75., 44., 20., 3., 1., 3., 19., 2., 18., 86., 49., 1., 0., 1., 1.,
       1., 85., 58., 2., 0., 0., 1., 0., 1., 31., 5., 0., 0., 0., 0., 0.,
       61., 55., 8., 41., 46., 3., 8., 61., 54., 12., 32., 72., 36., 12.,
       19., 30., 30., 122., 20., 2., 30., 47., 19., 11., 40., 98., 4.,
       0., 2., 0., 0., 0., 52., 123., 20., 24., 66., 3., 0., 1., 123.,
       29., 4., 10., 52., 12., 4., 14., 68., 26., 1., 1., 123., 55., 3.,
       5., 123., 61., 1., 1., 20., 4., 0., 0., 58., 123., 13., 8., 47.,
       10., 1., 1., 123., 123., 2., 1., 7., 2., 0., 2., 60., 17., 0., 5.,
       123., 12., 0., 1., 123., 11., 0., 1., 28., 3., 0., 3., 5., 133.,
       76., 27., 26., 5., 10., 17., 65., 51., 44., 107., 35., 14., 7.,
       4., 147., 85., 3., 4., 1., 1., 0., 0., 37., 14., 0., 0., 0., 0.,
       0., 1., 38., 40., 26., 15., 23., 14., 42., 79., 68., 15., 21.,
       40., 52., 57., 46., 33., 147., 46., 0., 1., 5., 3., 6., 44., 77.,
       6., 0., 0., 0., 0., 0., 7., 11., 23., 18., 4., 3., 35., 147., 39.,
       10., 3., 14., 17., 9., 2., 147., 126., 108., 1., 0., 0., 1., 0.,
       81., 147., 47., 1., 0., 0., 0., 0., 0., 18., 0., 0., 0., 0., 0.,
       6., 95., 14., 0., 0., 0., 0., 0., 0., 78., 31., 4., 0., 0., 0.,
       0., 0., 22., 28., 16., 2., 0., 0., 0., 0., 0., 4., 0., 10., 106.,
       5., 0., 0., 0., 0., 0., 27., 97., 0., 0., 0., 0., 0., 0., 31.,
       42., 0., 0., 0., 0., 0., 0., 9., 16., 0., 0., 0., 0., 0., 0., 27.,
       156., 26., 14., 37., 5., 3., 11., 118., 156., 0., 0., 5., 12., 6.,
       104., 156., 92., 0., 0., 1., 1., 1., 24., 26., 6., 0., 0., 0., 0.,
       0., 23., 14., 26., 79., 66., 81., 16., 22., 77., 35., 32., 13.,
       35., 50., 52., 46., 156., 45., 6., 2., 9., 9., 3., 25., 63., 8.,
       0., 0., 0., 0., 0., 3., 30., 31., 19., 72., 11., 39., 62., 5.,
       84., 42., 45., 44., 23., 15., 16., 37., 156., 2., 2., 7., 6., 1.,
       1., 76., 35., 3., 0., 4., 2., 0., 0., 4., 4., 12., 34., 123., 61.,
       0., 0., 0., 120., 128., 28., 30., 11., 0., 0., 3., 45., 24., 2.,
       0., 0., 0., 1., 2., 0., 1., 1., 0., 0., 5., 2., 0., 24., 4., 64.,
       112., 20., 18., 23., 10., 128., 45., 15., 23., 5., 4., 4., 24.,
       69., 37., 99., 51., 0., 0., 0., 4., 13., 62., 39., 3., 0., 0., 0.,
       0., 36., 38., 7., 4., 10., 93., 73., 28., 75., 70., 61., 21., 30.,
       57., 20., 9., 35., 42., 128., 84., 1., 0., 0., 79., 100., 56.,
       22., 4., 0., 0., 0., 85., 9., 70., 36., 14., 11., 70., 9., 1., 2.,
       6., 29., 41., 47., 17., 6., 85., 11., 1., 7., 2., 2., 0., 1.,
       128., 13., 0., 0., 0., 0., 0., 1., 114., 24., 13., 28., 71., 63.,
       20., 3., 7., 120., 42., 2., 5., 27., 14., 2., 34., 85., 22., 2.,
       4., 60., 25., 2., 10., 63., 13., 0., 0., 0., 0., 1., 3., 31., 14.,
       17., 33., 36., 120., 28., 10., 120., 50., 4., 3., 25., 16., 16.,
       42., 106., 24., 0., 0., 120., 40., 0., 5., 109., 21., 0., 0., 2.,
       1., 2., 3., 5., 1., 0., 0., 7., 120., 93., 17., 119., 6., 0., 0.,
       11., 25., 98., 85., 85., 10., 0., 0., 120., 64., 5., 16., 120.,
       10., 0., 0., 8., 5., 5., 13., 0., 0., 0., 0., 1., 28., 74., 15.,
       5., 0., 0., 2., 8., 10., 93., 36., 27., 0., 0., 15., 95., 44.,
       14., 18., 108., 0., 0., 1., 11., 6., 3., 18., 108., 2., 0., 2.,
       1., 0., 0., 71., 3., 6., 19., 20., 2., 0., 0., 1., 3., 20., 12.,
       2., 0., 1., 2., 4., 1., 1., 0., 2., 13., 14., 5., 3., 12., 0.,
       30., 39., 7., 0., 2., 52., 8., 42., 68., 133., 65., 0., 0., 0.,
       94., 133., 46., 26., 4., 0., 0., 2., 15., 13., 0., 1., 1., 5., 1.,
       1., 1., 1., 133., 133., 14., 2., 5., 8., 63., 15., 100., 133.,
       42., 11., 10., 13., 133., 59., 16., 23., 4., 0., 0., 50., 36.,
       22., 38., 8., 0., 0., 1., 4., 39., 16., 19., 36., 50., 38., 26.,
       45., 56., 22., 11., 12., 14., 119., 66., 28., 127., 73., 83., 30.,
       8., 15., 6., 20., 33., 59., 113., 42., 0., 0., 0., 27., 24., 29.,
       15., 13., 28., 30., 46., 54., 13., 31., 129., 35., 34., 58., 19.,
       12., 60., 12., 31., 34., 35., 11., 17., 129., 112., 11., 0., 6.,
       6., 0., 2., 108., 21., 0., 0., 1., 40., 86., 64., 129., 56., 4.,
       7., 3., 129., 129., 25., 28., 129., 21., 2., 0., 3., 15., 18.,
       129., 32., 2., 0., 12., 46., 3., 2., 64., 1., 0., 1., 1., 14.,
       31., 22., 24., 11., 1., 0., 0., 39., 129., 100., 12., 122., 10.,
       0., 0., 1., 39., 110., 94., 28., 2., 0., 0., 31., 13., 1., 11.,
       0., 5., 16., 1., 0., 1., 0., 0., 1., 4., 4., 2., 3., 13., 15., 1.,
       1., 0., 1., 2., 3., 7., 23., 8., 2., 1., 0., 0., 1., 4., 1., 4.,
       2., 19., 12., 18., 29., 0., 0., 0., 3., 16., 38., 112., 128., 1.,
       0., 0., 52., 82., 42., 29., 23., 0., 0., 0., 73., 22., 1., 1., 3.,
       4., 5., 3., 11., 23., 4., 32., 49., 6., 1., 3., 16., 11., 3.,
       128., 128., 41., 5., 3., 128., 44., 3., 22., 30., 7., 5., 25.,
       128., 13., 0., 0., 3., 3., 1., 7., 16., 3., 0., 3., 26., 38., 12.,
       27., 5., 1., 0., 11., 89., 128., 98., 14., 70., 3., 0., 2., 6.,
       52., 128., 118., 101., 3., 0., 0., 0., 11., 22., 42., 5., 0., 0.,
       0., 0., 7., 52., 36., 0., 0., 0., 0., 0., 61., 112., 6., 0., 0.,
       0., 0., 4., 73., 127., 12., 25., 0., 0., 0., 3., 37., 34., 44.,
       23., 7., 10., 56., 4., 0., 0., 6., 21., 38., 50., 77., 2., 0., 0.,
       1., 76., 115., 22., 2., 0., 0., 0., 5., 24., 43., 0., 0., 0., 0.,
       0., 1., 2., 1., 4., 125., 20., 0., 0., 3., 11., 42., 81., 125.,
       16., 1., 3., 5., 125., 125., 62., 17., 1., 0., 2., 18., 66., 94.,
       11., 0., 0., 0., 0., 2., 0., 0., 1., 80., 78., 23., 10., 8., 11.,
       4., 5., 90., 51., 11., 82., 125., 125., 18., 4., 6., 2., 1., 71.,
       125., 49., 20., 30., 13., 2., 0., 1., 16., 0., 0., 0., 3., 18.,
       58., 97., 36., 2., 0., 0., 1., 9., 22., 96., 125., 2., 0., 1., 7.,
       25., 5., 41., 65., 1., 2., 12., 50., 26., 1., 1., 3., 0., 41.,
       64., 20., 5., 0., 0., 0., 0., 17., 127., 42., 0., 0., 0., 0., 0.,
       32., 93., 39., 2., 0., 0., 0., 0., 3., 8., 48., 47., 23., 0., 0.,
       0., 23., 54., 43., 70., 9., 0., 0., 4., 41., 127., 127., 63., 10.,
       0., 1., 85., 127., 119., 14., 6., 2., 0., 6., 32., 31., 4., 9.,
       15., 18., 3., 5., 0., 4., 5., 8., 97., 58., 0., 0., 14., 8., 9.,
       22., 127., 111., 4., 4., 127., 78., 7., 3., 19., 37., 7., 33.,
       108., 23., 0., 0., 0., 18., 9., 16., 8., 15., 5., 2., 39., 34.,
       0., 1., 4., 1., 0., 1., 56., 107., 21., 2., 106., 24., 0., 0., 4.,
       41., 62., 87., 84., 14., 0., 0., 0., 1., 5., 51., 0., 0., 17.,
