%YAML:1.0
---
mat: !!opencv-matrix
   rows: 40
   cols: 128
   dt: f
   data: [ 0., 0., 0., 0., 22., 7., 0., 0., 70., 5., 0., 0., 8., 3., 0.,
       16., 93., 2., 0., 0., 0., 0., 0., 42., 0., 0., 0., 0., 0., 0., 0.,
       0., 0., 0., 0., 0., 19., 12., 0., 0., 148., 6., 0., 0., 13., 12.,
       1., 5., 164., 6., 0., 0., 0., 0., 0., 36., 18., 0., 0., 0., 0.,
       0., 0., 4., 0., 0., 0., 0., 6., 64., 24., 0., 113., 14., 0., 0.,
       7., 24., 2., 8., 164., 138., 17., 0., 0., 0., 0., 10., 29., 36.,
       35., 2., 0., 0., 0., 1., 0., 11., 5., 0., 1., 164., 113., 0., 14.,
       19., 1., 0., 13., 164., 11., 0., 39., 164., 68., 0., 4., 6., 0.,
       0., 3., 73., 143., 10., 0., 0., 0., 0., 11., 3., 14., 147., 0.,
       0., 0., 39., 164., 16., 11., 39., 21., 0., 0., 18., 74., 1., 0.,
       31., 164., 0., 0., 5., 0., 0., 0., 7., 65., 0., 0., 0., 34., 2.,
       11., 64., 0., 0., 0., 2., 164., 26., 2., 8., 38., 0., 0., 25.,
       68., 8., 2., 34., 164., 3., 0., 4., 0., 0., 0., 4., 65., 3., 0.,
       0., 18., 10., 2., 1., 0., 0., 0., 0., 132., 164., 49., 11., 12.,
       0., 0., 1., 16., 62., 78., 74., 164., 8., 0., 0., 0., 0., 1., 8.,
       49., 7., 0., 0., 0., 2., 2., 3., 0., 0., 0., 0., 0., 33., 28., 4.,
       0., 0., 0., 0., 0., 21., 56., 24., 7., 0., 0., 0., 0., 0., 3., 8.,
       5., 0., 0., 0., 5., 0., 0., 0., 0., 0., 4., 9., 5., 0., 0., 0.,
       0., 19., 58., 21., 0., 0., 0., 0., 0., 28., 28., 5., 0., 0., 0.,
       0., 0., 2., 2., 3., 48., 10., 0., 0., 0., 0., 1., 9., 168., 17.,
       0., 0., 14., 63., 88., 67., 12., 0., 0., 0., 124., 168., 52., 8.,
       0., 0., 0., 0., 17., 10., 2., 3., 56., 6., 0., 0., 0., 0., 0., 0.,
       168., 15., 0., 0., 58., 10., 2., 7., 49., 1., 0., 0., 168., 35.,
       2., 5., 3., 0., 0., 1., 40., 4., 6., 77., 47., 0., 0., 0., 0., 0.,
       0., 1., 168., 1., 0., 0., 50., 2., 0., 1., 43., 0., 0., 0., 168.,
       24., 8., 29., 4., 0., 0., 34., 20., 6., 6., 145., 0., 0., 27.,
       42., 1., 0., 0., 2., 0., 0., 2., 8., 2., 4., 22., 16., 0., 0., 0.,
       0., 3., 28., 21., 2., 1., 1., 0., 0., 1., 6., 0., 0., 21., 0., 1.,
       1., 0., 2., 1., 15., 97., 2., 0., 0., 0., 16., 85., 139., 9., 1.,
       0., 0., 4., 139., 122., 30., 0., 0., 0., 0., 5., 111., 1., 0.,
       49., 3., 0., 0., 15., 47., 3., 3., 139., 67., 16., 2., 1., 5.,
       10., 36., 30., 76., 63., 6., 15., 139., 20., 11., 0., 12., 2., 0.,
       16., 139., 0., 0., 26., 2., 0., 0., 68., 82., 0., 1., 139., 30.,
       10., 11., 15., 3., 0., 1., 12., 130., 65., 32., 36., 7., 0., 0.,
       2., 139., 7., 0., 7., 131., 0., 0., 38., 0., 0., 0., 0., 0., 0.,
       8., 147., 0., 0., 1., 18., 3., 0., 63., 54., 0., 0., 16., 147.,
       45., 19., 22., 0., 0., 2., 41., 25., 13., 38., 78., 75., 3., 0.,
       0., 0., 0., 0., 11., 147., 47., 13., 10., 12., 8., 1., 52., 43.,
       12., 19., 147., 110., 68., 11., 13., 4., 0., 9., 147., 13., 8.,
       10., 12., 40., 16., 0., 0., 0., 0., 0., 5., 104., 147., 104., 24.,
       1., 0., 0., 1., 7., 26., 124., 147., 12., 0., 0., 0., 42., 1., 5.,
       85., 1., 0., 0., 37., 4., 2., 0., 0., 0., 1., 9., 11., 1., 16.,
       24., 2., 0., 7., 11., 1., 1., 2., 24., 14., 0., 2., 1., 0., 69.,
       25., 2., 2., 0., 0., 0., 13., 21., 0., 0., 0., 0., 0., 0., 4.,
       154., 0., 0., 0., 0., 0., 2., 85., 113., 0., 0., 0., 3., 2., 29.,
       92., 0., 0., 3., 23., 23., 14., 21., 8., 40., 0., 0., 0., 0., 0.,
       0., 3., 154., 15., 9., 2., 0., 0., 0., 39., 131., 23., 140., 37.,
       2., 1., 0., 13., 0., 3., 154., 13., 12., 18., 7., 0., 46., 3., 0.,
       0., 0., 0., 0., 2., 154., 56., 39., 47., 1., 0., 0., 6., 21., 18.,
       154., 154., 5., 0., 0., 0., 0., 4., 154., 20., 0., 0., 0., 0.,
       11., 7., 1., 0., 0., 0., 0., 0., 28., 47., 41., 32., 2., 0., 0.,
       0., 0., 2., 21., 69., 7., 0., 0., 0., 0., 1., 16., 4., 0., 0., 0.,
       0., 69., 14., 0., 0., 0., 0., 0., 0., 139., 51., 0., 0., 78., 14.,
       0., 0., 44., 75., 3., 5., 139., 34., 0., 0., 76., 139., 1., 1.,
       15., 33., 3., 0., 67., 7., 0., 0., 0., 0., 0., 14., 139., 42.,
       10., 4., 51., 15., 0., 27., 39., 23., 11., 19., 139., 112., 0.,
       1., 78., 139., 10., 4., 17., 20., 1., 0., 45., 28., 5., 0., 0.,
       0., 0., 10., 95., 95., 139., 15., 6., 1., 0., 17., 6., 11., 139.,
       109., 63., 28., 0., 0., 5., 46., 31., 33., 17., 9., 0., 0., 6.,
       9., 2., 0., 0., 0., 0., 0., 1., 13., 35., 1., 0., 0., 0., 0., 0.,
       1., 30., 9., 0., 0., 0., 0., 0., 0., 4., 4., 0., 0., 0., 0., 0.,
       0., 0., 0., 0., 10., 12., 4., 0., 0., 0., 0., 0., 3., 39., 7., 0.,
       0., 0., 0., 1., 13., 26., 0., 0., 0., 0., 0., 6., 5., 1., 0., 21.,
       8., 0., 0., 50., 89., 23., 20., 93., 17., 0., 2., 7., 20., 139.,
       79., 6., 0., 0., 25., 63., 122., 139., 9., 0., 0., 0., 11., 36.,
       33., 5., 0., 36., 11., 0., 0., 139., 100., 1., 4., 139., 22., 0.,
       14., 60., 11., 9., 33., 31., 0., 0., 115., 139., 21., 10., 5., 0.,
       0., 0., 33., 40., 3., 0., 0., 42., 9., 0., 0., 135., 85., 1., 8.,
       139., 0., 0., 10., 92., 16., 2., 42., 15., 0., 0., 38., 139., 0.,
       0., 2., 0., 0., 0., 4., 23., 0., 0., 0., 12., 4., 1., 3., 9., 7.,
       8., 12., 1., 8., 8., 30., 121., 19., 2., 2., 19., 109., 53., 10.,
       23., 3., 14., 43., 20., 47., 45., 7., 3., 3., 29., 63., 26., 59.,
       13., 17., 10., 8., 5., 7., 15., 3., 4., 58., 126., 39., 6., 11.,
       112., 47., 25., 7., 30., 7., 45., 126., 17., 14., 72., 41., 16.,
       7., 89., 126., 96., 55., 27., 19., 3., 9., 10., 40., 16., 9., 31.,
       114., 98., 70., 15., 12., 66., 112., 126., 35., 23., 6., 1., 16.,
       5., 18., 126., 64., 3., 0., 2., 4., 36., 31., 56., 34., 0., 0.,
       0., 6., 1., 1., 51., 120., 9., 0., 0., 1., 0., 1., 33., 25., 3.,
       0., 0., 0., 0., 0., 33., 4., 0., 0., 0., 0., 0., 0., 0., 0., 0.,
       0., 5., 4., 16., 1., 0., 0., 0., 0., 7., 53., 24., 4., 1., 3.,
       10., 7., 35., 117., 0., 0., 0., 4., 83., 61., 28., 20., 0., 0.,
       0., 0., 1., 7., 117., 109., 42., 19., 0., 1., 32., 72., 117., 68.,
       90., 93., 31., 13., 21., 9., 10., 74., 5., 5., 8., 12., 59., 80.,
       33., 13., 22., 6., 22., 70., 14., 10., 117., 117., 12., 9., 11.,
       117., 117., 72., 59., 17., 117., 74., 5., 16., 26., 6., 2., 21.,
       22., 21., 8., 7., 10., 22., 9., 12., 16., 8., 24., 102., 34., 10.,
       14., 8., 4., 3., 7., 106., 37., 58., 96., 5., 86., 35., 1., 6.,
       6., 29., 33., 19., 35., 16., 5., 10., 3., 1., 2., 8., 9., 6., 17.,
       88., 29., 5., 1., 12., 130., 44., 16., 22., 11., 8., 4., 22., 25.,
       4., 0., 27., 63., 47., 23., 24., 1., 0., 0., 110., 88., 6., 5.,
       9., 40., 9., 44., 111., 3., 3., 1., 2., 130., 49., 12., 19., 8.,
       6., 5., 55., 40., 10., 8., 130., 130., 27., 11., 21., 0., 0., 0.,
       113., 97., 0., 0., 0., 20., 9., 3., 6., 4., 65., 52., 2., 110.,
       130., 73., 21., 7., 17., 9., 3., 9., 42., 89., 130., 101., 1., 1.,
       1., 0., 0., 0., 43., 40., 0., 0., 0., 4., 0., 0., 5., 43., 47.,
       34., 13., 4., 14., 14., 3., 34., 52., 67., 40., 0., 4., 19., 27.,
       50., 51., 24., 4., 0., 0., 0., 6., 9., 1., 0., 0., 34., 82., 20.,
       3., 0., 0., 0., 2., 10., 51., 60., 72., 15., 4., 21., 9., 10.,
       62., 78., 22., 4., 10., 14., 1., 3., 15., 97., 15., 2., 1., 0.,
       2., 59., 11., 2., 0., 0., 0., 0., 15., 134., 10., 6., 3., 3., 36.,
       118., 128., 7., 5., 14., 3., 65., 138., 94., 17., 30., 5., 19.,
       1., 15., 26., 5., 72., 93., 6., 0., 0., 0., 0., 0., 2., 138., 56.,
       8., 3., 10., 13., 10., 26., 29., 22., 15., 11., 138., 138., 14.,
       9., 70., 5., 0., 0., 42., 58., 14., 79., 71., 0., 0., 0., 0., 0.,
       0., 2., 138., 27., 15., 8., 4., 0., 0., 4., 22., 53., 31., 15.,
       40., 47., 4., 1., 15., 13., 3., 11., 35., 56., 14., 13., 3., 0.,
       0., 0., 16., 22., 4., 22., 8., 0., 0., 0., 1., 6., 64., 49., 52.,
       36., 14., 5., 2., 12., 63., 35., 23., 19., 30., 52., 20., 29.,
