%YAML:1.0
---
mat: !!opencv-matrix
   rows: 52
   cols: 128
   dt: f
   data: [ 143., 28., 0., 2., 11., 10., 1., 12., 82., 10., 5., 7., 44.,
       51., 8., 18., 143., 15., 1., 0., 0., 1., 1., 13., 56., 3., 0., 0.,
       0., 0., 1., 8., 143., 31., 0., 0., 9., 7., 1., 13., 85., 22., 6.,
       17., 92., 53., 9., 15., 143., 35., 4., 5., 5., 4., 3., 41., 45.,
       1., 0., 0., 0., 0., 0., 31., 143., 126., 0., 0., 3., 1., 0., 2.,
       124., 49., 1., 3., 44., 55., 61., 41., 101., 5., 4., 1., 3., 9.,
       47., 122., 25., 2., 15., 7., 0., 0., 0., 9., 143., 24., 0., 0.,
       0., 0., 0., 23., 143., 18., 1., 0., 0., 1., 17., 28., 2., 2., 7.,
       2., 0., 0., 13., 19., 1., 0., 7., 3., 0., 0., 0., 1., 0., 34.,
       111., 40., 2., 0., 11., 2., 5., 44., 111., 2., 1., 8., 19., 1.,
       1., 34., 108., 12., 2., 27., 46., 1., 0., 10., 86., 24., 2., 47.,
       72., 0., 9., 36., 58., 57., 35., 12., 4., 2., 111., 67., 62., 4.,
       22., 9., 6., 27., 20., 15., 108., 54., 111., 17., 8., 13., 1.,
       61., 111., 32., 5., 15., 12., 6., 6., 1., 1., 2., 11., 81., 111.,
       13., 111., 18., 5., 12., 23., 16., 91., 49., 22., 8., 5., 29.,
       111., 29., 68., 39., 5., 11., 7., 2., 20., 90., 59., 38., 0., 0.,
       0., 1., 7., 35., 102., 2., 2., 5., 7., 14., 23., 36., 92., 8., 3.,
       15., 19., 3., 5., 20., 107., 23., 0., 1., 18., 4., 4., 48., 85.,
       8., 3., 46., 85., 8., 0., 1., 19., 4., 5., 19., 105., 24., 3.,
       15., 20., 3., 23., 36., 94., 8., 2., 5., 7., 14., 6., 35., 105.,
       2., 0., 0., 0., 1., 19., 89., 60., 39., 6., 10., 7., 2., 111.,
       30., 68., 39., 22., 8., 5., 28., 23., 16., 91., 48., 111., 19.,
       4., 11., 12., 79., 111., 13., 6., 1., 1., 3., 5., 15., 12., 6.,
       1., 61., 111., 33., 111., 18., 8., 13., 20., 14., 107., 55., 22.,
       10., 6., 26., 111., 67., 64., 4., 35., 11., 3., 2., 9., 36., 60.,
       57., 2., 44., 71., 0., 0., 10., 87., 25., 2., 26., 46., 1., 1.,
       33., 110., 13., 1., 8., 20., 1., 4., 41., 111., 3., 2., 0., 12.,
       3., 0., 32., 111., 39., 22., 4., 25., 46., 62., 67., 14., 32.,
       124., 42., 8., 4., 10., 5., 11., 84., 79., 19., 2., 20., 72., 13.,
       1., 15., 89., 8., 1., 2., 4., 2., 2., 17., 44., 35., 6., 44., 56.,
       19., 27., 69., 124., 48., 6., 1., 7., 2., 18., 121., 92., 6., 1.,
       8., 95., 24., 2., 33., 118., 2., 0., 1., 6., 3., 2., 25., 14.,
       25., 51., 10., 27., 37., 124., 26., 124., 50., 18., 13., 9., 18.,
       63., 41., 85., 17., 4., 43., 62., 11., 10., 20., 119., 3., 0., 2.,
       3., 0., 2., 21., 21., 29., 124., 33., 15., 5., 13., 10., 124.,
       36., 34., 8., 3., 7., 9., 38., 43., 1., 0., 3., 8., 21., 65., 46.,
       22., 0., 0., 0., 0., 1., 13., 39., 77., 47., 0., 0., 0., 0., 3.,
       11., 156., 112., 2., 4., 15., 8., 0., 1., 27., 15., 33., 39., 69.,
       31., 1., 3., 103., 37., 12., 6., 3., 2., 1., 7., 59., 6., 0., 0.,
       0., 0., 11., 9., 156., 34., 0., 0., 11., 12., 1., 12., 67., 3.,
       0., 0., 100., 98., 12., 16., 120., 17., 1., 1., 6., 11., 11., 24.,
       46., 5., 1., 1., 0., 0., 4., 5., 156., 32., 0., 0., 4., 4., 1.,
       7., 91., 8., 6., 20., 109., 57., 9., 6., 62., 39., 28., 21., 20.,
       11., 10., 14., 19., 11., 2., 2., 1., 0., 0., 0., 156., 121., 0.,
       0., 1., 0., 0., 0., 85., 63., 2., 4., 71., 51., 8., 1., 40., 6.,
       3., 4., 22., 36., 39., 52., 122., 44., 0., 0., 0., 0., 3., 8.,
       151., 97., 3., 10., 14., 4., 0., 0., 36., 18., 20., 21., 21., 13.,
       18., 7., 17., 10., 27., 28., 10., 19., 22., 9., 94., 15., 0., 0.,
       0., 1., 7., 7., 151., 63., 1., 1., 19., 7., 0., 7., 33., 14., 56.,
       35., 102., 42., 0., 4., 71., 32., 91., 45., 16., 10., 1., 7., 79.,
       0., 0., 0., 0., 2., 6., 19., 151., 3., 0., 2., 19., 5., 1., 59.,
       38., 0., 0., 29., 151., 44., 2., 10., 83., 8., 1., 9., 33., 15.,
       5., 55., 80., 0., 0., 0., 0., 0., 3., 29., 151., 0., 0., 1., 18.,
       6., 2., 88., 20., 0., 2., 6., 125., 58., 19., 10., 48., 8., 5.,
       3., 10., 14., 41., 24., 0., 28., 60., 9., 1., 43., 98., 0., 2.,
       9., 72., 23., 1., 28., 118., 4., 3., 22., 59., 4., 1., 2., 118.,
       23., 3., 17., 15., 19., 2., 3., 118., 16., 6., 83., 84., 54., 5.,
       13., 3., 0., 118., 32., 99., 72., 2., 7., 12., 46., 40., 29., 46.,
       9., 7., 61., 62., 40., 17., 26., 23., 101., 74., 6., 11., 11., 5.,
       11., 20., 15., 21., 82., 116., 10., 118., 68., 11., 13., 1., 31.,
       96., 33., 38., 49., 47., 46., 18., 24., 29., 13., 0., 1., 4., 88.,
       93., 36., 26., 15., 1., 10., 28., 4., 1., 25., 88., 11., 8., 9.,
       31., 9., 2., 51., 97., 11., 4., 9., 38., 11., 5., 20., 53., 10.,
       0., 0., 21., 13., 9., 30., 39., 26., 0., 1., 2., 0., 0., 0., 0.,
       0., 3., 33., 37., 1., 0., 0., 0., 0., 1., 45., 34., 0., 0., 0.,
       0., 0., 5., 21., 12., 1., 0., 0., 0., 0., 0., 0., 6., 9., 1., 0.,
       0., 0., 9., 46., 142., 109., 24., 0., 0., 1., 96., 142., 122.,
       11., 2., 0., 0., 2., 19., 35., 75., 75., 15., 0., 0., 0., 0., 3.,
       10., 10., 2., 0., 0., 0., 54., 50., 72., 97., 50., 2., 3., 14.,
       142., 81., 20., 18., 14., 1., 1., 32., 33., 14., 42., 142., 142.,
       21., 1., 1., 1., 3., 4., 0., 0., 0., 1., 2., 77., 54., 34., 1.,
       0., 0., 6., 54., 142., 38., 5., 13., 17., 0., 0., 52., 13., 3.,
       10., 96., 142., 19., 1., 1., 3., 5., 23., 12., 2., 0., 20., 50.,
       5., 11., 43., 24., 2., 0., 15., 42., 2., 3., 65., 54., 10., 27.,
       27., 19., 2., 4., 116., 74., 17., 31., 5., 5., 3., 70., 110., 52.,
       15., 3., 5., 10., 116., 32., 48., 46., 10., 0., 3., 31., 31., 9.,
       36., 17., 21., 62., 51., 46., 13., 1., 19., 19., 115., 116., 17.,
       27., 16., 88., 62., 9., 8., 116., 26., 3., 116., 79., 18., 11.,
       6., 13., 12., 25., 40., 16., 79., 42., 29., 31., 32., 18., 4., 6.,
       35., 27., 50., 22., 51., 74., 26., 19., 8., 1., 1., 88., 64., 28.,
       87., 9., 7., 6., 1., 22., 68., 103., 17., 1., 40., 75., 4., 25.,
       46., 22., 1., 0., 93., 116., 0., 1., 24., 20., 0., 1., 7., 38.,
       48., 0., 0., 0., 91., 2., 0., 32., 67., 0., 0., 15., 63., 2., 1.,
       28., 105., 10., 3., 16., 55., 2., 0., 13., 37., 10., 48., 85., 2.,
       2., 10., 69., 62., 0., 0., 0., 115., 11., 5., 40., 47., 1., 0.,
       11., 52., 20., 22., 97., 86., 19., 1., 4., 70., 115., 34., 19.,
       16., 8., 1., 5., 11., 12., 30., 68., 62., 0., 0., 3., 115., 7.,
       5., 24., 31., 3., 0., 16., 29., 10., 25., 61., 76., 115., 8., 1.,
       1., 115., 71., 50., 46., 61., 4., 0., 11., 17., 11., 10., 24.,
       17., 14., 17., 78., 5., 5., 31., 30., 6., 7., 39., 7., 2., 86.,
       115., 63., 26., 29., 7., 1., 3., 102., 115., 16., 6., 82., 55.,
       1., 70., 58., 34., 29., 1., 2., 4., 91., 18., 29., 40., 31., 0.,
       2., 27., 32., 7., 14., 8., 1., 9., 34., 59., 2., 5., 11., 7., 69.,
       114., 23., 5., 10., 121., 56., 13., 5., 114., 14., 1., 121., 75.,
       14., 16., 7., 6., 1., 20., 60., 23., 68., 50., 39., 26., 10., 12.,
       4., 32., 71., 38., 56., 17., 28., 27., 21., 27., 12., 2., 2.,
       121., 64., 12., 121., 41., 3., 0., 2., 50., 70., 106., 46., 4.,
       10., 12., 24., 62., 56., 26., 3., 6., 40., 55., 2., 10., 82., 55.,
       34., 8., 7., 1., 0., 11., 21., 39., 11., 4., 27., 24., 0., 7.,
       32., 38., 5., 2., 86., 121., 0., 0., 3., 6., 0., 0., 108., 121.,
       0., 0., 2., 1., 0., 0., 0., 3., 83., 74., 2., 1., 8., 2., 3., 16.,
       56., 81., 67., 30., 112., 8., 4., 3., 1., 3., 29., 69., 31., 1.,
       0., 0., 30., 39., 4., 5., 1., 0., 0., 2., 85., 77., 7., 4., 1.,
       3., 26., 85., 91., 52., 30., 6., 116., 57., 44., 34., 2., 4., 13.,
       16., 78., 8., 0., 1., 50., 35., 3., 6., 0., 0., 0., 1., 72., 92.,
       11., 3., 2., 1., 4., 25., 116., 116., 17., 5., 116., 11., 6., 8.,
       10., 38., 37., 77., 103., 1., 0., 0., 33., 46., 10., 36., 0., 0.,
       0., 0., 21., 60., 20., 0., 0., 0., 0., 0., 60., 116., 116., 14.,
