%YAML:1.0
---
mat: !!opencv-matrix
   rows: 103
   cols: 128
   dt: f
   data: [ 24., 7., 0., 0., 0., 0., 1., 5., 164., 9., 0., 0., 1., 1., 0.,
       62., 110., 0., 0., 8., 77., 20., 1., 32., 69., 3., 0., 2., 18.,
       8., 2., 41., 49., 1., 0., 0., 0., 0., 1., 9., 164., 34., 5., 1.,
       3., 1., 0., 56., 102., 20., 28., 19., 63., 23., 7., 20., 76., 12.,
       20., 9., 12., 5., 6., 44., 28., 9., 2., 0., 0., 0., 5., 4., 140.,
       164., 89., 0., 0., 0., 0., 3., 18., 91., 164., 4., 5., 7., 3., 2.,
       10., 36., 164., 17., 1., 1., 2., 4., 1., 2., 9., 1., 0., 0., 1.,
       0., 1., 20., 43., 1., 0., 0., 0., 0., 0., 13., 110., 1., 0., 0.,
       0., 0., 0., 7., 104., 2., 0., 0., 0., 0., 1., 5., 88., 97., 13.,
       2., 1., 8., 5., 17., 36., 59., 17., 11., 8., 3., 8., 19., 4., 5.,
       17., 65., 16., 6., 105., 22., 0., 2., 2., 20., 21., 37., 7., 10.,
       22., 22., 38., 128., 5., 3., 128., 26., 12., 7., 5., 33., 33.,
       43., 29., 13., 0., 0., 0., 118., 88., 31., 39., 11., 0., 0., 0.,
       12., 48., 117., 3., 84., 2., 1., 10., 128., 15., 2., 128., 40.,
       0., 1., 2., 103., 56., 35., 84., 36., 0., 1., 0., 50., 70., 30.,
       3., 0., 5., 46., 0., 7., 51., 65., 0., 128., 5., 0., 0., 16., 3.,
       0., 14., 99., 4., 1., 0., 38., 49., 25., 33., 9., 23., 59., 0.,
       0., 12., 34., 1., 0., 39., 128., 0., 0., 1., 1., 2., 44., 82.,
       46., 4., 1., 3., 0., 19., 88., 59., 1., 0., 14., 19., 0., 7., 15.,
       16., 14., 1., 63., 62., 0., 0., 4., 10., 5., 14., 112., 88., 0.,
       48., 33., 49., 56., 7., 0., 1., 8., 112., 72., 40., 25., 4., 0.,
       0., 10., 51., 38., 62., 112., 16., 0., 0., 2., 41., 46., 29., 37.,
       56., 6., 1., 2., 50., 6., 3., 9., 20., 6., 9., 39., 77., 38., 68.,
       70., 15., 5., 3., 5., 112., 24., 80., 112., 9., 3., 4., 39., 112.,
       9., 2., 55., 109., 0., 0., 29., 5., 1., 1., 1., 8., 60., 91., 22.,
       4., 2., 5., 14., 32., 90., 42., 7., 112., 2., 4., 8., 10., 12.,
       15., 102., 47., 0., 0., 71., 112., 0., 0., 29., 21., 40., 23., 4.,
       2., 3., 22., 31., 165., 45., 14., 3., 21., 3., 18., 60., 46., 7.,
       3., 28., 165., 12., 4., 10., 2., 4., 5., 5., 37., 5., 6., 5., 63.,
       30., 22., 17., 30., 0., 0., 1., 165., 79., 24., 17., 40., 3., 3.,
       37., 50., 10., 17., 111., 165., 9., 4., 14., 3., 4., 9., 16., 39.,
       0., 2., 4., 34., 10., 0., 7., 17., 0., 0., 0., 157., 161., 80.,
       42., 10., 0., 0., 2., 18., 27., 73., 165., 95., 0., 0., 1., 13.,
       4., 1., 8., 8., 0., 0., 2., 0., 0., 0., 0., 0., 0., 0., 0., 1.,
       3., 2., 1., 0., 0., 0., 0., 1., 0., 2., 4., 0., 0., 0., 0., 1.,
       0., 0., 0., 0., 0., 0., 0., 0., 0., 0., 0., 0., 0., 0., 0., 0.,
       0., 0., 0., 0., 1., 2., 2., 0., 0., 0., 0., 1., 8., 3., 0., 2.,
       0., 0., 0., 0., 1., 0., 1., 8., 0., 0., 0., 8., 7., 1., 6., 116.,
       1., 0., 0., 10., 31., 65., 152., 14., 1., 0., 0., 134., 152., 80.,
       38., 31., 3., 0., 0., 30., 19., 0., 4., 24., 1., 1., 4., 6., 3.,
       4., 5., 152., 59., 2., 6., 27., 13., 14., 55., 64., 21., 2., 7.,
       152., 152., 25., 13., 21., 2., 0., 4., 60., 65., 54., 12., 5., 1.,
       1., 2., 2., 2., 6., 2., 152., 69., 4., 6., 8., 4., 8., 6., 85.,
       25., 4., 21., 152., 65., 10., 1., 2., 5., 25., 65., 68., 34., 23.,
       1., 0., 0., 0., 0., 2., 2., 1., 1., 5., 0., 0., 0., 15., 8., 1.,
       10., 12., 0., 0., 0., 1., 1., 76., 92., 0., 0., 0., 0., 10., 55.,
       124., 18., 0., 0., 0., 0., 11., 5., 2., 4., 78., 1., 0., 1., 88.,
       19., 2., 21., 154., 14., 0., 4., 9., 5., 77., 154., 14., 2., 0.,
       9., 154., 107., 109., 30., 0., 0., 6., 8., 6., 1., 2., 1., 90.,
       4., 9., 30., 50., 6., 9., 8., 154., 74., 2., 7., 8., 2., 1., 8.,
       31., 14., 2., 19., 154., 28., 0., 0., 0., 0., 2., 2., 0., 1., 12.,
       1., 31., 4., 3., 8., 15., 28., 58., 7., 154., 80., 4., 3., 5., 5.,
       4., 4., 35., 20., 13., 23., 81., 18., 2., 1., 104., 34., 2., 0.,
       0., 0., 0., 16., 70., 69., 45., 46., 29., 20., 33., 40., 0., 1.,
       6., 56., 99., 66., 18., 2., 0., 0., 0., 4., 68., 32., 0., 0., 64.,
       61., 10., 0., 0., 0., 0., 2., 108., 76., 32., 15., 5., 7., 24.,
       72., 13., 6., 8., 42., 94., 108., 56., 30., 0., 0., 0., 7., 79.,
       79., 0., 0., 82., 49., 2., 0., 0., 0., 0., 2., 108., 108., 37.,
       10., 1., 1., 1., 20., 23., 32., 45., 85., 64., 39., 50., 42., 0.,
       0., 0., 15., 85., 80., 18., 1., 48., 50., 1., 0., 0., 0., 0., 0.,
       108., 68., 8., 0., 0., 0., 0., 17., 101., 55., 58., 47., 20., 30.,
       48., 75., 0., 0., 17., 76., 92., 67., 16., 2., 41., 0., 0., 0.,
       0., 1., 1., 4., 118., 1., 0., 0., 1., 1., 3., 11., 175., 1., 0.,
       4., 17., 6., 2., 22., 21., 1., 8., 25., 52., 36., 18., 4., 31.,
       12., 1., 0., 0., 1., 1., 3., 127., 53., 23., 0., 0., 0., 2., 7.,
       175., 9., 3., 2., 36., 5., 0., 31., 31., 2., 7., 19., 121., 14.,
       1., 8., 3., 5., 1., 0., 0., 0., 2., 1., 165., 26., 8., 0., 0., 0.,
       0., 9., 175., 5., 1., 2., 33., 9., 0., 36., 26., 2., 0., 7., 108.,
       45., 6., 9., 2., 0., 0., 0., 0., 0., 0., 1., 161., 1., 0., 0., 0.,
       0., 0., 9., 175., 5., 1., 8., 22., 5., 0., 16., 21., 6., 2., 24.,
       65., 21., 12., 5., 10., 49., 93., 13., 10., 11., 9., 4., 30.,
       108., 56., 4., 4., 28., 46., 1., 11., 15., 10., 3., 0., 79., 113.,
       1., 0., 4., 6., 0., 0., 113., 113., 0., 65., 18., 29., 59., 59.,
       31., 4., 22., 113., 83., 30., 30., 29., 12., 1., 24., 47., 40.,
       75., 113., 9., 1., 2., 3., 10., 83., 86., 8., 0., 9., 12., 0.,
       43., 7., 14., 72., 92., 25., 3., 21., 113., 52., 85., 49., 12.,
       6., 5., 14., 44., 28., 102., 111., 7., 2., 5., 16., 96., 46., 35.,
       15., 4., 0., 0., 9., 4., 2., 4., 32., 26., 54., 90., 20., 8., 5.,
       8., 7., 6., 78., 62., 22., 35., 5., 6., 6., 10., 14., 30., 53.,
       39., 14., 16., 18., 14., 7., 5., 8., 86., 5., 0., 0., 2., 1., 1.,
       1., 178., 18., 1., 4., 13., 6., 1., 1., 34., 3., 8., 41., 66.,
       52., 22., 2., 31., 14., 15., 8., 2., 7., 33., 35., 96., 20., 8.,
       0., 0., 0., 3., 4., 178., 17., 3., 1., 15., 5., 2., 4., 66., 2.,
       9., 28., 130., 28., 5., 3., 46., 20., 19., 9., 10., 2., 7., 48.,
       60., 49., 21., 0., 0., 0., 0., 0., 178., 35., 5., 0., 13., 4., 0.,
       3., 84., 2., 0., 1., 149., 61., 3., 5., 67., 35., 0., 0., 15.,
       15., 8., 32., 62., 4., 0., 0., 0., 0., 0., 1., 178., 17., 0., 1.,
       5., 2., 0., 1., 79., 6., 1., 18., 102., 28., 3., 2., 39., 17., 0.,
       5., 16., 8., 7., 35., 0., 27., 48., 4., 0., 7., 20., 0., 0., 21.,
       55., 3., 0., 23., 63., 0., 1., 19., 11., 0., 0., 50., 120., 1.,
       0., 1., 0., 0., 0., 67., 120., 0., 63., 59., 60., 35., 15., 16.,
       3., 16., 13., 86., 120., 42., 35., 58., 2., 3., 93., 120., 45.,
       1., 2., 3., 2., 3., 13., 11., 18., 18., 3., 3., 10., 1., 120.,
       10., 19., 30., 15., 21., 4., 41., 51., 16., 31., 84., 95., 99.,
       3., 13., 120., 43., 16., 14., 15., 9., 0., 39., 26., 11., 32.,
       101., 51., 0., 0., 2., 83., 4., 13., 26., 35., 36., 4., 37., 59.,
       9., 26., 74., 59., 51., 3., 9., 118., 32., 73., 50., 4., 1., 3.,
       11., 27., 7., 71., 90., 16., 4., 5., 7., 99., 26., 22., 28., 13.,
       8., 3., 17., 26., 21., 44., 31., 54., 107., 6., 9., 118., 101.,
       30., 5., 15., 23., 1., 11., 46., 14., 11., 34., 20., 0., 0., 2.,
       118., 12., 17., 20., 11., 13., 5., 39., 39., 9., 44., 118., 73.,
       58., 3., 7., 118., 37., 34., 42., 22., 12., 1., 18., 41., 14.,
       74., 114., 36., 0., 0., 2., 118., 7., 14., 21., 18., 25., 7., 53.,
       26., 4., 22., 79., 100., 110., 4., 13., 102., 26., 26., 44., 23.,
       17., 6., 23., 21., 8., 55., 68., 9., 15., 26., 19., 25., 3., 10.,
       17., 15., 49., 58., 41., 8., 1., 18., 58., 26., 56., 99., 39.,
       19., 4., 2., 6., 17., 73., 63., 60., 22., 14., 16., 7., 9., 40.,
       33., 21., 1., 50., 96., 19., 4., 1., 11., 0., 2., 39., 113., 10.,
