%YAML:1.0
---
mat: !!opencv-matrix
   rows: 144
   cols: 128
   dt: f
   data: [ 0., 0., 0., 0., 0., 0., 0., 0., 0., 5., 5., 0., 0., 0., 0.,
       0., 8., 21., 6., 0., 0., 0., 0., 10., 3., 1., 0., 0., 0., 0., 4.,
       33., 0., 0., 8., 11., 0., 0., 0., 0., 14., 40., 117., 65., 0., 0.,
       0., 1., 142., 142., 65., 5., 0., 0., 0., 10., 44., 8., 0., 0., 0.,
       0., 1., 21., 0., 1., 30., 88., 90., 2., 0., 0., 98., 72., 101.,
       120., 20., 1., 0., 7., 142., 113., 12., 3., 0., 0., 0., 31., 62.,
       26., 7., 0., 0., 0., 0., 7., 2., 4., 4., 30., 142., 55., 2., 1.,
       47., 77., 8., 11., 53., 52., 8., 3., 93., 142., 42., 0., 0., 2.,
       2., 2., 10., 142., 93., 0., 0., 0., 0., 0., 0., 0., 4., 24., 26.,
       0., 0., 0., 4., 3., 4., 85., 137., 21., 6., 5., 137., 13., 4.,
       15., 31., 17., 14., 107., 73., 1., 1., 4., 1., 0., 0., 31., 0.,
       0., 5., 70., 79., 8., 0., 0., 19., 29., 38., 137., 137., 46., 15.,
       11., 137., 89., 26., 24., 5., 5., 10., 46., 76., 6., 3., 8., 2.,
       0., 0., 5., 0., 2., 8., 10., 56., 47., 3., 0., 9., 4., 4., 19.,
       78., 137., 137., 38., 136., 12., 3., 2., 2., 15., 112., 137., 34.,
       4., 2., 3., 3., 0., 0., 14., 0., 8., 20., 0., 1., 4., 1., 0., 0.,
       5., 16., 0., 0., 16., 34., 3., 2., 6., 16., 0., 0., 1., 22., 18.,
       1., 5., 14., 0., 0., 0., 0., 1., 0., 0., 0., 9., 47., 17., 68.,
       82., 3., 0., 1., 64., 125., 9., 10., 17., 23., 0., 1., 18., 15.,
       2., 26., 125., 3., 0., 0., 0., 17., 56., 91., 58., 5., 8., 51.,
       43., 78., 14., 18., 7., 33., 1., 1., 20., 125., 84., 12., 13.,
       125., 9., 0., 1., 8., 11., 13., 125., 32., 4., 0., 0., 105., 65.,
       24., 41., 87., 16., 27., 17., 8., 13., 7., 25., 31., 2., 2., 3.,
       46., 125., 49., 18., 125., 64., 0., 2., 29., 55., 18., 13., 56.,
       36., 0., 0., 74., 40., 0., 1., 85., 53., 18., 4., 0., 0., 0., 5.,
       15., 16., 50., 44., 58., 19., 2., 2., 56., 67., 2., 34., 72., 10.,
       0., 0., 62., 72., 0., 1., 22., 9., 0., 0., 39., 1., 1., 1., 0.,
       0., 0., 121., 23., 0., 0., 68., 25., 0., 0., 81., 1., 0., 0.,
       121., 78., 1., 14., 25., 0., 0., 0., 13., 11., 9., 50., 29., 58.,
       65., 100., 22., 0., 0., 0., 59., 13., 9., 90., 121., 15., 0., 0.,
       11., 121., 18., 14., 82., 15., 1., 13., 86., 16., 2., 4., 18.,
       22., 49., 42., 48., 3., 41., 121., 12., 0., 2., 18., 10., 25., 6.,
       85., 78., 0., 0., 27., 99., 121., 20., 20., 21., 5., 6., 14.,
       100., 16., 7., 43., 102., 16., 8., 3., 3., 9., 14., 10., 0., 0.,
       2., 68., 54., 10., 29., 22., 0., 0., 0., 75., 121., 8., 21., 8.,
       5., 9., 52., 45., 71., 1., 0., 7., 19., 13., 58., 45., 3., 9., 2.,
       21., 57., 69., 3., 1., 2., 55., 57., 58., 28., 26., 3., 3., 6.,
       41., 24., 2., 43., 130., 0., 0., 1., 130., 29., 1., 16., 28., 0.,
       0., 2., 8., 4., 1., 11., 130., 6., 0., 1., 130., 14., 2., 11.,
       72., 3., 0., 11., 83., 9., 0., 25., 130., 8., 0., 6., 130., 26.,
       0., 8., 52., 4., 0., 8., 18., 9., 1., 25., 130., 5., 0., 1., 130.,
       38., 1., 13., 79., 5., 0., 10., 61., 14., 0., 7., 130., 31., 1.,
       11., 130., 21., 0., 7., 44., 11., 1., 23., 12., 3., 3., 19., 82.,
       33., 15., 3., 66., 24., 1., 8., 27., 22., 43., 54., 28., 6., 1.,
       2., 69., 43., 20., 23., 57., 1., 1., 1., 14., 13., 16., 45., 14.,
       12., 16., 45., 57., 1., 1., 1., 71., 42., 20., 24., 28., 5., 1.,
       2., 26., 22., 43., 54., 66., 23., 1., 8., 81., 33., 15., 3., 11.,
       3., 3., 19., 44., 11., 1., 24., 130., 20., 0., 7., 130., 29., 1.,
       12., 61., 13., 0., 7., 79., 5., 0., 10., 130., 37., 1., 14., 130.,
       5., 0., 1., 18., 9., 2., 27., 52., 4., 0., 9., 130., 25., 0., 8.,
       130., 7., 0., 6., 83., 8., 0., 27., 72., 3., 0., 12., 130., 13.,
       2., 11., 130., 5., 0., 1., 9., 4., 1., 12., 28., 0., 0., 2., 130.,
       28., 1., 16., 130., 0., 0., 1., 41., 24., 2., 44., 26., 3., 3.,
       6., 55., 57., 59., 29., 70., 3., 1., 2., 10., 1., 21., 56., 2.,
       32., 130., 100., 4., 0., 0., 1., 55., 133., 86., 2., 0., 0., 0.,
       3., 43., 32., 1., 0., 0., 0., 0., 7., 2., 0., 0., 0., 0., 0., 0.,
       6., 32., 32., 59., 106., 12., 1., 0., 7., 133., 89., 16., 1., 0.,
       0., 0., 57., 133., 24., 0., 0., 0., 0., 0., 21., 2., 0., 0., 0.,
       0., 0., 0., 5., 50., 29., 22., 13., 13., 16., 28., 74., 133., 85.,
       1., 0., 0., 0., 6., 99., 119., 89., 0., 0., 0., 0., 0., 20., 8.,
       3., 0., 0., 0., 0., 0., 2., 21., 123., 49., 0., 1., 2., 8., 31.,
       56., 133., 38., 0., 0., 0., 3., 63., 67., 133., 26., 0., 0., 0.,
       0., 32., 6., 19., 24., 3., 0., 0., 0., 1., 17., 23., 12., 26.,
       80., 3., 4., 13., 121., 39., 2., 24., 54., 1., 0., 0., 54., 14.,
       5., 38., 87., 10., 1., 6., 94., 18., 2., 3., 7., 3., 0., 10., 79.,
       15., 4., 35., 121., 1., 0., 8., 121., 22., 1., 29., 92., 2., 0.,
       17., 89., 20., 12., 69., 121., 6., 0., 11., 121., 28., 5., 8., 7.,
       1., 0., 15., 77., 10., 0., 12., 121., 9., 0., 11., 121., 26., 1.,
       14., 93., 10., 1., 28., 103., 13., 2., 27., 121., 13., 1., 12.,
       121., 21., 3., 3., 8., 2., 0., 13., 33., 8., 1., 3., 57., 23.,
       15., 22., 78., 0., 1., 2., 38., 20., 18., 55., 42., 3., 1., 4.,
       63., 60., 16., 21., 73., 11., 6., 8., 4., 4., 6., 20., 4., 7., 8.,
       21., 71., 13., 5., 6., 58., 64., 15., 19., 39., 3., 1., 3., 38.,
       23., 18., 51., 83., 2., 1., 1., 56., 24., 12., 20., 41., 13., 0.,
       2., 8., 2., 0., 7., 121., 32., 4., 3., 121., 20., 1., 8., 99.,
       17., 2., 18., 95., 14., 0., 19., 121., 36., 1., 10., 121., 13.,
       0., 6., 82., 12., 0., 7., 8., 1., 0., 9., 121., 31., 4., 7., 121.,
       11., 0., 8., 91., 24., 11., 57., 94., 4., 0., 8., 121., 31., 1.,
       23., 121., 3., 0., 3., 73., 20., 5., 28., 4., 2., 0., 6., 87.,
       23., 3., 3., 89., 11., 1., 6., 51., 19., 6., 34., 52., 2., 0., 0.,
       121., 50., 3., 17., 92., 5., 3., 12., 15., 21., 10., 21., 0., 10.,
       36., 29., 19., 1., 0., 0., 37., 4., 4., 11., 30., 6., 3., 25.,
       137., 8., 3., 5., 1., 5., 7., 75., 18., 7., 15., 79., 27., 38.,
       7., 7., 2., 15., 17., 7., 19., 31., 12., 9., 79., 24., 12., 2.,
       3., 9., 29., 26., 143., 20., 0., 1., 2., 33., 32., 95., 13., 0.,
       0., 5., 48., 143., 35., 18., 8., 0., 4., 4., 8., 14., 37., 73.,
       35., 2., 0., 0., 0., 28., 106., 58., 143., 12., 0., 0., 5., 20.,
       25., 97., 61., 2., 0., 0., 88., 142., 23., 31., 23., 0., 0., 1.,
       2., 3., 6., 66., 44., 2., 1., 3., 2., 7., 20., 46., 143., 0., 0.,
       0., 5., 11., 9., 143., 30., 0., 0., 0., 77., 85., 17., 55., 27.,
       14., 19., 93., 19., 26., 28., 9., 87., 28., 25., 56., 12., 6., 7.,
       13., 43., 2., 0., 10., 100., 7., 3., 16., 1., 0., 0., 2., 24., 8.,
       14., 26., 29., 33., 108., 118., 2., 0., 0., 0., 118., 56., 34.,
       58., 5., 0., 0., 23., 77., 28., 28., 118., 106., 5., 2., 15., 45.,
       43., 9., 21., 46., 17., 18., 34., 23., 26., 31., 38., 8., 0., 0.,
       0., 97., 118., 118., 24., 0., 0., 0., 3., 81., 40., 113., 118.,
       7., 0., 0., 49., 98., 48., 11., 11., 8., 13., 22., 63., 1., 6.,
       15., 17., 10., 11., 0., 0., 34., 49., 39., 5., 1., 0., 0., 3.,
       81., 72., 39., 1., 0., 0., 0., 38., 82., 90., 37., 0., 0., 2., 3.,
       24., 0., 0., 0., 0., 0., 0., 0., 0., 1., 1., 0., 2., 1., 0., 0.,
       0., 18., 4., 0., 0., 0., 0., 0., 0., 10., 0., 0., 0., 0., 0., 1.,
       2., 0., 0., 0., 7., 5., 0., 0., 0., 33., 20., 17., 111., 71., 1.,
       0., 1., 177., 54., 13., 18., 5., 0., 0., 72., 110., 2., 0., 0.,
       0., 6., 15., 66., 0., 0., 0., 3., 10., 0., 0., 0., 73., 7., 3.,
       36., 163., 31., 2., 9., 177., 119., 2., 4., 14., 9., 2., 53.,
       136., 54., 0., 1., 4., 4., 3., 28., 0., 0., 0., 1., 1., 0., 0.,
       0., 22., 8., 16., 22., 33., 11., 2., 5., 177., 119., 6., 2., 4.,
       4., 2., 7., 138., 112., 28., 3., 1., 0., 0., 0., 29., 17., 0.,
