%YAML:1.0
---
mat: !!opencv-matrix
   rows: 147
   cols: 128
   dt: f
   data: [ 1., 0., 0., 62., 90., 14., 1., 4., 2., 0., 0., 2., 4., 0., 2.,
       24., 0., 0., 0., 0., 0., 0., 1., 2., 0., 0., 0., 0., 0., 0., 0.,
       0., 30., 8., 6., 101., 31., 0., 0., 24., 121., 7., 0., 1., 2., 5.,
       48., 145., 11., 0., 0., 0., 0., 73., 103., 42., 0., 0., 0., 0.,
       0., 21., 10., 0., 61., 24., 3., 12., 12., 0., 0., 19., 145., 52.,
       0., 0., 0., 3., 14., 86., 103., 5., 0., 0., 0., 126., 104., 40.,
       0., 0., 0., 0., 0., 145., 88., 0., 28., 0., 0., 1., 3., 1., 6.,
       145., 145., 2., 0., 0., 0., 0., 2., 145., 60., 1., 0., 0., 1., 8.,
       19., 61., 0., 0., 5., 20., 7., 59., 34., 0., 1., 13., 39., 133.,
       69., 9., 4., 1., 23., 138., 84., 8., 12., 16., 3., 0., 46., 54.,
       9., 2., 15., 38., 5., 1., 0., 0., 0., 0., 1., 8., 0., 0., 30.,
       30., 15., 48., 13., 20., 12., 9., 80., 46., 5., 11., 61., 50., 9.,
       4., 153., 50., 0., 0., 15., 64., 10., 25., 7., 0., 0., 0., 22.,
       75., 4., 4., 11., 68., 31., 11., 4., 13., 9., 1., 98., 26., 20.,
       38., 40., 3., 1., 9., 153., 10., 0., 1., 11., 31., 5., 39., 34.,
       0., 0., 0., 69., 153., 4., 8., 3., 5., 1., 0., 0., 107., 79., 2.,
       69., 7., 3., 2., 1., 37., 33., 34., 153., 5., 0., 0., 1., 3., 3.,
       96., 34., 0., 0., 0., 47., 94., 1., 12., 3., 3., 17., 81., 15.,
       0., 0., 2., 52., 8., 1., 5., 4., 0., 3., 70., 71., 2., 0., 0., 0.,
       21., 79., 131., 1., 0., 0., 0., 0., 79., 61., 6., 6., 8., 3., 13.,
       24., 0., 0., 2., 141., 73., 1., 0., 0., 0., 0., 26., 141., 55.,
       0., 0., 0., 11., 20., 57., 25., 2., 0., 0., 0., 130., 67., 9., 3.,
       0., 0., 7., 10., 1., 3., 28., 110., 7., 0., 0., 0., 0., 10., 141.,
       141., 14., 0., 0., 0., 0., 2., 141., 30., 1., 0., 0., 0., 11.,
       17., 24., 17., 0., 0., 0., 1., 3., 21., 89., 56., 1., 0., 0., 0.,
       0., 37., 141., 70., 2., 1., 0., 0., 0., 16., 141., 4., 0., 0., 0.,
       1., 3., 12., 12., 14., 6., 8., 4., 10., 29., 31., 18., 42., 7.,
       7., 2., 2., 18., 53., 37., 137., 2., 0., 0., 4., 15., 37., 137.,
       55., 10., 0., 0., 36., 72., 58., 51., 12., 21., 10., 2., 41.,
       137., 16., 4., 80., 29., 33., 6., 3., 20., 41., 36., 137., 34.,
       1., 0., 7., 7., 6., 76., 50., 16., 0., 0., 58., 93., 21., 8., 3.,
       2., 7., 9., 19., 102., 42., 4., 34., 23., 4., 0., 0., 23., 137.,
       126., 137., 37., 7., 0., 0., 0., 48., 137., 37., 11., 8., 17.,
       15., 21., 10., 11., 2., 1., 0., 1., 0., 0., 1., 1., 14., 49., 12.,
       0., 0., 0., 7., 16., 10., 118., 70., 0., 0., 0., 4., 19., 2., 57.,
       67., 17., 21., 0., 0., 1., 2., 0., 0., 0., 0., 0., 4., 4., 123.,
       3., 2., 1., 0., 0., 140., 155., 29., 12., 38., 5., 1., 1., 155.,
       93., 1., 6., 39., 21., 2., 29., 155., 7., 8., 0., 0., 0., 0., 0.,
       0., 0., 155., 7., 4., 2., 1., 2., 2., 11., 64., 20., 62., 15., 5.,
       14., 38., 19., 4., 14., 59., 23., 3., 14., 68., 21., 8., 0., 0.,
       0., 0., 0., 0., 0., 155., 9., 4., 7., 5., 5., 2., 5., 52., 32.,
       79., 36., 19., 27., 41., 16., 1., 30., 111., 19., 1., 9., 63.,
       18., 6., 0., 0., 0., 0., 0., 0., 0., 155., 3., 0., 0., 1., 4., 3.,
       7., 60., 2., 1., 1., 5., 25., 62., 22., 7., 4., 1., 1., 0., 6.,
       80., 23., 0., 0., 0., 0., 1., 0., 0., 0., 7., 1., 0., 1., 16., 0.,
       0., 0., 28., 2., 0., 0., 2., 1., 1., 5., 1., 1., 1., 3., 8., 3.,
       1., 2., 0., 0., 0., 0., 6., 1., 0., 0., 59., 18., 1., 16., 138.,
       13., 1., 6., 138., 50., 2., 6., 30., 12., 8., 43., 21., 9., 11.,
       37., 138., 32., 8., 10., 0., 0., 0., 1., 6., 2., 0., 0., 59., 2.,
       0., 11., 138., 38., 6., 72., 138., 17., 3., 26., 41., 10., 7.,
       138., 17., 5., 3., 115., 138., 17., 5., 14., 0., 0., 0., 1., 4.,
       3., 1., 0., 81., 0., 0., 3., 51., 32., 14., 86., 133., 3., 6.,
       21., 34., 56., 28., 136., 11., 0., 2., 47., 93., 125., 12., 21.,
       6., 10., 22., 133., 62., 3., 1., 5., 35., 47., 53., 82., 22., 1.,
       0., 1., 55., 21., 2., 0., 0., 1., 3., 13., 0., 0., 0., 0., 0., 1.,
       1., 1., 0., 2., 62., 133., 35., 14., 26., 5., 92., 52., 21., 40.,
       13., 10., 64., 23., 133., 44., 0., 0., 0., 18., 28., 77., 6., 0.,
       0., 0., 0., 62., 21., 9., 0., 0., 4., 4., 3., 12., 95., 101., 20.,
       2., 0., 0., 1., 10., 133., 133., 104., 2., 0., 0., 0., 11., 63.,
       133., 5., 0., 0., 0., 0., 120., 24., 16., 0., 0., 0., 0., 0., 0.,
       66., 122., 4., 0., 0., 0., 0., 0., 48., 133., 3., 0., 0., 0., 0.,
       5., 13., 79., 0., 0., 0., 0., 4., 31., 4., 1., 1., 2., 0., 0., 0.,
       0., 0., 0., 11., 11., 5., 0., 0., 0., 2., 42., 10., 13., 3., 0.,
       0., 0., 15., 131., 1., 1., 0., 0., 0., 0., 12., 59., 1., 17., 67.,
       24., 10., 2., 0., 0., 25., 102., 131., 18., 1., 0., 0., 17., 85.,
       131., 78., 0., 0., 0., 1., 22., 23., 47., 0., 0., 0., 0., 1., 11.,
       0., 1., 27., 32., 62., 131., 19., 0., 76., 25., 79., 25., 22.,
       44., 7., 30., 131., 131., 14., 0., 0., 0., 0., 36., 67., 123., 0.,
       0., 0., 0., 0., 0., 1., 4., 7., 15., 55., 131., 22., 1., 42., 10.,
       0., 4., 71., 83., 12., 26., 130., 90., 0., 0., 0., 0., 1., 15.,
       96., 80., 0., 0., 0., 0., 0., 0., 0., 0., 0., 0., 0., 0., 0., 0.,
       1., 1., 0., 0., 0., 0., 0., 0., 6., 4., 0., 0., 0., 0., 1., 4.,
       1., 0., 0., 0., 0., 0., 17., 11., 50., 27., 0., 0., 13., 7., 1.,
       0., 24., 57., 14., 11., 87., 24., 1., 1., 146., 143., 7., 2., 4.,
       1., 5., 27., 54., 4., 0., 0., 0., 2., 59., 54., 146., 45., 0., 0.,
       23., 9., 3., 30., 76., 17., 3., 4., 146., 80., 9., 30., 146., 38.,
       2., 1., 10., 10., 4., 71., 144., 4., 0., 0., 1., 5., 5., 11.,
       120., 1., 0., 2., 4., 8., 6., 88., 46., 1., 1., 9., 53., 126.,
       26., 45., 146., 0., 0., 0., 5., 19., 14., 94., 98., 3., 1., 1.,
       2., 0., 0., 11., 63., 28., 2., 0., 0., 0., 0., 11., 135., 84., 0.,
       0., 0., 0., 0., 32., 102., 19., 1., 0., 0., 0., 2., 14., 1., 1.,
       4., 1., 2., 3., 6., 6., 113., 3., 0., 0., 0., 0., 1., 30., 135.,
       28., 6., 1., 0., 0., 0., 99., 90., 14., 63., 51., 0., 0., 0., 34.,
       2., 31., 120., 50., 1., 1., 1., 1., 66., 2., 0., 0., 0., 1., 19.,
       73., 135., 70., 18., 3., 0., 0., 7., 83., 17., 24., 72., 67., 4.,
       11., 94., 46., 7., 29., 52., 39., 6., 59., 107., 3., 26., 1., 0.,
       0., 0., 0., 18., 121., 46., 2., 0., 0., 0., 0., 13., 135., 3., 0.,
       0., 0., 0., 2., 83., 86., 0., 0., 0., 0., 11., 89., 58., 3., 132.,
       9., 0., 30., 93., 2., 0., 23., 107., 7., 5., 64., 132., 0., 0.,
       18., 132., 27., 10., 26., 46., 0., 0., 47., 51., 4., 8., 32., 24.,
       2., 0., 6., 132., 10., 0., 16., 96., 14., 2., 58., 107., 13., 1.,
       76., 132., 16., 1., 21., 132., 38., 3., 13., 37., 4., 1., 41.,
       36., 9., 14., 20., 48., 22., 0., 3., 63., 2., 4., 3., 35., 21.,
       37., 79., 39., 3., 3., 8., 120., 86., 25., 32., 132., 20., 8., 7.,
       13., 25., 26., 71., 18., 9., 44., 53., 30., 8., 0., 1., 1., 13.,
       52., 1., 1., 1., 6., 7., 1., 8., 60., 2., 7., 13., 11., 5., 9.,
       14., 55., 2., 1., 3., 10., 14., 1., 5., 36., 9., 18., 14., 3., 0.,
       0., 0., 0., 0., 0., 0., 0., 0., 1., 0., 0., 0., 0., 0., 0., 1.,
       0., 0., 0., 0., 0., 0., 12., 7., 0., 0., 0., 0., 0., 1., 29., 9.,
       34., 34., 3., 2., 42., 11., 0., 1., 164., 110., 3., 1., 9., 2.,
       7., 33., 61., 4., 0., 0., 0., 3., 104., 81., 0., 0., 0., 0., 5.,
       30., 84., 18., 133., 26., 2., 1., 84., 81., 18., 47., 164., 50.,
       2., 1., 21., 30., 13., 85., 164., 4., 0., 1., 5., 10., 18., 25.,
       0., 0., 0., 2., 30., 28., 7., 0., 60., 2., 1., 1., 11., 60., 30.,
       92., 164., 6., 0., 0., 4., 29., 25., 158., 113., 19., 6., 7., 5.,
       0., 0., 14., 0., 1., 2., 17., 22., 1., 0., 0., 11., 56., 139.,
       34., 0., 0., 0., 0., 61., 139., 59., 0., 0., 0., 0., 5., 20.,
       139., 28., 0., 0., 0., 0., 3., 1., 43., 34., 0., 0., 0., 0., 0.,
