%YAML:1.0
---
mat: !!opencv-matrix
   rows: 132
   cols: 128
   dt: f
   data: [ 42., 1., 0., 0., 1., 11., 43., 64., 46., 4., 0., 1., 21., 75.,
       57., 35., 115., 9., 0., 2., 67., 15., 8., 55., 17., 0., 0., 1.,
       115., 26., 7., 25., 115., 24., 8., 9., 6., 8., 9., 45., 53., 23.,
       15., 86., 76., 48., 8., 10., 115., 38., 4., 28., 82., 5., 1., 7.,
       60., 6., 1., 22., 115., 4., 2., 25., 115., 5., 1., 7., 41., 18.,
       11., 75., 56., 8., 3., 44., 115., 30., 6., 18., 115., 20., 9.,
       35., 77., 1., 1., 28., 54., 22., 4., 33., 101., 1., 1., 13., 115.,
       11., 0., 24., 61., 1., 0., 10., 56., 7., 2., 56., 115., 1., 0.,
       9., 74., 17., 9., 28., 53., 11., 3., 20., 60., 8., 1., 19., 44.,
       3., 3., 30., 5., 10., 61., 10., 0., 0., 61., 47., 5., 8., 42.,
       17., 4., 3., 76., 37., 0., 0., 55., 71., 13., 17., 83., 14., 0.,
       0., 64., 60., 3., 6., 106., 23., 99., 21., 54., 23., 19., 6., 3.,
       41., 61., 20., 34., 34., 76., 30., 10., 45., 92., 23., 22., 22.,
       23., 33., 77., 45., 41., 27., 27., 17., 10., 13., 106., 75., 101.,
       84., 4., 1., 39., 15., 1., 8., 62., 97., 50., 19., 84., 62., 9.,
       15., 100., 34., 91., 53., 19., 24., 19., 24., 12., 22., 106., 95.,
       11., 5., 32., 5., 23., 35., 11., 1., 16., 23., 44., 15., 6., 41.,
       65., 15., 2., 1., 56., 40., 0., 2., 86., 44., 1., 3., 66., 17.,
       0., 0., 85., 51., 0., 1., 68., 11., 109., 18., 2., 3., 46., 24.,
       7., 21., 73., 19., 4., 17., 103., 58., 7., 10., 99., 32., 1., 7.,
       109., 28., 1., 4., 1., 0., 0., 2., 84., 26., 1., 1., 75., 69.,
       10., 12., 76., 10., 3., 14., 62., 45., 15., 54., 102., 46., 11.,
       14., 109., 38., 2., 12., 92., 34., 4., 10., 3., 1., 1., 14., 109.,
       35., 0., 0., 90., 42., 3., 8., 60., 16., 6., 22., 67., 44., 25.,
       37., 34., 108., 28., 28., 89., 35., 17., 42., 79., 32., 12., 29.,
       1., 2., 10., 60., 109., 9., 0., 0., 47., 32., 3., 1., 71., 49.,
       2., 3., 47., 45., 33., 45., 49., 25., 3., 5., 29., 88., 48., 28.,
       52., 19., 2., 12., 3., 4., 9., 29., 103., 25., 1., 3., 33., 10.,
       0., 5., 51., 18., 13., 76., 26., 4., 0., 1., 121., 91., 20., 50.,
       77., 7., 1., 2., 43., 44., 19., 87., 1., 0., 0., 2., 54., 59.,
       18., 4., 97., 56., 1., 8., 49., 13., 2., 10., 78., 29., 3., 8.,
       121., 30., 3., 12., 121., 13., 0., 0., 95., 33., 7., 33., 6., 1.,
       0., 0., 121., 53., 8., 2., 73., 17., 3., 9., 60., 30., 3., 8.,
       72., 20., 5., 16., 121., 18., 4., 13., 121., 10., 0., 2., 89.,
       17., 1., 28., 9., 1., 0., 2., 121., 43., 5., 3., 69., 3., 2., 15.,
       38., 17., 4., 13., 62., 4., 1., 5., 97., 29., 6., 17., 115., 37.,
       8., 17., 49., 9., 2., 20., 4., 5., 5., 27., 88., 12., 2., 1., 84.,
       11., 2., 1., 3., 3., 4., 27., 49., 7., 2., 22., 113., 32., 8.,
       21., 103., 24., 5., 20., 58., 4., 1., 9., 35., 15., 4., 17., 74.,
       2., 2., 13., 121., 33., 5., 3., 8., 1., 0., 2., 95., 13., 1., 37.,
       121., 6., 0., 3., 121., 15., 4., 16., 73., 15., 4., 22., 60., 24.,
       3., 11., 73., 13., 3., 12., 121., 45., 8., 2., 6., 0., 0., 1.,
       99., 26., 7., 42., 121., 6., 0., 1., 121., 19., 2., 12., 82., 26.,
       3., 13., 50., 12., 2., 8., 102., 45., 1., 10., 62., 57., 17., 6.,
       1., 1., 1., 3., 48., 39., 19., 96., 72., 6., 1., 3., 121., 80.,
       21., 53., 22., 5., 0., 2., 54., 13., 12., 69., 35., 11., 0., 8.,
       84., 2., 0., 0., 1., 0., 0., 6., 93., 1., 0., 9., 90., 1., 0.,
       13., 62., 8., 25., 23., 28., 8., 8., 49., 8., 22., 97., 25., 6.,
       15., 24., 15., 119., 6., 0., 0., 2., 0., 0., 7., 119., 8., 0.,
       22., 119., 0., 0., 9., 119., 23., 11., 14., 27., 29., 40., 23.,
       14., 8., 26., 14., 18., 67., 96., 19., 119., 5., 0., 1., 6., 0.,
       0., 6., 119., 6., 0., 29., 119., 0., 0., 6., 119., 25., 27., 13.,
       23., 7., 27., 22., 10., 15., 53., 23., 58., 27., 58., 19., 119.,
       8., 0., 2., 8., 0., 0., 1., 93., 11., 1., 29., 119., 0., 0., 2.,
       119., 48., 1., 4., 11., 2., 14., 19., 26., 14., 1., 29., 103.,
       14., 32., 11., 106., 0., 0., 0., 42., 18., 2., 13., 87., 1., 0.,
       0., 119., 44., 0., 15., 119., 22., 8., 3., 21., 13., 1., 56., 20.,
       7., 18., 16., 99., 60., 1., 10., 119., 0., 0., 0., 62., 20., 2.,
       10., 115., 0., 0., 0., 119., 36., 2., 11., 119., 31., 27., 13.,
       26., 14., 15., 22., 16., 17., 63., 30., 67., 24., 44., 20., 110.,
       3., 0., 0., 73., 15., 1., 6., 99., 4., 0., 1., 119., 36., 10.,
       24., 64., 28., 42., 22., 40., 16., 24., 51., 12., 48., 112., 18.,
       39., 12., 29., 16., 74., 6., 0., 0., 70., 5., 0., 0., 81., 19.,
       2., 10., 75., 4., 1., 3., 20., 37., 14., 15., 37., 35., 49., 10.,
       7., 14., 25., 21., 14., 13., 79., 42., 19., 11., 67., 35., 10.,
       22., 27., 18., 33., 45., 58., 10., 19., 30., 17., 19., 73., 4.,
       1., 6., 70., 17., 2., 22., 48., 0., 0., 5., 95., 1., 0., 5., 52.,
       13., 41., 13., 13., 57., 90., 19., 34., 12., 29., 54., 67., 37.,
       43., 25., 121., 20., 14., 34., 86., 1., 0., 3., 72., 4., 1., 16.,
       114., 0., 0., 2., 71., 19., 38., 13., 26., 20., 77., 29., 39.,
       11., 13., 40., 121., 20., 25., 10., 121., 10., 2., 26., 106., 0.,
       0., 1., 83., 10., 2., 25., 104., 0., 0., 0., 94., 41., 2., 26.,
       42., 6., 11., 18., 42., 10., 1., 83., 121., 8., 4., 1., 121., 19.,
       0., 28., 85., 0., 0., 0., 74., 12., 2., 22., 77., 0., 0., 0., 5.,
       40., 36., 10., 16., 29., 25., 5., 2., 7., 40., 6., 29., 51., 73.,
       7., 0., 9., 70., 3., 1., 38., 85., 1., 0., 5., 83., 5., 0., 27.,
       49., 1., 85., 26., 13., 5., 8., 5., 9., 75., 51., 20., 13., 43.,
       100., 27., 77., 57., 100., 36., 11., 15., 12., 59., 109., 26., 7.,
       9., 11., 4., 9., 109., 109., 23., 59., 23., 64., 12., 6., 6., 17.,
       74., 45., 37., 97., 28., 109., 36., 15., 28., 109., 36., 103.,
       32., 16., 14., 14., 42., 6., 51., 81., 60., 21., 19., 5., 3., 0.,
       8., 68., 18., 0., 15., 54., 1., 1., 25., 109., 8., 2., 18., 56.,
       1., 2., 21., 109., 17., 0., 13., 38., 1., 0., 30., 86., 47., 5.,
       7., 18., 0., 113., 1., 0., 0., 2., 17., 22., 61., 67., 0., 0., 0.,
       4., 68., 60., 51., 95., 0., 0., 0., 5., 87., 35., 61., 35., 1.,
       0., 0., 1., 38., 39., 82., 118., 0., 0., 0., 1., 20., 43., 118.,
       89., 0., 0., 0., 50., 109., 37., 53., 118., 2., 0., 0., 14., 81.,
       22., 52., 40., 3., 0., 0., 9., 66., 34., 52., 86., 15., 2., 0.,
       5., 34., 25., 36., 76., 24., 13., 22., 85., 46., 2., 12., 118.,
       52., 3., 6., 36., 29., 1., 11., 22., 12., 14., 16., 47., 29., 5.,
       12., 7., 11., 29., 33., 17., 12., 2., 1., 7., 21., 94., 62., 8.,
       0., 0., 0., 59., 118., 57., 25., 9., 0., 0., 0., 9., 45., 50.,
       113., 34., 0., 0., 0., 50., 123., 2., 0., 5., 67., 14., 5., 31.,
       14., 0., 0., 3., 104., 123., 43., 41., 0., 0., 0., 0., 13., 61.,
       121., 19., 0., 0., 0., 0., 0., 20., 73., 123., 71., 0., 0., 0.,
       2., 10., 65., 123., 41., 1., 1., 3., 39., 102., 59., 29., 2., 1.,
       6., 36., 123., 77., 27., 49., 17., 2., 1., 6., 10., 5., 15., 58.,
       2., 0., 0., 6., 25., 33., 108., 123., 77., 20., 10., 4., 4., 2.,
       45., 14., 24., 30., 73., 95., 32., 2., 3., 5., 27., 39., 39., 30.,
       4., 0., 0., 8., 0., 0., 6., 14., 13., 13., 57., 33., 34., 18.,
       11., 0., 0., 0., 26., 1., 13., 48., 113., 9., 0., 0., 0., 0., 0.,
       34., 123., 5., 0., 0., 0., 6., 103., 28., 3., 6., 59., 10., 0.,
       25., 45., 9., 21., 15., 113., 51., 4., 41., 104., 48., 19., 4.,
       21., 32., 9., 2., 4., 21., 34., 18., 9., 3., 13., 109., 113., 15.,
       0., 0., 4., 2., 19., 113., 63., 6., 5., 6., 76., 100., 58., 5.,
       8., 8., 22., 59., 113., 100., 17., 2., 1., 2., 40., 9., 8., 7.,
       14., 99., 15., 0., 0., 0., 0., 5., 93., 113., 113., 77., 28., 6.,
       4., 5., 32., 2., 10., 57., 113., 62., 18., 4., 3., 0., 0., 0.,
