%YAML:1.0
---
mat: !!opencv-matrix
   rows: 118
   cols: 128
   dt: f
   data: [ 17., 52., 9., 40., 24., 0., 0., 0., 16., 32., 14., 49., 19.,
       0., 0., 2., 14., 24., 18., 20., 4., 0., 1., 4., 11., 10., 27.,
       14., 0., 1., 6., 19., 71., 56., 8., 55., 73., 5., 0., 1., 123.,
       36., 12., 48., 55., 5., 1., 23., 73., 17., 7., 51., 74., 3., 2.,
       16., 91., 11., 3., 6., 2., 6., 6., 25., 74., 8., 1., 5., 93., 34.,
       6., 55., 123., 23., 1., 7., 106., 27., 1., 9., 119., 39., 4., 47.,
       123., 4., 0., 2., 123., 43., 1., 4., 6., 1., 1., 1., 41., 6., 0.,
       1., 89., 23., 4., 53., 123., 16., 0., 1., 123., 24., 0., 1., 110.,
       22., 0., 2., 123., 27., 0., 0., 123., 44., 0., 1., 18., 2., 0.,
       0., 75., 0., 0., 2., 26., 0., 0., 11., 28., 0., 0., 11., 155., 0.,
       0., 0., 155., 0., 0., 2., 43., 0., 0., 3., 41., 0., 0., 0., 0.,
       0., 0., 1., 61., 15., 31., 47., 17., 1., 0., 4., 40., 3., 6.,
       122., 155., 7., 0., 1., 155., 5., 0., 12., 33., 1., 0., 5., 52.,
       1., 0., 0., 0., 0., 0., 2., 19., 20., 31., 23., 8., 12., 40., 48.,
       37., 1., 4., 35., 148., 102., 25., 12., 155., 2., 0., 2., 25.,
       13., 1., 27., 47., 1., 3., 1., 0., 0., 0., 2., 16., 0., 0., 1.,
       19., 6., 22., 50., 24., 2., 0., 11., 155., 23., 7., 4., 155., 34.,
       5., 3., 35., 3., 0., 12., 19., 12., 36., 8., 0., 0., 4., 2., 32.,
       20., 0., 1., 127., 28., 0., 0., 103., 106., 30., 13., 10., 1., 0.,
       2., 4., 8., 42., 74., 1., 1., 15., 26., 3., 0., 4., 34., 38., 48.,
       29., 13., 11., 9., 0., 1., 127., 55., 0., 2., 127., 57., 11., 2.,
       37., 10., 2., 65., 35., 4., 7., 4., 1., 1., 28., 126., 1., 0., 0.,
       0., 107., 39., 21., 21., 7., 1., 0., 0., 127., 59., 0., 1., 127.,
       42., 0., 0., 67., 19., 0., 18., 97., 19., 0., 0., 1., 0., 1., 18.,
       1., 0., 0., 0., 115., 16., 0., 1., 1., 0., 0., 0., 127., 41., 0.,
       0., 127., 44., 0., 0., 89., 24., 0., 0., 114., 34., 0., 0., 1.,
       0., 0., 0., 1., 0., 0., 0., 78., 9., 0., 0., 44., 31., 29., 11.,
       24., 18., 6., 18., 52., 101., 23., 4., 16., 6., 0., 0., 13., 10.,
       2., 48., 12., 0., 0., 0., 10., 4., 14., 44., 4., 1., 3., 8., 78.,
       3., 1., 14., 117., 16., 4., 42., 117., 40., 3., 23., 88., 5., 0.,
       6., 57., 20., 10., 117., 59., 0., 0., 2., 54., 30., 11., 33., 7.,
       1., 3., 19., 41., 0., 0., 62., 117., 0., 0., 35., 117., 9., 3.,
       38., 86., 5., 2., 44., 84., 10., 6., 94., 117., 10., 1., 36., 95.,
       9., 2., 23., 19., 1., 6., 79., 10., 1., 2., 70., 72., 2., 3., 58.,
       42., 0., 0., 12., 68., 7., 6., 117., 106., 0., 0., 22., 117., 7.,
       2., 25., 96., 1., 0., 35., 57., 0., 0., 20., 27., 8., 3., 23.,
       102., 32., 4., 1., 114., 58., 11., 29., 55., 5., 0., 3., 20., 18.,
       8., 51., 92., 8., 2., 4., 12., 10., 14., 19., 3., 7., 9., 12., 8.,
       6., 1., 1., 117., 54., 4., 3., 117., 52., 7., 9., 81., 33., 6.,
       34., 48., 5., 3., 11., 82., 68., 15., 39., 35., 1., 0., 1., 9.,
       15., 47., 67., 5., 1., 0., 0., 117., 43., 0., 1., 117., 26., 0.,
       0., 113., 31., 1., 11., 110., 18., 0., 1., 117., 19., 1., 7.,
       117., 17., 1., 7., 27., 16., 8., 13., 0., 0., 1., 1., 91., 24.,
       0., 0., 117., 12., 0., 0., 98., 32., 1., 7., 89., 13., 0., 0.,
       117., 19., 0., 2., 85., 29., 3., 30., 31., 2., 0., 0., 19., 1.,
       0., 2., 82., 9., 4., 47., 119., 0., 0., 5., 95., 3., 0., 6., 92.,
       8., 1., 23., 119., 1., 0., 1., 119., 8., 0., 2., 3., 0., 0., 1.,
       28., 15., 18., 28., 93., 1., 0., 5., 119., 6., 2., 17., 110., 2.,
       0., 16., 119., 8., 1., 22., 119., 2., 0., 3., 119., 9., 0., 1.,
       7., 0., 0., 0., 6., 11., 51., 59., 19., 1., 1., 2., 90., 51., 13.,
       41., 35., 6., 3., 21., 102., 17., 5., 54., 119., 32., 5., 10.,
       119., 15., 3., 3., 5., 2., 0., 3., 5., 3., 3., 5., 20., 13., 22.,
       19., 84., 4., 1., 4., 28., 15., 8., 78., 54., 4., 0., 10., 119.,
       42., 8., 26., 98., 23., 8., 3., 8., 2., 5., 21., 42., 22., 1., 4.,
       3., 46., 48., 34., 22., 42., 15., 28., 84., 31., 22., 6., 37., 6.,
       2., 8., 62., 15., 36., 86., 60., 1., 0., 1., 7., 4., 92., 96.,
       89., 0., 0., 0., 25., 72., 58., 75., 12., 13., 14., 60., 126.,
       126., 38., 8., 126., 52., 16., 24., 19., 17., 27., 104., 65., 4.,
       1., 2., 1., 8., 89., 53., 25., 0., 0., 0., 18., 26., 14., 77., 6.,
       2., 2., 8., 101., 126., 81., 13., 126., 13., 2., 3., 7., 73.,
       116., 119., 65., 8., 6., 13., 1., 1., 1., 12., 5., 0., 2., 4., 2.,
       2., 2., 12., 0., 0., 3., 9., 9., 44., 15., 1., 6., 1., 0., 1.,
       10., 41., 36., 14., 5., 2., 5., 11., 4., 2., 1., 3., 4., 11., 2.,
       4., 1., 2., 10., 2., 0., 5., 19., 54., 8., 6., 12., 0., 28., 33.,
       22., 15., 1., 1., 2., 7., 10., 1., 0., 0., 0., 0., 3., 11., 6.,
       117., 82., 61., 4., 0., 1., 1., 15., 37., 94., 131., 41., 6., 5.,
       6., 131., 131., 59., 35., 3., 1., 3., 24., 44., 8., 1., 0., 0.,
       3., 9., 7., 11., 62., 118., 47., 7., 1., 3., 28., 45., 20., 47.,
       78., 36., 23., 59., 94., 131., 33., 12., 13., 3., 4., 28., 131.,
       31., 12., 52., 15., 0., 1., 1., 10., 12., 1., 3., 29., 13., 5.,
       17., 131., 48., 37., 6., 24., 47., 12., 20., 57., 91., 81., 58.,
       69., 1., 0., 1., 22., 4., 15., 131., 64., 0., 0., 2., 2., 69., 1.,
       0., 9., 111., 0., 0., 1., 120., 1., 0., 8., 84., 0., 0., 7., 69.,
       1., 1., 21., 27., 15., 0., 3., 11., 0., 1., 32., 51., 15., 0.,
       13., 69., 0., 0., 5., 120., 1., 0., 9., 120., 5., 1., 7., 103.,
       1., 0., 12., 67., 7., 5., 120., 43., 0., 0., 3., 72., 3., 3., 72.,
       20., 0., 1., 51., 32., 1., 1., 29., 120., 1., 0., 15., 120., 25.,
       2., 19., 88., 2., 1., 16., 58., 10., 3., 65., 120., 6., 1., 12.,
       120., 1., 0., 20., 27., 0., 0., 49., 6., 1., 3., 39., 61., 18.,
       4., 10., 79., 3., 0., 8., 38., 14., 7., 88., 51., 1., 0., 1.,
       120., 22., 3., 19., 120., 5., 1., 9., 39., 2., 0., 9., 0., 1., 4.,
       46., 25., 0., 0., 0., 45., 36., 39., 67., 22., 0., 0., 3., 58.,
       18., 6., 61., 115., 0., 0., 2., 102., 20., 13., 20., 10., 3., 3.,
       7., 4., 1., 15., 82., 93., 8., 2., 1., 116., 21., 8., 57., 81.,
       4., 0., 20., 78., 15., 4., 52., 116., 1., 0., 9., 56., 31., 47.,
       49., 11., 1., 0., 1., 4., 1., 5., 13., 116., 43., 17., 10., 116.,
       82., 12., 26., 116., 22., 2., 14., 41., 27., 12., 78., 104., 34.,
       7., 19., 20., 9., 12., 15., 7., 12., 26., 36., 3., 1., 0., 0.,
       116., 20., 1., 2., 116., 12., 1., 1., 116., 27., 3., 31., 84., 5.,
       1., 3., 112., 36., 8., 32., 56., 2., 0., 1., 20., 16., 34., 47.,
       37., 25., 10., 23., 93., 29., 0., 0., 68., 59., 8., 14., 115.,
       34., 1., 0., 115., 101., 2., 6., 80., 27., 1., 1., 43., 34., 6.,
       12., 6., 2., 0., 0., 10., 17., 28., 59., 40., 9., 2., 6., 115.,
       58., 10., 14., 47., 45., 15., 43., 113., 61., 2., 3., 102., 115.,
       14., 16., 89., 60., 14., 13., 3., 1., 7., 26., 13., 3., 4., 3.,
       21., 30., 31., 58., 115., 25., 0., 1., 53., 37., 8., 20., 99.,
       10., 0., 1., 115., 63., 9., 29., 115., 4., 0., 0., 6., 5., 6.,
       55., 6., 1., 2., 1., 44., 36., 22., 63., 115., 8., 0., 0., 72.,
       41., 5., 17., 59., 2., 0., 0., 33., 48., 36., 38., 30., 0., 0.,
       0., 1., 3., 12., 49., 94., 22., 6., 47., 47., 2., 1., 6., 114.,
       6., 4., 74., 47., 1., 0., 41., 72., 2., 12., 101., 35., 1., 1.,
       37., 2., 6., 27., 86., 46., 1., 1., 0., 58., 3., 1., 5., 94., 32.,
       10., 79., 114., 9., 2., 11., 101., 21., 1., 25., 80., 9., 8.,
       110., 114., 0., 0., 16., 34., 8., 9., 26., 42., 23., 21., 36.,
       20., 0., 0., 0., 64., 73., 9., 64., 81., 22., 5., 10., 67., 105.,
       37., 9., 63., 14., 6., 50., 114., 29., 13., 45., 89., 0., 0., 1.,
       9., 24., 61., 102., 4., 2., 4., 0., 4., 29., 4., 16., 1., 1., 1.,
       7., 20., 87., 58., 2., 26., 0., 0., 4., 44., 67., 28., 55., 64.,
