%YAML:1.0
---
mat: !!opencv-matrix
   rows: 41
   cols: 128
   dt: f
   data: [ 1., 0., 0., 0., 0., 0., 0., 1., 17., 0., 0., 0., 0., 2., 3.,
       13., 2., 0., 0., 0., 2., 16., 7., 7., 3., 0., 0., 0., 0., 1., 3.,
       14., 12., 1., 0., 0., 0., 0., 0., 5., 160., 9., 1., 3., 3., 15.,
       22., 102., 21., 9., 4., 19., 22., 110., 64., 62., 11., 10., 4.,
       1., 0., 5., 37., 88., 16., 2., 0., 0., 0., 0., 0., 2., 160., 43.,
       6., 26., 15., 2., 1., 26., 48., 59., 26., 122., 67., 12., 4., 9.,
       50., 72., 16., 3., 0., 1., 4., 12., 4., 8., 23., 0., 0., 0., 0.,
       1., 64., 131., 160., 36., 8., 0., 0., 6., 23., 60., 160., 123.,
       32., 0., 0., 0., 39., 87., 160., 3., 0., 0., 0., 1., 13., 18., 9.,
       3., 0., 1., 31., 32., 12., 15., 11., 11., 2., 0., 6., 24., 3., 2.,
       57., 55., 3., 0., 1., 2., 0., 0., 96., 62., 2., 0., 0., 0., 13.,
       20., 103., 85., 35., 11., 13., 8., 83., 107., 101., 44., 34., 15.,
       3., 7., 21., 14., 100., 116., 113., 98., 19., 17., 13., 10., 106.,
       55., 9., 32., 58., 34., 57., 27., 23., 33., 80., 116., 42., 20.,
       116., 43., 23., 10., 18., 62., 60., 116., 34., 2., 1., 2., 36.,
       116., 71., 40., 5., 1., 0., 0., 2., 42., 116., 61., 71., 41., 4.,
       1., 1., 30., 25., 10., 16., 14., 8., 1., 0., 13., 36., 50., 6.,
       2., 0., 5., 14., 11., 4., 6., 3., 1., 0., 2., 4., 7., 8., 4., 10.,
       116., 57., 1., 0., 0., 0., 0., 21., 66., 44., 2., 0., 0., 1., 4.,
       13., 5., 4., 6., 4., 1., 3., 12., 1., 1., 4., 19., 23., 14., 3.,
       1., 23., 65., 52., 19., 8., 63., 76., 10., 116., 116., 68., 29.,
       9., 18., 26., 44., 52., 36., 82., 116., 28., 1., 1., 4., 50., 87.,
       69., 35., 23., 6., 2., 1., 1., 0., 0., 1., 2., 85., 116., 7., 66.,
       4., 3., 17., 35., 49., 110., 95., 39., 16., 22., 116., 116., 116.,
       75., 29., 116., 51., 19., 45., 41., 20., 43., 60., 0., 0., 1., 4.,
       5., 4., 9., 1., 0., 1., 23., 13., 16., 12., 10., 3., 1., 14., 34.,
       7., 10., 54., 60., 6., 9., 5., 6., 26., 67., 20., 39., 21., 7.,
       1., 0., 0., 0., 11., 36., 31., 3., 0., 0., 0., 6., 38., 31., 13.,
       5., 0., 0., 0., 2., 18., 54., 29., 2., 0., 0., 0., 0., 22., 35.,
       12., 113., 4., 0., 0., 12., 34., 32., 113., 52., 3., 0., 0., 113.,
       113., 30., 29., 113., 28., 9., 2., 13., 74., 73., 85., 6., 9., 8.,
       2., 22., 113., 105., 37., 81., 71., 95., 7., 4., 5., 0., 41., 28.,
       66., 88., 47., 113., 93., 1., 4., 113., 85., 68., 36., 29., 22.,
       1., 5., 16., 113., 82., 34., 40., 26., 26., 7., 2., 24., 55., 7.,
       0., 0., 0., 0., 0., 30., 91., 30., 5., 0., 0., 0., 2., 29., 60.,
       28., 2., 0., 0., 0., 0., 42., 66., 25., 2., 0., 0., 0., 45., 9.,
       6., 2., 35., 84., 49., 79., 0., 0., 0., 1., 36., 104., 76., 9.,
       0., 0., 0., 1., 9., 51., 43., 7., 0., 0., 0., 0., 0., 16., 13.,
       0., 85., 104., 61., 10., 23., 29., 9., 17., 35., 20., 8., 77.,
       119., 75., 41., 9., 119., 7., 1., 22., 39., 87., 65., 69., 4., 0.,
       0., 4., 24., 119., 63., 5., 37., 119., 60., 14., 3., 1., 0., 0.,
       62., 52., 68., 119., 62., 2., 0., 3., 119., 47., 16., 54., 26.,
       16., 2., 19., 10., 3., 16., 119., 45., 54., 16., 1., 4., 10., 7.,
       1., 1., 0., 0., 1., 16., 18., 16., 7., 0., 0., 0., 1., 43., 81.,
       64., 43., 3., 0., 0., 1., 0., 3., 25., 99., 4., 1., 0., 0., 24.,
       6., 8., 22., 25., 43., 24., 24., 5., 4., 16., 30., 16., 43., 111.,
       42., 65., 3., 7., 1., 0., 4., 44., 111., 52., 1., 0., 1., 1., 2.,
       9., 111., 13., 11., 83., 88., 2., 10., 26., 42., 111., 60., 41.,
       25., 2., 26., 87., 43., 87., 20., 16., 21., 8., 38., 69., 43.,
       62., 53., 67., 27., 3., 1., 2., 16., 3., 2., 25., 31., 5., 4.,
       111., 78., 85., 26., 64., 50., 5., 3., 49., 76., 23., 25., 98.,
       92., 14., 10., 47., 66., 10., 34., 66., 24., 2., 1., 80., 99.,
       16., 19., 6., 13., 21., 20., 38., 19., 7., 3., 15., 40., 13., 15.,
       76., 64., 35., 19., 23., 9., 1., 1., 50., 111., 3., 14., 35., 9.,
       0., 0., 54., 52., 28., 4., 4., 15., 35., 64., 30., 21., 1., 3.,
       8., 14., 12., 60., 110., 22., 37., 4., 1., 1., 0., 16., 68., 95.,
       50., 2., 0., 0., 0., 1., 28., 110., 10., 17., 98., 104., 5., 12.,
       14., 22., 105., 81., 47., 18., 1., 49., 61., 19., 47., 4., 0., 0.,
       2., 103., 72., 27., 110., 19., 1., 0., 1., 5., 6., 41., 8., 5.,
       36., 39., 3., 11., 110., 61., 110., 40., 29., 10., 1., 9., 63.,
       82., 40., 19., 59., 56., 24., 57., 14., 7., 24., 66., 69., 45.,
       9., 9., 5., 9., 2., 6., 14., 24., 14., 7., 43., 27., 9., 11., 63.,
       86., 6., 3., 25., 27., 13., 18., 99., 50., 5., 6., 43., 85., 6.,
       12., 22., 29., 4., 7., 110., 67., 1., 0., 0., 0., 0., 7., 18.,
       16., 2., 0., 0., 0., 2., 21., 23., 13., 3., 0., 0., 0., 0., 10.,
       58., 32., 0., 0., 0., 0., 0., 11., 61., 9., 79., 0., 0., 0., 34.,
       34., 30., 80., 66., 1., 0., 0., 92., 113., 41., 54., 113., 36.,
       11., 0., 10., 55., 111., 113., 4., 13., 9., 2., 23., 106., 113.,
       16., 107., 39., 22., 14., 34., 12., 10., 57., 54., 24., 43., 66.,
       113., 76., 5., 20., 98., 113., 113., 18., 22., 16., 3., 6., 2.,
       98., 113., 45., 45., 26., 13., 1., 12., 31., 21., 16., 10., 13.,
       74., 16., 1., 8., 34., 85., 52., 18., 12., 1., 0., 9., 44., 40.,
       13., 0., 0., 0., 0., 19., 69., 15., 2., 0., 0., 0., 17., 1., 0.,
       0., 7., 89., 88., 55., 1., 0., 0., 0., 4., 100., 71., 10., 10.,
       1., 0., 0., 1., 9., 43., 60., 25., 23., 16., 1., 2., 9., 48., 75.,
       66., 110., 31., 4., 13., 74., 26., 34., 17., 24., 9., 53., 115.,
       115., 54., 5., 115., 13., 2., 24., 37., 31., 62., 86., 15., 23.,
       28., 43., 51., 58., 42., 18., 6., 115., 113., 10., 2., 1., 0., 0.,
       37., 67., 95., 115., 81., 5., 1., 2., 115., 61., 30., 90., 30.,
       2., 1., 12., 53., 10., 14., 115., 47., 5., 3., 22., 0., 6., 11.,
       0., 0., 0., 0., 0., 5., 13., 20., 8., 0., 0., 0., 0., 13., 39.,
       50., 22., 2., 0., 0., 0., 33., 30., 28., 26., 5., 0., 0., 5., 45.,
       81., 27., 8., 10., 4., 0., 0., 16., 23., 24., 14., 65., 95., 76.,
       15., 6., 7., 11., 6., 4., 31., 119., 50., 2., 5., 20., 5., 2.,
       34., 119., 2., 24., 99., 119., 10., 4., 6., 12., 7., 119., 113.,
       91., 11., 8., 5., 12., 22., 31., 12., 75., 109., 42., 3., 23.,
       14., 5., 28., 119., 39., 3., 6., 30., 0., 13., 9., 14., 4., 5.,
       20., 119., 56., 119., 27., 17., 33., 18., 3., 67., 108., 21., 10.,
       21., 85., 103., 19., 43., 14., 20., 16., 30., 22., 14., 45., 69.,
       15., 36., 15., 4., 5., 2., 2., 23., 22., 8., 7., 6., 51., 40., 2.,
       13., 15., 13., 42., 11., 17., 9., 5., 24., 11., 16., 31., 4., 0.,
       0., 18., 67., 11., 0., 0., 5., 144., 144., 9., 2., 0., 4., 3.,
       42., 144., 65., 1., 8., 11., 32., 1., 4., 32., 16., 1., 19., 69.,
       46., 6., 6., 49., 14., 1., 5., 45., 11., 0., 2., 144., 97., 0.,
       0., 4., 101., 9., 11., 41., 8., 2., 35., 108., 16., 3., 2., 61.,
       35., 12., 87., 76., 30., 17., 3., 59., 23., 6., 25., 27., 18., 3.,
       0., 83., 23., 0., 0., 2., 142., 82., 20., 14., 2., 0., 2., 19.,
       33., 25., 24., 85., 32., 22., 43., 48., 22., 48., 15., 14., 25.,
       64., 38., 15., 10., 3., 1., 4., 2., 1., 1., 4., 56., 34., 3., 0.,
       0., 1., 4., 19., 74., 77., 48., 3., 5., 20., 19., 47., 3., 30.,
       47., 14., 44., 108., 9., 6., 2., 5., 51., 34., 28., 31., 56., 26.,
       0., 0., 0., 6., 30., 66., 25., 1., 13., 1., 0., 1., 10., 30., 5.,
       0., 161., 2., 0., 0., 0., 0., 0., 9., 6., 44., 68., 39., 51., 35.,
       57., 29., 51., 5., 6., 23., 49., 84., 57., 38., 19., 1., 0., 6.,
       72., 150., 27., 6., 161., 1., 0., 0., 9., 7., 0., 12., 18., 32.,
       57., 32., 13., 28., 51., 8., 132., 24., 20., 58., 25., 13., 3.,
       9., 19., 6., 11., 107., 110., 32., 5., 16., 161., 39., 0., 2.,
       13., 5., 4., 53., 13., 4., 25., 33., 18., 45., 51., 8., 73., 7.,
