%YAML:1.0
---
mat: !!opencv-matrix
   rows: 114
   cols: 128
   dt: f
   data: [ 1., 0., 0., 0., 0., 0., 0., 0., 147., 1., 0., 0., 0., 0., 0.,
       42., 147., 15., 0., 0., 0., 0., 0., 24., 2., 4., 0., 2., 6., 2.,
       0., 0., 8., 1., 0., 0., 0., 0., 0., 1., 147., 24., 6., 2., 0., 0.,
       0., 48., 135., 62., 75., 23., 0., 0., 0., 18., 1., 56., 41., 39.,
       5., 0., 0., 0., 14., 8., 0., 0., 0., 0., 0., 0., 147., 147., 52.,
       13., 0., 0., 0., 3., 27., 104., 147., 111., 0., 0., 0., 1., 0.,
       132., 147., 79., 1., 0., 0., 0., 17., 2., 0., 0., 0., 0., 0., 5.,
       101., 44., 14., 4., 0., 2., 8., 36., 7., 19., 36., 22., 0., 3.,
       24., 22., 2., 17., 39., 6., 1., 2., 25., 26., 3., 1., 0., 0., 0.,
       0., 0., 1., 125., 54., 15., 0., 0., 0., 0., 12., 38., 44., 104.,
       2., 0., 9., 4., 3., 0., 13., 84., 11., 10., 66., 7., 0., 5., 2.,
       0., 0., 0., 0., 0., 0., 125., 55., 15., 1., 0., 0., 10., 51., 23.,
       27., 108., 8., 0., 33., 92., 42., 0., 16., 116., 17., 4., 68.,
       70., 0., 12., 2., 0., 0., 0., 0., 0., 0., 125., 44., 9., 13., 7.,
       3., 2., 14., 36., 28., 125., 66., 30., 39., 54., 11., 0., 30.,
       125., 19., 1., 41., 73., 2., 6., 10., 0., 0., 0., 0., 0., 0.,
       125., 125., 1., 1., 2., 3., 3., 2., 40., 105., 9., 4., 10., 35.,
       106., 11., 1., 9., 21., 15., 5., 64., 125., 3., 9., 10., 44.,
       124., 7., 1., 20., 40., 35., 30., 5., 7., 2., 4., 31., 94., 34.,
       8., 2., 7., 21., 23., 85., 61., 6., 4., 2., 26., 124., 54., 23.,
       4., 23., 18., 14., 19., 63., 83., 90., 39., 124., 47., 8., 7., 9.,
       18., 57., 114., 24., 3., 1., 30., 120., 47., 65., 31., 0., 0., 0.,
       25., 122., 14., 1., 0., 22., 3., 3., 5., 36., 124., 124., 42.,
       124., 19., 4., 12., 12., 81., 124., 72., 27., 9., 5., 46., 96.,
       12., 3., 5., 0., 0., 0., 3., 12., 0., 0., 0., 54., 3., 4., 1., 6.,
       20., 16., 57., 1., 0., 1., 1., 19., 63., 26., 4., 0., 0., 0., 2.,
       4., 8., 1., 1., 0., 0., 0., 0., 0., 0., 0., 0., 0., 11., 76., 13.,
       6., 13., 0., 0., 2., 16., 32., 18., 8., 7., 1., 2., 1., 1., 6.,
       133., 61., 0., 2., 2., 1., 2., 22., 133., 19., 2., 13., 11., 21.,
       84., 133., 16., 0., 0., 10., 9., 118., 133., 59., 17., 38., 10.,
       2., 7., 9., 3., 2., 121., 133., 73., 15., 22., 1., 0., 0., 29.,
       44., 34., 56., 57., 36., 8., 4., 0., 0., 2., 27., 37., 133., 16.,
       0., 0., 11., 18., 10., 88., 28., 0., 0., 0., 74., 133., 32., 23.,
       2., 3., 3., 2., 14., 80., 102., 30., 3., 0., 0., 0., 0., 0., 13.,
       32., 44., 0., 0., 0., 1., 1., 15., 115., 8., 0., 0., 1., 28., 65.,
       2., 10., 10., 7., 5., 2., 31., 73., 9., 5., 9., 115., 44., 6., 5.,
       4., 1., 3., 118., 49., 18., 2., 2., 5., 2., 5., 43., 7., 12., 30.,
       0., 0., 1., 2., 1., 1., 35., 28., 2., 1., 0., 0., 36., 68., 69.,
       13., 0., 0., 1., 32., 126., 91., 44., 14., 4., 0., 1., 43., 56.,
       13., 31., 126., 52., 0., 0., 3., 0., 5., 92., 83., 7., 0., 0., 0.,
       9., 10., 34., 4., 0., 0., 125., 126., 85., 5., 5., 10., 23., 12.,
       50., 126., 16., 4., 11., 120., 126., 98., 9., 9., 0., 14., 27.,
       33., 20., 29., 10., 0., 3., 7., 6., 2., 0., 0., 85., 78., 5., 2.,
       2., 4., 5., 13., 28., 28., 6., 1., 0., 1., 27., 126., 58., 4., 0.,
       0., 1., 0., 4., 70., 57., 0., 18., 2., 1., 12., 44., 12., 2., 3.,
       146., 5., 1., 1., 0., 1., 1., 25., 69., 6., 0., 0., 18., 46., 7.,
       25., 1., 1., 0., 0., 75., 141., 3., 2., 25., 4., 20., 27., 25.,
       12., 1., 2., 146., 11., 1., 2., 1., 1., 4., 62., 70., 1., 0., 0.,
       2., 21., 47., 87., 0., 0., 0., 0., 76., 146., 12., 3., 31., 28.,
       19., 8., 0., 0., 0., 6., 146., 66., 1., 0., 0., 0., 0., 16., 127.,
       31., 0., 0., 0., 12., 12., 13., 0., 0., 0., 0., 26., 96., 10., 0.,
       7., 41., 6., 0., 0., 0., 0., 1., 146., 146., 8., 0., 0., 0., 0.,
       1., 89., 146., 38., 0., 0., 1., 1., 0., 0., 17., 30., 24., 10.,
       8., 2., 0., 15., 0., 0., 10., 87., 21., 69., 30., 2., 0., 0., 0.,
       0., 17., 129., 20., 0., 0., 0., 0., 0., 7., 80., 7., 0., 0., 0.,
       0., 0., 0., 3., 1., 111., 47., 2., 12., 51., 2., 13., 30., 128.,
       28., 2., 5., 1., 9., 129., 129., 11., 4., 4., 23., 9., 34., 129.,
       48., 3., 0., 0., 0., 0., 36., 72., 8., 73., 36., 2., 4., 20., 89.,
       51., 86., 129., 64., 28., 18., 1., 3., 11., 98., 67., 40., 37.,
       49., 6., 8., 14., 29., 37., 16., 14., 5., 0., 28., 53., 43., 8.,
       1., 0., 0., 2., 129., 67., 49., 26., 20., 17., 12., 9., 32., 18.,
       58., 38., 62., 28., 25., 13., 5., 4., 3., 34., 38., 102., 50., 9.,
       6., 2., 10., 3., 1., 0., 0., 0., 0., 0., 0., 63., 6., 2., 0., 0.,
       0., 0., 38., 60., 42., 28., 11., 9., 3., 1., 40., 3., 16., 35.,
       32., 117., 40., 6., 4., 81., 4., 0., 0., 0., 0., 0., 13., 128.,
       40., 9., 3., 5., 21., 8., 49., 16., 35., 63., 36., 38., 44., 5.,
       10., 3., 4., 48., 64., 27., 23., 10., 4., 128., 20., 4., 0., 0.,
       0., 0., 28., 128., 124., 128., 25., 3., 5., 1., 13., 13., 103.,
       128., 51., 31., 16., 1., 4., 15., 47., 19., 23., 18., 16., 11.,
       28., 56., 30., 18., 0., 0., 23., 100., 17., 9., 28., 113., 44.,
       2., 17., 49., 3., 58., 98., 68., 25., 2., 3., 17., 98., 50., 45.,
       7., 2., 1., 0., 8., 128., 1., 0., 0., 8., 75., 34., 10., 13., 66.,
       1., 1., 4., 43., 40., 78., 105., 29., 3., 0., 5., 7., 93., 140.,
       57., 28., 14., 1., 4., 17., 42., 84., 46., 8., 11., 27., 139.,
       56., 7., 1., 1., 140., 34., 11., 36., 18., 1., 0., 19., 71., 1.,
       1., 21., 35., 11., 11., 16., 0., 0., 0., 8., 41., 15., 20., 13.,
       34., 125., 45., 51., 32., 19., 4., 9., 140., 20., 8., 9., 8., 10.,
       5., 53., 64., 4., 4., 7., 11., 4., 9., 17., 2., 1., 5., 10., 40.,
       13., 8., 7., 90., 140., 70., 4., 1., 2., 1., 13., 140., 51., 23.,
       13., 1., 1., 1., 23., 25., 4., 82., 85., 1., 0., 1., 5., 0., 8.,
       73., 26., 3., 0., 0., 0., 6., 0., 2., 22., 96., 5., 4., 38., 114.,
       31., 27., 38., 77., 4., 1., 41., 80., 11., 1., 45., 80., 9., 2.,
       27., 105., 4., 0., 14., 29., 3., 1., 28., 12., 14., 7., 94., 114.,
       2., 0., 3., 114., 15., 1., 46., 86., 4., 0., 50., 102., 13., 5.,
       102., 114., 1., 0., 28., 114., 18., 8., 23., 12., 1., 0., 45.,
       12., 32., 18., 64., 76., 15., 7., 12., 114., 35., 8., 44., 39.,
       10., 8., 39., 88., 34., 17., 97., 97., 1., 2., 31., 85., 23., 31.,
       68., 17., 1., 1., 26., 5., 18., 8., 5., 6., 32., 29., 25., 11.,
       7., 8., 20., 50., 23., 28., 50., 30., 64., 21., 45., 60., 26., 6.,
       11., 25., 33., 35., 21., 7., 2., 5., 21., 1., 4., 11., 52., 50.,
       15., 4., 2., 9., 124., 82., 43., 17., 6., 1., 0., 27., 127., 130.,
       8., 3., 5., 2., 3., 0., 2., 130., 51., 8., 8., 1., 0., 1., 0.,
       11., 42., 107., 59., 6., 7., 44., 14., 5., 13., 60., 66., 5., 2.,
       130., 26., 11., 3., 9., 34., 10., 22., 10., 0., 22., 15., 47.,
       130., 8., 7., 0., 1., 114., 65., 17., 3., 0., 0., 41., 10., 49.,
       49., 47., 10., 0., 0., 130., 26., 2., 2., 5., 9., 8., 41., 33.,
       3., 0., 0., 36., 130., 19., 23., 0., 0., 28., 7., 0., 0., 0., 0.,
       21., 24., 37., 10., 0., 0., 0., 0., 130., 130., 4., 0., 0., 0.,
       1., 3., 36., 61., 32., 17., 25., 39., 3., 3., 3., 108., 62., 4.,
       1., 3., 1., 1., 27., 70., 27., 28., 8., 15., 5., 2., 100., 58.,
       5., 8., 3., 2., 1., 1., 5., 2., 9., 50., 10., 2., 0., 1., 24.,
       57., 37., 9., 1., 1., 16., 55., 48., 67., 55., 99., 3., 0., 4.,
       23., 125., 101., 12., 19., 13., 0., 0., 15., 13., 6., 6., 99.,
       105., 0., 0., 0., 10., 19., 64., 28., 1., 1., 18., 30., 37., 7.,
       46., 54., 1., 0., 19., 125., 125., 11., 3., 8., 18., 4., 13.,
       125., 10., 2., 4., 55., 125., 66., 5., 1., 1., 0., 4., 3., 1., 3.,
       116., 125., 1., 0., 1., 1., 0., 1., 75., 125., 3., 1., 1., 3., 4.,
       9., 22., 52., 4., 1., 0., 0., 13., 87., 30., 4., 0., 0., 0., 0.,
