%YAML:1.0
---
mat: !!opencv-matrix
   rows: 101
   cols: 128
   dt: f
   data: [ 38., 8., 0., 0., 0., 0., 2., 17., 51., 6., 5., 3., 1., 3., 8.,
       67., 52., 10., 2., 1., 3., 20., 43., 106., 11., 11., 5., 3., 68.,
       56., 16., 15., 92., 15., 0., 1., 0., 0., 0., 4., 130., 26., 9.,
       25., 14., 1., 0., 10., 147., 21., 3., 6., 11., 47., 25., 86., 14.,
       2., 1., 10., 61., 147., 32., 13., 57., 55., 0., 0., 0., 0., 0.,
       0., 123., 51., 1., 5., 13., 3., 4., 30., 147., 55., 3., 23., 27.,
       4., 1., 37., 27., 45., 21., 67., 71., 36., 12., 2., 26., 37., 0.,
       0., 0., 0., 0., 1., 57., 106., 5., 0., 0., 0., 5., 23., 147.,
       130., 9., 27., 17., 0., 3., 15., 15., 29., 33., 111., 60., 0., 0.,
       0., 114., 9., 0., 1., 31., 11., 1., 26., 37., 3., 0., 6., 110.,
       68., 2., 21., 121., 3., 0., 0., 32., 22., 3., 63., 16., 1., 0.,
       1., 121., 36., 3., 10., 121., 5., 1., 5., 35., 5., 1., 33., 66.,
       4., 1., 39., 121., 34., 1., 16., 121., 7., 2., 13., 56., 11., 0.,
       45., 22., 2., 1., 28., 121., 13., 0., 6., 120., 61., 15., 15.,
       26., 0., 0., 2., 40., 32., 25., 96., 118., 0., 0., 0., 121., 97.,
       29., 33., 31., 0., 0., 2., 7., 11., 19., 83., 121., 0., 0., 0.,
       9., 43., 40., 14., 3., 0., 0., 0., 2., 19., 66., 52., 9., 0., 0.,
       0., 5., 55., 60., 15., 2., 0., 0., 0., 0., 5., 35., 47., 14., 0.,
       0., 0., 4., 0., 0., 0., 0., 4., 38., 29., 10., 0., 0., 0., 0.,
       22., 48., 27., 25., 0., 0., 0., 4., 33., 74., 68., 34., 3., 0.,
       0., 11., 52., 25., 18., 119., 5., 0., 0., 3., 22., 38., 67., 50.,
       1., 0., 0., 57., 123., 45., 23., 123., 6., 0., 0., 35., 47., 18.,
       38., 34., 9., 0., 0., 118., 81., 5., 3., 123., 41., 0., 0., 8.,
       6., 2., 6., 63., 18., 0., 3., 123., 59., 3., 5., 123., 92., 3.,
       5., 66., 13., 1., 4., 23., 25., 4., 5., 123., 31., 0., 1., 109.,
       87., 2., 0., 2., 0., 0., 0., 41., 48., 7., 13., 123., 12., 0., 0.,
       57., 97., 3., 9., 71., 7., 0., 1., 35., 31., 3., 4., 81., 43., 2.,
       3., 33., 5., 4., 16., 7., 1., 2., 27., 57., 9., 3., 8., 10., 12.,
       43., 85., 28., 12., 5., 4., 57., 50., 24., 40., 15., 6., 1., 15.,
       137., 21., 4., 3., 60., 13., 3., 26., 36., 1., 0., 4., 137., 21.,
       2., 6., 14., 19., 10., 50., 44., 3., 3., 14., 85., 137., 42., 25.,
       4., 2., 1., 11., 101., 112., 65., 24., 52., 17., 1., 4., 30., 9.,
       5., 22., 137., 27., 2., 9., 20., 3., 2., 46., 61., 45., 13., 68.,
       133., 21., 5., 2., 22., 56., 14., 12., 16., 63., 57., 13., 24.,
       57., 14., 0., 0., 1., 3., 12., 137., 88., 18., 7., 13., 0., 1.,
       15., 50., 31., 6., 52., 137., 0., 0., 0., 21., 44., 53., 65., 14.,
       0., 0., 0., 113., 27., 1., 5., 55., 9., 0., 3., 65., 20., 0., 4.,
       118., 22., 0., 3., 95., 36., 6., 4., 76., 22., 2., 8., 0., 0., 0.,
       1., 93., 37., 1., 0., 118., 37., 1., 3., 38., 22., 2., 6., 69.,
       7., 0., 3., 99., 98., 3., 15., 118., 7., 1., 0., 57., 46., 6.,
       28., 3., 0., 0., 0., 118., 74., 2., 1., 118., 12., 0., 1., 42.,
       15., 1., 5., 82., 11., 1., 14., 118., 53., 2., 6., 118., 35., 4.,
       9., 76., 14., 0., 7., 6., 3., 2., 10., 118., 19., 0., 0., 62.,
       48., 8., 7., 39., 6., 0., 0., 29., 39., 25., 48., 93., 0., 0., 0.,
       38., 84., 38., 27., 32., 0., 0., 0., 1., 8., 21., 47., 76., 0.,
       0., 0., 72., 9., 0., 0., 0., 0., 52., 127., 30., 2., 0., 0., 0.,
       3., 103., 127., 3., 0., 0., 0., 1., 33., 127., 30., 3., 1., 1.,
       5., 17., 39., 24., 5., 127., 63., 0., 0., 0., 2., 54., 77., 127.,
       37., 3., 3., 2., 14., 98., 100., 10., 4., 4., 40., 64., 107.,
       111., 16., 0., 0., 0., 29., 70., 36., 6., 0., 61., 23., 4., 1.,
       2., 23., 117., 60., 127., 74., 43., 29., 2., 3., 8., 36., 8., 16.,
       47., 127., 57., 13., 4., 2., 0., 0., 0., 56., 27., 1., 0., 0.,
       44., 26., 4., 1., 2., 3., 3., 47., 17., 10., 9., 36., 18., 0., 1.,
       19., 0., 1., 7., 74., 26., 0., 0., 0., 0., 0., 0., 5., 1., 0., 0.,
       0., 46., 10., 0., 0., 0., 0., 10., 16., 154., 70., 7., 12., 38.,
       11., 3., 8., 10., 4., 3., 12., 154., 61., 3., 1., 0., 0., 0., 0.,
       11., 14., 13., 2., 36., 0., 0., 0., 0., 1., 14., 18., 154., 10.,
       0., 2., 25., 25., 12., 86., 24., 2., 0., 2., 154., 131., 12., 19.,
       0., 0., 0., 0., 31., 25., 10., 1., 45., 2., 0., 0., 1., 3., 2.,
       5., 154., 37., 0., 3., 30., 7., 2., 14., 53., 9., 0., 6., 154.,
       69., 2., 4., 0., 0., 0., 0., 54., 24., 10., 1., 21., 2., 0., 0.,
       0., 6., 4., 3., 154., 60., 3., 2., 11., 3., 0., 2., 52., 26., 6.,
       26., 154., 28., 0., 1., 0., 0., 0., 4., 64., 9., 1., 0., 32., 4.,
       2., 0., 0., 0., 1., 3., 159., 8., 0., 1., 23., 7., 3., 46., 36.,
       2., 0., 9., 159., 27., 4., 13., 0., 5., 3., 7., 45., 1., 0., 0.,
       47., 15., 11., 0., 0., 0., 0., 1., 159., 24., 2., 7., 37., 1., 0.,
       30., 44., 5., 2., 46., 159., 2., 0., 9., 1., 3., 1., 14., 52., 0.,
       0., 0., 47., 20., 8., 1., 0., 0., 0., 0., 159., 82., 12., 29.,
       28., 1., 0., 11., 19., 17., 13., 136., 159., 1., 0., 2., 1., 3.,
       12., 18., 24., 0., 0., 0., 39., 15., 9., 0., 0., 0., 0., 1., 159.,
       26., 2., 5., 33., 12., 6., 34., 11., 3., 3., 29., 159., 33., 4.,
       7., 0., 1., 20., 15., 15., 0., 0., 0., 58., 23., 4., 1., 0., 0.,
       0., 1., 128., 72., 0., 0., 0., 12., 18., 12., 21., 67., 1., 0.,
       1., 74., 99., 9., 3., 9., 2., 1., 6., 128., 60., 1., 80., 16., 2.,
       1., 0., 0., 0., 3., 128., 39., 1., 2., 0., 0., 22., 58., 34., 66.,
       36., 40., 4., 7., 46., 33., 7., 22., 101., 43., 15., 60., 17., 1.,
       86., 28., 15., 1., 0., 0., 0., 3., 128., 59., 5., 11., 9., 1., 2.,
       32., 14., 26., 61., 128., 106., 2., 5., 6., 1., 93., 121., 43.,
       13., 0., 1., 1., 78., 34., 10., 4., 0., 0., 0., 1., 128., 50., 1.,
       3., 18., 2., 0., 11., 10., 7., 5., 36., 128., 20., 0., 2., 0.,
       41., 49., 17., 48., 2., 0., 0., 112., 2., 0., 0., 37., 26., 1.,
       8., 71., 1., 0., 0., 102., 58., 1., 15., 94., 1., 0., 0., 82.,
       40., 2., 25., 0., 0., 0., 0., 94., 47., 4., 0., 112., 18., 0., 2.,
       73., 17., 1., 5., 85., 19., 0., 7., 112., 27., 1., 4., 112., 28.,
       3., 1., 98., 28., 2., 12., 1., 0., 1., 1., 112., 54., 2., 1., 87.,
       18., 0., 1., 73., 25., 1., 8., 81., 12., 0., 4., 80., 77., 6.,
       21., 112., 6., 0., 0., 64., 50., 6., 44., 4., 0., 0., 0., 112.,
       72., 2., 2., 70., 12., 1., 2., 66., 11., 0., 5., 78., 21., 6.,
       21., 67., 21., 2., 7., 85., 41., 12., 20., 62., 10., 0., 7., 4.,
       4., 5., 23., 112., 10., 0., 1., 115., 7., 0., 0., 0., 0., 1., 28.,
       74., 7., 0., 17., 84., 26., 10., 28., 72., 14., 1., 12., 64., 17.,
       7., 39., 48., 2., 0., 11., 80., 14., 3., 9., 115., 40., 1., 2.,
       1., 0., 0., 2., 87., 35., 5., 66., 108., 3., 1., 2., 95., 64., 4.,
       37., 72., 6., 0., 8., 76., 14., 1., 24., 90., 7., 0., 3., 115.,
       26., 2., 1., 2., 0., 1., 3., 103., 11., 2., 23., 115., 13., 2.,
       6., 115., 11., 1., 12., 86., 12., 0., 24., 85., 5., 0., 14., 103.,
       12., 0., 8., 115., 28., 3., 2., 1., 0., 0., 0., 77., 20., 2., 50.,
       91., 0., 0., 0., 115., 31., 1., 23., 65., 0., 0., 0., 56., 18.,
       3., 22., 82., 0., 0., 0., 0., 1., 5., 5., 2., 6., 12., 2., 2., 2.,
       1., 0., 0., 3., 22., 11., 0., 0., 0., 0., 3., 19., 26., 3., 0.,
       0., 0., 2., 14., 10., 1., 0., 18., 22., 57., 19., 1., 1., 6., 7.,
       109., 30., 8., 3., 2., 9., 42., 83., 11., 4., 4., 30., 57., 103.,
       66., 27., 0., 0., 5., 11., 21., 41., 8., 0., 80., 17., 15., 4.,
       0., 51., 109., 99., 103., 82., 42., 16., 2., 73., 91., 17., 9.,
       21., 69., 109., 52., 39., 28., 4., 6., 17., 58., 39., 14., 5., 0.,
       0., 99., 109., 95., 1., 1., 29., 28., 27., 2., 87., 101., 7., 2.,
       80., 109., 5., 1., 9., 44., 101., 109., 109., 82., 1., 26., 42.,
       32., 43., 44., 10., 0., 0., 26., 2., 0., 0., 0., 0., 21., 102.,
