%YAML:1.0
---
mat: !!opencv-matrix
   rows: 117
   cols: 128
   dt: f
   data: [ 40., 0., 0., 4., 20., 53., 46., 27., 21., 7., 12., 42., 47.,
       117., 117., 34., 97., 13., 8., 4., 1., 11., 71., 117., 2., 0., 0.,
       0., 0., 25., 71., 19., 86., 8., 0., 3., 22., 36., 35., 30., 12.,
       21., 55., 93., 113., 88., 68., 14., 117., 85., 44., 17., 6., 13.,
       40., 76., 20., 1., 0., 0., 0., 37., 44., 15., 117., 14., 0., 0.,
       12., 34., 15., 45., 8., 3., 3., 10., 77., 117., 117., 35., 92.,
       10., 2., 2., 5., 23., 117., 117., 12., 0., 0., 0., 0., 36., 24.,
       19., 24., 0., 0., 0., 0., 3., 30., 59., 0., 0., 0., 0., 0., 12.,
       55., 7., 0., 0., 0., 0., 0., 7., 48., 15., 0., 0., 0., 0., 0.,
       24., 22., 1., 54., 34., 14., 0., 0., 0., 0., 41., 41., 21., 18.,
       1., 0., 0., 0., 54., 17., 18., 11., 0., 0., 0., 2., 44., 20., 1.,
       0., 0., 0., 0., 3., 29., 100., 117., 73., 13., 15., 14., 7., 41.,
       58., 86., 117., 71., 50., 18., 8., 21., 117., 117., 89., 8., 3.,
       3., 6., 28., 48., 7., 0., 0., 0., 0., 2., 19., 78., 7., 2., 2.,
       11., 37., 56., 117., 39., 8., 10., 17., 58., 92., 117., 87., 117.,
       25., 7., 3., 3., 9., 88., 117., 55., 1., 0., 0., 0., 0., 0., 14.,
       31., 74., 78., 0., 0., 1., 6., 32., 20., 47., 117., 1., 0., 3.,
       27., 29., 20., 74., 73., 0., 0., 0., 16., 33., 25., 18., 1., 0.,
       0., 0., 0., 6., 0., 1., 23., 44., 7., 0., 0., 0., 9., 48., 78.,
       31., 3., 0., 0., 0., 4., 19., 54., 59., 6., 0., 0., 0., 10., 40.,
       50., 19., 1., 0., 0., 0., 2., 2., 12., 63., 115., 5., 0., 1.,
       115., 58., 33., 47., 69., 7., 0., 22., 66., 23., 22., 115., 115.,
       7., 0., 8., 115., 39., 21., 35., 32., 1., 0., 16., 3., 3., 4.,
       50., 115., 3., 0., 1., 115., 48., 0., 29., 81., 5., 0., 11., 66.,
       18., 4., 41., 115., 44., 3., 16., 115., 28., 3., 25., 48., 7., 2.,
       23., 6., 1., 3., 46., 115., 0., 0., 1., 115., 15., 2., 27., 60.,
       0., 0., 8., 50., 24., 8., 103., 93., 1., 0., 2., 100., 40., 4.,
       21., 45., 1., 0., 3., 3., 0., 0., 0., 0., 70., 127., 44., 127.,
       3., 0., 0., 2., 121., 80., 39., 127., 3., 0., 0., 0., 8., 87.,
       70., 21., 0., 0., 0., 0., 4., 44., 85., 2., 0., 0., 3., 12., 46.,
       68., 70., 61., 2., 0., 13., 51., 124., 60., 19., 127., 14., 0.,
       0., 4., 15., 43., 56., 43., 1., 0., 0., 0., 28., 55., 47., 0., 0.,
       0., 0., 2., 41., 105., 55., 6., 0., 0., 2., 8., 84., 127., 26.,
       85., 3., 0., 0., 1., 5., 127., 118., 26., 0., 0., 0., 0., 7., 46.,
       65., 0., 0., 0., 0., 0., 0., 30., 46., 0., 0., 0., 0., 0., 1.,
       66., 24., 0., 0., 0., 0., 0., 0., 54., 21., 1., 0., 0., 0., 0.,
       0., 7., 14., 47., 85., 18., 0., 0., 0., 0., 5., 55., 48., 42., 0.,
       0., 0., 0., 30., 49., 63., 26., 0., 0., 0., 0., 9., 7., 14., 1.,
       0., 0., 0., 0., 0., 86., 70., 126., 1., 0., 0., 0., 9., 43., 59.,
       126., 9., 0., 0., 4., 16., 126., 114., 86., 2., 0., 0., 1., 6.,
       56., 20., 0., 0., 0., 0., 0., 0., 79., 39., 126., 1., 0., 0., 3.,
       126., 58., 19., 57., 1., 0., 14., 52., 126., 126., 23., 6., 0.,
       0., 2., 8., 89., 66., 21., 0., 0., 0., 0., 0., 2., 126., 46., 2.,
       0., 0., 0., 0., 67., 69., 68., 2., 0., 0., 4., 12., 46., 105.,
       51., 0., 0., 0., 0., 2., 42., 31., 42., 0., 0., 0., 0., 0., 1.,
       0., 1., 14., 72., 50., 0., 0., 0., 54., 57., 57., 69., 37., 0.,
       0., 9., 32., 47., 74., 92., 18., 0., 0., 3., 34., 63., 57., 29.,
       3., 0., 0., 3., 4., 2., 6., 103., 108., 0., 0., 0., 108., 19., 3.,
       57., 72., 0., 0., 15., 76., 12., 7., 67., 108., 13., 0., 28., 90.,
       16., 6., 57., 32., 1., 0., 29., 18., 1., 4., 108., 108., 0., 0.,
       5., 108., 13., 6., 80., 46., 0., 0., 20., 87., 43., 23., 108.,
       42., 2., 0., 8., 76., 26., 3., 69., 53., 0., 0., 6., 33., 9., 6.,
       78., 57., 0., 0., 12., 69., 9., 2., 28., 83., 6., 2., 30., 83.,
       8., 4., 38., 62., 8., 7., 53., 62., 8., 5., 65., 47., 0., 0., 13.,
       24., 6., 0., 4., 116., 21., 2., 2., 116., 16., 0., 4., 41., 27.,
       8., 13., 40., 34., 10., 24., 72., 29., 15., 17., 56., 35., 2., 5.,
       45., 25., 2., 6., 17., 2., 0., 1., 116., 86., 6., 11., 116., 13.,
       0., 3., 72., 30., 4., 35., 80., 10., 2., 17., 116., 53., 1., 21.,
       116., 14., 1., 3., 56., 17., 3., 27., 6., 2., 0., 0., 116., 64.,
       3., 2., 116., 21., 0., 0., 70., 38., 0., 11., 60., 8., 1., 3.,
       90., 108., 12., 34., 84., 22., 1., 2., 41., 32., 5., 47., 1., 0.,
       0., 1., 82., 43., 3., 2., 116., 6., 0., 2., 53., 31., 1., 26.,
       49., 11., 2., 7., 116., 31., 2., 8., 97., 35., 3., 3., 41., 13.,
       1., 15., 81., 10., 1., 22., 56., 7., 0., 10., 82., 10., 3., 28.,
       65., 20., 3., 44., 64., 7., 2., 66., 71., 0., 0., 21., 99., 8.,
       2., 22., 24., 0., 0., 28., 73., 9., 7., 97., 49., 1., 0., 10.,
       114., 45., 14., 77., 34., 3., 1., 8., 85., 13., 1., 81., 114., 1.,
       0., 7., 114., 7., 2., 14., 14., 0., 0., 22., 35., 2., 1., 49.,
       114., 12., 4., 25., 114., 6., 2., 39., 49., 4., 4., 83., 82., 13.,
       7., 94., 114., 2., 0., 13., 114., 28., 5., 4., 5., 1., 0., 13.,
       22., 14., 14., 51., 51., 17., 5., 9., 59., 46., 11., 35., 47., 5.,
       4., 35., 70., 6., 5., 62., 99., 1., 0., 37., 100., 14., 4., 1.,
       0., 0., 0., 29., 1., 1., 1., 0., 49., 122., 10., 2., 91., 35., 0.,
       0., 25., 87., 18., 23., 122., 47., 0., 0., 0., 0., 3., 25., 13.,
       1., 0., 0., 0., 1., 14., 21., 2., 48., 46., 18., 61., 59., 3., 3.,
       32., 32., 13., 29., 111., 71., 16., 25., 122., 98., 4., 1., 2.,
       0., 4., 35., 59., 8., 0., 0., 0., 2., 18., 18., 4., 25., 46., 80.,
       18., 12., 10., 7., 22., 48., 23., 50., 38., 7., 48., 61., 122.,
       58., 11., 0., 1., 1., 31., 96., 99., 24., 0., 0., 0., 0., 5., 12.,
       1., 5., 12., 18., 12., 87., 122., 4., 10., 60., 20., 3., 0., 47.,
       122., 13., 40., 111., 23., 0., 0., 7., 99., 20., 82., 76., 0., 0.,
       0., 2., 9., 8., 30., 1., 0., 16., 72., 37., 12., 27., 102., 2.,
       0., 6., 51., 18., 13., 88., 64., 0., 0., 1., 112., 34., 2., 31.,
       77., 1., 0., 0., 2., 2., 5., 50., 59., 8., 5., 25., 63., 54., 14.,
       27., 104., 43., 7., 15., 49., 26., 13., 54., 65., 5., 0., 15.,
       112., 73., 7., 41., 82., 2., 0., 1., 1., 4., 22., 61., 57., 3.,
       2., 34., 112., 18., 1., 25., 112., 16., 3., 21., 73., 9., 2., 51.,
       99., 5., 0., 35., 112., 10., 2., 32., 104., 2., 0., 1., 0., 0.,
       9., 61., 40., 3., 0., 4., 81., 45., 6., 28., 75., 9., 1., 2., 65.,
       24., 7., 79., 94., 0., 0., 2., 112., 23., 1., 31., 88., 0., 0.,
       0., 0., 0., 6., 33., 3., 2., 3., 17., 112., 2., 0., 0., 112., 52.,
       1., 15., 76., 3., 0., 0., 42., 36., 7., 70., 96., 12., 1., 1.,
       67., 56., 4., 14., 56., 4., 0., 1., 2., 0., 5., 37., 112., 4., 0.,
       1., 112., 22., 2., 15., 103., 9., 0., 18., 73., 14., 1., 25.,
       112., 35., 4., 15., 112., 23., 0., 14., 66., 7., 3., 22., 1., 2.,
       19., 46., 92., 5., 0., 1., 102., 86., 9., 29., 79., 9., 0., 10.,
       47., 37., 13., 49., 91., 52., 6., 9., 52., 68., 26., 26., 52.,
       11., 4., 12., 0., 1., 9., 31., 68., 1., 0., 0., 95., 53., 2., 22.,
       97., 1., 0., 0., 59., 30., 7., 52., 112., 5., 0., 2., 85., 28.,
       11., 23., 42., 3., 0., 11., 0., 11., 31., 57., 13., 0., 0., 0.,
       37., 0., 4., 111., 64., 0., 0., 26., 85., 9., 17., 94., 25., 0.,
       0., 30., 77., 22., 15., 60., 18., 1., 0., 15., 2., 10., 44., 111.,
       21., 0., 0., 0., 111., 20., 11., 94., 40., 0., 0., 40., 51., 6.,
       8., 75., 111., 9., 8., 55., 86., 7., 6., 70., 27., 2., 4., 68.,
       26., 3., 9., 111., 41., 0., 0., 7., 111., 19., 20., 97., 21., 0.,
       0., 25., 58., 52., 63., 109., 33., 4., 3., 21., 46., 31., 11.,
       85., 41., 1., 1., 32., 68., 10., 9., 96., 29., 0., 0., 11., 92.,
       8., 6., 85., 43., 0., 0., 23., 69., 13., 9., 60., 30., 0., 1.,
