%YAML:1.0
---
mat: !!opencv-matrix
   rows: 134
   cols: 128
   dt: f
   data: [ 2., 0., 0., 0., 0., 5., 7., 14., 12., 0., 0., 0., 3., 38.,
       17., 13., 48., 0., 0., 0., 6., 40., 16., 34., 33., 3., 0., 0.,
       12., 46., 12., 41., 54., 19., 2., 1., 33., 41., 22., 43., 60.,
       16., 5., 17., 105., 87., 30., 32., 114., 8., 1., 4., 64., 42.,
       10., 28., 76., 19., 1., 3., 112., 47., 3., 10., 78., 20., 1., 2.,
       112., 43., 3., 20., 93., 17., 3., 8., 83., 104., 26., 34., 114.,
       13., 1., 3., 56., 53., 9., 24., 70., 11., 1., 2., 114., 68., 2.,
       7., 68., 20., 1., 6., 98., 37., 2., 8., 114., 49., 0., 2., 92.,
       53., 3., 7., 114., 32., 3., 1., 77., 44., 3., 27., 47., 17., 4.,
       4., 114., 47., 2., 11., 0., 0., 0., 0., 0., 1., 20., 19., 103.,
       0., 0., 0., 0., 3., 19., 37., 110., 2., 0., 1., 65., 38., 12.,
       53., 54., 23., 2., 2., 60., 22., 5., 17., 76., 5., 0., 0., 1.,
       15., 52., 78., 94., 11., 0., 0., 22., 106., 68., 36., 111., 40.,
       2., 6., 86., 32., 4., 23., 104., 12., 0., 2., 90., 40., 3., 22.,
       111., 39., 1., 1., 4., 7., 6., 12., 77., 23., 5., 15., 99., 80.,
       9., 12., 111., 36., 6., 13., 77., 24., 5., 36., 82., 33., 2., 18.,
       111., 20., 1., 2., 111., 16., 1., 1., 1., 1., 1., 10., 74., 13.,
       3., 10., 76., 47., 2., 13., 106., 26., 4., 4., 47., 31., 4., 20.,
       46., 12., 1., 3., 86., 58., 3., 6., 69., 5., 1., 18., 72., 2., 1.,
       23., 62., 5., 1., 5., 74., 40., 8., 27., 113., 19., 3., 14., 59.,
       9., 0., 14., 50., 10., 2., 28., 102., 4., 0., 4., 113., 10., 1.,
       18., 63., 1., 1., 21., 95., 14., 6., 73., 113., 20., 4., 17.,
       113., 5., 2., 15., 105., 8., 0., 21., 57., 4., 0., 6., 113., 6.,
       1., 28., 113., 14., 0., 19., 54., 1., 0., 17., 65., 20., 4., 75.,
       108., 0., 1., 6., 113., 49., 10., 46., 69., 0., 0., 2., 79., 12.,
       3., 45., 97., 1., 1., 13., 89., 17., 3., 20., 39., 2., 0., 18.,
       41., 13., 4., 64., 98., 1., 1., 15., 67., 30., 11., 28., 41., 8.,
       6., 35., 77., 7., 4., 25., 41., 7., 1., 11., 54., 25., 3., 5.,
       34., 20., 9., 23., 59., 6., 3., 16., 83., 48., 11., 13., 111., 5.,
       2., 5., 60., 21., 3., 14., 68., 12., 1., 3., 72., 18., 1., 4.,
       108., 14., 1., 1., 61., 32., 6., 30., 75., 8., 0., 2., 99., 107.,
       17., 23., 111., 9., 1., 2., 55., 45., 6., 33., 72., 15., 0., 1.,
       96., 53., 1., 4., 111., 40., 1., 10., 83., 19., 1., 3., 98., 40.,
       0., 4., 111., 55., 1., 5., 111., 55., 7., 4., 82., 31., 3., 32.,
       55., 14., 4., 5., 111., 33., 1., 6., 61., 23., 1., 4., 67., 38.,
       1., 3., 98., 34., 0., 4., 68., 36., 6., 5., 46., 61., 7., 4., 65.,
       28., 2., 4., 31., 19., 7., 6., 77., 30., 4., 5., 95., 5., 0., 1.,
       11., 28., 13., 40., 57., 6., 2., 17., 121., 10., 2., 25., 83., 9.,
       2., 9., 58., 18., 7., 56., 33., 1., 2., 15., 66., 32., 7., 24.,
       78., 9., 2., 9., 46., 31., 3., 49., 65., 8., 3., 36., 121., 21.,
       5., 30., 121., 5., 0., 8., 88., 19., 3., 40., 57., 1., 0., 1.,
       121., 27., 5., 29., 81., 20., 3., 14., 46., 10., 3., 26., 60.,
       11., 4., 51., 121., 26., 4., 13., 121., 25., 1., 17., 68., 6., 1.,
       5., 67., 19., 1., 11., 119., 9., 2., 14., 97., 5., 0., 8., 50.,
       7., 3., 28., 47., 2., 1., 11., 121., 29., 5., 18., 121., 9., 0.,
       7., 50., 13., 4., 44., 30., 12., 1., 13., 94., 16., 2., 9., 61.,
       2., 1., 24., 78., 15., 1., 33., 74., 4., 3., 19., 96., 23., 11.,
       50., 86., 7., 1., 13., 68., 18., 5., 59., 13., 3., 1., 24., 102.,
       37., 5., 12., 106., 14., 3., 25., 82., 2., 0., 12., 101., 15.,
       11., 68., 101., 4., 1., 12., 106., 11., 2., 49., 64., 2., 1., 29.,
       11., 2., 1., 95., 106., 4., 1., 4., 89., 5., 2., 14., 82., 3., 2.,
       57., 58., 8., 4., 54., 99., 18., 4., 38., 91., 14., 1., 34., 80.,
       8., 7., 39., 1., 2., 2., 57., 106., 2., 1., 0., 97., 6., 2., 26.,
       39., 2., 2., 21., 46., 25., 5., 59., 92., 5., 1., 7., 67., 47.,
       20., 42., 73., 2., 2., 8., 0., 1., 6., 38., 90., 1., 0., 0., 99.,
       14., 0., 0., 5., 19., 26., 39., 68., 14., 0., 1., 34., 86., 25.,
       17., 81., 22., 2., 6., 71., 31., 5., 20., 94., 30., 0., 4., 58.,
       24., 1., 5., 110., 49., 2., 3., 5., 4., 3., 4., 68., 31., 6., 18.,
       92., 47., 3., 8., 91., 44., 9., 12., 82., 29., 4., 18., 78., 40.,
       1., 7., 85., 35., 1., 2., 110., 9., 0., 0., 1., 2., 1., 14., 107.,
       8., 0., 2., 103., 70., 1., 16., 110., 29., 1., 2., 69., 43., 4.,
       18., 67., 15., 0., 4., 110., 61., 3., 5., 99., 42., 1., 0., 0.,
       0., 2., 6., 68., 50., 8., 19., 102., 16., 0., 6., 87., 76., 5.,
       13., 70., 15., 2., 4., 29., 28., 4., 18., 102., 29., 3., 3., 9.,
       7., 2., 0., 0., 0., 0., 1., 101., 20., 2., 0., 0., 1., 5., 28.,
       49., 58., 2., 1., 2., 11., 12., 15., 32., 73., 49., 91., 22., 2.,
       1., 3., 45., 6., 1., 0., 0., 0., 0., 8., 132., 31., 5., 1., 1.,
       15., 66., 132., 25., 11., 12., 14., 23., 132., 114., 55., 12., 4.,
       7., 83., 81., 93., 14., 3., 50., 11., 0., 0., 0., 0., 1., 6.,
       132., 132., 67., 4., 1., 4., 9., 34., 14., 58., 132., 63., 32.,
       80., 17., 9., 0., 0., 77., 101., 52., 102., 18., 0., 23., 10., 0.,
       0., 0., 0., 0., 0., 91., 33., 9., 0., 0., 0., 0., 0., 10., 10.,
       43., 9., 10., 9., 4., 2., 0., 0., 24., 50., 72., 7., 1., 0., 81.,
       67., 3., 6., 44., 14., 0., 2., 44., 43., 10., 33., 108., 21., 1.,
       5., 84., 48., 4., 4., 80., 25., 2., 5., 42., 10., 0., 2., 91.,
       25., 0., 2., 94., 42., 4., 8., 76., 17., 1., 8., 67., 35., 9.,
       18., 108., 65., 3., 13., 104., 58., 4., 18., 66., 27., 4., 10.,
       11., 11., 5., 11., 98., 57., 3., 3., 85., 24., 2., 7., 65., 50.,
       4., 15., 98., 23., 5., 7., 92., 79., 10., 28., 108., 23., 0., 4.,
       62., 49., 5., 22., 21., 4., 0., 9., 108., 64., 4., 7., 51., 24.,
       3., 5., 102., 20., 1., 2., 83., 56., 4., 14., 79., 11., 1., 2.,
       77., 40., 1., 11., 73., 11., 1., 2., 18., 17., 1., 15., 108., 5.,
       0., 1., 77., 3., 0., 1., 0., 0., 1., 67., 54., 1., 1., 28., 91.,
       6., 2., 67., 74., 3., 0., 15., 64., 5., 7., 62., 33., 2., 1., 22.,
       106., 9., 5., 19., 106., 30., 4., 5., 5., 7., 3., 35., 71., 22.,
       11., 90., 95., 8., 1., 21., 106., 22., 10., 56., 60., 3., 2., 39.,
       59., 8., 4., 65., 103., 2., 2., 27., 106., 3., 1., 13., 21., 5.,
       2., 73., 61., 8., 1., 58., 106., 18., 3., 42., 96., 18., 10., 44.,
       75., 20., 7., 54., 69., 11., 3., 38., 72., 10., 4., 45., 106.,
       15., 2., 9., 31., 8., 0., 31., 47., 5., 2., 30., 81., 29., 4.,
       62., 53., 6., 4., 25., 105., 19., 3., 58., 96., 2., 1., 20., 49.,
       3., 2., 42., 6., 1., 0., 0., 2., 11., 3., 9., 18., 1., 0., 0., 0.,
       7., 18., 30., 1., 0., 0., 0., 0., 28., 35., 9., 0., 0., 0., 0.,
       0., 2., 32., 15., 12., 0., 0., 0., 33., 63., 2., 10., 97., 2., 0.,
       0., 1., 12., 24., 107., 14., 1., 0., 0., 5., 119., 83., 68., 12.,
       0., 0., 0., 0., 10., 124., 124., 21., 4., 0., 1., 95., 110., 2.,
       5., 124., 37., 1., 0., 5., 9., 4., 27., 109., 25., 1., 1., 13.,
       36., 33., 58., 124., 58., 1., 0., 0., 2., 40., 124., 12., 26., 2.,
       4., 104., 70., 0., 0., 124., 70., 1., 2., 31., 14., 0., 4., 117.,
       48., 1., 1., 8., 11., 23., 20., 93., 124., 10., 2., 8., 5., 4.,
       2., 46., 25., 3., 7., 56., 10., 1., 4., 47., 17., 6., 28., 101.,
       12., 2., 7., 124., 7., 1., 5., 44., 12., 5., 26., 3., 1., 1., 6.,
       124., 21., 2., 2., 72., 9., 2., 31., 61., 6., 5., 34., 63., 6.,
       1., 16., 113., 39., 14., 31., 124., 12., 1., 15., 67., 20., 8.,
       46., 4., 1., 0., 18., 124., 19., 4., 5., 124., 17., 2., 15., 56.,
       24., 2., 17., 96., 13., 3., 36., 124., 8., 1., 7., 124., 30., 0.,
       23., 77., 5., 0., 4., 8., 3., 0., 24., 124., 11., 0., 3., 64.,
       31., 4., 27., 49., 4., 2., 12., 53., 18., 7., 36., 85., 38., 6.,
