%YAML:1.0
---
mat: !!opencv-matrix
   rows: 96
   cols: 128
   dt: f
   data: [ 0., 0., 0., 17., 123., 9., 4., 0., 0., 1., 4., 4., 3., 7.,
       16., 0., 21., 4., 5., 1., 0., 2., 11., 15., 158., 0., 0., 0., 0.,
       0., 1., 80., 0., 0., 9., 41., 100., 5., 1., 0., 2., 7., 34., 76.,
       31., 3., 2., 0., 112., 51., 37., 13., 2., 0., 1., 17., 158., 3.,
       0., 0., 0., 0., 0., 94., 1., 7., 30., 85., 63., 0., 0., 0., 19.,
       12., 20., 86., 63., 0., 0., 0., 158., 20., 6., 13., 6., 0., 0.,
       28., 158., 2., 0., 0., 0., 0., 0., 68., 7., 12., 9., 47., 47., 0.,
       0., 0., 39., 8., 4., 47., 53., 0., 0., 3., 158., 5., 0., 4., 3.,
       0., 0., 31., 158., 8., 9., 11., 3., 0., 0., 29., 107., 19., 0.,
       0., 21., 23., 1., 5., 52., 6., 0., 0., 50., 57., 3., 11., 145.,
       26., 0., 0., 0., 1., 0., 17., 145., 75., 0., 0., 0., 0., 0., 1.,
       145., 51., 2., 1., 12., 14., 2., 7., 55., 6., 0., 0., 63., 79.,
       7., 14., 145., 17., 0., 0., 2., 6., 4., 26., 145., 93., 0., 0.,
       0., 0., 0., 1., 132., 38., 2., 1., 6., 8., 13., 20., 61., 15., 0.,
       0., 19., 34., 59., 30., 58., 5., 0., 0., 1., 4., 35., 73., 145.,
       91., 0., 0., 0., 0., 0., 4., 63., 25., 2., 2., 13., 7., 22., 22.,
       85., 27., 1., 0., 0., 0., 9., 21., 4., 4., 6., 3., 0., 0., 5., 5.,
       129., 64., 2., 1., 0., 0., 0., 0., 0., 0., 0., 1., 97., 35., 1.,
       0., 4., 1., 1., 17., 129., 41., 5., 10., 129., 12., 1., 5., 19.,
       5., 5., 69., 54., 1., 0., 2., 72., 19., 0., 15., 0., 0., 0., 9.,
       129., 21., 0., 0., 7., 13., 14., 62., 129., 39., 9., 8., 129.,
       45., 13., 8., 8., 7., 10., 37., 76., 2., 0., 5., 80., 32., 0.,
       13., 0., 0., 0., 3., 129., 27., 0., 0., 5., 4., 6., 15., 129.,
       84., 46., 11., 129., 22., 8., 5., 6., 17., 53., 48., 81., 10., 0.,
       10., 55., 27., 16., 11., 0., 0., 0., 13., 118., 12., 0., 0., 2.,
       3., 10., 30., 129., 26., 10., 4., 109., 25., 14., 6., 6., 6., 13.,
       25., 69., 12., 0., 0., 1., 10., 17., 18., 4., 17., 23., 19., 54.,
       6., 0., 0., 3., 6., 10., 34., 123., 20., 12., 5., 120., 20., 13.,
       5., 4., 4., 12., 36., 111., 9., 0., 0., 0., 0., 0., 24., 62., 26.,
       12., 13., 76., 6., 0., 15., 6., 18., 50., 57., 128., 16., 7., 5.,
       128., 73., 46., 11., 5., 5., 7., 20., 128., 16., 0., 0., 0., 0.,
       0., 8., 80., 24., 0., 20., 76., 0., 0., 7., 11., 7., 10., 49.,
       128., 38., 12., 10., 128., 33., 9., 7., 6., 12., 13., 79., 128.,
       12., 0., 0., 0., 0., 0., 14., 62., 13., 0., 26., 65., 1., 0., 4.,
       29., 6., 7., 79., 122., 10., 1., 9., 128., 31., 4., 6., 1., 1.,
       1., 28., 113., 23., 0., 0., 0., 0., 0., 3., 17., 6., 0., 0., 129.,
       56., 1., 6., 129., 20., 0., 0., 25., 11., 1., 34., 45., 2., 0.,
       0., 99., 42., 2., 12., 129., 6., 0., 0., 5., 4., 1., 29., 19., 8.,
       3., 21., 129., 28., 4., 8., 129., 22., 3., 4., 25., 12., 4., 34.,
       60., 1., 0., 0., 114., 52., 3., 23., 129., 0., 0., 0., 6., 5., 1.,
       60., 8., 3., 2., 7., 129., 67., 21., 9., 129., 14., 2., 3., 12.,
       14., 23., 39., 61., 3., 0., 1., 53., 48., 54., 33., 114., 0., 0.,
       0., 2., 4., 23., 69., 3., 1., 1., 9., 122., 30., 22., 2., 129.,
       15., 2., 2., 7., 4., 32., 37., 61., 6., 1., 0., 0., 5., 28., 20.,
       34., 5., 3., 0., 0., 0., 12., 14., 42., 0., 0., 3., 140., 9., 3.,
       43., 143., 0., 0., 2., 60., 0., 0., 16., 116., 4., 5., 2., 0., 0.,
       0., 6., 4., 7., 4., 0., 0., 0., 0., 0., 24., 6., 3., 24., 143.,
       6., 3., 26., 143., 9., 2., 6., 67., 1., 0., 17., 105., 25., 36.,
       58., 0., 0., 0., 3., 42., 35., 17., 8., 0., 0., 0., 1., 12., 23.,
       21., 64., 109., 10., 3., 7., 143., 50., 17., 14., 28., 8., 6.,
       33., 66., 26., 26., 61., 6., 7., 41., 43., 86., 13., 5., 4., 0.,
       0., 7., 44., 21., 18., 21., 57., 140., 16., 6., 16., 143., 82.,
       27., 23., 26., 1., 2., 27., 82., 3., 0., 0., 0., 2., 44., 64., 7.,
       0., 0., 0., 0., 0., 10., 30., 14., 5., 3., 10., 76., 38., 3., 16.,
       91., 13., 1., 1., 14., 21., 6., 69., 60., 1., 0., 0., 48., 59.,
       5., 18., 128., 6., 0., 0., 0., 1., 0., 19., 16., 11., 0., 0.,
       118., 109., 1., 6., 128., 52., 0., 0., 26., 22., 2., 27., 65., 7.,
       0., 0., 93., 70., 3., 9., 128., 20., 0., 0., 4., 4., 1., 15., 8.,
       3., 2., 5., 128., 59., 2., 5., 128., 32., 3., 3., 37., 16., 3.,
       25., 73., 4., 0., 0., 89., 64., 2., 15., 128., 3., 0., 0., 8., 8.,
       1., 34., 1., 2., 1., 4., 128., 65., 8., 2., 128., 25., 3., 3.,
       24., 22., 20., 25., 71., 10., 0., 0., 36., 36., 27., 17., 78., 2.,
       0., 0., 4., 7., 20., 44., 60., 4., 1., 1., 10., 17., 4., 34., 62.,
       1., 0., 0., 29., 46., 5., 15., 152., 14., 0., 0., 0., 0., 0., 16.,
       152., 26., 0., 0., 0., 7., 2., 4., 98., 39., 0., 0., 15., 18., 2.,
       23., 60., 9., 0., 0., 64., 63., 3., 7., 152., 32., 0., 0., 3., 4.,
       1., 9., 152., 43., 0., 0., 0., 2., 2., 3., 128., 22., 1., 2., 29.,
       14., 2., 14., 65., 5., 0., 0., 67., 57., 2., 11., 152., 9., 0.,
       0., 8., 9., 1., 27., 152., 49., 0., 0., 0., 0., 0., 3., 78., 21.,
       2., 2., 24., 18., 12., 14., 64., 11., 0., 0., 30., 31., 17., 12.,
       90., 3., 0., 0., 6., 9., 18., 40., 152., 43., 0., 0., 0., 0., 0.,
       3., 105., 16., 3., 36., 45., 15., 3., 34., 83., 6., 1., 5., 148.,
       49., 5., 22., 148., 12., 0., 0., 20., 3., 0., 1., 41., 1., 0., 0.,
       0., 0., 0., 0., 148., 27., 1., 12., 53., 44., 18., 21., 101., 18.,
       1., 13., 148., 29., 8., 14., 148., 18., 0., 0., 32., 6., 6., 22.,
       56., 5., 0., 0., 0., 0., 0., 1., 29., 9., 0., 2., 5., 71., 138.,
       25., 20., 7., 1., 7., 53., 62., 148., 37., 115., 4., 0., 0., 6.,
       12., 97., 130., 34., 2., 0., 0., 0., 0., 1., 14., 3., 3., 0., 0.,
       0., 4., 25., 3., 3., 3., 0., 0., 0., 2., 47., 8., 3., 2., 0., 0.,
       0., 0., 23., 18., 4., 2., 1., 0., 0., 0., 0., 4., 22., 39., 9.,
       10., 21., 9., 1., 7., 19., 11., 9., 31., 103., 6., 2., 6., 127.,
       21., 7., 9., 13., 3., 3., 12., 27., 13., 14., 31., 2., 2., 10.,
       14., 50., 33., 44., 48., 15., 8., 3., 24., 24., 28., 29., 68.,
       109., 15., 5., 12., 154., 70., 22., 15., 10., 2., 6., 25., 33.,
       1., 1., 2., 1., 2., 35., 48., 154., 13., 9., 19., 34., 6., 2.,
       54., 68., 5., 2., 13., 154., 16., 3., 16., 154., 10., 2., 4., 35.,
       0., 0., 21., 56., 0., 0., 0., 0., 0., 1., 10., 135., 66., 6., 10.,
       24., 20., 4., 5., 58., 19., 7., 44., 154., 1., 0., 2., 154., 0.,
       0., 3., 24., 0., 0., 9., 44., 0., 0., 0., 0., 0., 0., 2., 1., 0.,
       1., 1., 0., 0., 115., 15., 1., 2., 18., 4., 0., 0., 139., 16., 1.,
       9., 13., 0., 0., 0., 139., 10., 1., 2., 0., 0., 0., 0., 122., 6.,
       2., 18., 18., 14., 18., 1., 4., 3., 8., 22., 108., 96., 75., 2.,
       4., 2., 90., 113., 89., 11., 4., 0., 4., 7., 30., 12., 0., 0., 0.,
       0., 5., 5., 15., 128., 57., 15., 43., 3., 0., 0., 53., 33., 12.,
       33., 139., 6., 0., 3., 139., 22., 7., 5., 26., 1., 0., 22., 50.,
       1., 0., 0., 0., 0., 0., 7., 79., 61., 6., 9., 83., 2., 0., 2.,
       88., 24., 2., 12., 139., 0., 0., 2., 139., 0., 0., 0., 22., 0.,
       0., 5., 38., 0., 0., 0., 0., 0., 0., 2., 7., 0., 0., 2., 37., 75.,
       25., 8., 69., 0., 0., 1., 9., 19., 11., 35., 68., 2., 0., 1., 13.,
       39., 8., 21., 133., 15., 0., 0., 0., 0., 0., 15., 11., 1., 0., 4.,
       122., 72., 1., 6., 118., 6., 0., 2., 11., 22., 8., 61., 64., 2.,
       0., 0., 20., 80., 12., 26., 133., 19., 0., 0., 1., 2., 1., 12.,
       6., 2., 0., 0., 122., 133., 1., 2., 133., 34., 0., 0., 26., 35.,
       2., 17., 71., 7., 0., 0., 44., 71., 6., 9., 133., 23., 0., 0., 5.,
       9., 2., 10., 0., 0., 0., 0., 133., 88., 0., 0., 119., 17., 0., 1.,
       60., 28., 2., 8., 81., 9., 0., 0., 25., 44., 5., 8., 128., 4., 0.,
       0., 6., 15., 4., 22., 7., 0., 4., 23., 120., 37., 7., 6., 120.,
