%YAML:1.0
---
mat: !!opencv-matrix
   rows: 95
   cols: 128
   dt: f
   data: [ 56., 1., 0., 4., 148., 5., 1., 30., 148., 0., 0., 2., 52., 0.,
       0., 13., 91., 3., 4., 1., 0., 0., 0., 4., 3., 4., 2., 0., 0., 0.,
       0., 0., 29., 4., 2., 20., 148., 6., 2., 27., 148., 9., 2., 5.,
       58., 1., 0., 16., 88., 22., 31., 63., 1., 0., 0., 2., 36., 31.,
       16., 7., 0., 0., 0., 1., 13., 22., 23., 63., 121., 13., 4., 9.,
       148., 58., 20., 16., 24., 9., 7., 34., 62., 24., 22., 70., 10.,
       9., 46., 42., 78., 12., 5., 4., 0., 0., 8., 42., 24., 16., 22.,
       53., 148., 20., 6., 16., 148., 75., 27., 20., 29., 1., 3., 30.,
       72., 2., 0., 0., 1., 2., 43., 53., 6., 0., 0., 0., 0., 0., 8.,
       23., 70., 40., 5., 22., 38., 21., 4., 17., 77., 13., 4., 14.,
       145., 41., 4., 12., 145., 21., 0., 0., 15., 3., 0., 1., 47., 2.,
       0., 0., 0., 0., 0., 0., 145., 17., 2., 19., 53., 33., 15., 27.,
       100., 11., 0., 6., 145., 50., 8., 19., 145., 21., 0., 0., 27., 8.,
       5., 24., 68., 6., 0., 0., 0., 0., 0., 1., 33., 5., 0., 1., 7.,
       64., 143., 37., 22., 5., 0., 4., 52., 71., 145., 42., 123., 3.,
       0., 0., 5., 14., 93., 144., 41., 2., 0., 0., 0., 0., 0., 16., 2.,
       6., 0., 0., 0., 4., 36., 5., 2., 4., 0., 0., 0., 3., 59., 10., 3.,
       4., 1., 0., 0., 0., 29., 25., 4., 4., 1., 0., 0., 0., 0., 5.,
       110., 27., 42., 5., 0., 2., 14., 93., 48., 13., 10., 0., 17., 15.,
       3., 23., 0., 1., 0., 0., 122., 71., 1., 0., 3., 1., 1., 7., 67.,
       86., 61., 11., 31., 38., 131., 11., 0., 0., 38., 81., 118., 131.,
       103., 2., 11., 6., 7., 26., 21., 8., 0., 0., 109., 62., 2., 2.,
       0., 0., 0., 0., 16., 38., 53., 2., 7., 8., 59., 4., 0., 1., 131.,
       52., 124., 27., 12., 0., 6., 5., 131., 131., 22., 1., 0., 0.,
       105., 46., 3., 16., 0., 0., 0., 0., 22., 21., 12., 0., 0., 0., 0.,
       0., 0., 2., 82., 5., 0., 0., 0., 0., 6., 7., 50., 17., 0., 0., 0.,
       0., 92., 30., 3., 3., 0., 0., 0., 0., 25., 14., 5., 0., 8., 10.,
       5., 0., 0., 0., 0., 0., 104., 4., 1., 0., 0., 0., 0., 12., 39.,
       9., 18., 4., 0., 0., 0., 4., 0., 10., 16., 0., 0., 0., 0., 0.,
       21., 18., 12., 0., 0., 0., 0., 0., 121., 8., 2., 14., 11., 0., 0.,
       9., 18., 20., 121., 121., 61., 5., 1., 1., 0., 87., 121., 16., 3.,
       2., 2., 0., 65., 75., 32., 0., 0., 0., 0., 1., 121., 8., 1., 7.,
       30., 9., 0., 5., 7., 4., 30., 69., 121., 121., 74., 0., 0., 37.,
       121., 26., 11., 89., 121., 0., 121., 31., 5., 0., 0., 0., 1., 25.,
       115., 9., 2., 4., 3., 3., 0., 3., 3., 2., 5., 93., 52., 38., 24.,
       0., 0., 3., 75., 118., 29., 46., 67., 0., 1., 0., 1., 2., 0., 0.,
       70., 19., 0., 2., 20., 6., 0., 0., 75., 18., 2., 12., 15., 0., 0.,
       0., 75., 15., 1., 2., 0., 0., 0., 0., 69., 9., 2., 32., 36., 22.,
       17., 0., 5., 4., 7., 28., 116., 124., 74., 0., 4., 1., 100., 140.,
       95., 14., 4., 0., 4., 6., 40., 16., 0., 0., 0., 0., 8., 8., 19.,
       144., 72., 27., 44., 1., 0., 0., 59., 41., 17., 66., 144., 0., 0.,
       3., 144., 31., 8., 8., 24., 0., 0., 29., 70., 1., 0., 0., 0., 0.,
       0., 11., 89., 49., 5., 13., 80., 2., 0., 13., 96., 18., 2., 19.,
       144., 1., 0., 8., 144., 0., 0., 1., 17., 0., 0., 18., 50., 0., 0.,
       0., 0., 0., 0., 4., 129., 12., 0., 0., 43., 14., 2., 22., 48., 5.,
       0., 1., 129., 52., 5., 12., 129., 10., 0., 0., 3., 3., 2., 36.,
       123., 2., 0., 0., 0., 0., 0., 17., 45., 3., 0., 0., 43., 27., 42.,
       83., 38., 8., 0., 9., 129., 83., 6., 7., 129., 23., 0., 1., 7.,
       7., 3., 22., 129., 4., 0., 0., 0., 0., 0., 20., 0., 0., 0., 0.,
       16., 38., 28., 7., 17., 2., 0., 2., 116., 129., 8., 7., 129., 9.,
       0., 0., 19., 25., 7., 31., 124., 2., 0., 0., 0., 0., 0., 18., 0.,
       0., 0., 0., 9., 8., 15., 1., 6., 2., 0., 11., 129., 28., 2., 1.,
       129., 27., 0., 4., 45., 4., 0., 3., 95., 7., 0., 0., 0., 0., 0.,
       9., 59., 5., 0., 4., 24., 75., 17., 13., 91., 77., 9., 13., 34.,
       20., 5., 5., 66., 17., 6., 25., 123., 8., 0., 1., 123., 15., 0.,
       0., 5., 0., 0., 0., 93., 11., 2., 41., 76., 27., 5., 5., 123.,
       27., 4., 32., 60., 20., 4., 27., 89., 8., 1., 5., 123., 48., 4.,
       14., 123., 17., 0., 0., 10., 2., 0., 1., 86., 4., 1., 10., 58.,
       64., 18., 24., 123., 17., 1., 8., 41., 56., 52., 33., 65., 10.,
       0., 6., 123., 47., 36., 23., 123., 10., 0., 0., 9., 6., 16., 42.,
       14., 1., 0., 0., 1., 23., 35., 51., 6., 1., 0., 0., 1., 32., 109.,
       19., 4., 1., 0., 0., 7., 27., 117., 23., 21., 0., 0., 0., 0., 3.,
       44., 57., 0., 2., 39., 61., 30., 0., 0., 0., 10., 39., 119., 23.,
       5., 0., 0., 1., 2., 34., 104., 13., 5., 1., 0., 0., 0., 25., 34.,
       34., 5., 1., 0., 0., 9., 3., 10., 45., 125., 0., 0., 0., 125.,
       36., 29., 26., 69., 5., 0., 14., 41., 56., 53., 41., 125., 8., 1.,
       10., 55., 72., 23., 38., 64., 0., 0., 8., 14., 1., 0., 16., 125.,
       0., 0., 1., 125., 29., 4., 24., 80., 5., 2., 11., 58., 16., 3.,
       39., 121., 18., 4., 43., 71., 17., 2., 9., 106., 4., 2., 52., 14.,
       0., 0., 11., 125., 0., 0., 2., 125., 3., 0., 4., 49., 20., 7.,
       45., 25., 33., 5., 9., 102., 57., 6., 13., 26., 68., 13., 22.,
       64., 1., 0., 5., 17., 37., 13., 4., 1., 0., 25., 53., 70., 113.,
       10., 0., 0., 0., 4., 90., 141., 71., 2., 0., 0., 0., 16., 65.,
       16., 2., 1., 0., 0., 0., 35., 17., 5., 53., 34., 16., 17., 12.,
       38., 30., 47., 141., 33., 0., 0., 1., 77., 41., 141., 138., 3.,
       0., 0., 0., 10., 59., 71., 3., 0., 0., 0., 0., 3., 12., 13., 1.,
       0., 1., 4., 16., 103., 124., 27., 6., 0., 0., 0., 1., 141., 141.,
       141., 5., 0., 0., 0., 0., 62., 141., 32., 0., 0., 0., 0., 0., 0.,
       22., 6., 0., 0., 0., 0., 0., 2., 13., 6., 0., 0., 0., 0., 0., 5.,
       24., 4., 0., 0., 0., 0., 0., 3., 23., 1., 0., 0., 0., 0., 0., 0.,
       1., 44., 44., 30., 11., 4., 0., 0., 10., 18., 42., 84., 0., 0.,
       0., 0., 4., 1., 34., 27., 0., 0., 0., 0., 0., 0., 2., 0., 0., 0.,
       0., 0., 0., 13., 115., 131., 53., 0., 0., 0., 0., 17., 108., 140.,
       86., 0., 0., 0., 1., 98., 140., 112., 2., 0., 0., 0., 3., 8., 31.,
       1., 0., 0., 0., 0., 0., 27., 60., 60., 104., 2., 0., 0., 0., 133.,
       34., 61., 140., 1., 0., 0., 25., 140., 117., 12., 2., 0., 0., 0.,
       37., 10., 16., 0., 0., 0., 0., 0., 0., 25., 7., 8., 32., 15., 21.,
       7., 2., 118., 32., 5., 24., 8., 13., 21., 32., 95., 75., 6., 0.,
       0., 0., 0., 10., 0., 2., 0., 0., 0., 0., 0., 0., 3., 21., 37., 5.,
       2., 8., 31., 19., 8., 34., 43., 0., 0., 0., 53., 49., 12., 29.,
       26., 0., 0., 0., 69., 43., 4., 9., 14., 0., 0., 2., 64., 45., 13.,
       78., 86., 12., 5., 3., 9., 18., 23., 83., 124., 22., 8., 13., 14.,
       15., 124., 124., 41., 2., 1., 1., 11., 30., 54., 4., 0., 0., 0.,
       0., 15., 26., 9., 7., 2., 2., 4., 9., 124., 104., 18., 8., 7., 7.,
       8., 55., 124., 78., 124., 14., 2., 1., 1., 5., 72., 124., 53., 0.,
       0., 0., 0., 0., 7., 26., 0., 0., 0., 0., 0., 0., 124., 63., 0.,
       0., 0., 0., 0., 3., 124., 61., 3., 0., 0., 0., 0., 0., 124., 77.,
       3., 0., 2., 0., 0., 0., 85., 38., 47., 61., 61., 8., 6., 27., 8.,
       2., 2., 39., 100., 14., 17., 119., 2., 0., 3., 87., 10., 1., 4.,
       119., 19., 1., 14., 86., 16., 1., 12., 36., 24., 22., 11., 22.,
       24., 6., 7., 106., 103., 10., 36., 74., 54., 5., 12., 119., 22.,
       4., 119., 62., 3., 0., 1., 83., 71., 21., 16., 10., 1., 0., 0.,
       33., 119., 69., 11., 119., 9., 1., 5., 44., 16., 4., 20., 32.,
       10., 5., 65., 119., 21., 20., 119., 29., 12., 0., 6., 28., 24.,
       55., 10., 27., 26., 14., 1., 2., 20., 5., 12., 113., 9., 0., 1.,
       87., 13., 8., 35., 78., 17., 5., 14., 11., 14., 15., 13., 19., 7.,
       1., 5., 20., 49., 17., 4., 26., 23., 6., 20., 16., 12., 1., 1.,
       22., 25., 1., 0., 5., 23., 5., 3., 9., 3., 11., 37., 39., 12., 2.,
