%YAML:1.0
---
mat: !!opencv-matrix
   rows: 87
   cols: 128
   dt: f
   data: [ 13., 7., 16., 16., 29., 34., 29., 17., 19., 13., 31., 125.,
       120., 35., 0., 1., 154., 60., 7., 20., 20., 4., 0., 4., 49., 21.,
       16., 12., 9., 1., 0., 0., 0., 0., 45., 34., 46., 44., 4., 0., 30.,
       14., 14., 83., 154., 78., 0., 1., 154., 90., 4., 16., 39., 2., 0.,
       8., 58., 31., 36., 6., 4., 1., 0., 0., 0., 1., 85., 114., 47.,
       15., 1., 0., 30., 2., 65., 96., 154., 23., 14., 25., 154., 22.,
       3., 4., 30., 7., 10., 68., 39., 21., 47., 2., 0., 0., 0., 1., 0.,
       0., 6., 12., 37., 44., 3., 0., 5., 1., 9., 5., 9., 32., 22., 31.,
       58., 5., 1., 0., 1., 1., 6., 61., 8., 5., 15., 1., 0., 0., 0., 1.,
       0., 0., 0., 1., 11., 5., 8., 1., 1., 2., 6., 54., 56., 4., 1., 0.,
       13., 44., 24., 22., 4., 1., 14., 10., 42., 45., 3., 0., 0., 0.,
       8., 22., 0., 0., 0., 1., 38., 26., 39., 7., 34., 12., 9., 50.,
       146., 42., 3., 2., 146., 29., 11., 16., 27., 2., 57., 92., 42.,
       10., 0., 0., 0., 0., 66., 118., 3., 1., 0., 0., 37., 32., 39., 9.,
       34., 3., 0., 1., 146., 140., 6., 8., 146., 107., 0., 0., 35., 25.,
       9., 58., 48., 75., 7., 2., 0., 0., 24., 30., 19., 2., 0., 0., 17.,
       19., 17., 16., 8., 2., 0., 0., 146., 109., 7., 8., 119., 39., 0.,
       1., 40., 23., 18., 108., 34., 31., 14., 16., 18., 11., 21., 28.,
       0., 0., 1., 23., 48., 4., 1., 0., 21., 22., 7., 21., 11., 0., 1.,
       16., 66., 28., 0., 0., 0., 0., 4., 37., 6., 0., 0., 0., 0., 0.,
       30., 18., 8., 2., 2., 28., 131., 49., 5., 0., 131., 19., 7., 22.,
       55., 6., 10., 107., 74., 9., 0., 0., 0., 0., 46., 131., 3., 0.,
       0., 0., 0., 0., 66., 40., 6., 0., 0., 0., 131., 131., 6., 3.,
       131., 51., 0., 0., 64., 55., 4., 58., 126., 80., 16., 4., 0., 0.,
       13., 49., 5., 31., 47., 6., 0., 0., 24., 11., 1., 0., 0., 0.,
       131., 86., 4., 3., 131., 14., 0., 2., 72., 37., 6., 70., 73., 15.,
       14., 24., 42., 12., 10., 46., 29., 51., 54., 40., 23., 1., 0., 5.,
       44., 35., 19., 39., 52., 0., 0., 0., 122., 33., 18., 35., 55., 0.,
       0., 3., 63., 10., 1., 17., 122., 1., 0., 5., 122., 1., 0., 5.,
       59., 1., 1., 36., 122., 7., 1., 16., 97., 1., 0., 5., 122., 6.,
       1., 17., 95., 0., 0., 6., 96., 6., 1., 62., 122., 2., 0., 3.,
       122., 3., 0., 11., 51., 8., 1., 16., 81., 4., 0., 6., 68., 24.,
       12., 16., 122., 12., 1., 8., 60., 22., 33., 31., 55., 9., 2., 18.,
       113., 51., 32., 24., 122., 1., 0., 1., 15., 20., 20., 64., 10.,
       1., 0., 0., 3., 22., 49., 34., 7., 1., 0., 0., 2., 12., 101., 40.,
       4., 1., 0., 0., 2., 19., 78., 37., 12., 0., 0., 0., 0., 4., 34.,
       47., 21., 13., 2., 2., 121., 12., 0., 0., 86., 71., 22., 7., 22.,
       2., 0., 1., 10., 66., 58., 17., 14., 1., 0., 0., 10., 34., 4.,
       10., 98., 1., 0., 0., 27., 24., 5., 2., 121., 22., 0., 1., 121.,
       28., 2., 3., 84., 11., 1., 17., 83., 49., 10., 21., 121., 9., 1.,
       4., 87., 42., 2., 5., 105., 4., 0., 0., 73., 18., 1., 8., 121.,
       12., 0., 1., 121., 22., 0., 4., 94., 14., 1., 6., 97., 8., 0., 0.,
       121., 68., 8., 9., 104., 18., 2., 1., 42., 20., 11., 12., 55.,
       19., 2., 10., 87., 15., 3., 2., 121., 22., 0., 4., 46., 21., 9.,
       22., 53., 5., 0., 0., 13., 73., 36., 11., 17., 5., 1., 0., 1.,
       10., 39., 38., 2., 9., 35., 39., 20., 5., 1., 0., 18., 79., 37.,
       14., 40., 2., 0., 0., 33., 20., 10., 29., 123., 9., 0., 4., 85.,
       17., 6., 5., 50., 11., 2., 15., 54., 17., 9., 12., 108., 10., 1.,
       4., 123., 49., 5., 15., 99., 3., 0., 3., 94., 9., 1., 14., 123.,
       7., 0., 8., 123., 2., 0., 1., 80., 9., 1., 19., 93., 1., 0., 1.,
       91., 40., 2., 14., 123., 3., 1., 7., 84., 42., 11., 31., 93., 5.,
       1., 32., 123., 19., 1., 4., 123., 6., 0., 2., 35., 23., 5., 4.,
       72., 0., 0., 0., 9., 36., 5., 19., 13., 1., 0., 1., 13., 63., 56.,
       16., 35., 1., 0., 1., 106., 59., 15., 6., 123., 2., 0., 0., 13.,
       8., 3., 6., 0., 0., 0., 80., 110., 10., 1., 0., 28., 21., 1., 38.,
       82., 35., 21., 20., 110., 71., 0., 0., 1., 4., 17., 110., 19.,
       13., 0., 0., 0., 12., 19., 25., 11., 4., 5., 110., 104., 6., 7.,
       8., 60., 12., 1., 16., 19., 30., 110., 100., 99., 88., 0., 1., 7.,
       74., 110., 34., 79., 38., 0., 0., 0., 7., 8., 9., 52., 41., 14.,
       54., 78., 16., 7., 24., 110., 32., 2., 2., 3., 6., 29., 103., 33.,
       13., 3., 10., 43., 65., 40., 21., 48., 27., 45., 11., 11., 13.,
       5., 7., 54., 11., 10., 16., 19., 21., 40., 110., 68., 4., 0., 2.,
       2., 1., 25., 110., 2., 5., 8., 65., 51., 22., 24., 12., 5., 52.,
       36., 39., 32., 44., 5., 1., 18., 112., 24., 5., 0., 0., 1., 12.,
       7., 21., 96., 28., 0., 0., 0., 10., 5., 28., 62., 21., 15., 2.,
       2., 8., 1., 1., 16., 66., 42., 15., 30., 24., 36., 109., 85., 22.,
       0., 6., 12., 16., 108., 37., 112., 41., 0., 1., 10., 112., 28.,
       26., 39., 8., 4., 18., 45., 76., 11., 4., 8., 16., 21., 73., 34.,
       33., 14., 4., 10., 3., 7., 112., 96., 18., 112., 82., 60., 3., 3.,
       25., 14., 37., 49., 112., 103., 12., 2., 4., 6., 12., 44., 59.,
       7., 0., 0., 29., 8., 8., 0., 0., 0., 0., 2., 112., 37., 3., 7.,
       11., 21., 11., 18., 112., 44., 5., 20., 93., 77., 24., 14., 23.,
       42., 7., 54., 112., 15., 7., 2., 1., 1., 9., 20., 3., 6., 15., 0.,
       0., 0., 5., 8., 6., 61., 47., 12., 1., 1., 4., 15., 3., 20., 20.,
       42., 26., 22., 31., 8., 3., 2., 39., 38., 64., 80., 19., 9., 51.,
       99., 116., 3., 0., 0., 1., 116., 40., 64., 116., 3., 0., 9., 44.,
       48., 31., 30., 21., 5., 5., 33., 51., 21., 41., 14., 1., 0., 21.,
       51., 10., 24., 48., 61., 63., 1., 8., 27., 29., 116., 116., 49.,
       37., 1., 7., 16., 26., 19., 79., 116., 71., 4., 2., 3., 5., 11.,
       116., 116., 27., 2., 0., 2., 3., 1., 0., 1., 2., 0., 37., 116.,
       46., 7., 11., 7., 3., 1., 63., 116., 20., 6., 11., 20., 32., 11.,
       60., 116., 26., 18., 26., 28., 21., 15., 50., 70., 41., 43., 4.,
       6., 97., 39., 9., 6., 14., 141., 11., 7., 29., 17., 20., 7., 30.,
       113., 9., 5., 63., 45., 0., 0., 16., 72., 36., 7., 17., 9., 0.,
       0., 3., 43., 6., 5., 100., 63., 24., 16., 24., 141., 30., 10.,
       83., 28., 0., 0., 20., 116., 5., 1., 35., 85., 1., 0., 18., 73.,
       11., 1., 4., 8., 1., 0., 28., 31., 9., 20., 141., 111., 13., 5.,
       5., 141., 66., 15., 56., 23., 0., 0., 14., 79., 39., 21., 43.,
       22., 0., 0., 5., 39., 29., 36., 10., 1., 0., 0., 11., 31., 1., 6.,
       97., 31., 0., 0., 21., 141., 34., 13., 8., 3., 0., 0., 39., 12.,
       47., 69., 3., 0., 0., 0., 0., 2., 35., 78., 2., 0., 0., 0., 0.,
       7., 15., 41., 46., 5., 58., 63., 10., 26., 61., 30., 9., 2., 3.,
       53., 70., 6., 4., 0., 0., 0., 1., 44., 54., 0., 0., 0., 0., 0.,
       0., 7., 9., 29., 16., 42., 83., 26., 69., 26., 24., 115., 108.,
       30., 13., 14., 42., 18., 66., 37., 33., 67., 42., 4., 0., 0., 5.,
       7., 30., 19., 1., 0., 0., 1., 0., 115., 14., 5., 10., 14., 36.,
       30., 40., 33., 1., 1., 14., 42., 38., 36., 115., 46., 51., 77.,
       100., 106., 83., 34., 38., 96., 72., 34., 36., 8., 3., 10., 37.,
       115., 38., 17., 1., 1., 1., 5., 6., 3., 15., 14., 18., 24., 10.,
       5., 10., 24., 41., 61., 115., 86., 51., 25., 18., 71., 77., 38.,
       67., 115., 2., 7., 22., 24., 10., 4., 0., 1., 6., 28., 89., 1.,
       0., 7., 17., 35., 66., 59., 3., 23., 21., 52., 39., 27., 90., 62.,
       6., 90., 58., 13., 18., 6., 8., 4., 4., 63., 107., 54., 21., 5.,
       2., 8., 17., 13., 49., 73., 25., 55., 57., 4., 1., 17., 9., 57.,
       45., 59., 107., 107., 34., 78., 14., 17., 40., 37., 10., 53., 76.,
       58., 51., 35., 37., 51., 67., 81., 62., 107., 78., 61., 27., 25.,
       41., 68., 94., 38., 7., 0., 0., 3., 36., 76., 22., 4., 4., 3.,
       13., 105., 31., 34., 14., 107., 94., 10., 0., 2., 24., 33., 29.,
