%YAML:1.0
---
mat: !!opencv-matrix
   rows: 84
   cols: 128
   dt: f
   data: [ 0., 0., 1., 2., 0., 0., 5., 6., 0., 1., 24., 16., 0., 0., 4.,
       3., 4., 18., 31., 5., 0., 0., 1., 5., 4., 4., 0., 0., 2., 1., 4.,
       8., 0., 0., 2., 30., 34., 4., 2., 3., 5., 13., 127., 138., 83.,
       5., 0., 1., 138., 138., 132., 36., 5., 1., 0., 3., 64., 20., 0.,
       0., 4., 3., 4., 12., 0., 0., 0., 20., 111., 13., 5., 1., 16., 5.,
       11., 79., 138., 33., 11., 19., 138., 29., 11., 9., 19., 9., 8.,
       78., 122., 2., 0., 0., 5., 2., 2., 25., 0., 0., 0., 5., 87., 42.,
       7., 1., 2., 0., 0., 12., 104., 71., 98., 48., 88., 0., 1., 1., 2.,
       2., 63., 138., 44., 0., 7., 9., 6., 1., 1., 41., 14., 8., 43.,
       22., 0., 0., 4., 40., 37., 44., 38., 27., 13., 6., 5., 25., 32.,
       116., 74., 16., 6., 4., 7., 5., 64., 107., 19., 0., 0., 0., 0.,
       1., 15., 13., 23., 31., 41., 18., 5., 52., 116., 74., 32., 22.,
       28., 31., 42., 28., 76., 33., 10., 11., 10., 67., 104., 28., 116.,
       109., 20., 5., 2., 4., 6., 11., 15., 2., 1., 27., 82., 28., 10.,
       42., 116., 37., 20., 9., 28., 16., 15., 92., 22., 33., 78., 80.,
       23., 37., 37., 14., 9., 116., 70., 63., 16., 27., 44., 4., 26.,
       18., 11., 27., 25., 3., 7., 54., 33., 4., 15., 48., 13., 2., 4.,
       69., 49., 3., 9., 11., 6., 20., 75., 116., 4., 14., 2., 5., 4.,
       74., 116., 13., 0., 0., 0., 46., 21., 0., 0., 0., 10., 3., 2.,
       141., 105., 0., 0., 2., 141., 26., 6., 49., 25., 0., 0., 28., 63.,
       1., 0., 0., 1., 1., 0., 7., 0., 0., 1., 136., 85., 5., 2., 0.,
       28., 7., 2., 141., 129., 27., 8., 5., 141., 25., 2., 14., 15., 4.,
       4., 20., 76., 2., 0., 0., 0., 0., 0., 2., 18., 7., 48., 65., 63.,
       17., 20., 13., 17., 1., 0., 12., 42., 141., 96., 20., 141., 59.,
       7., 1., 13., 48., 32., 30., 48., 55., 48., 0., 0., 0., 0., 0.,
       78., 9., 21., 4., 2., 6., 6., 50., 15., 0., 1., 22., 64., 41.,
       18., 16., 17., 37., 15., 16., 39., 30., 14., 8., 3., 43., 84., 4.,
       5., 7., 3., 1., 24., 11., 1., 2., 120., 16., 0., 0., 87., 62.,
       22., 8., 23., 3., 0., 1., 7., 48., 63., 16., 13., 2., 0., 0., 9.,
       30., 6., 10., 93., 4., 0., 0., 22., 23., 4., 2., 120., 28., 0.,
       1., 120., 40., 3., 3., 86., 16., 1., 18., 80., 48., 18., 20.,
       120., 17., 1., 6., 95., 47., 3., 4., 105., 7., 0., 0., 72., 20.,
       1., 7., 120., 16., 0., 1., 120., 25., 0., 4., 103., 17., 1., 8.,
       94., 9., 0., 0., 120., 90., 12., 8., 106., 20., 1., 3., 38., 22.,
       16., 15., 55., 21., 2., 9., 79., 19., 5., 3., 120., 19., 0., 3.,
       49., 29., 16., 27., 52., 5., 0., 0., 9., 64., 30., 11., 12., 3.,
       0., 0., 0., 13., 44., 29., 2., 11., 39., 32., 17., 4., 0., 1.,
       18., 77., 34., 12., 33., 1., 0., 0., 30., 24., 15., 42., 122., 4.,
       0., 3., 74., 25., 12., 9., 43., 8., 2., 15., 56., 16., 11., 16.,
       115., 8., 1., 8., 122., 57., 9., 17., 96., 2., 0., 5., 99., 9.,
       1., 23., 122., 6., 0., 10., 122., 2., 0., 2., 81., 6., 1., 25.,
       89., 1., 0., 2., 100., 42., 5., 16., 122., 6., 1., 11., 78., 38.,
       19., 34., 103., 5., 1., 39., 122., 24., 2., 5., 122., 2., 0., 2.,
       35., 20., 4., 5., 56., 0., 0., 0., 7., 31., 8., 18., 10., 1., 0.,
       1., 13., 45., 59., 13., 47., 1., 0., 1., 117., 43., 14., 7., 122.,
       1., 0., 0., 10., 5., 2., 6., 0., 0., 56., 82., 5., 0., 0., 0., 1.,
       3., 114., 114., 4., 3., 1., 1., 8., 82., 94., 79., 18., 14., 2.,
       0., 10., 46., 14., 16., 33., 82., 38., 3., 9., 5., 43., 99., 111.,
       90., 1., 1., 91., 20., 65., 37., 11., 43., 30., 64., 38., 47.,
       10., 14., 8., 114., 107., 45., 59., 45., 1., 0., 0., 15., 51.,
       110., 5., 1., 0., 0., 42., 114., 15., 2., 114., 14., 0., 0., 7.,
       111., 75., 90., 48., 2., 0., 0., 0., 51., 99., 60., 4., 1., 0.,
       0., 0., 4., 42., 76., 0., 0., 0., 0., 1., 33., 8., 0., 4., 0., 0.,
       0., 0., 33., 57., 31., 4., 0., 0., 0., 0., 2., 10., 19., 1., 0.,
       0., 0., 0., 1., 3., 2., 34., 73., 47., 13., 3., 0., 0., 1., 10.,
       83., 71., 6., 1., 0., 0., 0., 7., 18., 6., 1., 0., 0., 0., 0., 3.,
       3., 1., 0., 0., 0., 0., 1., 53., 19., 27., 89., 82., 6., 6., 21.,
       118., 118., 55., 41., 13., 1., 1., 17., 50., 70., 96., 58., 0.,
       0., 0., 1., 32., 50., 23., 1., 0., 0., 0., 2., 9., 1., 0., 16.,
       74., 118., 64., 14., 79., 41., 61., 38., 23., 79., 33., 23., 118.,
       41., 106., 118., 3., 5., 2., 62., 118., 28., 10., 1., 0., 0., 0.,
       53., 0., 0., 0., 0., 2., 77., 30., 0., 0., 0., 4., 6., 20., 118.,
       63., 5., 74., 1., 4., 9., 4., 42., 79., 118., 51., 1., 0., 0., 0.,
       0., 0., 51., 2., 0., 0., 18., 114., 5., 5., 10., 73., 0., 0., 4.,
       5., 5., 14., 78., 27., 3., 15., 67., 76., 47., 13., 39., 43., 32.,
       21., 19., 16., 24., 23., 57., 4., 1., 0., 16., 112., 12., 7., 15.,
       114., 2., 1., 12., 33., 8., 3., 26., 36., 9., 24., 114., 114.,
       38., 9., 13., 80., 70., 24., 21., 15., 10., 13., 66., 11., 11.,
       14., 42., 31., 10., 21., 22., 105., 15., 7., 43., 41., 17., 16.,
       21., 30., 34., 37., 114., 114., 61., 8., 10., 92., 86., 20., 11.,
       21., 9., 9., 53., 22., 5., 4., 2., 1., 15., 68., 52., 10., 2., 3.,
       3., 26., 48., 79., 36., 9., 12., 10., 20., 114., 114., 14., 4.,
       54., 111., 48., 12., 24., 20., 20., 25., 31., 27., 25., 26., 47.,
       102., 51., 13., 114., 114., 15., 4., 7., 8., 8., 16., 20., 42.,
       84., 40., 11., 2., 3., 3., 1., 12., 63., 58., 25., 4., 4., 3.,
       20., 9., 8., 46., 88., 100., 24., 11., 114., 67., 8., 9., 28.,
       33., 35., 114., 41., 16., 16., 19., 104., 19., 6., 38., 38., 8.,
       17., 20., 10., 11., 13., 43., 15., 10., 12., 67., 81., 68., 23.,
       19., 114., 43., 9., 12., 34., 10., 23., 106., 35., 9., 3., 19.,
       114., 3., 1., 12., 114., 13., 7., 17., 4., 0., 0., 10., 13., 21.,
       21., 57., 47., 36., 19., 16., 78., 52., 13., 32., 26., 4., 15.,
       68., 5., 5., 13., 76., 82., 0., 0., 4., 114., 6., 5., 11., 3., 0.,
       0., 11., 18., 109., 87., 13., 1., 1., 9., 18., 3., 51., 54., 75.,
       22., 8., 2., 3., 16., 7., 41., 75., 31., 16., 6., 6., 81., 27.,
       0., 8., 13., 6., 8., 69., 39., 109., 56., 7., 7., 73., 74., 30.,
       109., 109., 50., 8., 17., 43., 11., 33., 29., 21., 5., 6., 38.,
       100., 5., 8., 49., 93., 6., 12., 12., 4., 1., 1., 17., 16., 6.,
       21., 68., 109., 52., 15., 109., 109., 35., 21., 30., 25., 23.,
       44., 71., 61., 3., 2., 76., 104., 0., 8., 12., 29., 6., 14., 48.,
       26., 0., 0., 27., 15., 1., 7., 43., 58., 24., 8., 53., 31., 19.,
       22., 41., 56., 57., 44., 71., 80., 24., 15., 63., 17., 1., 16.,
       2., 4., 15., 25., 90., 18., 5., 2., 0., 1., 1., 67., 119., 3., 0.,
       0., 79., 45., 2., 23., 55., 4., 5., 33., 119., 113., 1., 0., 0.,
       0., 1., 37., 8., 23., 4., 2., 0., 0., 2., 2., 7., 1., 0., 103.,
       119., 2., 2., 9., 57., 27., 0., 12., 31., 7., 70., 119., 78.,
       119., 1., 0., 4., 19., 73., 44., 37., 75., 25., 2., 0., 0., 1.,
       1., 40., 9., 2., 72., 119., 7., 0., 10., 119., 24., 1., 3., 5.,
       4., 14., 78., 29., 15., 3., 3., 29., 53., 35., 23., 10., 28., 74.,
       29., 24., 26., 2., 1., 42., 6., 1., 29., 97., 20., 8., 34., 119.,
       6., 0., 0., 2., 1., 6., 119., 9., 0., 2., 33., 78., 21., 19., 32.,
       1., 23., 41., 50., 59., 26., 2., 2., 5., 101., 48., 7., 0., 0.,
       0., 4., 1., 9., 98., 43., 2., 0., 0., 0., 1., 6., 59., 60., 36.,
       4., 2., 1., 0., 0., 11., 69., 49., 18., 40., 15., 10., 120., 118.,
       20., 1., 13., 4., 1., 94., 41., 120., 44., 0., 0., 5., 39., 26.,
       19., 42., 11., 5., 8., 43., 47., 6., 1., 1., 15., 23., 77., 53.,
       21., 10., 6., 15., 4., 1., 120., 67., 2., 107., 105., 42., 2., 1.,
       44., 11., 14., 32., 120., 95., 3., 1., 3., 8., 11., 38., 85., 9.,
       0., 0., 31., 19., 10., 1., 1., 1., 0., 0., 120., 30., 1., 2., 17.,
