%YAML:1.0
---
mat: !!opencv-matrix
   rows: 108
   cols: 128
   dt: f
   data: [ 130., 8., 0., 1., 79., 44., 1., 45., 79., 45., 0., 3., 130.,
       65., 0., 1., 130., 62., 0., 0., 5., 7., 0., 2., 7., 1., 0., 0.,
       27., 29., 1., 1., 113., 0., 0., 0., 69., 42., 3., 102., 66., 10.,
       0., 0., 130., 126., 7., 14., 130., 42., 0., 0., 8., 9., 6., 38.,
       22., 2., 0., 0., 5., 18., 17., 9., 6., 0., 0., 0., 20., 39., 25.,
       29., 9., 0., 0., 0., 66., 130., 124., 36., 74., 1., 0., 0., 2.,
       12., 98., 130., 8., 0., 0., 0., 0., 0., 39., 30., 0., 0., 0., 0.,
       0., 5., 45., 4., 0., 0., 0., 0., 0., 11., 91., 9., 0., 0., 0., 0.,
       0., 1., 72., 23., 0., 0., 0., 0., 0., 1., 36., 7., 0., 10., 30.,
       1., 0., 0., 0., 0., 0., 11., 67., 8., 0., 0., 0., 0., 0., 30.,
       65., 1., 0., 0., 0., 0., 0., 17., 35., 0., 0., 0., 0., 0., 1.,
       10., 30., 15., 7., 0., 0., 0., 3., 14., 102., 143., 50., 0., 0.,
       0., 74., 134., 122., 29., 4., 0., 0., 2., 21., 47., 24., 1., 0.,
       0., 0., 0., 28., 13., 3., 16., 40., 0., 0., 1., 32., 5., 7., 109.,
       148., 0., 0., 2., 148., 31., 9., 21., 20., 0., 0., 23., 52., 13.,
       22., 111., 5., 0., 0., 2., 30., 7., 0., 12., 51., 2., 0., 2., 41.,
       1., 0., 39., 148., 14., 1., 7., 148., 5., 1., 23., 24., 1., 0.,
       23., 21., 2., 5., 148., 143., 0., 0., 1., 5., 10., 15., 15., 8.,
       10., 8., 9., 99., 47., 9., 22., 23., 23., 8., 12., 193., 105., 1.,
       0., 0., 0., 1., 4., 44., 10., 0., 0., 0., 0., 0., 0., 5., 11., 9.,
       15., 11., 14., 11., 12., 91., 35., 13., 36., 27., 28., 9., 17.,
       193., 77., 3., 2., 1., 1., 1., 13., 91., 11., 0., 0., 0., 0., 0.,
       1., 5., 12., 10., 15., 11., 19., 12., 9., 96., 17., 7., 30., 33.,
       34., 9., 31., 193., 13., 1., 1., 1., 2., 2., 70., 95., 1., 0., 0.,
       0., 0., 0., 9., 4., 10., 9., 10., 9., 17., 13., 6., 97., 10., 7.,
       21., 23., 24., 11., 47., 193., 4., 0., 0., 0., 0., 1., 107., 44.,
       0., 0., 0., 0., 0., 0., 12., 7., 10., 12., 16., 11., 12., 7., 9.,
       71., 39., 11., 24., 29., 29., 9., 13., 197., 101., 2., 1., 1., 1.,
       2., 9., 61., 10., 0., 0., 0., 0., 0., 0., 6., 16., 20., 16., 6.,
       13., 9., 11., 71., 30., 15., 40., 27., 32., 10., 18., 197., 57.,
       3., 3., 1., 2., 2., 17., 111., 5., 0., 0., 0., 0., 0., 2., 5.,
       12., 10., 15., 8., 13., 12., 12., 79., 20., 12., 32., 28., 30.,
       10., 27., 197., 15., 2., 2., 1., 2., 2., 68., 107., 1., 0., 0.,
       0., 0., 0., 9., 4., 10., 8., 12., 13., 14., 11., 6., 89., 12.,
       10., 25., 28., 21., 7., 47., 197., 6., 1., 1., 0., 1., 1., 110.,
       54., 0., 0., 0., 0., 0., 0., 12., 3., 8., 9., 13., 10., 15., 12.,
       10., 95., 45., 6., 18., 26., 28., 11., 13., 195., 105., 1., 1.,
       0., 1., 1., 6., 48., 11., 0., 0., 0., 0., 0., 0., 3., 11., 13.,
       14., 7., 18., 19., 12., 83., 26., 10., 27., 24., 36., 14., 19.,
       195., 63., 2., 1., 1., 2., 2., 16., 96., 11., 0., 0., 0., 0., 0.,
       1., 3., 14., 15., 16., 8., 21., 20., 9., 79., 21., 15., 33., 26.,
       35., 13., 24., 195., 17., 2., 1., 1., 2., 2., 57., 104., 2., 0.,
       0., 0., 0., 0., 6., 5., 13., 13., 13., 11., 20., 17., 7., 80.,
       14., 13., 24., 23., 32., 14., 48., 195., 6., 1., 1., 0., 1., 2.,
       119., 52., 1., 0., 0., 0., 0., 0., 11., 9., 13., 15., 18., 10.,
       12., 8., 10., 81., 47., 13., 31., 31., 29., 9., 13., 193., 114.,
       2., 1., 0., 1., 1., 6., 47., 9., 0., 0., 0., 0., 0., 1., 9., 15.,
       14., 21., 11., 15., 9., 13., 71., 34., 15., 40., 36., 35., 10.,
       18., 193., 88., 4., 4., 2., 2., 2., 19., 100., 8., 0., 0., 0., 0.,
       0., 3., 7., 18., 18., 15., 7., 14., 8., 12., 74., 21., 14., 36.,
       30., 36., 12., 30., 193., 17., 2., 2., 2., 4., 3., 77., 98., 0.,
       0., 0., 0., 0., 0., 11., 5., 11., 10., 12., 8., 11., 10., 9., 89.,
       14., 11., 27., 23., 20., 8., 41., 193., 6., 1., 1., 0., 1., 1.,
       104., 48., 0., 0., 0., 0., 0., 0., 13., 3., 7., 10., 13., 8., 14.,
       15., 12., 101., 51., 8., 16., 17., 25., 11., 11., 188., 118., 1.,
       0., 0., 0., 1., 3., 41., 13., 0., 0., 0., 0., 0., 1., 3., 11.,
       14., 19., 8., 19., 20., 12., 83., 35., 15., 37., 24., 36., 13.,
       17., 188., 87., 3., 2., 1., 1., 2., 14., 92., 14., 0., 0., 0., 0.,
       0., 1., 4., 15., 15., 18., 9., 25., 21., 12., 76., 21., 15., 34.,
       25., 48., 19., 32., 188., 18., 2., 1., 1., 3., 4., 74., 99., 1.,
       0., 0., 0., 0., 0., 8., 5., 14., 13., 12., 8., 23., 21., 10., 76.,
       16., 15., 24., 19., 38., 20., 50., 188., 7., 1., 1., 0., 1., 3.,
       119., 47., 0., 0., 0., 0., 0., 0., 12., 0., 0., 13., 177., 19.,
       0., 0., 0., 5., 6., 53., 177., 54., 13., 7., 5., 71., 31., 48.,
       74., 21., 24., 29., 35., 29., 13., 11., 13., 30., 34., 58., 34.,
       13., 20., 53., 177., 79., 5., 4., 7., 75., 43., 40., 72., 35.,
       31., 57., 35., 49., 29., 32., 25., 42., 24., 58., 54., 43., 43.,
       28., 16., 41., 40., 24., 12., 37., 15., 16., 93., 66., 26., 56.,
       49., 74., 32., 43., 23., 36., 16., 37., 63., 48., 44., 37., 16.,
       44., 45., 43., 16., 49., 52., 22., 9., 31., 33., 28., 13., 70.,
       23., 25., 16., 12., 6., 18., 40., 26., 26., 27., 18., 42., 29.,
       38., 20., 44., 29., 38., 12., 29., 24., 34., 18., 36., 19., 20.,
       8., 22., 16., 31., 23., 11., 17., 18., 19., 8., 11., 8., 12., 68.,
       48., 16., 37., 36., 33., 10., 13., 189., 122., 3., 2., 1., 2., 2.,
       8., 50., 13., 0., 0., 1., 0., 0., 0., 11., 21., 16., 20., 7., 14.,
       9., 15., 63., 34., 18., 50., 36., 37., 10., 19., 189., 78., 5.,
       5., 2., 3., 3., 20., 106., 8., 0., 0., 0., 0., 0., 2., 8., 17.,
       14., 19., 10., 16., 9., 15., 68., 21., 14., 40., 37., 35., 11.,
       29., 189., 20., 3., 3., 2., 4., 3., 76., 102., 0., 0., 0., 0., 0.,
       1., 14., 6., 15., 13., 12., 9., 11., 8., 9., 79., 14., 11., 29.,
       28., 24., 9., 46., 189., 8., 1., 1., 0., 1., 2., 120., 48., 0.,
       0., 0., 0., 0., 0., 16., 3., 7., 12., 16., 8., 14., 16., 13., 72.,
       44., 12., 25., 22., 30., 14., 14., 184., 120., 2., 1., 0., 1., 2.,
       8., 57., 16., 0., 0., 0., 0., 0., 0., 4., 13., 15., 20., 8., 22.,
       21., 15., 59., 28., 15., 39., 25., 43., 21., 22., 184., 72., 4.,
       4., 1., 3., 4., 22., 118., 11., 0., 0., 0., 0., 0., 1., 5., 16.,
       16., 17., 7., 24., 26., 15., 51., 23., 21., 36., 21., 52., 28.,
       35., 184., 22., 4., 2., 1., 4., 8., 93., 117., 1., 0., 0., 0., 0.,
       0., 12., 7., 14., 14., 13., 8., 26., 25., 10., 59., 18., 19., 27.,
       17., 45., 25., 47., 184., 11., 2., 1., 0., 1., 4., 128., 54., 0.,
       0., 0., 0., 0., 0., 16., 52., 24., 12., 18., 15., 31., 39., 30.,
       171., 82., 2., 0., 0., 0., 4., 26., 80., 19., 0., 0., 0., 0., 0.,
       0., 2., 0., 1., 1., 0., 0., 0., 1., 29., 36., 51., 61., 17., 26.,
       27., 17., 171., 115., 15., 1., 0., 0., 4., 21., 157., 18., 0., 0.,
       0., 0., 0., 1., 1., 0., 1., 0., 0., 0., 0., 2., 26., 15., 22.,
       27., 16., 64., 72., 35., 171., 24., 5., 1., 0., 2., 22., 111.,
       161., 1., 0., 0., 0., 0., 0., 20., 1., 0., 0., 1., 1., 0., 0., 2.,
       39., 29., 39., 39., 21., 27., 17., 19., 171., 33., 7., 0., 0., 0.,
       4., 72., 88., 0., 0., 0., 1., 0., 0., 21., 0., 0., 1., 2., 2., 1.,
       0., 0., 14., 23., 16., 19., 9., 13., 8., 13., 77., 52., 17., 41.,
       38., 34., 9., 16., 185., 113., 3., 1., 1., 1., 1., 10., 41., 11.,
       0., 0., 0., 0., 0., 0., 13., 26., 22., 20., 7., 15., 10., 18.,
       74., 41., 21., 57., 40., 40., 10., 23., 185., 83., 6., 5., 2., 3.,
       2., 21., 87., 8., 0., 0., 0., 0., 0., 1., 11., 22., 17., 18., 8.,
       15., 9., 17., 82., 25., 18., 45., 40., 38., 12., 35., 185., 21.,
       3., 2., 2., 3., 4., 86., 84., 1., 0., 0., 0., 0., 0., 9., 7., 14.,
       12., 16., 13., 13., 8., 10., 100., 16., 14., 32., 29., 18., 8.,
       55., 185., 7., 1., 1., 0., 0., 1., 119., 35., 0., 0., 0., 0., 0.,
