%YAML:1.0
---
mat: !!opencv-matrix
   rows: 17
   cols: 128
   dt: f
   data: [ 0., 7., 37., 65., 11., 0., 0., 0., 37., 21., 17., 11., 1., 0.,
       0., 12., 25., 0., 0., 0., 0., 0., 0., 22., 0., 0., 0., 0., 0., 0.,
       0., 1., 19., 75., 142., 142., 39., 2., 1., 2., 142., 142., 59.,
       4., 0., 0., 0., 22., 82., 6., 0., 4., 3., 0., 0., 36., 0., 0., 0.,
       3., 2., 0., 0., 1., 36., 19., 15., 46., 84., 106., 140., 87.,
       142., 49., 4., 1., 0., 1., 44., 142., 74., 2., 0., 5., 2., 0., 0.,
       25., 0., 0., 0., 1., 0., 0., 0., 0., 2., 0., 0., 0., 2., 40.,
       142., 75., 13., 0., 0., 2., 2., 1., 63., 142., 4., 0., 0., 1., 1.,
       0., 0., 9., 0., 0., 0., 0., 0., 0., 0., 0., 3., 1., 0., 0., 0.,
       0., 0., 0., 140., 16., 0., 0., 0., 0., 0., 17., 140., 21., 17.,
       0., 0., 0., 0., 10., 0., 6., 37., 0., 0., 0., 0., 0., 11., 1., 0.,
       0., 0., 0., 0., 3., 140., 22., 8., 2., 0., 0., 0., 41., 116., 61.,
       107., 7., 0., 0., 0., 6., 0., 39., 56., 0., 0., 0., 0., 0., 22.,
       7., 0., 0., 0., 0., 0., 3., 140., 51., 19., 37., 20., 0., 0., 14.,
       58., 94., 140., 100., 45., 2., 1., 11., 91., 140., 56., 1., 0.,
       0., 0., 9., 32., 1., 0., 0., 0., 0., 0., 6., 140., 7., 1., 27.,
       54., 1., 0., 18., 96., 17., 5., 44., 80., 5., 5., 23., 140., 33.,
       5., 0., 0., 0., 0., 15., 96., 32., 1., 0., 2., 0., 0., 0., 110.,
       34., 0., 1., 53., 4., 0., 0., 158., 71., 0., 0., 4., 0., 0., 0.,
       25., 11., 1., 0., 0., 0., 0., 0., 127., 17., 0., 0., 1., 0., 0.,
       1., 153., 17., 0., 6., 65., 1., 0., 1., 158., 30., 0., 1., 8., 0.,
       0., 4., 50., 10., 2., 0., 0., 0., 0., 1., 133., 5., 2., 1., 2.,
       0., 0., 12., 157., 3., 0., 19., 53., 0., 0., 14., 158., 2., 0.,
       2., 5., 0., 0., 36., 43., 5., 2., 0., 0., 0., 0., 3., 98., 1., 0.,
       4., 5., 0., 0., 26., 129., 1., 1., 21., 31., 0., 0., 28., 158.,
       1., 0., 1., 1., 0., 0., 60., 19., 4., 1., 0., 0., 0., 0., 3., 6.,
       2., 0., 0., 0., 0., 0., 4., 131., 13., 2., 1., 0., 0., 0., 41.,
       105., 28., 65., 14., 0., 0., 0., 6., 0., 29., 83., 2., 0., 0., 0.,
       0., 13., 12., 1., 0., 0., 0., 0., 2., 131., 54., 4., 9., 8., 0.,
       0., 12., 54., 23., 115., 131., 97., 4., 3., 2., 41., 123., 131.,
       28., 12., 4., 7., 16., 27., 6., 0., 0., 0., 0., 1., 11., 131.,
       15., 1., 15., 29., 0., 0., 48., 28., 10., 8., 84., 131., 9., 8.,
       7., 101., 39., 10., 8., 14., 7., 21., 63., 29., 6., 1., 0., 0.,
       0., 2., 13., 131., 14., 1., 13., 35., 0., 1., 27., 13., 7., 6.,
       41., 131., 11., 17., 7., 118., 24., 5., 4., 6., 2., 14., 26., 2.,
       3., 5., 1., 0., 0., 1., 1., 137., 60., 10., 3., 2., 0., 1., 7.,
       75., 23., 67., 87., 104., 7., 1., 1., 13., 47., 137., 39., 33.,
       6., 11., 7., 3., 2., 3., 2., 1., 2., 3., 3., 137., 33., 7., 7.,
       9., 2., 7., 51., 88., 12., 5., 75., 137., 14., 7., 11., 27., 35.,
       33., 17., 56., 15., 72., 47., 4., 5., 5., 1., 0., 1., 4., 3.,
       137., 54., 9., 5., 12., 2., 7., 34., 65., 15., 6., 52., 137., 25.,
       6., 5., 62., 41., 34., 18., 52., 9., 27., 23., 2., 3., 7., 1., 0.,
       1., 6., 4., 137., 47., 12., 5., 11., 1., 9., 35., 41., 16., 10.,
       39., 136., 15., 16., 14., 32., 15., 51., 25., 22., 13., 69., 33.,
       2., 19., 113., 25., 2., 14., 22., 12., 23., 112., 108., 4., 3.,
       12., 3., 2., 4., 83., 73., 17., 4., 3., 0., 1., 12., 46., 51.,
       35., 1., 0., 0., 0., 32., 41., 52., 43., 43., 44., 47., 43., 113.,
       39., 19., 33., 51., 52., 10., 24., 30., 70., 60., 56., 81., 64.,
       5., 10., 53., 86., 75., 69., 10., 0., 0., 0., 20., 51., 63., 43.,
       32., 38., 43., 55., 113., 33., 25., 69., 24., 29., 13., 20., 38.,
       13., 25., 113., 98., 54., 40., 29., 72., 44., 24., 20., 24., 49.,
       40., 35., 26., 32., 27., 32., 27., 37., 41., 35., 61., 4., 6.,
       30., 27., 44., 26., 59., 48., 31., 15., 33., 24., 65., 37., 32.,
       55., 5., 7., 29., 26., 38., 31., 58., 26., 21., 14., 27., 25.,
       41., 53., 45., 5., 106., 48., 20., 61., 39., 16., 6., 15., 94.,
       34., 13., 63., 26., 13., 9., 17., 39., 28., 11., 17., 15., 48.,
       28., 30., 49., 90., 80., 24., 25., 23., 11., 91., 31., 38., 65.,
       49., 30., 54., 70., 40., 73., 14., 16., 51., 57., 56., 35., 106.,
       44., 2., 1., 4., 3., 51., 60., 20., 82., 15., 9., 6., 73., 62.,
       13., 75., 64., 37., 12., 4., 96., 81., 19., 28., 21., 45., 47.,
       40., 14., 55., 106., 87., 6., 1., 1., 3., 1., 2., 106., 13., 90.,
       8., 3., 21., 23., 41., 22., 56., 99., 6., 1., 6., 26., 69., 14.,
       19., 7., 1., 0., 0., 1., 77., 83., 8., 8., 2., 0., 0., 0., 1.,
       30., 0., 0., 0., 0., 0., 0., 0., 0., 1., 5., 22., 34., 1., 0., 0.,
       0., 22., 19., 17., 10., 0., 0., 0., 2., 4., 0., 0., 0., 0., 0.,
       0., 1., 0., 0., 0., 10., 21., 3., 0., 0., 24., 57., 122., 146.,
       128., 32., 12., 14., 146., 146., 85., 37., 5., 4., 8., 54., 58.,
       4., 0., 0., 0., 0., 0., 7., 0., 0., 0., 2., 38., 18., 1., 0., 20.,
       9., 8., 40., 146., 146., 146., 99., 146., 27., 5., 6., 5., 16.,
       126., 146., 28., 1., 0., 0., 0., 0., 0., 15., 0., 0., 0., 0., 1.,
       1., 0., 0., 0., 0., 0., 0., 1., 6., 33., 20., 0., 0., 0., 0., 0.,
       0., 23., 43., 0., 0., 0., 0., 0., 0., 0., 1., 0., 0., 0., 1., 2.,
       0., 0., 0., 2., 38., 24., 6., 3., 0., 0., 0., 3., 56., 13., 0.,
       0., 0., 0., 0., 0., 1., 0., 0., 0., 0., 0., 0., 0., 0., 0., 14.,
       43., 3., 0., 0., 16., 114., 144., 144., 144., 30., 5., 7., 144.,
       144., 110., 16., 6., 4., 4., 25., 27., 16., 0., 0., 0., 0., 0.,
       1., 0., 0., 0., 2., 21., 9., 0., 0., 20., 17., 14., 36., 144.,
       144., 121., 60., 144., 63., 10., 5., 7., 34., 87., 144., 50., 3.,
       0., 0., 0., 0., 0., 10., 0., 0., 0., 0., 0., 0., 0., 0., 0., 0.,
       0., 0., 0., 28., 27., 6., 9., 0., 0., 0., 0., 6., 17., 24., 2.,
       0., 0., 0., 0., 0., 0., 0., 8., 2., 37., 51., 48., 64., 38., 13.,
       120., 80., 20., 6., 7., 5., 14., 36., 32., 30., 2., 32., 124.,
       21., 0., 3., 0., 2., 3., 16., 49., 10., 0., 0., 14., 2., 29., 40.,
       111., 23., 41., 30., 108., 41., 16., 4., 5., 7., 37., 124., 30.,
       19., 2., 44., 124., 71., 23., 38., 3., 3., 4., 18., 45., 19., 22.,
       7., 12., 10., 47., 24., 56., 31., 118., 48., 124., 20., 25., 19.,
       15., 24., 49., 56., 47., 4., 3., 17., 124., 103., 17., 14., 0.,
       1., 7., 10., 26., 31., 32., 4., 15., 7., 51., 34., 79., 19., 9.,
       7., 124., 23., 26., 12., 11., 4., 4., 51., 40., 2., 3., 24., 124.,
       28., 3., 13., 0., 2., 9., 13., 36., 10., 5., 1., 2., 2., 2., 0.,
       0., 3., 6., 3., 112., 8., 3., 4., 2., 4., 14., 92., 64., 2., 2.,
       96., 93., 2., 4., 27., 14., 24., 11., 51., 62., 5., 20., 11., 25.,
       31., 28., 2., 1., 1., 2., 7., 112., 57., 18., 16., 17., 1., 3.,
       40., 28., 20., 25., 99., 111., 9., 23., 16., 26., 26., 53., 26.,
       15., 34., 98., 27., 56., 6., 6., 2., 2., 5., 9., 82., 112., 17.,
       35., 45., 51., 16., 3., 99., 8., 17., 87., 112., 68., 14., 9., 3.,
       90., 44., 92., 24., 5., 3., 6., 48., 112., 3., 0., 1., 1., 1., 2.,
       56., 63., 0., 2., 34., 112., 23., 1., 37., 12., 25., 26., 40.,
       62., 31., 49., 7., 88., 18., 2., 2., 0., 3., 46., 82., 131., 12.,
       1., 4., 13., 0., 0., 11., 47., 11., 3., 35., 131., 12., 5., 9.,
       131., 37., 2., 4., 9., 3., 4., 22., 51., 39., 17., 0., 0., 0., 0.,
       0., 114., 90., 9., 15., 10., 0., 0., 8., 35., 35., 38., 112., 75.,
       11., 5., 8., 131., 80., 25., 10., 2., 2., 4., 16., 60., 30., 18.,
       0., 0., 0., 0., 0., 131., 21., 2., 7., 22., 7., 2., 35., 62., 14.,
       10., 51., 128., 33., 6., 24., 131., 27., 6., 5., 4., 2., 2., 50.,
       50., 16., 17., 1., 0., 0., 0., 1., 131., 3., 0., 0., 12., 10., 5.,
       36., 34., 2., 1., 2., 59., 56., 90., 49., 104., 9., 3., 1., 1.,
       2., 36., 96., 14., 12., 19., 1., 0., 0., 0., 2., 2., 5., 67., 48.,
