%YAML:1.0
---
mat: !!opencv-matrix
   rows: 27
   cols: 128
   dt: f
   data: [ 0., 0., 0., 0., 0., 0., 0., 0., 76., 39., 0., 0., 0., 0., 0.,
       5., 148., 18., 0., 0., 0., 0., 0., 57., 27., 0., 0., 0., 0., 0.,
       0., 44., 12., 7., 0., 0., 0., 0., 0., 0., 218., 111., 0., 0., 0.,
       0., 0., 13., 218., 13., 0., 0., 0., 0., 0., 65., 30., 0., 0., 0.,
       0., 0., 0., 50., 35., 6., 0., 0., 0., 0., 0., 4., 218., 32., 0.,
       0., 0., 0., 0., 65., 218., 3., 0., 0., 0., 0., 0., 57., 35., 0.,
       0., 0., 0., 0., 0., 40., 0., 0., 0., 0., 0., 0., 0., 0., 32., 0.,
       0., 0., 0., 0., 0., 13., 42., 0., 0., 0., 0., 0., 0., 21., 18.,
       0., 0., 0., 0., 0., 0., 12., 18., 9., 12., 53., 20., 0., 0., 2.,
       113., 31., 70., 81., 17., 0., 0., 44., 86., 67., 19., 16., 3., 0.,
       2., 42., 12., 18., 9., 121., 81., 0., 0., 6., 8., 2., 3., 28.,
       98., 13., 1., 2., 121., 20., 4., 23., 71., 13., 2., 53., 75., 14.,
       11., 44., 40., 9., 6., 22., 13., 2., 3., 92., 111., 14., 8., 50.,
       8., 0., 0., 0., 31., 57., 11., 7., 121., 78., 16., 1., 23., 85.,
       54., 27., 67., 58., 42., 18., 16., 16., 33., 100., 11., 0., 0.,
       5., 38., 63., 121., 101., 35., 5., 0., 0., 0., 7., 6., 5., 47.,
       10., 0., 0., 0., 27., 81., 49., 72., 8., 0., 0., 0., 1., 28.,
       121., 38., 2., 0., 0., 4., 16., 29., 34., 128., 1., 0., 0., 0.,
       0., 0., 128., 91., 20., 7., 0., 0., 0., 0., 19., 42., 31., 6., 0.,
       0., 0., 0., 0., 20., 10., 0., 1., 2., 2., 0., 0., 121., 42., 8.,
       8., 0., 0., 1., 91., 29., 48., 103., 85., 5., 0., 0., 1., 108.,
       128., 72., 9., 0., 0., 0., 5., 47., 16., 7., 26., 2., 0., 0., 2.,
       46., 75., 19., 24., 5., 1., 1., 3., 47., 23., 25., 117., 33., 8.,
       6., 6., 128., 100., 68., 7., 1., 0., 4., 20., 24., 27., 128., 80.,
       2., 0., 7., 3., 45., 4., 1., 3., 3., 4., 17., 46., 12., 4., 0.,
       5., 9., 36., 104., 28., 16., 30., 28., 0., 0., 4., 105., 70., 0.,
       5., 43., 12., 1., 1., 115., 34., 6., 7., 8., 105., 125., 32., 4.,
       4., 125., 24., 5., 10., 14., 17., 11., 85., 116., 28., 17., 4.,
       8., 2., 2., 28., 36., 12., 2., 1., 3., 1., 2., 29., 31., 26., 53.,
       114., 87., 2., 1., 4., 125., 53., 10., 8., 7., 1., 0., 50., 99.,
       64., 32., 18., 18., 1., 1., 12., 64., 58., 7., 0., 0., 0., 0., 3.,
       37., 32., 21., 24., 2., 40., 91., 16., 125., 110., 25., 3., 1.,
       2., 72., 60., 94., 50., 44., 16., 6., 0., 11., 77., 78., 21., 9.,
       0., 0., 0., 0., 16., 55., 82., 0., 0., 0., 15., 56., 26., 72.,
       22., 1., 0., 0., 1., 98., 87., 17., 10., 10., 0., 0., 0., 28.,
       85., 9., 12., 25., 0., 0., 0., 0., 7., 16., 12., 13., 96., 122.,
       54., 5., 10., 132., 57., 13., 13., 13., 6., 3., 58., 60., 12., 4.,
       14., 40., 42., 18., 21., 49., 12., 3., 3., 4., 7., 13., 26., 18.,
       9., 6., 71., 132., 70., 11., 19., 132., 54., 4., 6., 5., 5., 7.,
       63., 81., 19., 23., 42., 32., 15., 10., 11., 38., 26., 14., 6.,
       3., 3., 7., 13., 11., 36., 85., 49., 105., 90., 5., 10., 132.,
       99., 12., 6., 16., 14., 9., 72., 83., 20., 3., 33., 61., 9., 1.,
       14., 62., 19., 5., 4., 3., 2., 1., 11., 56., 55., 76., 19., 16.,
       70., 15., 15., 132., 52., 3., 2., 7., 3., 5., 73., 50., 15., 5.,
       22., 54., 7., 1., 10., 45., 22., 3., 3., 2., 1., 0., 5., 0., 6.,
       87., 51., 3., 0., 0., 0., 23., 72., 96., 46., 2., 0., 0., 0., 9.,
       45., 92., 50., 3., 0., 0., 0., 15., 61., 56., 7., 0., 0., 0., 0.,
       38., 24., 41., 45., 90., 23., 2., 25., 113., 65., 28., 41., 70.,
       10., 1., 10., 67., 32., 42., 86., 113., 19., 1., 5., 113., 79.,
       24., 13., 10., 3., 1., 8., 29., 1., 0., 0., 82., 90., 34., 69.,
       113., 2., 0., 0., 52., 65., 82., 113., 41., 0., 0., 1., 83., 113.,
       86., 46., 113., 3., 0., 0., 6., 19., 57., 85., 3., 1., 2., 2., 4.,
       18., 20., 10., 8., 3., 0., 0., 1., 12., 56., 44., 3., 3., 0., 1.,
       1., 23., 59., 16., 1., 0., 0., 3., 6., 8., 41., 17., 0., 7., 74.,
       131., 25., 0., 0., 0., 5., 66., 131., 21., 2., 0., 1., 8., 42.,
       83., 106., 0., 0., 1., 2., 20., 16., 12., 1., 0., 0., 2., 4., 3.,
       10., 3., 16., 131., 39., 1., 1., 9., 89., 35., 61., 21., 5., 1.,
       15., 131., 76., 29., 19., 0., 0., 0., 33., 131., 20., 3., 2., 1.,
       0., 1., 2., 17., 16., 3., 1., 44., 22., 10., 83., 68., 131., 34.,
       0., 0., 0., 4., 82., 116., 98., 7., 0., 0., 0., 1., 12., 62., 0.,
       0., 0., 0., 0., 1., 6., 2., 27., 0., 0., 0., 9., 11., 86., 131.,
       23., 1., 0., 0., 0., 4., 131., 94., 16., 0., 0., 0., 0., 0., 9.,
       37., 0., 0., 0., 0., 0., 0., 1., 0., 0., 0., 18., 70., 0., 0., 2.,
       3., 25., 54., 83., 68., 0., 0., 1., 2., 27., 36., 7., 2., 1., 0.,
       1., 2., 0., 0., 0., 1., 0., 0., 0., 1., 8., 4., 63., 133., 49.,
       6., 0., 0., 133., 69., 57., 91., 2., 1., 0., 31., 113., 45., 3.,
       0., 0., 0., 1., 24., 1., 1., 0., 0., 0., 0., 1., 6., 11., 6., 5.,
       33., 133., 42., 1., 1., 125., 133., 27., 6., 14., 3., 2., 25.,
       114., 133., 19., 0., 0., 0., 2., 38., 22., 8., 0., 0., 0., 0., 1.,
       7., 4., 1., 0., 2., 133., 56., 6., 3., 99., 21., 3., 1., 15., 15.,
       12., 127., 103., 24., 1., 0., 0., 0., 7., 133., 16., 2., 1., 0.,
       0., 0., 0., 9., 0., 0., 0., 4., 30., 44., 0., 0., 3., 21., 17.,
       30., 57., 112., 24., 4., 20., 41., 24., 8., 3., 10., 58., 65.,
       64., 7., 1., 1., 4., 4., 11., 20., 0., 5., 9., 9., 58., 1., 0.,
       0., 14., 33., 25., 78., 146., 4., 1., 2., 146., 141., 23., 18.,
       22., 3., 7., 16., 66., 13., 1., 5., 7., 6., 7., 13., 0., 111.,
       73., 21., 46., 5., 0., 0., 36., 11., 16., 55., 146., 5., 1., 7.,
       146., 20., 4., 6., 31., 3., 3., 24., 56., 19., 8., 2., 0., 3., 8.,
       14., 0., 64., 57., 14., 14., 119., 16., 0., 41., 24., 94., 80.,
       82., 33., 1., 2., 146., 23., 7., 8., 9., 1., 0., 10., 47., 24.,
       5., 4., 0., 0., 0., 0., 1., 0., 0., 0., 54., 29., 5., 5., 16., 3.,
       0., 1., 146., 43., 11., 14., 90., 45., 3., 1., 19., 26., 98., 86.,
       10., 97., 28., 0., 0., 66., 68., 11., 0., 1., 6., 9., 59., 28.,
       10., 4., 39., 7., 3., 8., 146., 45., 3., 5., 146., 20., 1., 4.,
       30., 12., 17., 28., 50., 2., 0., 0., 0., 77., 82., 15., 6., 5.,
       9., 12., 64., 17., 1., 4., 22., 3., 6., 9., 146., 146., 25., 14.,
       146., 15., 1., 2., 14., 40., 30., 54., 68., 6., 0., 0., 0., 1.,
       4., 5., 4., 4., 6., 10., 65., 12., 0., 1., 3., 7., 45., 75., 22.,
       43., 19., 7., 43., 97., 40., 11., 4., 27., 23., 25., 33., 80., 3.,
       0., 0., 1., 0., 3., 0., 0., 0., 2., 0., 0., 0., 0., 0., 6., 27.,
       37., 3., 10., 5., 0., 4., 26., 24., 7., 22., 60., 6., 0., 1., 1.,
       8., 23., 102., 119., 3., 0., 0., 0., 0., 13., 15., 0., 0., 0.,
       19., 38., 64., 119., 110., 6., 1., 5., 119., 119., 55., 28., 11.,
       11., 1., 13., 22., 5., 1., 4., 119., 105., 3., 2., 0., 0., 0., 3.,
       35., 11., 0., 0., 24., 6., 3., 32., 119., 116., 70., 49., 119.,
       26., 29., 20., 19., 14., 43., 119., 19., 10., 59., 119., 90., 9.,
       0., 1., 0., 2., 14., 1., 4., 4., 0., 0., 0., 2., 33., 3., 9., 34.,
       41., 10., 2., 2., 30., 23., 76., 29., 24., 20., 19., 5., 49.,
       111., 110., 25., 0., 2., 4., 1., 32., 135., 7., 0., 0., 4., 27.,
       10., 15., 35., 7., 3., 11., 34., 47., 12., 5., 0., 2., 2., 63.,
       135., 16., 7., 5., 0., 0., 0., 109., 127., 5., 0., 2., 28., 22.,
       14., 74., 66., 64., 31., 2., 1., 3., 71., 84., 40., 135., 42., 0.,
       0., 0., 5., 17., 100., 38., 1., 0., 1., 2., 2., 16., 36., 38., 0.,
       0., 1., 8., 13., 98., 135., 11., 1., 0., 0., 0., 131., 135., 59.,
       103., 2., 0., 0., 0., 14., 109., 135., 18., 0., 0., 0., 1., 4.,
       9., 18., 13., 0., 1., 0., 0., 1., 21., 100., 3., 1., 3., 1., 0.,
       9., 34., 11., 3., 0., 0., 0., 0., 2., 25., 19., 0., 0., 0., 0.,
       0., 1., 2., 2., 8., 62., 11., 1., 0., 1., 2., 1., 6., 8., 27., 7.,
