%YAML:1.0
---
mat: !!opencv-matrix
   rows: 29
   cols: 128
   dt: f
   data: [ 10., 6., 40., 78., 7., 0., 7., 18., 68., 42., 123., 56., 1.,
       0., 0., 14., 35., 55., 34., 24., 9., 1., 2., 16., 1., 9., 8.,
       123., 104., 0., 0., 2., 6., 2., 22., 112., 34., 46., 29., 3.,
       123., 26., 20., 38., 19., 29., 6., 39., 78., 9., 5., 54., 86., 8.,
       3., 17., 0., 0., 1., 100., 123., 28., 24., 27., 2., 10., 7., 1.,
       11., 109., 49., 3., 123., 52., 8., 2., 9., 114., 53., 29., 42.,
       40., 23., 26., 30., 16., 35., 71., 1., 0., 0., 4., 37., 79., 123.,
       45., 24., 78., 31., 0., 0., 11., 3., 3., 42., 42., 1., 0., 0.,
       31., 67., 29., 25., 4., 0., 0., 0., 1., 30., 95., 10., 1., 0., 0.,
       2., 16., 26., 21., 2., 10., 8., 21., 3., 1., 2., 1., 2., 2., 37.,
       118., 7., 3., 3., 9., 13., 7., 76., 69., 1., 1., 6., 63., 6., 10.,
       17., 17., 3., 11., 40., 39., 5., 7., 4., 39., 98., 34., 31., 6.,
       74., 3., 10., 118., 83., 10., 14., 118., 32., 3., 6., 10., 8.,
       42., 85., 118., 8., 52., 40., 16., 55., 53., 13., 14., 2., 1.,
       11., 20., 118., 80., 7., 3., 118., 39., 0., 2., 88., 110., 34.,
       43., 93., 65., 2., 7., 24., 34., 26., 32., 18., 14., 6., 18.,
       118., 73., 15., 20., 7., 2., 8., 4., 6., 34., 17., 38., 16., 5.,
       0., 0., 5., 91., 113., 17., 26., 18., 1., 4., 10., 14., 68., 33.,
       2., 1., 1., 7., 45., 49., 70., 30., 0., 0., 1., 31., 25., 3., 12.,
       1., 25., 3., 13., 113., 37., 1., 2., 17., 54., 8., 19., 26., 4.,
       7., 12., 58., 4., 35., 64., 11., 7., 10., 27., 15., 4., 7., 16.,
       59., 89., 14., 6., 7., 113., 16., 3., 81., 96., 11., 2., 101.,
       63., 14., 4., 4., 7., 49., 76., 105., 14., 31., 33., 12., 73.,
       113., 25., 6., 2., 2., 1., 5., 71., 110., 34., 13., 111., 89., 1.,
       3., 64., 113., 36., 17., 70., 113., 21., 2., 5., 10., 27., 33.,
       9., 10., 6., 4., 74., 89., 40., 25., 7., 2., 10., 33., 17., 24.,
       3., 5., 12., 6., 1., 4., 7., 101., 101., 22., 20., 20., 1., 0.,
       0., 8., 100., 72., 4., 2., 0., 0., 1., 6., 40., 31., 0., 0., 0.,
       7., 17., 72., 35., 1., 0., 0., 0., 6., 25., 36., 12., 5., 0., 0.,
       0., 0., 0., 3., 5., 5., 0., 0., 0., 0., 0., 0., 0., 0., 2., 7.,
       25., 143., 50., 17., 9., 1., 75., 36., 27., 37., 26., 21., 43.,
       39., 14., 1., 0., 3., 36., 94., 53., 25., 0., 0., 0., 25., 165.,
       53., 1., 0., 31., 4., 5., 87., 51., 25., 72., 49., 129., 20., 5.,
       6., 5., 34., 117., 89., 34., 1., 0., 3., 94., 76., 10., 18., 0.,
       0., 0., 16., 165., 165., 8., 0., 90., 4., 2., 10., 7., 8., 41.,
       70., 22., 4., 7., 2., 4., 37., 56., 26., 1., 0., 3., 1., 34., 53.,
       13., 6., 0., 0., 0., 0., 19., 123., 27., 3., 0., 2., 22., 18.,
       18., 77., 35., 0., 8., 41., 13., 17., 35., 92., 31., 20., 40.,
       75., 46., 7., 13., 27., 19., 16., 60., 18., 4., 4., 3., 1., 2.,
       38., 5., 17., 66., 100., 11., 3., 3., 4., 89., 22., 17., 70., 27.,
       14., 10., 37., 88., 14., 5., 37., 88., 40., 10., 22., 111., 20.,
       2., 2., 3., 1., 0., 5., 30., 12., 66., 111., 8., 3., 6., 76., 96.,
       50., 23., 38., 20., 15., 27., 102., 90., 46., 15., 101., 80., 21.,
       4., 3., 111., 52., 7., 4., 0., 0., 0., 1., 85., 6., 9., 18., 15.,
       26., 13., 111., 26., 4., 6., 3., 35., 29., 28., 91., 41., 28., 2.,
       7., 111., 89., 5., 1., 67., 99., 20., 1., 4., 5., 1., 0., 14.,
       117., 13., 0., 1., 21., 8., 3., 9., 91., 21., 37., 33., 8., 3.,
       6., 27., 3., 7., 80., 117., 27., 6., 43., 84., 8., 8., 16., 31.,
       9., 22., 117., 10., 50., 7., 0., 9., 117., 30., 6., 101., 98.,
       22., 21., 19., 56., 16., 28., 46., 2., 3., 24., 74., 117., 33.,
       60., 75., 3., 2., 6., 8., 8., 30., 97., 2., 0., 0., 0., 31., 117.,
       9., 7., 89., 49., 9., 1., 44., 103., 9., 15., 43., 48., 28., 28.,
       75., 45., 4., 14., 55., 58., 62., 8., 5., 3., 6., 39., 2., 2., 0.,
       0., 9., 27., 3., 3., 2., 17., 8., 3., 48., 117., 13., 4., 4., 24.,
       28., 27., 14., 35., 96., 18., 10., 34., 43., 8., 2., 27., 85.,
       13., 21., 5., 6., 5., 7., 11., 26., 80., 7., 5., 7., 64., 133.,
       50., 7., 4., 133., 52., 5., 22., 39., 9., 1., 1., 55., 28., 1.,
       0., 7., 7., 2., 0., 2., 28., 47., 49., 20., 4., 2., 9., 7., 6.,
       43., 133., 117., 38., 3., 2., 133., 65., 19., 44., 26., 8., 3.,
       14., 67., 50., 23., 3., 0., 0., 0., 1., 3., 133., 75., 12., 23.,
       9., 0., 0., 7., 12., 27., 67., 116., 114., 14., 11., 133., 58.,
       28., 12., 10., 22., 15., 54., 33., 28., 85., 42., 0., 0., 0., 2.,
       77., 133., 53., 3., 0., 0., 0., 0., 2., 15., 38., 54., 17., 3.,
       0., 0., 6., 43., 33., 11., 4., 1., 0., 1., 0., 16., 51., 14., 0.,
       0., 0., 0., 8., 3., 0., 0., 0., 0., 1., 2., 51., 22., 9., 0., 0.,
       9., 67., 70., 11., 21., 15., 0., 0., 5., 121., 105., 11., 2., 0.,
       1., 5., 1., 39., 77., 9., 3., 0., 0., 1., 9., 41., 50., 48., 59.,
       88., 24., 29., 45., 26., 18., 121., 121., 91., 6., 2., 4., 6.,
       22., 64., 23., 10., 7., 24., 6., 11., 33., 44., 0., 0., 0., 1.,
       24., 36., 107., 12., 3., 5., 7., 31., 121., 80., 20., 121., 100.,
       35., 3., 3., 99., 51., 24., 58., 121., 70., 9., 8., 6., 4., 5.,
       52., 0., 0., 0., 0., 1., 6., 63., 3., 0., 0., 0., 0., 61., 64.,
       23., 2., 9., 4., 1., 0., 121., 89., 3., 47., 56., 10., 0., 0.,
       62., 48., 8., 12., 4., 3., 1., 1., 4., 19., 35., 26., 9., 17., 9.,
       2., 1., 12., 30., 24., 14., 24., 17., 3., 1., 1., 18., 24., 4.,
       1., 8., 5., 2., 1., 10., 31., 19., 19., 28., 7., 0., 8., 26., 14.,
       20., 88., 121., 38., 2., 7., 5., 121., 113., 85., 25., 1., 0., 0.,
       13., 29., 12., 16., 75., 18., 0., 0., 5., 31., 55., 52., 58., 35.,
       3., 1., 1., 50., 21., 16., 121., 121., 21., 10., 5., 121., 105.,
       117., 22., 3., 2., 15., 25., 11., 12., 121., 121., 9., 2., 35.,
       10., 46., 12., 3., 8., 19., 17., 26., 33., 5., 5., 0., 8., 30.,
       92., 121., 20., 8., 21., 24., 3., 0., 14., 121., 87., 0., 1., 20.,
       8., 1., 2., 121., 53., 0., 0., 21., 127., 22., 1., 2., 1., 13.,
       24., 127., 107., 12., 5., 2., 0., 76., 49., 27., 12., 11., 41.,
       21., 13., 13., 1., 1., 2., 11., 43., 56., 44., 3., 1., 6., 127.,
       19., 9., 34., 82., 38., 16., 20., 33., 49., 127., 76., 45., 127.,
       41., 4., 1., 7., 20., 17., 57., 29., 1., 1., 7., 29., 26., 31.,
       21., 105., 3., 4., 23., 3., 13., 29., 127., 10., 0., 0., 0., 57.,
       127., 85., 69., 91., 3., 2., 3., 11., 40., 67., 127., 16., 2., 4.,
       39., 27., 8., 3., 7., 127., 6., 0., 0., 4., 16., 12., 34., 13.,
       1., 0., 0., 26., 37., 11., 6., 12., 1., 0., 2., 28., 19., 17.,
       26., 0., 0., 2., 8., 41., 16., 6., 3., 29., 51., 18., 22., 14.,
       99., 60., 28., 119., 82., 2., 10., 9., 4., 17., 81., 30., 16., 9.,
       49., 49., 8., 4., 18., 38., 23., 4., 2., 1., 1., 3., 29., 12.,
       91., 55., 25., 53., 50., 39., 21., 119., 119., 19., 11., 14., 9.,
       15., 65., 60., 42., 3., 28., 54., 30., 2., 19., 49., 30., 1., 1.,
       0., 1., 2., 24., 29., 61., 50., 18., 79., 29., 20., 17., 119.,
       90., 24., 8., 7., 6., 9., 50., 75., 25., 26., 50., 48., 30., 0.,
       8., 86., 22., 2., 3., 2., 1., 0., 5., 22., 40., 36., 7., 11., 41.,
       114., 10., 71., 101., 82., 8., 0., 5., 100., 43., 46., 23., 60.,
       35., 2., 0., 22., 119., 44., 4., 3., 2., 0., 0., 0., 35., 17., 5.,
       5., 4., 97., 133., 31., 10., 133., 39., 3., 1., 3., 9., 25., 46.,
       75., 16., 4., 22., 43., 3., 1., 11., 67., 13., 2., 4., 5., 0., 0.,
       3., 15., 16., 14., 108., 133., 35., 6., 1., 133., 51., 13., 14.,
       8., 5., 7., 35., 95., 6., 1., 11., 69., 17., 2., 23., 85., 5., 1.,
       2., 6., 3., 2., 19., 17., 12., 7., 61., 133., 103., 16., 10.,
       133., 51., 4., 11., 6., 18., 19., 80., 86., 13., 4., 40., 36., 2.,
       0., 19., 62., 6., 2., 1., 2., 0., 0., 17., 15., 21., 21., 51.,
