%YAML:1.0
---
mat: !!opencv-matrix
   rows: 30
   cols: 128
   dt: f
   data: [ 7., 2., 12., 12., 0., 0., 13., 58., 12., 9., 78., 49., 2., 2.,
       2., 12., 2., 64., 109., 30., 23., 10., 0., 0., 7., 25., 26., 76.,
       79., 89., 26., 8., 10., 9., 109., 107., 3., 2., 1., 6., 78., 22.,
       89., 85., 10., 39., 28., 27., 60., 98., 80., 23., 45., 109., 29.,
       21., 109., 69., 6., 0., 7., 58., 56., 36., 36., 24., 45., 45., 6.,
       11., 29., 63., 109., 31., 33., 15., 7., 20., 42., 84., 32., 8.,
       26., 23., 43., 58., 37., 109., 98., 6., 0., 0., 1., 4., 7., 88.,
       15., 3., 0., 0., 0., 0., 53., 109., 8., 5., 1., 1., 0., 10., 59.,
       66., 8., 4., 2., 1., 0., 4., 35., 69., 15., 11., 0., 0., 0., 0.,
       1., 17., 1., 16., 22., 49., 9., 0., 0., 0., 2., 5., 93., 71., 7.,
       0., 0., 1., 2., 26., 83., 10., 5., 1., 1., 0., 1., 11., 7., 9.,
       14., 0., 0., 0., 72., 61., 27., 107., 90., 13., 2., 13., 107.,
       32., 85., 105., 44., 17., 15., 46., 26., 54., 77., 48., 20., 39.,
       24., 18., 7., 55., 107., 16., 4., 0., 0., 0., 40., 2., 0., 6.,
       82., 107., 34., 46., 106., 40., 16., 23., 41., 107., 73., 23.,
       17., 22., 43., 107., 47., 64., 62., 7., 11., 33., 90., 39., 23.,
       29., 35., 5., 0., 0., 1., 8., 23., 27., 8., 1., 0., 3., 17., 13.,
       8., 65., 63., 1., 1., 2., 14., 5., 6., 91., 107., 1., 1., 0., 4.,
       3., 7., 82., 107., 2., 14., 44., 13., 1., 0., 0., 4., 14., 66.,
       61., 2., 0., 0., 0., 6., 32., 61., 13., 0., 0., 0., 0., 17., 55.,
       20., 3., 0., 0., 0., 0., 25., 46., 13., 81., 94., 98., 27., 2.,
       1., 0., 137., 137., 36., 4., 0., 0., 0., 11., 137., 12., 0., 0.,
       0., 0., 0., 42., 52., 0., 0., 0., 0., 0., 0., 18., 41., 30., 24.,
       71., 109., 82., 60., 57., 137., 81., 10., 3., 1., 2., 22., 137.,
       137., 4., 0., 0., 0., 0., 0., 43., 43., 0., 0., 0., 0., 0., 0.,
       12., 9., 0., 1., 0., 7., 52., 75., 59., 97., 18., 0., 0., 0., 1.,
       24., 137., 87., 26., 0., 0., 0., 0., 0., 14., 31., 2., 0., 0., 0.,
       0., 0., 3., 10., 11., 42., 11., 0., 0., 0., 0., 3., 18., 74., 26.,
       3., 0., 0., 0., 1., 4., 110., 83., 9., 0., 0., 0., 21., 87., 105.,
       29., 0., 0., 0., 0., 5., 20., 110., 97., 39., 14., 0., 1., 101.,
       102., 110., 29., 21., 13., 0., 6., 19., 6., 38., 70., 95., 79.,
       29., 11., 78., 50., 34., 24., 4., 7., 64., 69., 49., 29., 10.,
       17., 52., 110., 54., 18., 110., 29., 8., 3., 7., 41., 73., 110.,
       41., 1., 0., 0., 14., 90., 92., 51., 9., 0., 0., 0., 0., 8., 110.,
       110., 55., 4., 0., 0., 0., 15., 36., 47., 19., 2., 0., 0., 0., 6.,
       52., 64., 21., 5., 0., 0., 0., 1., 12., 25., 12., 6., 0., 0., 0.,
       0., 7., 16., 3., 4., 29., 46., 41., 53., 43., 17., 23., 62., 57.,
       15., 17., 25., 29., 39., 50., 15., 2., 6., 34., 60., 21., 35.,
       87., 6., 0., 0., 0., 0., 6., 45., 4., 5., 23., 60., 107., 107.,
       57., 14., 107., 64., 41., 19., 16., 30., 85., 107., 48., 12., 1.,
       5., 18., 45., 107., 77., 57., 4., 0., 0., 0., 1., 36., 83., 0.,
       1., 10., 48., 92., 107., 45., 4., 107., 68., 42., 39., 21., 26.,
       63., 81., 90., 15., 0., 0., 0., 5., 79., 56., 0., 0., 0., 0., 0.,
       1., 64., 22., 0., 0., 3., 24., 68., 90., 22., 1., 77., 26., 19.,
       22., 15., 41., 63., 65., 91., 9., 0., 0., 0., 0., 9., 46., 0., 0.,
       0., 0., 0., 1., 29., 7., 29., 15., 16., 3., 7., 44., 41., 20.,
       46., 60., 12., 2., 6., 31., 49., 23., 81., 86., 6., 0., 1., 2.,
       4., 27., 23., 3., 0., 0., 0., 0., 0., 31., 37., 25., 65., 85.,
       37., 12., 15., 42., 99., 92., 55., 17., 6., 23., 37., 52., 75.,
       24., 3., 0., 1., 4., 29., 112., 14., 1., 0., 0., 0., 0., 2., 63.,
       14., 10., 10., 36., 81., 112., 103., 48., 112., 61., 40., 32.,
       34., 24., 65., 112., 84., 112., 44., 12., 5., 1., 2., 29., 35.,
       41., 1., 0., 0., 0., 0., 22., 30., 6., 0., 0., 2., 36., 72., 20.,
       3., 4., 6., 14., 62., 112., 98., 27., 59., 54., 22., 22., 28.,
       23., 63., 71., 34., 112., 31., 9., 3., 1., 0., 3., 10., 70., 83.,
       5., 0., 1., 2., 5., 38., 87., 66., 3., 0., 1., 1., 4., 72., 26.,
       1., 0., 0., 0., 0., 6., 33., 1., 0., 0., 0., 0., 0., 6., 19., 27.,
       28., 20., 3., 9., 56., 59., 95., 72., 47., 12., 1., 7., 25., 59.,
       99., 54., 61., 5., 0., 0., 0., 19., 20., 43., 44., 1., 0., 0., 0.,
       1., 44., 29., 29., 71., 73., 25., 14., 15., 108., 108., 85., 50.,
       37., 21., 20., 47., 58., 88., 108., 58., 35., 31., 14., 25., 43.,
       88., 93., 23., 14., 9., 5., 24., 17., 11., 8., 2., 26., 61., 64.,
       43., 50., 7., 2., 2., 15., 49., 108., 108., 26., 3., 1., 4., 17.,
       71., 108., 88., 21., 3., 1., 4., 14., 44., 69., 71., 28., 11.,
       10., 19., 4., 12., 52., 20., 18., 21., 20., 15., 11., 42., 66.,
       18., 22., 17., 14., 8., 6., 18., 76., 45., 31., 21., 19., 9., 10.,
       17., 24., 36., 57., 11., 12., 101., 46., 11., 6., 22., 114., 41.,
       19., 42., 20., 2., 12., 17., 26., 23., 86., 101., 68., 6., 17.,
       6., 72., 102., 70., 15., 5., 7., 15., 27., 10., 13., 3., 16., 31.,
       68., 83., 22., 82., 4., 0., 7., 25., 24., 77., 94., 23., 8., 13.,
       46., 114., 114., 60., 36., 114., 29., 14., 16., 31., 26., 40.,
       114., 3., 114., 114., 0., 0., 3., 16., 3., 5., 92., 63., 0., 0.,
       7., 22., 19., 7., 25., 7., 0., 2., 56., 72., 20., 9., 0., 0., 0.,
       5., 21., 51., 68., 0., 4., 32., 41., 13., 12., 2., 0., 0., 18.,
       43., 15., 5., 40., 44., 0., 0., 2., 31., 38., 7., 38., 105., 0.,
       0., 11., 30., 8., 2., 74., 107., 4., 17., 37., 72., 107., 107.,
       13., 3., 5., 107., 107., 87., 36., 21., 6., 3., 12., 22., 17.,
       58., 97., 107., 28., 1., 5., 60., 54., 59., 29., 28., 6., 2., 25.,
       17., 5., 4., 15., 107., 107., 71., 24., 107., 14., 10., 7., 16.,
       24., 86., 98., 31., 2., 13., 10., 107., 81., 23., 29., 58., 2.,
       8., 7., 48., 24., 21., 72., 3., 7., 17., 48., 54., 28., 18., 4.,
       7., 19., 44., 46., 15., 13., 26., 15., 6., 26., 80., 48., 15.,
       19., 16., 12., 6., 17., 49., 40., 15., 10., 10., 13., 19., 59.,
       29., 3., 2., 17., 52., 21., 20., 107., 56., 4., 3., 11., 22., 10.,
       22., 111., 52., 2., 1., 2., 3., 6., 24., 58., 15., 0., 0., 0., 0.,
       4., 78., 28., 27., 29., 2., 9., 49., 32., 39., 29., 32., 23., 4.,
       37., 83., 20., 30., 50., 35., 11., 3., 23., 83., 42., 79., 59.,
       22., 1., 1., 7., 11., 56., 38., 13., 12., 41., 32., 46., 50., 54.,
       111., 24., 17., 51., 34., 20., 38., 60., 57., 64., 89., 100., 55.,
       26., 23., 25., 95., 95., 48., 11., 4., 3., 7., 50., 5., 111., 78.,
       0., 3., 25., 37., 10., 12., 65., 19., 3., 19., 50., 69., 48., 28.,
       11., 4., 13., 42., 102., 111., 78., 38., 17., 19., 16., 33., 48.,
       51., 67., 0., 6., 24., 56., 9., 0., 0., 0., 11., 51., 71., 70.,
       21., 1., 2., 8., 9., 62., 94., 84., 37., 7., 1., 3., 37., 57.,
       41., 30., 28., 22., 36., 39., 3., 6., 26., 114., 45., 2., 1., 3.,
       88., 38., 31., 53., 31., 9., 4., 27., 23., 25., 60., 70., 96.,
       93., 44., 22., 114., 87., 34., 12., 6., 17., 43., 98., 30., 11.,
       27., 103., 43., 3., 3., 15., 77., 17., 45., 27., 35., 23., 5.,
       42., 43., 70., 114., 18., 18., 54., 35., 21., 68., 37., 10., 66.,
       9., 6., 27., 65., 63., 21., 20., 45., 21., 4., 4., 26., 38., 42.,
       85., 27., 31., 32., 3., 9., 57., 49., 26., 17., 12., 37., 35.,
       55., 36., 9., 9., 114., 54., 0., 2., 21., 101., 62., 4., 5., 18.,
       7., 1., 8., 82., 41., 2., 14., 84., 40., 1., 14., 142., 76., 0.,
       0., 1., 2., 0., 45., 32., 5., 3., 11., 21., 14., 4., 9., 142., 3.,
       0., 4., 12., 10., 5., 75., 116., 8., 0., 17., 115., 62., 10., 30.,
       142., 33., 0., 0., 6., 4., 4., 53., 41., 2., 0., 3., 27., 35., 7.,
       9., 48., 0., 0., 1., 4., 13., 50., 142., 36., 2., 0., 7., 38.,
       79., 88., 49., 142., 8., 0., 1., 2., 5., 24., 94., 53., 1., 0.,
