%YAML:1.0
---
mat: !!opencv-matrix
   rows: 47
   cols: 128
   dt: f
   data: [ 1., 0., 0., 7., 126., 80., 4., 1., 126., 68., 0., 3., 82.,
       56., 3., 4., 126., 60., 0., 0., 0., 9., 9., 13., 53., 3., 0., 0.,
       0., 1., 7., 24., 0., 0., 0., 22., 82., 126., 7., 1., 86., 25., 0.,
       10., 94., 126., 17., 14., 126., 49., 0., 0., 3., 8., 18., 59.,
       30., 0., 0., 0., 0., 0., 23., 57., 0., 0., 1., 41., 83., 60., 14.,
       3., 16., 5., 5., 18., 58., 55., 126., 53., 126., 3., 1., 0., 1.,
       4., 52., 126., 31., 0., 0., 0., 0., 0., 15., 31., 0., 0., 0., 0.,
       21., 78., 35., 1., 5., 6., 7., 0., 4., 30., 106., 37., 25., 1.,
       1., 0., 0., 0., 16., 70., 5., 0., 0., 0., 0., 0., 2., 9., 23.,
       18., 6., 36., 128., 17., 5., 27., 147., 52., 1., 2., 8., 5., 3.,
       80., 59., 3., 0., 1., 67., 39., 3., 18., 63., 1., 0., 0., 3., 3.,
       6., 27., 29., 8., 6., 30., 58., 84., 12., 6., 147., 42., 0., 1.,
       8., 7., 2., 9., 107., 4., 0., 6., 99., 18., 1., 7., 95., 1., 0.,
       1., 8., 1., 4., 18., 15., 1., 3., 36., 105., 98., 5., 6., 147.,
       10., 0., 4., 15., 12., 3., 46., 100., 1., 0., 4., 46., 45., 44.,
       33., 45., 0., 0., 1., 3., 4., 25., 48., 5., 0., 8., 51., 35., 35.,
       113., 23., 147., 0., 0., 2., 3., 4., 42., 121., 57., 0., 0., 0.,
       0., 6., 26., 26., 0., 0., 0., 0., 0., 2., 22., 7., 9., 0., 0., 0.,
       32., 37., 23., 27., 57., 24., 6., 17., 140., 92., 5., 3., 140.,
       28., 2., 2., 6., 5., 1., 44., 30., 0., 0., 0., 0., 0., 15., 45.,
       0., 0., 0., 1., 34., 28., 42., 12., 62., 4., 0., 6., 140., 112.,
       5., 6., 140., 17., 0., 0., 26., 13., 2., 45., 55., 0., 0., 0., 0.,
       0., 12., 59., 0., 0., 0., 6., 41., 28., 40., 5., 24., 2., 0., 17.,
       140., 137., 15., 10., 140., 12., 0., 0., 26., 35., 19., 106., 43.,
       0., 0., 0., 0., 0., 20., 79., 0., 0., 0., 4., 35., 43., 20., 1.,
       1., 0., 0., 10., 63., 81., 63., 23., 61., 0., 0., 0., 4., 11.,
       47., 140., 14., 0., 0., 0., 0., 0., 19., 33., 1., 4., 52., 8., 0.,
       0., 30., 24., 0., 2., 76., 57., 3., 1., 28., 16., 5., 37., 115.,
       44., 6., 2., 9., 10., 6., 17., 66., 60., 9., 15., 17., 8., 16.,
       24., 115., 39., 30., 27., 3., 4., 85., 56., 99., 51., 27., 40.,
       14., 15., 81., 61., 46., 30., 80., 113., 10., 7., 107., 65., 26.,
       7., 9., 24., 23., 24., 69., 59., 10., 9., 78., 55., 19., 22.,
       115., 25., 3., 2., 47., 46., 21., 101., 65., 9., 0., 0., 87.,
       115., 59., 38., 50., 30., 24., 6., 5., 32., 83., 54., 14., 12.,
       2., 2., 6., 4., 103., 65., 26., 0., 0., 0., 3., 5., 38., 115.,
       12., 2., 0., 0., 2., 23., 38., 24., 4., 1., 0., 0., 0., 7., 54.,
       21., 8., 66., 60., 9., 6., 16., 17., 6., 19., 77., 96., 14., 5.,
       1., 0., 0., 10., 20., 26., 31., 4., 0., 0., 0., 0., 4., 59., 17.,
       2., 0., 0., 0., 15., 18., 21., 57., 107., 34., 19., 6., 114., 58.,
       35., 53., 71., 2., 0., 14., 73., 24., 51., 114., 63., 0., 0., 7.,
       38., 29., 114., 52., 25., 7., 1., 19., 8., 13., 12., 28., 65.,
       80., 60., 14., 114., 27., 8., 25., 47., 52., 87., 31., 60., 15.,
       10., 83., 111., 76., 51., 19., 94., 14., 7., 36., 81., 26., 24.,
       34., 0., 10., 55., 3., 1., 39., 38., 2., 1., 10., 35., 1., 1.,
       37., 106., 7., 3., 3., 13., 1., 2., 84., 95., 5., 6., 3., 5., 6.,
       9., 47., 106., 7., 2., 8., 7., 47., 38., 0., 0., 0., 23., 10., 4.,
       96., 141., 0., 0., 3., 141., 21., 2., 18., 38., 0., 0., 77., 55.,
       17., 17., 0., 0., 0., 0., 26., 2., 9., 16., 68., 48., 1., 0., 0.,
       46., 15., 8., 80., 141., 18., 3., 6., 141., 50., 2., 11., 28., 4.,
       3., 21., 41., 23., 32., 0., 0., 0., 0., 1., 21., 8., 6., 45., 59.,
       3., 0., 1., 30., 25., 15., 56., 140., 66., 23., 28., 141., 78.,
       12., 5., 8., 13., 19., 92., 22., 21., 30., 16., 4., 0., 0., 1.,
       21., 6., 1., 12., 55., 3., 0., 1., 22., 34., 19., 59., 133., 42.,
       8., 17., 105., 117., 18., 7., 6., 6., 5., 58., 20., 19., 7., 20.,
       29., 0., 0., 4., 2., 56., 75., 7., 0., 0., 14., 1., 2., 16., 108.,
       22., 0., 0., 18., 4., 1., 48., 104., 3., 1., 1., 15., 3., 0., 19.,
       69., 8., 0., 2., 20., 1., 20., 108., 54., 46., 10., 6., 2., 2.,
       108., 36., 95., 56., 19., 9., 3., 21., 50., 59., 81., 25., 103.,
       20., 3., 17., 60., 50., 65., 15., 25., 16., 8., 29., 20., 32., 5.,
       8., 8., 44., 108., 69., 108., 21., 3., 14., 19., 41., 108., 41.,
       62., 14., 2., 24., 108., 24., 61., 82., 93., 3., 0., 1., 65., 22.,
       13., 108., 1., 0., 0., 0., 0., 11., 95., 37., 3., 0., 0., 0., 0.,
       29., 108., 14., 3., 0., 0., 1., 2., 6., 108., 61., 5., 0., 0., 0.,
       13., 22., 19., 48., 0., 0., 0., 4., 112., 87., 36., 1., 14., 3.,
       1., 9., 87., 55., 20., 10., 104., 2., 0., 0., 13., 30., 26., 126.,
       100., 0., 0., 0., 0., 0., 2., 102., 0., 0., 0., 1., 126., 83., 5.,
       1., 38., 23., 18., 13., 114., 126., 19., 16., 126., 38., 9., 2.,
       1., 9., 20., 126., 41., 0., 0., 0., 0., 0., 3., 63., 0., 0., 0.,
       0., 12., 81., 20., 3., 11., 3., 1., 2., 15., 126., 126., 36.,
       115., 6., 1., 0., 1., 19., 103., 126., 20., 0., 0., 0., 0., 0.,
       8., 29., 0., 0., 0., 0., 0., 3., 9., 4., 1., 0., 0., 0., 0., 16.,
       35., 15., 0., 0., 0., 0., 0., 1., 40., 26., 0., 0., 0., 0., 0.,
       1., 10., 10., 0., 8., 11., 1., 0., 0., 0., 0., 1., 12., 37., 13.,
       0., 0., 0., 0., 0., 36., 33., 2., 0., 0., 0., 0., 0., 14., 9., 0.,
       0., 0., 0., 0., 0., 5., 139., 57., 0., 0., 0., 0., 6., 29., 139.,
       139., 13., 2., 0., 1., 115., 139., 123., 33., 2., 1., 0., 4., 28.,
       31., 11., 0., 0., 0., 0., 0., 26., 33., 139., 107., 0., 0., 0.,
       13., 39., 31., 76., 114., 39., 20., 9., 38., 139., 46., 12., 12.,
       5., 8., 8., 100., 68., 19., 2., 0., 0., 0., 0., 5., 40., 16., 20.,
       11., 0., 0., 3., 42., 55., 13., 7., 10., 2., 1., 23., 139., 62.,
       3., 1., 0., 0., 0., 7., 139., 17., 8., 6., 0., 0., 0., 0., 9.,
       70., 8., 0., 1., 48., 7., 1., 10., 5., 12., 31., 44., 140., 40.,
       4., 6., 131., 73., 41., 8., 9., 7., 3., 43., 67., 10., 0., 0., 0.,
       0., 3., 19., 43., 5., 0., 1., 54., 11., 1., 29., 18., 11., 6.,
       50., 140., 66., 6., 8., 140., 38., 5., 15., 24., 13., 7., 55.,
       87., 1., 0., 0., 0., 0., 1., 19., 75., 26., 0., 0., 33., 14., 1.,
       4., 9., 2., 1., 6., 140., 140., 22., 12., 140., 36., 1., 3., 26.,
       37., 25., 56., 90., 10., 0., 0., 0., 0., 2., 6., 80., 3., 0., 0.,
       15., 5., 1., 20., 1., 0., 0., 2., 140., 41., 4., 1., 108., 22.,
       1., 2., 43., 20., 11., 45., 76., 8., 0., 0., 0., 0., 2., 15., 0.,
       1., 3., 13., 43., 1., 0., 0., 22., 8., 8., 67., 139., 13., 1., 2.,
       139., 19., 7., 8., 4., 1., 1., 15., 39., 3., 1., 22., 28., 0., 0.,
       3., 0., 1., 2., 19., 67., 1., 0., 0., 22., 28., 20., 96., 139.,
       16., 2., 4., 139., 109., 18., 16., 10., 2., 1., 13., 48., 7., 1.,
       10., 76., 7., 0., 1., 0., 0., 1., 54., 85., 0., 0., 0., 33., 14.,
       7., 101., 139., 21., 8., 24., 139., 37., 5., 7., 14., 6., 7., 90.,
       43., 4., 2., 37., 40., 7., 0., 4., 0., 0., 2., 32., 86., 18., 1.,
       0., 30., 9., 6., 50., 83., 73., 45., 20., 139., 17., 2., 3., 2.,
       5., 17., 55., 22., 1., 2., 47., 90., 2., 0., 1., 9., 10., 22.,
       39., 22., 48., 78., 30., 49., 57., 20., 8., 16., 12., 18., 63.,
       40., 31., 2., 14., 36., 17., 5., 11., 53., 20., 0., 0., 0., 1.,
       2., 8., 27., 16., 33., 107., 121., 41., 4., 10., 121., 80., 26.,
       14., 27., 9., 1., 26., 85., 30., 1., 15., 102., 32., 2., 6., 121.,
       20., 0., 1., 1., 2., 2., 9., 18., 0., 0., 1., 121., 121., 13.,
       16., 121., 15., 0., 0., 12., 23., 12., 40., 92., 4., 0., 0., 63.,
       85., 8., 15., 121., 2., 0., 0., 3., 7., 4., 14., 1., 0., 1., 10.,
       74., 116., 10., 2., 121., 14., 3., 9., 11., 30., 17., 25., 75.,
       8., 1., 2., 74., 21., 1., 7., 113., 5., 1., 1., 13., 3., 1., 10.,
