%YAML:1.0
---
mat: !!opencv-matrix
   rows: 28
   cols: 128
   dt: f
   data: [ 83., 43., 2., 0., 41., 86., 8., 26., 130., 25., 0., 1., 42.,
       130., 19., 16., 130., 28., 0., 0., 0., 1., 10., 32., 5., 0., 0.,
       0., 0., 0., 42., 30., 52., 6., 0., 0., 37., 58., 82., 130., 57.,
       14., 1., 7., 130., 130., 32., 31., 130., 44., 0., 2., 5., 5., 15.,
       88., 29., 1., 0., 0., 0., 0., 33., 38., 0., 0., 0., 0., 16., 53.,
       65., 29., 6., 1., 0., 1., 54., 130., 130., 61., 60., 2., 0., 0.,
       1., 4., 105., 130., 9., 0., 0., 0., 0., 1., 19., 27., 0., 0., 0.,
       0., 0., 3., 20., 10., 0., 0., 0., 0., 0., 9., 41., 7., 0., 0., 0.,
       0., 0., 0., 16., 12., 0., 0., 0., 0., 0., 0., 1., 1., 33., 55.,
       49., 0., 0., 0., 0., 6., 48., 57., 35., 0., 0., 0., 0., 6., 37.,
       28., 7., 0., 0., 0., 0., 12., 7., 1., 0., 0., 0., 0., 0., 5., 8.,
       127., 127., 0., 0., 3., 53., 32., 27., 127., 127., 1., 1., 12.,
       25., 17., 127., 127., 39., 0., 0., 1., 2., 12., 24., 4., 0., 0.,
       0., 0., 0., 2., 23., 59., 31., 1., 0., 9., 127., 78., 40., 23.,
       11., 1., 1., 74., 127., 81., 127., 21., 2., 0., 0., 4., 51., 127.,
       24., 0., 0., 0., 0., 0., 0., 7., 127., 88., 40., 7., 2., 1., 4.,
       49., 110., 13., 0., 0., 0., 5., 45., 51., 28., 0., 0., 0., 0., 0.,
       20., 56., 3., 0., 0., 0., 0., 0., 0., 4., 0., 0., 0., 0., 32.,
       126., 40., 8., 115., 6., 0., 0., 32., 120., 21., 68., 107., 5.,
       0., 0., 0., 0., 46., 116., 1., 0., 0., 0., 0., 0., 54., 55., 0.,
       0., 0., 0., 19., 89., 69., 15., 89., 14., 0., 0., 75., 126., 22.,
       20., 126., 25., 0., 0., 1., 9., 20., 91., 8., 0., 0., 0., 0., 0.,
       56., 73., 0., 0., 0., 0., 3., 33., 92., 27., 11., 0., 0., 0., 21.,
       126., 126., 44., 67., 1., 0., 0., 0., 11., 119., 126., 4., 0., 0.,
       0., 0., 0., 43., 61., 0., 0., 0., 0., 0., 1., 53., 21., 0., 0.,
       0., 0., 0., 5., 85., 16., 0., 0., 0., 0., 0., 1., 52., 27., 0.,
       0., 0., 0., 0., 1., 13., 8., 0., 24., 46., 0., 0., 0., 0., 0., 0.,
       21., 63., 3., 0., 0., 0., 0., 0., 34., 45., 1., 0., 0., 0., 0.,
       0., 20., 11., 0., 0., 0., 0., 0., 0., 31., 93., 13., 1., 0., 0.,
       0., 4., 31., 130., 130., 18., 0., 0., 0., 56., 130., 130., 26.,
       1., 0., 0., 1., 10., 76., 39., 0., 0., 0., 0., 0., 0., 26., 95.,
       49., 7., 0., 0., 0., 53., 11., 35., 130., 87., 0., 0., 5., 130.,
       87., 21., 23., 7., 0., 0., 20., 26., 81., 50., 0., 0., 0., 0., 0.,
       5., 38., 130., 81., 6., 0., 0., 2., 123., 24., 47., 130., 16., 0.,
       0., 6., 130., 53., 11., 2., 0., 0., 0., 9., 3., 50., 44., 0., 0.,
       0., 0., 0., 0., 5., 31., 76., 19., 0., 0., 0., 21., 59., 117.,
       72., 17., 0., 1., 10., 55., 95., 32., 0., 0., 0., 0., 7., 2., 14.,
       14., 0., 0., 0., 0., 0., 3., 6., 17., 117., 69., 0., 0., 0., 117.,
       37., 20., 70., 34., 1., 1., 66., 103., 58., 79., 14., 0., 0., 0.,
       43., 2., 53., 66., 0., 0., 0., 0., 0., 17., 5., 7., 117., 96., 1.,
       1., 10., 117., 35., 11., 56., 34., 1., 1., 36., 25., 72., 117.,
       117., 63., 8., 2., 3., 1., 117., 117., 2., 1., 1., 1., 0., 20.,
       3., 3., 44., 47., 4., 5., 24., 80., 4., 2., 44., 36., 1., 2., 41.,
       4., 10., 11., 63., 80., 19., 5., 1., 3., 46., 50., 50., 20., 5.,
       3., 1., 2., 6., 58., 7., 1., 8., 9., 2., 39., 33., 37., 6., 2.,
       3., 9., 2., 134., 52., 5., 0., 1., 2., 1., 3., 13., 1., 0., 2.,
       54., 48., 2., 3., 0., 7., 29., 16., 22., 21., 12., 1., 31., 62.,
       104., 72., 20., 17., 9., 8., 134., 134., 28., 5., 0., 1., 3., 21.,
       48., 5., 0., 2., 62., 34., 4., 8., 0., 0., 1., 5., 22., 41., 134.,
       14., 21., 5., 5., 17., 19., 113., 134., 60., 134., 14., 2., 1.,
       0., 4., 57., 134., 50., 0., 0., 0., 13., 37., 12., 29., 0., 0.,
       0., 0., 0., 8., 134., 21., 0., 0., 0., 0., 0., 41., 134., 28.,
       15., 0., 0., 0., 0., 1., 86., 114., 6., 0., 1., 8., 11., 7., 9.,
       21., 4., 76., 88., 19., 2., 3., 0., 2., 7., 28., 116., 22., 1.,
       1., 0., 3., 2., 28., 116., 13., 2., 2., 0., 1., 2., 17., 116.,
       17., 0., 0., 0., 1., 8., 59., 59., 29., 33., 99., 4., 1., 116.,
       48., 68., 33., 20., 18., 7., 19., 26., 25., 87., 36., 99., 32.,
       9., 8., 66., 27., 67., 16., 7., 9., 8., 21., 7., 2., 5., 20., 76.,
       116., 10., 7., 116., 13., 5., 17., 41., 65., 20., 51., 41., 3.,
       3., 51., 116., 32., 31., 33., 116., 5., 2., 1., 8., 8., 24., 62.,
       0., 0., 0., 9., 7., 40., 51., 21., 26., 0., 0., 0., 8., 49., 71.,
       80., 7., 0., 0., 1., 16., 66., 116., 28., 28., 0., 0., 0., 0., 3.,
       77., 70., 1., 64., 137., 22., 7., 1., 0., 0., 0., 97., 137., 0.,
       0., 0., 0., 0., 0., 84., 45., 0., 0., 0., 0., 0., 0., 6., 22., 0.,
       0., 0., 0., 0., 2., 30., 39., 28., 41., 18., 9., 2., 18., 137.,
       137., 57., 24., 1., 0., 0., 102., 137., 45., 2., 0., 0., 0., 1.,
       7., 21., 16., 0., 0., 0., 0., 0., 0., 5., 21., 80., 47., 2., 1.,
       0., 111., 22., 15., 127., 72., 0., 0., 13., 137., 55., 6., 4., 1.,
       0., 0., 41., 19., 13., 3., 0., 0., 0., 0., 0., 0., 2., 19., 57.,
       66., 1., 0., 0., 137., 3., 2., 57., 52., 0., 0., 35., 137., 6.,
       2., 0., 0., 0., 0., 51., 5., 4., 1., 0., 0., 0., 0., 0., 36., 86.,
       62., 33., 5., 1., 2., 37., 25., 121., 119., 19., 2., 0., 0., 2.,
       6., 63., 64., 4., 3., 9., 1., 2., 0., 14., 22., 3., 4., 49., 6.,
       0., 24., 7., 12., 89., 63., 64., 26., 48., 121., 74., 26., 49.,
       23., 17., 11., 44., 54., 49., 53., 93., 35., 2., 5., 30., 44.,
       65., 53., 18., 4., 1., 0., 17., 3., 0., 0., 8., 30., 121., 64.,
       3., 121., 33., 7., 27., 26., 121., 48., 29., 97., 20., 11., 115.,
       48., 12., 4., 67., 63., 9., 14., 48., 47., 0., 0., 62., 0., 0.,
       0., 10., 26., 48., 4., 0., 2., 0., 0., 2., 24., 121., 33., 5.,
       39., 11., 3., 5., 13., 82., 34., 22., 17., 11., 11., 37., 54., 9.,
       4., 6., 0., 16., 71., 4., 0., 0., 0., 0., 0., 6., 33., 124., 56.,
       0., 0., 0., 116., 9., 6., 68., 61., 0., 0., 11., 121., 29., 8.,
       0., 0., 0., 0., 7., 9., 54., 128., 69., 9., 0., 0., 6., 14., 39.,
       78., 128., 46., 3., 1., 4., 128., 40., 17., 72., 14., 0., 0., 8.,
       93., 43., 11., 0., 0., 0., 0., 3., 90., 19., 19., 53., 43., 3.,
       2., 53., 50., 13., 9., 29., 128., 47., 10., 38., 128., 23., 10.,
       9., 24., 12., 5., 41., 48., 41., 63., 4., 0., 0., 0., 1., 128.,
       10., 2., 15., 28., 1., 0., 10., 36., 14., 19., 51., 54., 28., 6.,
       11., 79., 38., 22., 26., 15., 9., 6., 28., 14., 27., 86., 45.,
       18., 0., 0., 2., 10., 14., 46., 39., 53., 7., 0., 0., 3., 61.,
       148., 37., 19., 2., 0., 0., 56., 148., 75., 7., 1., 0., 0., 0.,
       10., 27., 11., 0., 0., 0., 0., 0., 8., 3., 4., 68., 81., 3., 0.,
       0., 34., 15., 15., 130., 87., 1., 0., 0., 148., 75., 11., 19., 9.,
       0., 0., 5., 49., 20., 1., 0., 0., 0., 0., 0., 5., 6., 3., 33.,
       143., 8., 0., 0., 67., 4., 3., 72., 119., 15., 2., 4., 148., 11.,
       1., 6., 9., 2., 1., 18., 43., 4., 0., 0., 0., 0., 0., 2., 6., 2.,
       0., 1., 96., 36., 2., 7., 31., 0., 0., 2., 50., 75., 18., 34.,
       148., 2., 0., 0., 2., 7., 9., 118., 20., 0., 0., 0., 0., 0., 2.,
       13., 0., 0., 1., 0., 0., 0., 0., 0., 0., 4., 73., 15., 0., 0., 0.,
       0., 1., 38., 86., 11., 2., 0., 0., 0., 0., 10., 17., 87., 66., 0.,
       0., 0., 0., 0., 1., 6., 5., 0., 0., 0., 10., 14., 97., 124., 72.,
       2., 1., 2., 124., 118., 114., 37., 13., 1., 1., 8., 26., 16., 4.,
       73., 124., 0., 0., 0., 0., 0., 0., 10., 18., 0., 0., 0., 36., 6.,
       4., 75., 124., 14., 8., 33., 124., 11., 4., 13., 25., 5., 7.,
       124., 25., 1., 1., 52., 124., 4., 0., 5., 0., 0., 0., 10., 32.,
       2., 0., 0., 105., 5., 1., 51., 106., 7., 1., 23., 124., 2., 0.,
       5., 29., 2., 1., 55., 2., 0., 1., 57., 124., 1., 0., 2., 0., 0.,
       0., 2., 75., 36., 0., 0., 61., 21., 4., 16., 151., 88., 6., 16.,
