%YAML:1.0
---
mat: !!opencv-matrix
   rows: 143
   cols: 128
   dt: f
   data: [ 0., 0., 6., 11., 2., 0., 0., 0., 0., 4., 65., 20., 0., 0., 0.,
       0., 1., 25., 43., 1., 0., 0., 0., 0., 1., 4., 1., 1., 2., 0., 0.,
       0., 1., 0., 5., 33., 60., 15., 0., 0., 14., 34., 146., 129., 116.,
       27., 0., 1., 146., 146., 97., 11., 5., 2., 0., 8., 34., 14., 1.,
       0., 0., 0., 0., 3., 1., 0., 11., 8., 61., 29., 0., 0., 48., 8.,
       7., 19., 146., 119., 0., 6., 146., 34., 4., 3., 30., 16., 0., 25.,
       55., 3., 0., 0., 0., 0., 0., 6., 0., 3., 89., 61., 31., 3., 1.,
       1., 23., 9., 53., 77., 146., 19., 1., 1., 146., 59., 1., 10., 36.,
       4., 0., 1., 56., 10., 0., 0., 0., 0., 0., 0., 0., 15., 54., 15.,
       19., 1., 0., 0., 21., 3., 11., 29., 153., 11., 0., 2., 153., 1.,
       0., 3., 39., 3., 0., 13., 43., 0., 0., 0., 0., 0., 0., 3., 2.,
       45., 92., 37., 35., 19., 28., 16., 31., 20., 41., 91., 103., 30.,
       15., 7., 153., 10., 1., 12., 23., 4., 1., 1., 58., 1., 0., 0., 0.,
       1., 0., 1., 1., 3., 2., 1., 20., 49., 117., 40., 28., 2., 1., 4.,
       153., 110., 41., 14., 153., 4., 0., 1., 37., 15., 1., 4., 61., 1.,
       0., 0., 0., 0., 0., 0., 0., 40., 36., 8., 14., 3., 10., 2., 15.,
       4., 9., 33., 153., 7., 1., 0., 153., 28., 0., 4., 47., 1., 0., 0.,
       48., 6., 0., 0., 0., 0., 0., 0., 0., 2., 66., 39., 0., 0., 0., 0.,
       11., 46., 69., 17., 0., 0., 0., 0., 11., 15., 2., 0., 0., 0., 0.,
       0., 0., 0., 1., 0., 0., 0., 0., 1., 18., 37., 151., 135., 0., 4.,
       7., 5., 151., 151., 114., 21., 0., 0., 1., 10., 91., 21., 0., 0.,
       0., 0., 0., 2., 1., 0., 0., 0., 0., 0., 0., 1., 31., 15., 64.,
       27., 0., 70., 151., 57., 151., 31., 9., 1., 0., 5., 76., 151.,
       89., 2., 0., 0., 0., 0., 0., 24., 0., 0., 0., 0., 1., 1., 0., 0.,
       0., 0., 0., 0., 0., 45., 151., 11., 17., 0., 0., 0., 0., 7., 78.,
       92., 11., 2., 0., 0., 0., 0., 0., 13., 0., 0., 1., 1., 1., 0., 0.,
       0., 3., 0., 1., 20., 127., 7., 0., 1., 122., 8., 4., 8., 74., 4.,
       6., 83., 35., 6., 10., 1., 2., 62., 57., 50., 20., 26., 21., 3.,
       4., 89., 34., 15., 14., 2., 0., 56., 127., 0., 0., 2., 127., 32.,
       8., 15., 55., 0., 0., 40., 62., 25., 63., 7., 0., 18., 7., 17.,
       5., 16., 14., 1., 1., 48., 40., 10., 13., 4., 1., 56., 127., 0.,
       1., 9., 109., 70., 32., 16., 34., 12., 17., 52., 44., 70., 127.,
       32., 3., 24., 19., 13., 83., 59., 17., 1., 3., 0., 2., 10., 37.,
       0., 0., 40., 127., 0., 0., 20., 97., 0., 0., 3., 9., 25., 38.,
       100., 23., 3., 2., 3., 1., 70., 100., 42., 54., 2., 0., 2., 7.,
       1., 14., 46., 17., 7., 0., 1., 131., 22., 0., 0., 131., 91., 27.,
       11., 43., 4., 1., 2., 26., 53., 105., 45., 1., 4., 3., 2., 28.,
       43., 12., 0., 17., 4., 6., 2., 7., 2., 0., 0., 131., 30., 1., 3.,
       119., 41., 16., 7., 77., 22., 31., 71., 53., 27., 37., 24., 3.,
       46., 127., 56., 91., 22., 2., 0., 16., 2., 16., 39., 9., 2., 0.,
       7., 131., 18., 0., 1., 131., 37., 0., 4., 91., 8., 8., 23., 72.,
       10., 0., 0., 0., 14., 71., 24., 7., 0., 0., 1., 12., 2., 22., 22.,
       2., 2., 0., 32., 131., 24., 8., 1., 131., 61., 0., 12., 59., 15.,
       28., 25., 83., 41., 0., 0., 0., 0., 2., 7., 1., 1., 0., 5., 13.,
       1., 1., 0., 0., 1., 38., 40., 21., 1., 0., 0., 4., 23., 122., 16.,
       4., 1., 1., 1., 2., 26., 108., 7., 1., 2., 2., 1., 1., 11., 81.,
       39., 6., 0., 0., 0., 4., 2., 13., 29., 122., 31., 0., 1., 114.,
       40., 59., 17., 60., 18., 19., 44., 20., 32., 51., 6., 12., 32.,
       85., 31., 28., 16., 36., 40., 122., 36., 12., 9., 2., 2., 1., 2.,
       122., 20., 0., 0., 84., 97., 34., 4., 111., 12., 8., 25., 50.,
       96., 62., 1., 20., 8., 29., 30., 31., 19., 1., 2., 122., 28., 4.,
       5., 1., 0., 0., 4., 122., 10., 0., 0., 95., 16., 2., 4., 98., 10.,
       18., 58., 51., 11., 3., 0., 15., 3., 53., 80., 20., 3., 0., 4.,
       122., 15., 3., 11., 0., 0., 54., 36., 0., 0., 0., 0., 0., 0.,
       106., 98., 0., 0., 3., 1., 35., 61., 101., 55., 0., 0., 7., 6.,
       38., 35., 4., 0., 0., 0., 0., 1., 3., 1., 106., 91., 3., 15., 45.,
       19., 39., 4., 92., 65., 3., 10., 66., 103., 78., 31., 22., 19.,
       29., 25., 99., 46., 106., 39., 1., 1., 2., 1., 1., 4., 4., 0., 4.,
       2., 21., 86., 96., 39., 99., 9., 4., 4., 17., 42., 44., 87., 43.,
       11., 17., 27., 81., 45., 17., 23., 89., 50., 11., 5., 4., 5., 4.,
       11., 0., 0., 74., 44., 6., 23., 12., 3., 3., 1., 106., 93., 3.,
       11., 24., 27., 5., 10., 106., 106., 8., 6., 29., 27., 76., 76.,
       30., 14., 1., 2., 15., 16., 1., 10., 79., 10., 1., 0., 0., 0., 4.,
       46., 52., 2., 0., 0., 0., 0., 1., 10., 24., 9., 0., 0., 0., 0.,
       0., 8., 11., 2., 3., 0., 0., 0., 6., 13., 86., 64., 61., 28., 6.,
       0., 122., 122., 75., 37., 27., 1., 0., 4., 49., 50., 67., 122.,
       51., 0., 0., 1., 80., 68., 35., 11., 3., 0., 0., 5., 24., 2., 7.,
       72., 117., 53., 1., 4., 122., 17., 10., 48., 49., 18., 1., 20.,
       118., 14., 13., 122., 90., 26., 2., 13., 122., 9., 2., 6., 3., 1.,
       0., 28., 9., 1., 9., 8., 45., 54., 75., 9., 86., 10., 4., 7., 28.,
       34., 81., 40., 73., 3., 3., 14., 63., 53., 47., 33., 122., 0., 0.,
       0., 1., 1., 6., 36., 132., 132., 25., 39., 12., 14., 5., 6., 132.,
       17., 0., 0., 3., 42., 16., 30., 132., 3., 0., 0., 0., 22., 18.,
       25., 2., 0., 0., 0., 0., 33., 50., 20., 132., 46., 7., 9., 5.,
       59., 132., 132., 132., 19., 0., 0., 28., 72., 35., 76., 132., 28.,
       0., 0., 4., 9., 14., 31., 18., 1., 0., 1., 2., 7., 54., 16., 3.,
       0., 0., 0., 0., 53., 132., 46., 13., 1., 0., 0., 14., 132., 98.,
       47., 105., 3., 0., 0., 1., 16., 31., 71., 16., 1., 0., 2., 1., 0.,
       1., 2., 0., 0., 0., 0., 0., 4., 7., 0., 0., 0., 0., 0., 0., 12.,
       5., 0., 0., 0., 0., 0., 0., 1., 2., 2., 0., 0., 0., 0., 0., 0.,
       0., 0., 1., 73., 151., 0., 0., 0., 0., 0., 29., 121., 89., 0., 0.,
       0., 0., 0., 20., 23., 2., 0., 1., 0., 1., 1., 2., 0., 0., 0., 0.,
       0., 0., 3., 24., 121., 111., 0., 0., 0., 0., 0., 151., 141., 27.,
       0., 0., 0., 0., 2., 116., 13., 0., 0., 0., 0., 0., 2., 3., 1., 0.,
       0., 0., 0., 0., 1., 58., 39., 11., 0., 0., 2., 43., 32., 151.,
       33., 0., 0., 0., 0., 2., 65., 115., 2., 0., 0., 0., 0., 1., 17.,
       2., 0., 0., 0., 0., 0., 1., 2., 14., 0., 0., 0., 0., 17., 151.,
       42., 151., 0., 0., 0., 0., 0., 61., 147., 51., 0., 0., 0., 0., 0.,
       1., 18., 0., 0., 0., 0., 0., 0., 1., 1., 3., 2., 24., 54., 80.,
       20., 16., 5., 123., 29., 10., 20., 49., 5., 0., 16., 76., 11.,
       20., 66., 58., 0., 0., 4., 67., 16., 15., 56., 88., 0., 0., 7.,
       8., 1., 18., 48., 75., 79., 24., 2., 123., 11., 2., 18., 44., 25.,
       0., 15., 59., 7., 20., 85., 61., 75., 5., 3., 123., 4., 6., 49.,
       40., 41., 4., 9., 4., 9., 22., 25., 84., 51., 48., 5., 123., 28.,
       8., 5., 48., 27., 51., 49., 31., 21., 52., 25., 36., 63., 27., 5.,
       106., 4., 3., 21., 63., 43., 18., 21., 0., 0., 1., 1., 3., 25.,
       112., 3., 6., 1., 1., 0., 2., 19., 123., 40., 1., 1., 6., 4., 5.,
       42., 122., 5., 17., 0., 1., 3., 7., 25., 108., 36., 3., 0., 0.,
       17., 132., 35., 14., 5., 132., 0., 0., 6., 68., 8., 0., 47., 116.,
       0., 0., 1., 21., 6., 0., 24., 0., 2., 5., 16., 84., 53., 23., 3.,
       11., 1., 9., 83., 132., 1., 0., 1., 132., 9., 0., 16., 58., 1.,
       1., 31., 103., 15., 33., 21., 5., 3., 0., 10., 0., 30., 25., 4.,
       7., 31., 32., 2., 6., 1., 9., 39., 68., 73., 88., 6., 132., 19.,
       0., 6., 18., 22., 87., 70., 54., 27., 33., 57., 62., 33., 9., 12.,
       4., 132., 59., 16., 14., 15., 14., 3., 0., 0., 0., 0., 0., 31.,
       85., 1., 6., 0., 0., 0., 0., 11., 115., 32., 4., 1., 0., 1., 19.,
       74., 48., 13., 4., 18., 5., 1., 5., 53., 103., 4., 1., 18., 7.,
       6., 19., 13., 46., 21., 14., 0., 1., 42., 145., 27., 11., 6.,
