%YAML:1.0
---
mat: !!opencv-matrix
   rows: 117
   cols: 128
   dt: f
   data: [ 1., 1., 5., 4., 1., 0., 0., 1., 2., 5., 44., 7., 0., 0., 0.,
       0., 0., 11., 30., 1., 0., 0., 0., 0., 0., 2., 1., 1., 0., 0., 0.,
       0., 2., 1., 7., 24., 44., 15., 0., 0., 9., 29., 151., 102., 101.,
       36., 0., 1., 121., 151., 137., 9., 6., 2., 0., 8., 32., 15., 1.,
       0., 0., 0., 1., 3., 3., 3., 5., 2., 39., 28., 0., 0., 37., 9.,
       14., 17., 151., 151., 1., 5., 151., 46., 11., 3., 47., 23., 1.,
       26., 61., 4., 1., 0., 0., 0., 0., 6., 1., 24., 78., 34., 24., 2.,
       0., 0., 15., 23., 39., 33., 151., 34., 0., 1., 151., 51., 0., 6.,
       72., 10., 1., 1., 61., 10., 0., 0., 0., 1., 0., 0., 0., 1., 0.,
       3., 6., 0., 1., 0., 6., 0., 1., 74., 143., 1., 0., 1., 143., 1.,
       1., 31., 105., 9., 10., 92., 40., 3., 5., 5., 5., 96., 62., 50.,
       0., 0., 0., 19., 29., 2., 0., 0., 26., 1., 2., 143., 143., 33.,
       7., 4., 143., 16., 4., 33., 60., 9., 9., 41., 71., 5., 0., 0., 1.,
       17., 19., 13., 0., 0., 1., 5., 24., 18., 2., 0., 7., 0., 0., 21.,
       93., 143., 108., 9., 143., 12., 0., 3., 9., 52., 143., 92., 55.,
       6., 0., 1., 4., 1., 2., 15., 0., 0., 0., 0., 0., 2., 1., 1., 0.,
       0., 0., 0., 1., 18., 24., 0., 2., 0., 0., 0., 2., 14., 43., 12.,
       3., 0., 0., 2., 2., 1., 3., 6., 2., 5., 52., 11., 0., 0., 2., 3.,
       0., 1., 86., 40., 1., 1., 1., 1., 3., 45., 111., 37., 2., 1., 0.,
       0., 9., 53., 17., 0., 0., 0., 0., 0., 5., 20., 119., 66., 6., 10.,
       2., 1., 77., 58., 119., 43., 5., 15., 10., 13., 46., 59., 67.,
       49., 21., 87., 37., 12., 119., 93., 8., 1., 2., 5., 5., 4., 94.,
       34., 33., 14., 8., 77., 52., 36., 119., 32., 15., 10., 5., 49.,
       55., 86., 49., 5., 9., 64., 27., 51., 52., 43., 119., 8., 1., 5.,
       3., 3., 11., 74., 58., 2., 0., 0., 0., 18., 80., 119., 12., 0.,
       0., 0., 1., 21., 106., 81., 3., 0., 0., 1., 3., 22., 96., 48., 7.,
       0., 0., 1., 0., 0., 23., 53., 6., 0., 0., 0., 3., 59., 66., 68.,
       47., 9., 3., 5., 22., 97., 118., 76., 129., 27., 2., 1., 1., 1.,
       14., 90., 7., 0., 0., 0., 0., 0., 13., 18., 28., 0., 0., 0., 18.,
       29., 24., 32., 34., 27., 11., 42., 129., 76., 26., 17., 129.,
       104., 10., 14., 15., 10., 18., 52., 54., 3., 0., 0., 0., 0., 20.,
       30., 14., 0., 0., 0., 4., 34., 57., 47., 29., 1., 0., 2., 43.,
       129., 129., 70., 129., 6., 0., 1., 5., 35., 129., 129., 39., 0.,
       0., 8., 2., 1., 10., 40., 5., 0., 0., 0., 0., 15., 108., 24., 18.,
       0., 0., 3., 1., 5., 63., 61., 1., 0., 1., 16., 6., 5., 52., 17.,
       1., 1., 2., 22., 9., 1., 2., 4., 7., 12., 4., 1., 0., 0., 0., 0.,
       12., 26., 53., 6., 0., 0., 0., 0., 7., 35., 40., 1., 0., 9., 6.,
       1., 3., 3., 0., 0., 0., 17., 17., 1., 8., 49., 120., 43., 2., 1.,
       0., 0., 18., 43., 124., 124., 11., 7., 11., 8., 124., 124., 121.,
       12., 0., 1., 4., 22., 44., 24., 5., 0., 0., 12., 5., 1., 91., 86.,
       119., 21., 4., 3., 12., 40., 33., 13., 35., 48., 16., 24., 124.,
       84., 124., 66., 42., 2., 0., 1., 38., 121., 64., 77., 37., 0., 0.,
       0., 1., 1., 106., 61., 9., 0., 0., 0., 2., 96., 31., 38., 34., 3.,
       0., 0., 16., 27., 36., 38., 21., 0., 0., 0., 5., 32., 103., 28.,
       5., 0., 0., 0., 0., 15., 1., 0., 2., 18., 127., 7., 0., 1., 86.,
       14., 18., 13., 80., 1., 8., 73., 26., 10., 22., 1., 3., 49., 68.,
       51., 22., 33., 28., 3., 5., 71., 28., 12., 8., 1., 0., 53., 127.,
       0., 0., 0., 127., 22., 6., 19., 69., 0., 1., 36., 69., 19., 56.,
       12., 1., 24., 14., 20., 7., 14., 16., 2., 2., 58., 41., 13., 12.,
       1., 0., 52., 127., 1., 0., 6., 127., 48., 22., 19., 50., 12., 9.,
       52., 45., 56., 127., 50., 10., 33., 12., 13., 90., 53., 25., 3.,
       4., 1., 3., 13., 30., 0., 1., 42., 127., 1., 0., 11., 127., 0.,
       0., 4., 16., 25., 20., 88., 24., 2., 2., 4., 5., 99., 76., 42.,
       58., 2., 0., 2., 8., 2., 16., 51., 0., 0., 113., 30., 0., 0., 0.,
       0., 0., 1., 113., 55., 0., 0., 2., 1., 23., 54., 113., 34., 0.,
       0., 3., 2., 30., 39., 8., 0., 0., 0., 0., 0., 2., 2., 113., 40.,
       7., 29., 76., 21., 30., 6., 113., 32., 6., 15., 83., 95., 89.,
       34., 42., 14., 21., 32., 92., 33., 113., 34., 1., 0., 1., 0., 1.,
       4., 4., 1., 3., 2., 53., 84., 77., 20., 87., 7., 8., 7., 30., 30.,
       48., 85., 55., 12., 11., 23., 85., 35., 18., 25., 106., 27., 3.,
       1., 2., 1., 2., 15., 0., 2., 113., 30., 7., 18., 13., 2., 2., 1.,
       113., 60., 4., 8., 25., 24., 20., 31., 113., 69., 11., 9., 28.,
       13., 77., 73., 15., 2., 0., 1., 3., 7., 0., 0., 18., 46., 31., 0.,
       0., 0., 4., 43., 119., 38., 12., 0., 0., 2., 1., 53., 96., 1., 0.,
       0., 0., 1., 0., 17., 41., 8., 2., 0., 0., 0., 2., 0., 4., 60.,
       119., 0., 0., 1., 87., 38., 48., 47., 86., 7., 14., 72., 22., 59.,
       59., 3., 4., 51., 61., 32., 9., 38., 90., 54., 54., 8., 12., 7.,
       6., 2., 0., 74., 119., 0., 0., 4., 114., 78., 28., 27., 65., 5.,
       17., 46., 57., 82., 37., 7., 30., 24., 36., 22., 33., 8., 3., 48.,
       119., 11., 10., 13., 28., 0., 1., 66., 119., 3., 1., 14., 94., 5.,
       3., 8., 22., 8., 64., 96., 34., 11., 3., 21., 59., 7., 59., 55.,
       28., 6., 1., 53., 119., 2., 3., 23., 1., 1., 1., 3., 2., 56.,
       113., 0., 1., 10., 16., 21., 18., 113., 107., 0., 3., 43., 64.,
       6., 8., 79., 93., 13., 1., 72., 89., 0., 0., 27., 83., 5., 0., 0.,
       1., 42., 31., 12., 8., 0., 9., 9., 21., 113., 70., 55., 18., 4.,
       113., 26., 16., 30., 10., 24., 71., 59., 23., 1., 1., 3., 7., 73.,
       113., 17., 0., 11., 12., 7., 23., 31., 5., 0., 5., 3., 3., 18.,
       36., 113., 113., 12., 92., 5., 2., 7., 4., 18., 95., 94., 25., 1.,
       13., 85., 19., 6., 4., 10., 0., 93., 113., 0., 0., 4., 3., 0., 0.,
       73., 100., 0., 0., 10., 16., 0., 0., 25., 42., 8., 14., 6., 20.,
       7., 1., 2., 14., 49., 42., 38., 17., 4., 117., 12., 1., 4., 60.,
       1., 1., 19., 75., 11., 24., 9., 1., 21., 22., 20., 6., 10., 19.,
       4., 1., 60., 55., 14., 8., 1., 0., 1., 77., 18., 20., 23., 117.,
       64., 11., 9., 77., 2., 2., 14., 50., 60., 117., 74., 9., 16., 6.,
       7., 104., 99., 70., 16., 1., 3., 4., 8., 20., 6., 0., 7., 117.,
       2., 3., 1., 117., 6., 2., 3., 67., 10., 13., 74., 42., 8., 13.,
       17., 11., 117., 103., 52., 117., 15., 4., 3., 2., 22., 53., 94.,
       25., 1., 0., 7., 117., 0., 0., 7., 117., 13., 1., 7., 39., 0., 1.,
       11., 71., 4., 0., 0., 0., 24., 37., 13., 6., 0., 0., 1., 3., 10.,
       38., 26., 2., 0., 0., 15., 117., 0., 0., 3., 11., 30., 64., 5.,
       0., 0., 0., 1., 19., 59., 38., 1., 0., 0., 0., 4., 17., 16., 18.,
       4., 0., 0., 0., 4., 3., 9., 9., 1., 1., 0., 0., 1., 6., 23., 92.,
       47., 43., 23., 8., 1., 124., 124., 77., 29., 20., 1., 0., 9., 54.,
       63., 82., 124., 37., 0., 0., 1., 81., 81., 39., 9., 2., 0., 0.,
       3., 25., 3., 8., 62., 97., 41., 2., 5., 124., 19., 12., 47., 39.,
       13., 0., 26., 124., 17., 18., 124., 81., 19., 1., 16., 124., 14.,
       3., 6., 3., 1., 0., 34., 10., 4., 8., 6., 34., 36., 90., 14., 84.,
       7., 3., 6., 26., 27., 84., 44., 78., 2., 2., 12., 59., 45., 53.,
       49., 124., 0., 0., 0., 1., 1., 5., 51., 1., 3., 84., 37., 0., 0.,
       0., 2., 1., 8., 118., 74., 0., 0., 0., 0., 4., 15., 118., 60., 4.,
       7., 1., 0., 35., 29., 109., 29., 3., 8., 4., 5., 22., 25., 99.,
       67., 53., 15., 2., 1., 34., 33., 93., 84., 47., 54., 16., 8.,
       118., 50., 54., 22., 10., 60., 48., 45., 110., 21., 15., 7., 4.,
       46., 55., 61., 42., 14., 1., 4., 68., 41., 60., 63., 39., 5., 0.,
       1., 14., 76., 118., 110., 71., 4., 0., 0., 1., 23., 118., 118.,
       10., 0., 0., 0., 0., 15., 83., 66., 7., 2., 0., 0., 1., 6., 72.,
       63., 4., 6., 1., 0., 0., 0., 45., 56., 4., 9., 1., 0., 0., 0.,
       26., 22., 2., 4., 1., 0., 0., 0., 5., 5., 1., 3., 13., 27., 121.,
