%YAML:1.0
---
mat: !!opencv-matrix
   rows: 112
   cols: 128
   dt: f
   data: [ 2., 39., 15., 7., 16., 22., 58., 6., 14., 1., 2., 40., 141.,
       45., 23., 7., 141., 0., 0., 7., 54., 8., 0., 69., 61., 0., 0., 0.,
       1., 1., 0., 17., 6., 115., 69., 29., 10., 16., 35., 3., 39., 7.,
       33., 141., 141., 26., 21., 7., 141., 21., 0., 15., 29., 4., 9.,
       41., 56., 7., 0., 1., 1., 0., 0., 5., 1., 6., 7., 3., 2., 61.,
       141., 2., 9., 1., 5., 18., 21., 115., 141., 14., 125., 11., 0.,
       1., 3., 19., 139., 109., 34., 5., 0., 0., 2., 1., 2., 19., 0., 0.,
       0., 0., 0., 4., 15., 0., 0., 0., 0., 0., 1., 14., 40., 0., 0., 0.,
       0., 0., 2., 7., 38., 11., 0., 0., 0., 1., 4., 1., 2., 4., 0., 0.,
       3., 4., 1., 1., 1., 0., 0., 1., 33., 12., 1., 2., 0., 0., 0., 10.,
       26., 3., 3., 2., 0., 0., 0., 2., 0., 0., 4., 5., 0., 0., 0., 0.,
       10., 36., 37., 18., 0., 0., 12., 22., 145., 131., 78., 41., 0.,
       1., 134., 131., 132., 15., 5., 3., 0., 9., 24., 12., 1., 0., 4.,
       2., 0., 2., 2., 0., 8., 5., 33., 41., 0., 0., 44., 9., 16., 25.,
       145., 145., 0., 5., 145., 56., 10., 4., 44., 31., 0., 25., 44.,
       5., 0., 0., 2., 3., 0., 4., 1., 5., 83., 47., 33., 4., 0., 1.,
       13., 14., 77., 61., 145., 34., 2., 3., 145., 86., 0., 13., 70.,
       14., 1., 0., 58., 18., 0., 0., 2., 1., 0., 0., 6., 1., 0., 1., 2.,
       0., 0., 0., 4., 0., 0., 63., 138., 0., 0., 1., 111., 8., 2., 35.,
       138., 7., 19., 105., 39., 16., 25., 8., 4., 63., 86., 57., 4., 0.,
       0., 15., 19., 1., 0., 1., 20., 2., 0., 138., 138., 26., 8., 4.,
       138., 21., 0., 51., 70., 9., 13., 60., 69., 7., 0., 0., 0., 23.,
       45., 25., 5., 1., 0., 4., 20., 15., 1., 1., 6., 0., 0., 30., 95.,
       138., 121., 8., 138., 16., 0., 5., 10., 42., 138., 91., 57., 11.,
       0., 1., 2., 0., 5., 19., 6., 0., 0., 0., 0., 1., 1., 1., 3., 1.,
       0., 0., 0., 12., 25., 1., 1., 1., 0., 0., 0., 6., 49., 11., 3.,
       0., 0., 0., 1., 1., 4., 7., 31., 14., 0., 1., 128., 34., 0., 0.,
       126., 101., 36., 18., 22., 4., 1., 3., 24., 54., 100., 44., 1.,
       8., 10., 3., 27., 34., 6., 0., 42., 11., 7., 5., 12., 7., 0., 1.,
       128., 45., 0., 4., 117., 53., 19., 12., 54., 22., 34., 65., 64.,
       31., 33., 24., 3., 31., 128., 60., 81., 20., 1., 0., 34., 7., 12.,
       32., 11., 3., 0., 9., 128., 29., 0., 1., 128., 59., 0., 5., 78.,
       10., 11., 27., 64., 20., 0., 0., 0., 8., 77., 27., 6., 0., 0., 3.,
       26., 3., 17., 19., 2., 2., 0., 25., 128., 33., 15., 1., 127., 72.,
       0., 9., 53., 19., 53., 37., 75., 57., 0., 0., 0., 0., 5., 17., 2.,
       2., 0., 3., 23., 6., 1., 0., 1., 2., 38., 38., 8., 0., 0., 0., 1.,
       8., 116., 21., 1., 0., 0., 0., 1., 20., 116., 9., 1., 0., 1., 1.,
       1., 8., 91., 50., 7., 0., 0., 0., 3., 2., 22., 51., 116., 30., 0.,
       0., 94., 39., 90., 28., 46., 13., 14., 30., 21., 30., 62., 6., 6.,
       18., 76., 33., 17., 14., 31., 40., 113., 48., 13., 8., 2., 1., 0.,
       1., 116., 40., 0., 0., 72., 98., 28., 4., 116., 22., 4., 18., 49.,
       100., 71., 0., 7., 6., 26., 37., 23., 22., 1., 1., 116., 48., 5.,
       8., 1., 1., 0., 1., 116., 19., 0., 0., 76., 18., 2., 3., 116.,
       23., 7., 44., 71., 17., 3., 0., 4., 2., 43., 103., 11., 2., 0.,
       1., 116., 27., 7., 17., 0., 0., 56., 37., 0., 0., 1., 2., 0., 1.,
       105., 98., 0., 0., 2., 1., 36., 81., 94., 37., 0., 0., 3., 3.,
       32., 32., 1., 0., 0., 0., 0., 2., 3., 1., 105., 96., 2., 11., 38.,
       16., 34., 4., 99., 66., 2., 8., 59., 96., 96., 45., 22., 14., 18.,
       21., 80., 42., 105., 45., 0., 0., 1., 0., 0., 2., 4., 0., 5., 3.,
       14., 93., 105., 42., 102., 6., 2., 3., 14., 45., 45., 89., 53.,
       12., 9., 16., 70., 46., 18., 24., 105., 46., 6., 2., 2., 3., 2.,
       9., 0., 0., 57., 38., 8., 33., 15., 5., 5., 0., 105., 86., 3.,
       16., 27., 30., 7., 14., 105., 105., 10., 9., 16., 20., 77., 87.,
       27., 10., 0., 1., 8., 11., 3., 0., 6., 41., 25., 0., 0., 1., 5.,
       59., 101., 68., 21., 0., 0., 3., 4., 106., 54., 0., 0., 0., 0.,
       2., 0., 30., 10., 0., 0., 0., 0., 0., 3., 1., 1., 106., 99., 0.,
       0., 1., 65., 33., 20., 89., 67., 4., 12., 88., 24., 103., 30., 1.,
       2., 50., 34., 42., 10., 98., 63., 14., 5., 5., 6., 3., 9., 2., 1.,
       106., 106., 1., 6., 18., 106., 81., 5., 30., 18., 6., 36., 59.,
       58., 66., 4., 16., 25., 42., 31., 23., 16., 16., 31., 94., 96.,
       12., 11., 15., 48., 0., 1., 68., 40., 9., 16., 78., 33., 6., 0.,
       2., 3., 18., 106., 89., 30., 7., 0., 82., 69., 5., 31., 37., 49.,
       7., 1., 97., 74., 1., 3., 29., 3., 19., 80., 93., 26., 5., 0., 0.,
       6., 31., 56., 84., 47., 47., 1., 1., 39., 114., 38., 22., 31.,
       37., 1., 4., 60., 74., 9., 1., 10., 22., 12., 12., 12., 36., 15.,
       19., 114., 114., 1., 1., 114., 80., 10., 1., 34., 85., 11., 23.,
       68., 35., 2., 1., 54., 114., 45., 25., 74., 63., 12., 0., 1., 6.,
       30., 84., 8., 3., 0., 0., 81., 114., 14., 4., 114., 13., 0., 0.,
       20., 81., 53., 88., 43., 2., 0., 0., 6., 101., 114., 52., 5., 1.,
       0., 0., 0., 6., 85., 97., 4., 10., 0., 0., 4., 26., 15., 2., 12.,
       5., 0., 0., 1., 17., 49., 54., 7., 3., 0., 0., 0., 0., 8., 19.,
       0., 0., 1., 9., 3., 0., 4., 1., 1., 16., 83., 11., 1., 0., 0., 1.,
       2., 51., 56., 1., 0., 0., 1., 1., 1., 10., 16., 8., 3., 1., 0.,
       0., 0., 2., 8., 4., 15., 0., 0., 0., 6., 16., 84., 70., 75., 18.,
       0., 1., 120., 120., 85., 37., 16., 0., 0., 6., 39., 54., 88.,
       120., 20., 0., 0., 1., 50., 67., 50., 13., 6., 0., 0., 3., 25.,
       2., 5., 65., 120., 28., 3., 9., 120., 20., 11., 53., 45., 9., 2.,
       36., 106., 19., 23., 120., 69., 11., 0., 25., 120., 19., 7., 7.,
       5., 0., 0., 48., 8., 0., 3., 4., 36., 70., 102., 12., 54., 2., 1.,
       5., 34., 45., 95., 39., 74., 1., 1., 9., 61., 48., 47., 65., 104.,
       0., 0., 0., 5., 1., 3., 55., 4., 3., 38., 44., 81., 27., 18., 9.,
       124., 21., 11., 21., 57., 10., 0., 31., 69., 7., 33., 43., 40.,
       2., 0., 9., 44., 9., 22., 52., 122., 8., 0., 9., 9., 5., 32., 41.,
       81., 66., 48., 2., 124., 9., 3., 20., 58., 25., 2., 18., 55., 5.,
       40., 67., 66., 64., 22., 3., 90., 3., 19., 56., 56., 49., 13., 9.,
       7., 19., 26., 36., 83., 43., 60., 6., 124., 25., 11., 13., 54.,
       29., 51., 47., 28., 29., 69., 25., 27., 55., 40., 5., 77., 7.,
       10., 33., 83., 48., 28., 14., 1., 1., 1., 1., 3., 23., 106., 3.,
       7., 0., 1., 1., 2., 23., 124., 37., 2., 3., 8., 5., 4., 47., 113.,
       5., 12., 1., 2., 6., 9., 28., 118., 23., 135., 5., 0., 6., 67.,
       0., 1., 43., 116., 1., 0., 0., 2., 12., 34., 69., 135., 2., 0.,
       0., 4., 4., 5., 50., 23., 1., 0., 0., 12., 7., 3., 14., 135., 4.,
       0., 2., 70., 19., 19., 107., 135., 9., 0., 4., 38., 38., 20., 68.,
       135., 36., 0., 2., 9., 8., 10., 35., 27., 3., 0., 0., 4., 12.,
       19., 23., 47., 0., 0., 0., 11., 43., 135., 135., 32., 1., 0., 0.,
       9., 65., 135., 107., 76., 5., 0., 0., 2., 14., 104., 100., 24.,
       1., 0., 0., 1., 5., 8., 30., 0., 0., 0., 2., 1., 5., 70., 17., 0.,
       1., 1., 1., 0., 4., 44., 9., 0., 2., 2., 0., 0., 1., 32., 12., 0.,
       1., 2., 1., 0., 1., 3., 5., 2., 14., 6., 3., 19., 34., 92., 23.,
       18., 1., 2., 28., 138., 63., 37., 14., 138., 0., 0., 7., 52., 10.,
       0., 59., 52., 0., 2., 10., 57., 17., 3., 11., 5., 96., 76., 21.,
       11., 6., 29., 5., 39., 4., 30., 116., 138., 21., 15., 6., 138.,
       21., 4., 18., 45., 4., 7., 36., 35., 33., 49., 31., 18., 13., 5.,
       3., 3., 13., 14., 4., 1., 37., 138., 4., 10., 1., 8., 22., 31.,
       108., 138., 11., 105., 13., 1., 6., 16., 33., 138., 81., 13., 39.,
       25., 29., 52., 79., 36., 9., 0., 0., 0., 0., 0., 4., 14., 1., 0.,
       0., 0., 0., 0., 11., 40., 1., 0., 0., 0., 0., 0., 10., 48., 9.,
