%YAML:1.0
---
mat: !!opencv-matrix
   rows: 49
   cols: 128
   dt: f
   data: [ 55., 20., 20., 84., 57., 1., 1., 20., 68., 31., 46., 28., 1.,
       0., 19., 86., 15., 62., 62., 6., 2., 3., 5., 16., 1., 52., 17.,
       0., 0., 0., 0., 0., 77., 60., 7., 10., 115., 37., 3., 10., 115.,
       86., 24., 15., 14., 9., 8., 41., 17., 29., 35., 28., 99., 23.,
       12., 21., 49., 115., 48., 19., 34., 1., 0., 0., 41., 4., 0., 0.,
       106., 80., 13., 32., 115., 29., 12., 14., 17., 16., 13., 74., 13.,
       9., 13., 60., 115., 14., 13., 5., 115., 37., 5., 17., 106., 9.,
       10., 79., 22., 4., 0., 0., 71., 90., 23., 14., 55., 24., 15., 7.,
       7., 15., 63., 38., 0., 1., 9., 24., 25., 13., 76., 39., 20., 0.,
       0., 3., 17., 6., 41., 115., 26., 2., 0., 0., 1., 74., 111., 65.,
       39., 26., 1., 1., 21., 125., 86., 34., 125., 50., 0., 0., 6., 32.,
       11., 79., 13., 1., 0., 0., 20., 74., 8., 11., 53., 0., 0., 15.,
       48., 33., 66., 94., 42., 2., 1., 74., 125., 71., 49., 16., 125.,
       22., 2., 8., 18., 15., 8., 55., 28., 6., 3., 30., 41., 61., 8.,
       6., 4., 0., 0., 8., 104., 63., 27., 40., 9., 0., 0., 23., 112.,
       67., 113., 76., 99., 9., 2., 3., 5., 6., 75., 125., 12., 4., 4.,
       44., 59., 8., 4., 8., 2., 0., 0., 0., 10., 50., 12., 3., 0., 0.,
       0., 0., 4., 42., 77., 32., 0., 0., 0., 0., 0., 1., 25., 32., 0.,
       0., 0., 0., 2., 1., 1., 1., 2., 3., 12., 13., 0., 0., 0., 0., 0.,
       7., 34., 35., 7., 0., 0., 0., 2., 11., 71., 102., 23., 0., 0., 0.,
       9., 20., 48., 70., 67., 5., 1., 2., 6., 13., 67., 113., 22., 1.,
       0., 0., 70., 93., 89., 88., 52., 2., 0., 1., 68., 37., 28., 95.,
       113., 7., 1., 13., 113., 27., 13., 11., 40., 49., 28., 47., 64.,
       16., 27., 50., 67., 26., 4., 9., 113., 14., 3., 11., 78., 34.,
       12., 49., 81., 3., 0., 3., 113., 89., 63., 86., 95., 0., 0., 0.,
       5., 16., 39., 113., 36., 0., 0., 1., 14., 43., 63., 43., 31., 0.,
       0., 0., 9., 19., 69., 105., 11., 0., 0., 0., 1., 18., 55., 56.,
       4., 0., 0., 0., 1., 2., 14., 25., 1., 1., 14., 24., 3., 0., 0.,
       0., 1., 15., 52., 59., 14., 0., 0., 0., 9., 20., 68., 106., 35.,
       0., 0., 0., 14., 44., 60., 41., 41., 1., 0., 2., 5., 14., 39.,
       113., 98., 0., 0., 0., 113., 92., 65., 82., 84., 4., 0., 2., 77.,
       37., 12., 42., 113., 17., 3., 11., 65., 26., 3., 6., 60., 18.,
       28., 56., 36., 50., 31., 48., 113., 26., 11., 9., 113., 10., 2.,
       12., 71., 37., 26., 86., 55., 3., 0., 1., 65., 94., 89., 88., 22.,
       1., 0., 0., 5., 12., 62., 113., 75., 8., 1., 3., 11., 20., 45.,
       64., 26., 0., 0., 0., 3., 12., 72., 105., 9., 0., 0., 0., 0., 6.,
       31., 37., 0., 0., 0., 0., 1., 2., 11., 12., 26., 41., 43., 4., 7.,
       16., 16., 11., 8., 100., 109., 1., 1., 2., 20., 28., 65., 119.,
       33., 0., 0., 2., 43., 24., 18., 39., 1., 1., 20., 26., 39., 7.,
       52., 22., 69., 38., 28., 24., 10., 32., 111., 22., 9., 1., 2.,
       10., 83., 119., 60., 85., 1., 0., 19., 100., 89., 68., 92., 95.,
       2., 1., 9., 20., 9., 37., 45., 7., 7., 7., 36., 23., 61., 119.,
       119., 23., 0., 0., 1., 9., 72., 119., 56., 3., 0., 0., 12., 119.,
       103., 73., 40., 1., 0., 0., 0., 14., 50., 77., 1., 0., 0., 0., 0.,
       0., 12., 19., 23., 0., 0., 0., 0., 0., 28., 70., 28., 0., 0., 0.,
       0., 6., 28., 28., 0., 0., 0., 0., 0., 2., 16., 3., 32., 9., 50.,
       38., 0., 0., 0., 41., 18., 36., 122., 25., 0., 2., 11., 29., 27.,
       94., 90., 12., 0., 3., 17., 10., 15., 23., 0., 0., 0., 0., 0., 2.,
       35., 10., 65., 122., 4., 0., 1., 13., 122., 38., 77., 22., 0., 1.,
       47., 80., 71., 59., 24., 2., 0., 1., 122., 115., 51., 15., 0., 0.,
       0., 0., 6., 68., 35., 22., 19., 54., 27., 11., 21., 10., 122.,
       122., 78., 10., 6., 1., 5., 20., 115., 122., 40., 0., 0., 0., 23.,
       51., 23., 39., 3., 0., 0., 0., 2., 22., 3., 4., 6., 36., 57., 37.,
       47., 19., 122., 65., 19., 10., 12., 31., 39., 26., 103., 30., 2.,
       0., 0., 0., 0., 33., 6., 7., 0., 0., 0., 0., 0., 0., 9., 5., 1.,
       1., 130., 61., 1., 1., 52., 130., 5., 2., 42., 16., 8., 26., 39.,
       130., 0., 0., 0., 0., 4., 8., 10., 25., 0., 0., 0., 1., 3., 2.,
       12., 0., 0., 0., 130., 62., 2., 8., 80., 14., 0., 0., 62., 31.,
       47., 130., 70., 83., 0., 0., 0., 22., 106., 61., 65., 34., 0., 0.,
       0., 1., 9., 26., 5., 1., 0., 9., 130., 37., 2., 5., 130., 32., 0.,
       5., 66., 19., 9., 42., 97., 7., 0., 0., 0., 11., 82., 42., 10.,
       0., 0., 0., 0., 1., 26., 31., 2., 1., 10., 46., 130., 6., 1., 2.,
       130., 8., 1., 10., 42., 6., 2., 35., 110., 1., 0., 0., 0., 0., 3.,
       16., 0., 0., 0., 0., 0., 2., 7., 1., 15., 62., 122., 14., 1., 1.,
       2., 12., 6., 10., 122., 72., 2., 1., 4., 5., 3., 2., 39., 100.,
       77., 47., 14., 3., 1., 0., 1., 23., 106., 46., 13., 7., 75., 38.,
       30., 2., 2., 19., 38., 115., 28., 19., 15., 5., 10., 44., 35.,
       19., 73., 18., 1., 2., 16., 115., 44., 29., 3., 0., 0., 0., 44.,
       122., 38., 14., 41., 13., 0., 0., 0., 60., 117., 26., 33., 17.,
       0., 0., 4., 55., 67., 38., 59., 3., 0., 0., 7., 41., 51., 122.,
       4., 0., 0., 0., 41., 122., 55., 14., 0., 0., 0., 0., 0., 71.,
       106., 0., 11., 3., 0., 0., 0., 52., 122., 47., 6., 0., 0., 2., 1.,
       7., 32., 82., 0., 0., 6., 11., 2., 47., 32., 4., 83., 36., 28.,
       1., 2., 2., 1., 33., 113., 26., 12., 1., 0., 0., 0., 105., 55.,
       33., 39., 1., 0., 1., 1., 14., 6., 21., 12., 0., 0., 15., 15., 3.,
       113., 12., 4., 1., 0., 0., 25., 113., 113., 33., 71., 61., 3., 0.,
       0., 53., 30., 97., 113., 24., 2., 0., 0., 3., 73., 98., 40., 6.,
       1., 0., 0., 1., 31., 6., 4., 3., 9., 75., 113., 41., 38., 22.,
       22., 44., 13., 25., 5., 15., 66., 35., 17., 39., 8., 0., 0., 19.,
       113., 80., 8., 17., 3., 0., 0., 0., 9., 0., 2., 1., 12., 113.,
       27., 7., 5., 16., 23., 17., 86., 113., 7., 1., 31., 53., 113.,
       55., 25., 8., 1., 8., 113., 71., 14., 13., 1., 0., 3., 14., 48.,
       51., 15., 17., 7., 15., 14., 12., 125., 67., 13., 3., 4., 21., 8.,
       70., 87., 19., 22., 16., 0., 0., 0., 21., 1., 10., 41., 22., 3.,
       0., 0., 1., 125., 91., 10., 37., 21., 2., 1., 4., 125., 36., 3.,
       17., 9., 3., 2., 58., 49., 13., 66., 125., 42., 0., 0., 14., 26.,
       83., 83., 36., 22., 9., 0., 0., 117., 19., 13., 13., 12., 2., 32.,
       99., 125., 99., 15., 21., 30., 1., 0., 27., 22., 24., 19., 86.,
       125., 8., 2., 6., 82., 63., 16., 10., 13., 4., 2., 22., 13., 11.,
       48., 14., 4., 17., 57., 77., 59., 69., 33., 17., 20., 11., 41.,
       72., 22., 29., 28., 37., 69., 14., 8., 17., 33., 27., 22., 5., 4.,
       2., 6., 39., 59., 22., 6., 32., 56., 7., 9., 10., 126., 21., 3.,
       0., 3., 4., 19., 72., 27., 0., 0., 11., 97., 48., 18., 28., 0.,
       0., 0., 3., 17., 7., 0., 0., 42., 19., 7., 14., 33., 65., 37.,
       29., 136., 44., 7., 2., 21., 12., 3., 31., 64., 2., 0., 12., 136.,
       56., 1., 17., 0., 0., 0., 3., 19., 6., 0., 0., 6., 1., 1., 23.,
       79., 136., 73., 20., 136., 23., 1., 3., 50., 46., 20., 136., 70.,
       4., 0., 0., 119., 83., 4., 30., 0., 0., 0., 0., 7., 10., 0., 0.,
       27., 0., 9., 109., 51., 33., 23., 48., 91., 1., 1., 7., 33., 16.,
       17., 136., 4., 0., 0., 1., 97., 37., 8., 23., 0., 0., 0., 0., 3.,
       2., 0., 0., 25., 20., 3., 5., 120., 16., 0., 0., 120., 41., 1.,
       6., 57., 3., 0., 0., 47., 31., 7., 14., 100., 8., 1., 1., 87.,
       30., 1., 0., 1., 0., 1., 3., 34., 12., 2., 1., 110., 51., 5., 16.,
       120., 31., 1., 2., 64., 29., 4., 9., 66., 22., 0., 7., 120., 34.,
       2., 5., 120., 47., 0., 1., 5., 1., 1., 5., 12., 0., 0., 0., 115.,
       56., 9., 39., 120., 5., 0., 0., 84., 36., 4., 15., 53., 21., 1.,
       2., 120., 63., 2., 5., 76., 120., 1., 1., 22., 7., 3., 15., 12.,
       1., 0., 0., 58., 52., 8., 8., 70., 1., 0., 0., 37., 46., 31., 63.,
