%YAML:1.0
---
mat: !!opencv-matrix
   rows: 137
   cols: 128
   dt: f
   data: [ 60., 11., 2., 1., 15., 2., 3., 14., 214., 51., 1., 0., 0., 0.,
       2., 10., 118., 6., 0., 0., 0., 0., 26., 24., 0., 0., 0., 0., 0.,
       0., 4., 2., 46., 33., 33., 30., 33., 10., 2., 8., 214., 80., 11.,
       1., 0., 0., 1., 14., 214., 12., 6., 1., 0., 0., 3., 10., 0., 0.,
       3., 0., 0., 0., 2., 1., 59., 8., 10., 31., 29., 6., 6., 61., 214.,
       17., 1., 0., 0., 0., 1., 55., 164., 26., 18., 3., 0., 0., 0., 1.,
       0., 0., 9., 2., 0., 0., 0., 0., 8., 0., 0., 0., 5., 4., 2., 19.,
       50., 1., 0., 0., 0., 0., 0., 8., 12., 2., 0., 0., 0., 0., 0., 0.,
       0., 0., 0., 0., 0., 0., 0., 0., 0., 0., 1., 1., 179., 33., 0., 1.,
       110., 14., 2., 1., 20., 3., 1., 8., 179., 17., 0., 0., 0., 1.,
       11., 19., 20., 0., 0., 0., 0., 1., 28., 17., 0., 1., 1., 12.,
       179., 37., 0., 0., 105., 39., 11., 12., 36., 4., 0., 4., 179.,
       38., 1., 0., 0., 0., 0., 6., 58., 2., 1., 0., 0., 0., 3., 9., 1.,
       0., 1., 56., 179., 14., 0., 1., 114., 8., 5., 25., 32., 2., 0.,
       36., 179., 16., 1., 0., 0., 0., 0., 20., 45., 10., 8., 1., 0., 0.,
       0., 0., 1., 0., 0., 3., 94., 11., 0., 1., 20., 0., 0., 1., 7., 2.,
       0., 9., 48., 2., 0., 0., 0., 0., 0., 2., 4., 1., 0., 0., 0., 0.,
       0., 0., 2., 0., 0., 0., 3., 0., 0., 0., 30., 3., 0., 0., 0., 0.,
       0., 0., 14., 1., 0., 0., 0., 0., 0., 1., 0., 0., 0., 0., 0., 0.,
       1., 1., 32., 1., 0., 13., 149., 5., 1., 8., 174., 13., 0., 1., 3.,
       0., 0., 34., 164., 6., 1., 0., 0., 0., 1., 9., 1., 1., 2., 0., 0.,
       0., 4., 3., 43., 1., 0., 4., 174., 34., 3., 12., 174., 37., 0.,
       0., 2., 2., 1., 27., 172., 38., 9., 0., 0., 0., 0., 2., 0., 2.,
       25., 1., 0., 0., 0., 0., 24., 3., 0., 3., 164., 18., 1., 1., 174.,
       53., 0., 0., 3., 1., 1., 2., 129., 53., 15., 0., 0., 0., 0., 0.,
       0., 3., 32., 1., 0., 0., 0., 0., 1., 0., 0., 0., 4., 0., 0., 0.,
       17., 0., 0., 0., 1., 0., 0., 0., 8., 0., 0., 0., 0., 0., 0., 0.,
       0., 0., 0., 0., 0., 0., 1., 0., 23., 0., 0., 4., 177., 7., 0., 5.,
       177., 3., 0., 1., 22., 2., 0., 33., 146., 7., 2., 0., 0., 0., 1.,
       7., 0., 1., 5., 3., 0., 1., 2., 1., 32., 1., 0., 16., 177., 14.,
       1., 4., 177., 34., 0., 0., 25., 4., 1., 16., 148., 47., 21., 0.,
       0., 0., 0., 1., 0., 2., 37., 5., 0., 0., 0., 0., 17., 0., 1., 19.,
       177., 13., 0., 4., 177., 45., 2., 0., 19., 5., 0., 9., 78., 76.,
       52., 0., 0., 0., 0., 0., 1., 13., 48., 19., 2., 0., 0., 0., 6.,
       6., 23., 22., 22., 8., 13., 12., 59., 6., 3., 3., 8., 17., 34.,
       84., 195., 3., 0., 0., 0., 1., 7., 149., 65., 2., 1., 0., 0., 0.,
       1., 15., 3., 1., 2., 5., 17., 19., 53., 15., 117., 39., 11., 5.,
       11., 4., 8., 32., 195., 39., 1., 0., 0., 0., 0., 25., 68., 9., 4.,
       0., 0., 0., 0., 1., 0., 0., 6., 13., 20., 5., 2., 0., 136., 5.,
       2., 4., 17., 11., 3., 23., 195., 10., 0., 0., 0., 0., 0., 28.,
       57., 10., 12., 0., 0., 0., 0., 0., 1., 1., 12., 12., 12., 2., 2.,
       1., 124., 7., 5., 4., 2., 0., 1., 14., 195., 18., 0., 0., 0., 0.,
       0., 12., 37., 9., 6., 0., 0., 0., 0., 0., 2., 7., 22., 5., 6., 2.,
       4., 3., 124., 24., 9., 0., 0., 0., 1., 7., 198., 7., 0., 1., 7.,
       6., 2., 9., 31., 2., 2., 13., 44., 53., 46., 12., 5., 1., 0., 1.,
       5., 2., 17., 14., 151., 3., 0., 0., 0., 0., 8., 20., 198., 3., 0.,
       0., 0., 1., 2., 25., 62., 0., 0., 0., 0., 16., 50., 21., 24., 9.,
       4., 1., 1., 1., 3., 9., 126., 10., 7., 0., 0., 0., 5., 27., 198.,
       6., 0., 0., 0., 0., 0., 28., 71., 0., 0., 0., 0., 0., 9., 18., 8.,
       7., 33., 23., 7., 4., 3., 3., 118., 44., 48., 3., 0., 0., 1., 11.,
       198., 12., 0., 0., 0., 0., 0., 37., 57., 0., 0., 0., 0., 0., 3.,
       13., 1., 0., 4., 9., 21., 10., 16., 5., 101., 32., 21., 8., 15.,
       10., 4., 14., 207., 34., 1., 0., 0., 0., 0., 16., 56., 7., 5., 0.,
       0., 0., 0., 0., 1., 0., 6., 10., 13., 8., 1., 1., 145., 4., 1.,
       4., 13., 14., 7., 24., 207., 17., 0., 0., 0., 0., 0., 25., 59.,
       9., 10., 2., 0., 0., 0., 0., 4., 3., 26., 16., 3., 2., 3., 2.,
       149., 13., 5., 4., 3., 0., 1., 30., 207., 31., 0., 0., 0., 0., 0.,
       21., 55., 11., 6., 1., 0., 0., 0., 0., 2., 1., 1., 2., 3., 10.,
       30., 10., 84., 33., 4., 2., 6., 7., 7., 8., 207., 73., 1., 0., 0.,
       0., 0., 2., 51., 13., 5., 0., 0., 0., 0., 0., 7., 6., 3., 10., 2.,
       0., 0., 0., 2., 5., 2., 4., 0., 0., 0., 0., 1., 1., 0., 1., 0.,
       0., 0., 0., 0., 0., 0., 0., 0., 0., 0., 0., 49., 40., 19., 62.,
       51., 35., 26., 32., 56., 61., 31., 77., 30., 25., 15., 27., 133.,
       48., 13., 18., 4., 4., 4., 23., 22., 1., 0., 0., 0., 0., 0., 4.,
       8., 43., 82., 2., 17., 66., 95., 43., 20., 26., 48., 11., 24.,
       114., 117., 66., 118., 21., 19., 2., 3., 17., 52., 126., 27., 7.,
       4., 0., 0., 0., 0., 7., 0., 106., 133., 2., 3., 4., 1., 1., 0.,
       116., 133., 2., 0., 5., 9., 3., 3., 116., 133., 0., 0., 1., 6.,
       9., 3., 89., 133., 0., 0., 0., 0., 0., 42., 2., 1., 2., 7., 4.,
       37., 26., 193., 16., 0., 6., 14., 7., 5., 17., 46., 6., 19., 54.,
       69., 55., 26., 10., 1., 4., 13., 5., 1., 3., 17., 9., 38., 17.,
       28., 10., 0., 0., 9., 8., 193., 21., 5., 8., 20., 9., 2., 22.,
       75., 19., 17., 51., 112., 67., 18., 26., 8., 19., 10., 4., 2., 3.,
       10., 22., 61., 29., 37., 5., 1., 0., 2., 5., 193., 26., 2., 3.,
       14., 9., 2., 14., 84., 13., 6., 29., 93., 83., 77., 32., 6., 15.,
       4., 3., 2., 5., 44., 33., 48., 3., 1., 0., 1., 1., 11., 16., 193.,
       8., 0., 0., 0., 2., 2., 18., 97., 0., 0., 0., 2., 23., 70., 26.,
       0., 0., 0., 0., 0., 1., 38., 10., 0., 1., 14., 15., 24., 1., 0.,
       0., 124., 3., 7., 6., 4., 2., 1., 20., 198., 8., 0., 0., 0., 0.,
       0., 31., 47., 8., 9., 0., 0., 0., 0., 1., 1., 0., 4., 6., 27.,
       22., 37., 3., 153., 25., 2., 1., 3., 13., 17., 15., 198., 54., 0.,
       0., 0., 0., 0., 10., 54., 15., 11., 0., 0., 0., 0., 0., 0., 0.,
       3., 4., 16., 20., 36., 7., 112., 3., 0., 1., 12., 37., 14., 40.,
       198., 15., 4., 5., 2., 0., 1., 56., 44., 27., 46., 21., 6., 0.,
       0., 0., 5., 4., 40., 18., 8., 2., 1., 2., 115., 4., 7., 4., 4.,
       2., 1., 50., 198., 10., 4., 9., 7., 0., 0., 47., 16., 13., 23.,
       57., 26., 2., 0., 1., 2., 0., 0., 0., 1., 3., 60., 20., 133., 8.,
       0., 0., 1., 5., 31., 21., 176., 15., 0., 1., 10., 4., 0., 5., 17.,
       0., 6., 36., 81., 70., 13., 1., 13., 2., 2., 11., 2., 2., 22.,
       11., 105., 26., 4., 39., 13., 7., 15., 7., 176., 43., 1., 2., 5.,
       2., 0., 6., 32., 1., 20., 66., 62., 47., 13., 2., 6., 4., 19.,
       35., 1., 0., 0., 0., 123., 5., 3., 38., 7., 0., 0., 30., 176., 5.,
       0., 1., 7., 3., 0., 46., 36., 0., 7., 36., 115., 91., 16., 4., 0.,
       18., 25., 13., 0., 0., 0., 0., 126., 26., 4., 2., 0., 0., 0., 7.,
       176., 13., 0., 1., 3., 1., 0., 10., 31., 1., 4., 59., 60., 30.,
       5., 1., 0., 53., 38., 15., 2., 1., 0., 0., 0., 59., 79., 11., 4.,
       2., 0., 0., 2., 62., 12., 0., 0., 0., 0., 0., 2., 7., 1., 0., 0.,
       0., 0., 0., 22., 141., 19., 13., 10., 21., 4., 1., 21., 89., 54.,
       51., 74., 25., 0., 1., 112., 141., 13., 5., 4., 0., 0., 3., 17.,
       19., 0., 0., 0., 0., 0., 0., 28., 45., 11., 39., 18., 29., 23.,
       6., 51., 29., 37., 131., 34., 2., 2., 16., 141., 131., 44., 11.,
       2., 0., 0., 29., 23., 51., 1., 0., 0., 0., 0., 1., 13., 15., 5.,
       42., 35., 9., 11., 4., 6., 12., 51., 141., 63., 14., 26., 12.,
       12., 141., 139., 52., 7., 41., 35., 5., 2., 141., 8., 0., 0., 2.,
       0., 0., 1., 1., 2., 5., 18., 27., 10., 5., 172., 54., 5., 5., 4.,
       8., 7., 12., 182., 93., 0., 0., 0., 0., 0., 2., 22., 11., 8., 8.,
       0., 0., 0., 0., 0., 0., 0., 0., 17., 49., 8., 1., 167., 8., 0.,
       0., 1., 23., 20., 26., 182., 62., 0., 0., 0., 0., 0., 7., 46.,
