%YAML:1.0
---
mat: !!opencv-matrix
   rows: 79
   cols: 128
   dt: f
   data: [ 6., 0., 0., 0., 21., 14., 16., 35., 25., 10., 3., 15., 157.,
       38., 2., 3., 157., 30., 4., 7., 37., 4., 2., 25., 30., 0., 0., 0.,
       0., 2., 31., 18., 0., 0., 0., 1., 39., 18., 26., 6., 34., 8., 0.,
       45., 157., 52., 11., 8., 157., 27., 0., 14., 50., 9., 11., 55.,
       57., 0., 0., 0., 0., 1., 21., 20., 0., 0., 0., 0., 18., 26., 25.,
       2., 7., 1., 0., 8., 121., 157., 150., 25., 118., 3., 0., 2., 10.,
       26., 154., 157., 21., 0., 0., 0., 0., 0., 22., 31., 0., 0., 0.,
       0., 0., 2., 14., 2., 0., 0., 0., 0., 0., 13., 43., 2., 0., 0., 0.,
       0., 0., 1., 43., 13., 0., 0., 0., 0., 0., 0., 12., 4., 0., 0.,
       10., 4., 0., 0., 0., 0., 0., 1., 41., 15., 0., 0., 0., 0., 0.,
       13., 45., 3., 0., 0., 0., 0., 0., 2., 14., 4., 0., 0., 0., 0., 0.,
       0., 19., 33., 22., 0., 0., 0., 10., 25., 152., 156., 117., 6., 0.,
       1., 123., 156., 149., 27., 8., 1., 0., 4., 18., 26., 26., 4., 0.,
       0., 0., 0., 0., 0., 19., 18., 53., 2., 0., 0., 44., 10., 11., 47.,
       156., 50., 0., 10., 156., 67., 11., 8., 40., 13., 0., 26., 42.,
       21., 25., 8., 0., 0., 0., 0., 0., 2., 32., 16., 21., 0., 0., 0.,
       21., 4., 3., 18., 156., 41., 3., 4., 156., 56., 2., 3., 40., 17.,
       5., 13., 31., 21., 14., 28., 8., 0., 0., 0., 2., 39., 47., 21.,
       0., 0., 0., 0., 2., 10., 108., 37., 0., 0., 0., 0., 1., 50., 108.,
       6., 1., 0., 0., 0., 0., 23., 65., 36., 0., 0., 0., 0., 15., 104.,
       84., 77., 20., 5., 2., 4., 108., 32., 99., 80., 16., 11., 5., 19.,
       25., 76., 92., 23., 91., 26., 4., 11., 18., 68., 74., 81., 36.,
       9., 0., 5., 23., 10., 4., 9., 28., 62., 62., 95., 108., 25., 6.,
       14., 19., 69., 74., 30., 32., 16., 5., 26., 108., 26., 54., 62.,
       26., 7., 1., 2., 77., 55., 26., 67., 1., 0., 0., 0., 1., 25., 57.,
       65., 4., 1., 0., 0., 1., 54., 108., 10., 1., 1., 0., 1., 4., 12.,
       108., 55., 1., 0., 0., 0., 14., 90., 55., 30., 28., 52., 30., 15.,
       3., 0., 0., 0., 20., 82., 99., 33., 6., 0., 2., 12., 20., 120.,
       37., 0., 0., 0., 4., 6., 9., 45., 7., 0., 0., 0., 0., 0., 29.,
       56., 120., 85., 41., 7., 5., 11., 120., 92., 67., 19., 6., 2.,
       19., 72., 69., 53., 12., 18., 5., 7., 49., 42., 54., 50., 3., 1.,
       0., 0., 0., 3., 101., 54., 68., 49., 51., 21., 41., 96., 120.,
       55., 36., 12., 1., 1., 21., 120., 96., 31., 50., 36., 3., 2., 2.,
       32., 68., 19., 2., 1., 0., 0., 0., 14., 120., 39., 15., 6., 4.,
       3., 8., 120., 58., 17., 20., 12., 4., 2., 5., 69., 87., 10., 9.,
       3., 0., 0., 0., 72., 20., 26., 8., 0., 0., 0., 0., 5., 52., 87.,
       79., 10., 6., 23., 17., 13., 117., 102., 30., 0., 0., 8., 27.,
       18., 11., 18., 15., 0., 0., 14., 49., 28., 11., 0., 0., 0., 0.,
       0., 11., 39., 25., 6., 3., 3., 8., 117., 117., 45., 87., 63., 72.,
       25., 39., 50., 58., 51., 117., 111., 61., 7., 4., 5., 11., 33.,
       30., 7., 1., 0., 0., 0., 35., 40., 11., 7., 2., 1., 9., 61., 74.,
       20., 10., 4., 3., 5., 41., 117., 117., 33., 117., 21., 6., 2., 4.,
       39., 117., 113., 62., 46., 9., 0., 0., 7., 17., 26., 17., 7., 0.,
       0., 0., 38., 38., 8., 44., 20., 1., 1., 2., 16., 79., 32., 4., 6.,
       2., 4., 35., 53., 78., 16., 31., 4., 1., 0., 5., 14., 21., 75.,
       10., 38., 11., 0., 0., 0., 0., 0., 32., 41., 31., 10., 1., 0., 0.,
       0., 17., 25., 60., 47., 11., 0., 0., 9., 20., 72., 28., 3., 0.,
       0., 8., 16., 46., 32., 11., 16., 16., 0., 0., 10., 11., 32., 116.,
       113., 61., 7., 4., 5., 116., 115., 116., 22., 6., 2., 4., 36.,
       82., 17., 5., 8., 3., 4., 33., 48., 32., 16., 104., 99., 29., 0.,
       0., 8., 51., 51., 86., 70., 78., 26., 34., 46., 116., 36., 10.,
       4., 3., 5., 36., 116., 76., 33., 45., 21., 1., 0., 1., 14., 12.,
       10., 52., 95., 89., 10., 5., 16., 116., 53., 32., 11., 6., 4., 7.,
       116., 86., 23., 10., 6., 2., 1., 7., 64., 38., 6., 15., 8., 1.,
       0., 0., 36., 0., 24., 43., 28., 2., 0., 0., 0., 2., 15., 103.,
       41., 1., 0., 0., 0., 1., 29., 87., 5., 1., 2., 0., 0., 0., 9.,
       54., 37., 1., 1., 0., 0., 11., 101., 98., 97., 30., 4., 1., 4.,
       111., 40., 101., 101., 9., 7., 8., 35., 34., 44., 67., 20., 26.,
       49., 40., 23., 41., 28., 68., 111., 68., 8., 3., 4., 17., 15., 6.,
       13., 43., 82., 79., 91., 111., 45., 4., 8., 13., 84., 60., 42.,
       53., 32., 11., 7., 51., 56., 24., 28., 59., 6., 1., 14., 111.,
       111., 30., 12., 0., 0., 0., 0., 2., 43., 68., 38., 13., 3., 0.,
       0., 2., 71., 104., 30., 9., 4., 2., 0., 1., 14., 38., 45., 3., 0.,
       0., 0., 4., 83., 55., 7., 41., 45., 81., 38., 5., 8., 8., 16.,
       115., 99., 38., 2., 8., 24., 5., 11., 7., 13., 11., 1., 14., 40.,
       29., 5., 9., 4., 0., 0., 1., 8., 18., 10., 20., 3., 2., 4., 5.,
       35., 110., 45., 78., 79., 100., 27., 22., 32., 21., 30., 115.,
       115., 54., 5., 4., 18., 25., 19., 13., 4., 4., 0., 1., 46., 41.,
       11., 18., 12., 3., 3., 15., 80., 115., 27., 17., 4., 6., 9., 45.,
       115., 115., 44., 115., 41., 54., 28., 23., 19., 57., 81., 46.,
       72., 59., 8., 2., 14., 11., 10., 14., 19., 10., 5., 10., 37., 16.,
       8., 7., 7., 4., 5., 35., 44., 65., 33., 7., 4., 12., 23., 83.,
       105., 65., 19., 106., 26., 14., 7., 5., 18., 33., 64., 65., 73.,
       34., 2., 10., 26., 3., 1., 13., 29., 13., 2., 5., 57., 20., 3.,
       34., 39., 0., 0., 0., 11., 23., 13., 19., 9., 0., 0., 0., 1., 64.,
       27., 94., 115., 126., 2., 0., 3., 1., 4., 95., 126., 75., 1., 1.,
       34., 15., 6., 43., 57., 0., 0., 0., 85., 27., 8., 67., 98., 0.,
       0., 0., 12., 13., 16., 54., 33., 56., 1., 0., 45., 44., 63., 126.,
       44., 11., 0., 0., 2., 6., 97., 97., 6., 0., 0., 0., 93., 56., 38.,
       55., 29., 0., 0., 0., 48., 70., 56., 8., 0., 0., 0., 0., 58.,
       126., 49., 88., 0., 0., 0., 0., 1., 63., 126., 50., 0., 0., 0.,
       0., 4., 14., 84., 1., 0., 0., 0., 0., 4., 32., 24., 92., 78., 73.,
       7., 0., 4., 3., 51., 19., 89., 56., 2., 11., 57., 17., 2., 5., 5.,
       3., 2., 15., 47., 11., 8., 4., 8., 3., 1., 4., 8., 4., 3., 22.,
       38., 104., 43., 10., 14., 13., 21., 120., 120., 51., 4., 3., 11.,
       6., 47., 49., 16., 5., 2., 51., 74., 8., 5., 5., 4., 1., 1., 7.,
       17., 22., 10., 12., 1., 1., 2., 5., 42., 94., 44., 120., 88., 76.,
       16., 11., 7., 15., 60., 82., 120., 68., 5., 16., 17., 15., 6.,
       14., 3., 0., 0., 3., 48., 38., 4., 4., 1., 1., 1., 27., 120.,
       120., 8., 15., 15., 27., 19., 68., 120., 46., 24., 120., 64., 23.,
       3., 3., 9., 22., 94., 36., 16., 8., 0., 2., 51., 13., 11., 5., 1.,
       6., 52., 70., 15., 42., 40., 54., 18., 15., 25., 30., 17., 24.,
       44., 134., 32., 3., 2., 1., 44., 55., 72., 10., 5., 3., 1., 1.,
       134., 112., 6., 0., 0., 0., 3., 41., 56., 66., 24., 55., 10., 2.,
       7., 91., 84., 34., 20., 134., 44., 1., 1., 2., 6., 13., 44., 54.,
       5., 1., 1., 0., 32., 47., 10., 0., 0., 0., 0., 6., 71., 128., 1.,
       8., 1., 0., 1., 18., 79., 134., 41., 96., 2., 1., 3., 1., 4.,
       128., 134., 24., 1., 11., 33., 13., 1., 1., 27., 0., 0., 0., 1.,
       2., 26., 83., 1., 0., 0., 2., 21., 5., 10., 90., 11., 0., 1., 20.,
       78., 9., 4., 34., 12., 7., 10., 49., 61., 20., 7., 9., 13., 81.,
       9., 13., 5., 6., 2., 2., 137., 48., 10., 61., 2., 0., 0., 0., 53.,
       2., 28., 25., 0., 10., 30., 9., 0., 8., 11., 6., 11., 52., 55.,
       21., 8., 51., 79., 137., 22., 5., 4., 1., 37., 14., 53., 137.,
       22., 1., 1., 3., 8., 128., 137., 94., 1., 1., 2., 1., 6., 34.,
       11., 0., 1., 30., 74., 7., 5., 30., 44., 41., 13., 15., 26., 36.,
       19., 36., 20., 47., 6., 1., 8., 105., 82., 137., 33., 7., 0., 0.,
       1., 18., 89., 82., 6., 0., 0., 5., 29., 5., 12., 51., 32., 2., 1.,
       4., 56., 70., 16., 65., 14., 0., 0., 0., 3., 40., 61., 127., 1.,
