%YAML:1.0
---
mat: !!opencv-matrix
   rows: 38
   cols: 128
   dt: f
   data: [ 45., 8., 0., 0., 40., 47., 31., 43., 96., 9., 0., 1., 131.,
       146., 10., 11., 146., 29., 0., 0., 2., 7., 6., 13., 23., 1., 0.,
       0., 0., 1., 22., 9., 4., 0., 0., 1., 54., 35., 86., 44., 48., 7.,
       0., 16., 146., 122., 14., 15., 146., 38., 0., 4., 17., 11., 8.,
       40., 55., 2., 0., 0., 0., 0., 9., 13., 0., 0., 0., 0., 37., 40.,
       15., 2., 8., 1., 0., 4., 116., 146., 118., 35., 122., 4., 0., 1.,
       5., 13., 90., 146., 29., 0., 0., 0., 0., 0., 1., 16., 0., 0., 0.,
       0., 1., 7., 2., 0., 0., 0., 0., 0., 1., 20., 27., 3., 1., 0., 0.,
       0., 0., 1., 16., 13., 0., 0., 0., 0., 0., 0., 0., 1., 0., 0., 17.,
       84., 44., 0., 0., 0., 43., 70., 109., 62., 18., 0., 0., 10., 61.,
       50., 9., 0., 0., 0., 0., 5., 1., 3., 2., 0., 0., 0., 0., 0., 6.,
       3., 6., 126., 126., 0., 0., 1., 126., 31., 18., 50., 52., 1., 1.,
       85., 109., 33., 38., 2., 0., 0., 0., 35., 1., 16., 31., 0., 0.,
       0., 0., 0., 26., 5., 7., 126., 126., 1., 1., 3., 126., 32., 16.,
       40., 32., 1., 1., 15., 33., 59., 126., 49., 17., 1., 0., 2., 0.,
       83., 126., 1., 0., 0., 0., 0., 26., 6., 7., 73., 106., 3., 2.,
       10., 126., 20., 5., 26., 19., 1., 1., 24., 7., 11., 25., 48., 34.,
       4., 0., 0., 2., 30., 61., 46., 7., 1., 0., 0., 35., 2., 0., 0.,
       29., 35., 9., 36., 53., 16., 1., 7., 100., 67., 8., 9., 145., 23.,
       0., 2., 3., 0., 5., 48., 10., 0., 0., 0., 0., 0., 34., 35., 56.,
       11., 0., 0., 26., 26., 29., 37., 63., 7., 0., 3., 145., 134., 9.,
       12., 145., 18., 0., 1., 11., 13., 6., 22., 43., 1., 0., 0., 0.,
       2., 28., 14., 7., 0., 0., 0., 22., 21., 102., 46., 25., 2., 0.,
       13., 145., 115., 14., 15., 145., 16., 0., 4., 27., 19., 5., 24.,
       69., 2., 0., 0., 0., 0., 10., 10., 0., 0., 0., 0., 23., 18., 17.,
       1., 5., 1., 0., 9., 128., 95., 49., 13., 122., 5., 0., 3., 13.,
       16., 56., 109., 37., 0., 0., 0., 0., 0., 2., 17., 39., 8., 1., 5.,
       64., 76., 12., 17., 148., 15., 0., 1., 2., 2., 6., 76., 12., 0.,
       0., 0., 0., 0., 43., 76., 0., 0., 0., 0., 0., 0., 57., 14., 39.,
       12., 1., 6., 148., 84., 5., 5., 148., 34., 1., 4., 20., 9., 5.,
       31., 63., 1., 0., 0., 0., 2., 49., 40., 0., 0., 0., 0., 0., 0.,
       50., 11., 22., 1., 0., 3., 148., 132., 15., 21., 148., 12., 0.,
       2., 35., 36., 8., 23., 117., 3., 0., 0., 0., 2., 20., 13., 0., 0.,
       0., 0., 0., 0., 29., 7., 3., 1., 0., 13., 148., 58., 17., 6.,
       148., 12., 0., 7., 39., 20., 26., 65., 96., 2., 0., 0., 0., 0.,
       5., 23., 0., 0., 0., 0., 0., 0., 9., 2., 5., 3., 24., 3., 0., 12.,
       26., 17., 44., 18., 16., 2., 1., 4., 30., 16., 111., 27., 1., 0.,
       36., 33., 3., 6., 6., 1., 9., 31., 128., 128., 11., 11., 1., 7.,
       29., 7., 3., 11., 22., 4., 31., 42., 55., 23., 9., 14., 13., 6.,
       128., 60., 14., 3., 12., 15., 5., 20., 19., 0., 1., 13., 128.,
       128., 15., 5., 0., 0., 0., 1., 3., 14., 128., 43., 17., 3., 4.,
       8., 8., 85., 128., 48., 128., 6., 1., 1., 3., 12., 55., 128., 22.,
       0., 0., 4., 128., 127., 9., 11., 0., 0., 0., 0., 0., 2., 81., 28.,
       0., 0., 0., 0., 0., 40., 89., 16., 7., 0., 0., 0., 1., 6., 52.,
       56., 2., 0., 3., 34., 69., 35., 4., 6., 3., 3., 2., 94., 133., 1.,
       0., 0., 133., 22., 5., 29., 37., 3., 5., 75., 101., 10., 16., 3.,
       0., 0., 0., 67., 4., 12., 23., 1., 0., 0., 0., 0., 15., 6., 4.,
       128., 133., 1., 0., 2., 133., 36., 7., 24., 25., 0., 0., 17., 88.,
       27., 66., 81., 21., 0., 0., 5., 0., 82., 109., 12., 2., 0., 0.,
       0., 18., 3., 2., 77., 133., 12., 9., 19., 133., 9., 4., 12., 14.,
       4., 6., 54., 48., 8., 13., 56., 87., 12., 1., 2., 1., 38., 39.,
       8., 10., 12., 5., 0., 16., 15., 18., 57., 64., 4., 3., 9., 133.,
       40., 11., 18., 7., 0., 1., 24., 15., 9., 18., 73., 32., 2., 0.,
       1., 0., 9., 22., 30., 7., 4., 1., 0., 23., 69., 50., 37., 10., 1.,
       1., 14., 14., 108., 107., 27., 4., 0., 0., 0., 1., 50., 111., 4.,
       2., 2., 1., 0., 1., 36., 35., 2., 2., 8., 2., 0., 37., 14., 13.,
       111., 107., 7., 5., 31., 111., 75., 29., 41., 27., 11., 15., 26.,
       28., 41., 85., 18., 71., 42., 15., 23., 56., 89., 52., 16., 14.,
       3., 1., 32., 11., 2., 2., 33., 61., 97., 99., 6., 111., 46., 7.,
       18., 18., 57., 55., 25., 76., 30., 10., 65., 80., 13., 5., 37.,
       61., 8., 7., 33., 62., 7., 1., 59., 0., 0., 0., 0., 2., 84., 69.,
       0., 10., 6., 1., 3., 8., 111., 90., 6., 41., 32., 7., 15., 26.,
       104., 43., 7., 26., 27., 16., 27., 13., 7., 25., 16., 91., 42.,
       53., 16., 2., 0., 0., 22., 4., 131., 91., 2., 0., 0., 0., 1., 0.,
       74., 36., 0., 0., 0., 0., 0., 0., 10., 14., 0., 0., 0., 0., 0.,
       30., 14., 66., 66., 5., 0., 0., 6., 16., 131., 131., 53., 1., 0.,
       0., 0., 92., 131., 45., 1., 0., 0., 0., 1., 8., 32., 12., 0., 0.,
       0., 0., 0., 3., 6., 131., 93., 0., 0., 0., 0., 131., 39., 105.,
       82., 0., 0., 0., 22., 131., 69., 9., 1., 0., 0., 0., 36., 13.,
       19., 3., 0., 0., 0., 0., 0., 9., 6., 65., 95., 0., 0., 0., 1.,
       131., 35., 31., 17., 0., 0., 0., 24., 127., 55., 12., 0., 0., 0.,
       0., 13., 1., 4., 2., 0., 0., 0., 0., 0., 61., 4., 0., 3., 80.,
       56., 26., 24., 118., 6., 0., 0., 52., 29., 6., 38., 69., 6., 0.,
       0., 110., 69., 12., 32., 118., 5., 0., 0., 0., 2., 8., 54., 18.,
       7., 0., 5., 64., 95., 63., 29., 118., 38., 1., 5., 34., 27., 28.,
       42., 28., 1., 0., 0., 31., 57., 118., 92., 34., 0., 0., 0., 0.,
       1., 57., 118., 7., 2., 0., 2., 118., 62., 8., 11., 118., 18., 0.,
       3., 44., 19., 8., 41., 88., 1., 0., 0., 0., 1., 62., 61., 0., 0.,
       0., 0., 0., 0., 53., 24., 0., 0., 0., 0., 43., 113., 39., 3., 79.,
       0., 0., 0., 9., 41., 82., 104., 48., 0., 0., 0., 0., 0., 17., 63.,
       0., 0., 0., 0., 0., 0., 29., 8., 43., 3., 1., 27., 68., 49., 53.,
       30., 124., 6., 0., 4., 24., 8., 13., 57., 25., 1., 0., 13., 124.,
       54., 7., 13., 124., 5., 0., 0., 18., 10., 7., 49., 8., 9., 7.,
       13., 89., 71., 66., 20., 124., 62., 12., 11., 34., 17., 19., 40.,
       24., 2., 0., 9., 60., 75., 124., 41., 42., 0., 0., 0., 4., 4.,
       93., 124., 8., 2., 1., 21., 124., 37., 4., 4., 124., 21., 1., 3.,
       45., 13., 7., 23., 84., 2., 0., 0., 0., 5., 65., 34., 0., 0., 0.,
       0., 0., 0., 56., 20., 2., 0., 0., 2., 84., 91., 25., 3., 124., 0.,
       0., 1., 19., 24., 46., 79., 63., 0., 0., 0., 0., 0., 14., 41., 0.,
       0., 0., 0., 0., 0., 25., 5., 99., 8., 0., 0., 10., 22., 3., 11.,
       19., 9., 2., 3., 67., 116., 23., 10., 116., 51., 2., 1., 5., 45.,
       31., 66., 110., 8., 0., 0., 0., 0., 0., 35., 116., 5., 0., 0., 0.,
       2., 1., 20., 83., 7., 0., 0., 5., 116., 78., 26., 46., 16., 5.,
       7., 33., 81., 116., 81., 116., 47., 4., 3., 3., 3., 2., 34., 75.,
       2., 0., 0., 0., 0., 7., 88., 116., 9., 0., 0., 2., 11., 19., 66.,
       41., 3., 1., 2., 40., 116., 36., 18., 97., 59., 2., 3., 17., 41.,
       14., 12., 85., 0., 0., 0., 1., 7., 7., 55., 53., 4., 1., 0., 0.,
       0., 12., 63., 54., 15., 0., 0., 20., 71., 8., 11., 27., 27., 1.,
       3., 53., 111., 3., 1., 0., 10., 82., 28., 2., 0., 0., 0., 10., 9.,
       85., 110., 7., 2., 2., 8., 39., 7., 14., 46., 7., 2., 13., 110.,
       28., 5., 17., 24., 1., 0., 2., 108., 12., 43., 110., 94., 3., 0.,
       0., 2., 87., 70., 50., 33., 10., 6., 25., 70., 74., 19., 58., 22.,
       0., 0., 6., 109., 6., 20., 59., 35., 3., 0., 0., 9., 75., 29.,
       51., 73., 9., 4., 17., 110., 110., 54., 42., 21., 0., 0., 1., 98.,
       13., 43., 110., 64., 0., 0., 0., 5., 0., 65., 90., 11., 0., 0.,
       0., 0., 32., 3., 18., 17., 1., 1., 19., 110., 16., 6., 86., 53.,
       0., 0., 1., 25., 0., 19., 106., 34., 0., 0., 0., 0., 12., 24.,
       98., 9., 0., 0., 0., 12., 0., 0., 30., 110., 42., 0., 0., 0., 82.,
