%YAML:1.0
---
mat: !!opencv-matrix
   rows: 69
   cols: 128
   dt: f
   data: [ 119., 0., 0., 1., 1., 0., 1., 44., 59., 1., 0., 9., 108., 16.,
       3., 26., 117., 2., 1., 11., 69., 5., 0., 25., 7., 1., 0., 29.,
       119., 1., 0., 1., 119., 20., 0., 5., 4., 0., 0., 16., 66., 17.,
       1., 67., 105., 2., 0., 7., 119., 19., 4., 26., 79., 2., 0., 11.,
       2., 1., 1., 33., 119., 1., 0., 0., 119., 22., 2., 4., 10., 0., 0.,
       2., 76., 11., 5., 44., 119., 0., 0., 5., 119., 17., 2., 30., 85.,
       3., 0., 18., 1., 0., 1., 47., 119., 1., 0., 0., 111., 28., 4.,
       14., 5., 0., 0., 1., 48., 27., 10., 80., 44., 0., 0., 0., 72.,
       37., 11., 54., 53., 0., 0., 0., 0., 0., 3., 68., 74., 0., 0., 0.,
       118., 0., 0., 0., 3., 7., 5., 40., 47., 0., 0., 0., 54., 76., 12.,
       28., 74., 1., 0., 0., 39., 45., 8., 49., 0., 0., 0., 0., 79., 62.,
       2., 1., 118., 15., 0., 0., 3., 3., 1., 25., 81., 11., 0., 1.,
       118., 49., 4., 12., 118., 18., 0., 1., 63., 31., 3., 14., 5., 1.,
       0., 0., 118., 77., 1., 1., 118., 31., 0., 0., 1., 0., 1., 2.,
       104., 13., 0., 1., 92., 45., 5., 6., 118., 15., 0., 1., 55., 28.,
       4., 29., 12., 2., 0., 2., 118., 45., 1., 5., 118., 25., 0., 0.,
       0., 0., 0., 0., 113., 20., 0., 1., 93., 15., 1., 3., 84., 48., 1.,
       6., 70., 7., 0., 1., 15., 10., 1., 8., 118., 9., 0., 0., 4., 1.,
       1., 3., 14., 41., 82., 46., 130., 0., 0., 0., 2., 7., 31., 130.,
       39., 0., 0., 0., 63., 123., 30., 62., 0., 0., 0., 0., 45., 98.,
       15., 0., 13., 8., 17., 3., 1., 23., 60., 27., 130., 52., 10., 9.,
       7., 3., 14., 115., 51., 13., 24., 86., 130., 38., 4., 20., 0., 0.,
       12., 52., 96., 28., 0., 0., 4., 23., 79., 9., 0., 0., 0., 0., 57.,
       130., 116., 21., 1., 0., 0., 1., 8., 34., 130., 130., 13., 0., 0.,
       0., 0., 0., 70., 122., 15., 0., 0., 0., 0., 2., 8., 3., 0., 0.,
       0., 0., 0., 17., 27., 3., 0., 0., 0., 0., 0., 2., 30., 27., 1.,
       0., 0., 0., 0., 0., 5., 13., 7., 0., 0., 0., 0., 0., 0., 0., 0.,
       0., 0., 2., 10., 0., 0., 0., 0., 0., 14., 40., 36., 0., 1., 3.,
       2., 2., 14., 58., 10., 2., 15., 65., 6., 0., 0., 5., 33., 1., 0.,
       0., 0., 0., 0., 15., 107., 6., 0., 0., 0., 8., 94., 130., 10., 2.,
       0., 4., 22., 130., 130., 46., 0., 0., 6., 69., 107., 87., 2., 0.,
       103., 16., 2., 0., 0., 0., 0., 11., 130., 76., 11., 0., 0., 3.,
       13., 49., 23., 76., 71., 10., 18., 130., 33., 8., 0., 2., 22.,
       13., 118., 130., 1., 0., 42., 9., 1., 0., 0., 0., 0., 3., 67.,
       76., 36., 0., 0., 0., 0., 5., 1., 41., 130., 33., 2., 1., 0., 0.,
       0., 2., 113., 79., 36., 37., 0., 0., 116., 32., 10., 11., 2., 1.,
       46., 116., 5., 5., 59., 92., 14., 15., 102., 103., 1., 14., 72.,
       55., 16., 66., 61., 8., 14., 7., 6., 4., 17., 76., 43., 26., 95.,
       116., 34., 10., 3., 54., 34., 26., 116., 46., 38., 46., 11., 38.,
       80., 52., 12., 8., 17., 11., 8., 116., 116., 29., 2., 3., 2., 2.,
       4., 11., 116., 44., 21., 5., 0., 0., 18., 107., 80., 37., 116.,
       30., 8., 4., 1., 7., 33., 91., 24., 15., 20., 42., 25., 46., 28.,
       6., 0., 0., 8., 49., 9., 9., 26., 3., 0., 0., 3., 6., 4., 12.,
       51., 21., 7., 2., 19., 32., 0., 0., 22., 37., 2., 1., 36., 75.,
       1., 0., 0., 1., 0., 0., 16., 54., 1., 0., 0., 0., 31., 85., 35.,
       8., 0., 1., 2., 7., 40., 54., 1., 0., 0., 12., 14., 6., 3., 0.,
       0., 0., 0., 71., 35., 4., 0., 0., 0., 0., 0., 52., 14., 1., 62.,
       41., 5., 8., 35., 25., 11., 31., 123., 80., 9., 8., 4., 7., 9.,
       35., 22., 8., 31., 41., 16., 45., 24., 19., 0., 11., 11., 3., 2.,
       72., 12., 0., 86., 70., 3., 1., 25., 122., 29., 21., 123., 66.,
       59., 48., 22., 66., 30., 15., 24., 61., 123., 123., 14., 4., 0.,
       4., 40., 96., 28., 3., 0., 7., 1., 3., 19., 123., 45., 2., 2.,
       20., 12., 2., 7., 61., 113., 114., 71., 49., 28., 2., 107., 26.,
       28., 64., 37., 4., 0., 55., 69., 21., 1., 1., 2., 5., 11., 78.,
       116., 1., 0., 0., 5., 6., 0., 17., 78., 4., 0., 0., 61., 46., 2.,
       14., 81., 12., 0., 0., 95., 28., 1., 11., 0., 0., 0., 0., 106.,
       45., 2., 1., 116., 22., 0., 1., 4., 1., 0., 7., 84., 22., 1., 6.,
       116., 21., 1., 2., 105., 46., 0., 2., 84., 29., 1., 6., 2., 1.,
       0., 0., 116., 62., 1., 1., 116., 16., 0., 0., 0., 0., 1., 6.,
       107., 12., 0., 4., 73., 59., 13., 9., 116., 6., 0., 0., 62., 47.,
       6., 33., 10., 0., 0., 0., 116., 79., 1., 5., 107., 9., 0., 0., 0.,
       1., 2., 7., 99., 18., 0., 8., 56., 17., 2., 6., 110., 30., 1., 2.,
       57., 16., 1., 5., 14., 7., 1., 2., 116., 37., 0., 1., 118., 11.,
       0., 1., 2., 1., 0., 5., 82., 5., 0., 15., 117., 11., 0., 6., 70.,
       13., 1., 12., 74., 4., 1., 16., 0., 1., 1., 26., 116., 2., 0., 1.,
       118., 35., 0., 4., 2., 0., 0., 0., 85., 29., 3., 66., 118., 1.,
       0., 1., 92., 43., 10., 23., 90., 2., 0., 9., 0., 1., 2., 30.,
       118., 1., 0., 0., 118., 17., 0., 1., 3., 1., 0., 2., 88., 8., 1.,
       12., 118., 25., 1., 7., 111., 8., 1., 11., 94., 6., 2., 19., 1.,
       0., 0., 18., 118., 2., 0., 1., 118., 16., 1., 1., 2., 0., 0., 2.,
       73., 11., 1., 35., 90., 4., 0., 2., 74., 22., 1., 30., 74., 1.,
       0., 1., 0., 0., 1., 45., 100., 0., 0., 0., 26., 44., 8., 0., 0.,
       37., 117., 23., 75., 19., 0., 0., 0., 36., 117., 39., 27., 18.,
       6., 8., 11., 99., 113., 10., 5., 0., 1., 3., 9., 54., 71., 20.,
       76., 117., 27., 0., 0., 11., 37., 19., 117., 78., 4., 2., 2., 60.,
       117., 39., 13., 12., 12., 25., 30., 117., 88., 8., 2., 0., 1., 7.,
       12., 31., 45., 23., 70., 27., 4., 4., 18., 85., 100., 32., 117.,
       117., 83., 13., 6., 10., 8., 20., 7., 21., 110., 104., 33., 45.,
       10., 4., 14., 1., 8., 21., 11., 11., 4., 15., 8., 34., 42., 26.,
       33., 28., 6., 7., 22., 38., 20., 3., 7., 3., 1., 36., 8., 9., 27.,
       7., 0., 0., 1., 41., 8., 0., 2., 1., 0., 0., 1., 37., 17., 60.,
       17., 0., 0., 0., 0., 1., 14., 9., 21., 3., 1., 11., 15., 13., 0.,
       10., 27., 3., 4., 29., 10., 2., 0., 19., 33., 1., 1., 1., 0., 0.,
       98., 31., 3., 4., 4., 8., 20., 37., 119., 15., 4., 6., 6., 34.,
       43., 72., 12., 3., 8., 28., 97., 119., 38., 17., 0., 12., 42.,
       18., 35., 9., 1., 1., 119., 58., 24., 48., 7., 3., 4., 9., 119.,
       89., 47., 89., 15., 5., 3., 10., 20., 18., 119., 119., 85., 18.,
       2., 5., 34., 9., 19., 41., 39., 15., 23., 48., 59., 76., 52., 35.,
       0., 0., 0., 0., 115., 81., 18., 73., 69., 0., 0., 0., 44., 36.,
       48., 112., 95., 0., 0., 3., 119., 53., 8., 15., 40., 7., 6., 28.,
       67., 0., 0., 0., 0., 3., 8., 72., 38., 0., 0., 0., 0., 35., 110.,
       71., 4., 0., 0., 0., 0., 49., 101., 65., 0., 0., 0., 0., 0., 34.,
       47., 4., 117., 0., 0., 0., 1., 33., 14., 54., 123., 3., 0., 0.,
       0., 35., 55., 73., 23., 0., 0., 0., 0., 123., 102., 68., 7., 0.,
       0., 0., 1., 110., 55., 22., 43., 1., 0., 1., 12., 102., 39., 40.,
       123., 26., 0., 0., 0., 7., 8., 42., 102., 13., 0., 0., 5., 123.,
       32., 25., 21., 2., 0., 0., 15., 112., 17., 16., 5., 6., 5., 6.,
       21., 31., 30., 23., 123., 16., 0., 0., 0., 1., 11., 57., 123.,
       48., 0., 0., 16., 49., 5., 7., 13., 5., 4., 7., 46., 65., 3., 3.,
       118., 4., 0., 0., 17., 12., 2., 9., 64., 7., 0., 1., 67., 43., 6.,
       13., 79., 12., 0., 2., 81., 39., 6., 23., 0., 0., 0., 0., 89.,
       54., 5., 0., 118., 24., 0., 1., 10., 7., 1., 11., 80., 10., 0.,
       1., 65., 68., 2., 15., 118., 17., 0., 0., 74., 55., 9., 19., 1.,
       0., 0., 0., 118., 90., 2., 1., 118., 8., 0., 0., 1., 5., 1., 17.,
       97., 3., 0., 0., 64., 90., 4., 20., 118., 9., 0., 0., 67., 37.,
       3., 26., 5., 1., 0., 0., 118., 79., 1., 1., 118., 11., 0., 0., 0.,
       0., 0., 12., 88., 11., 0., 2., 77., 24., 1., 3., 84., 49., 1., 2.,
       52., 14., 1., 2., 10., 6., 0., 0., 118., 52., 0., 0., 3., 0., 0.,
