%YAML:1.0
---
mat: !!opencv-matrix
   rows: 83
   cols: 128
   dt: f
   data: [ 0., 2., 19., 3., 2., 4., 0., 0., 85., 91., 90., 11., 13., 41.,
       51., 27., 83., 32., 3., 0., 0., 3., 121., 103., 14., 5., 8., 1.,
       0., 0., 17., 40., 15., 10., 9., 0., 0., 0., 0., 0., 168., 106.,
       38., 1., 0., 0., 0., 27., 168., 52., 66., 0., 0., 0., 0., 15., 0.,
       8., 96., 2., 0., 0., 0., 0., 18., 2., 0., 0., 0., 0., 2., 12.,
       168., 94., 29., 0., 0., 0., 5., 65., 56., 81., 168., 4., 0., 0.,
       0., 2., 0., 2., 168., 6., 0., 0., 0., 0., 0., 0., 0., 0., 0., 0.,
       1., 2., 11., 4., 2., 0., 0., 0., 2., 16., 2., 3., 19., 1., 0., 0.,
       0., 0., 0., 0., 19., 1., 0., 0., 0., 0., 3., 1., 1., 41., 71., 0.,
       0., 0., 172., 8., 4., 38., 54., 0., 9., 101., 49., 0., 0., 0., 0.,
       0., 108., 169., 0., 0., 0., 0., 0., 0., 81., 61., 18., 10., 7.,
       33., 18., 0., 0., 0., 172., 40., 10., 29., 16., 0., 0., 30., 172.,
       2., 0., 0., 0., 0., 15., 44., 0., 0., 0., 0., 0., 0., 21., 12.,
       13., 5., 1., 0., 0., 0., 0., 3., 172., 31., 1., 0., 0., 0., 0.,
       80., 172., 9., 0., 0., 0., 0., 2., 13., 2., 1., 0., 1., 1., 1.,
       5., 3., 0., 0., 0., 0., 0., 0., 0., 0., 91., 12., 0., 0., 0., 0.,
       0., 40., 113., 24., 1., 0., 0., 0., 0., 7., 2., 4., 2., 1., 1.,
       1., 0., 0., 22., 2., 5., 18., 2., 0., 0., 1., 1., 2., 80., 56.,
       1., 0., 0., 0., 0., 17., 103., 18., 11., 2., 1., 0., 3., 24., 20.,
       5., 6., 2., 2., 4., 20., 2., 4., 84., 77., 0., 0., 0., 87., 11.,
       66., 122., 45., 7., 12., 42., 26., 34., 69., 6., 8., 101., 45.,
       28., 12., 64., 94., 36., 32., 17., 10., 3., 19., 3., 0., 22.,
       124., 23., 0., 0., 124., 76., 2., 18., 110., 22., 3., 17., 65.,
       38., 12., 7., 28., 84., 23., 12., 16., 15., 13., 36., 124., 41.,
       8., 1., 16., 1., 0., 0., 65., 72., 1., 1., 49., 87., 5., 0., 52.,
       124., 26., 3., 24., 100., 75., 19., 16., 10., 27., 8., 16., 3.,
       14., 47., 124., 21., 9., 16., 0., 0., 4., 18., 10., 18., 15., 0.,
       3., 2., 4., 12., 6., 3., 1., 3., 1., 0., 0., 0., 0., 0., 0., 1.,
       0., 0., 0., 0., 0., 0., 0., 0., 20., 24., 144., 151., 13., 11.,
       5., 1., 151., 67., 69., 53., 11., 5., 7., 49., 21., 3., 2., 30.,
       85., 12., 10., 25., 0., 0., 0., 2., 9., 0., 0., 0., 151., 37.,
       80., 151., 49., 3., 1., 52., 151., 78., 48., 35., 4., 1., 1., 55.,
       18., 16., 32., 114., 62., 3., 2., 3., 0., 0., 0., 2., 7., 0., 0.,
       0., 84., 2., 2., 22., 55., 22., 43., 151., 102., 16., 16., 11.,
       5., 2., 9., 96., 1., 4., 8., 10., 1., 1., 2., 1., 0., 0., 0., 0.,
       0., 0., 0., 0., 5., 60., 86., 9., 0., 0., 0., 0., 18., 76., 91.,
       8., 0., 0., 0., 0., 10., 78., 76., 3., 5., 1., 0., 0., 1., 22.,
       7., 2., 102., 9., 0., 0., 18., 81., 97., 30., 38., 18., 7., 10.,
       109., 77., 82., 21., 4., 18., 16., 35., 51., 109., 65., 9., 48.,
       77., 15., 13., 65., 84., 7., 3., 84., 10., 1., 3., 12., 4., 1.,
       2., 42., 58., 109., 81., 109., 33., 9., 4., 3., 14., 109., 80.,
       49., 25., 17., 20., 65., 38., 59., 57., 79., 8., 0., 0., 67., 17.,
       12., 69., 12., 2., 0., 1., 3., 17., 44., 59., 8., 1., 0., 0., 0.,
       8., 89., 51., 2., 1., 1., 0., 1., 4., 88., 69., 2., 0., 0., 0.,
       63., 16., 16., 32., 0., 0., 0., 1., 62., 14., 0., 0., 24., 13.,
       2., 10., 153., 52., 3., 4., 153., 64., 1., 2., 11., 4., 1., 4.,
       43., 6., 0., 0., 1., 7., 2., 1., 0., 0., 0., 1., 53., 10., 0., 0.,
       20., 12., 6., 53., 153., 64., 3., 4., 153., 70., 8., 18., 29., 9.,
       3., 21., 81., 7., 0., 0., 1., 3., 0., 4., 0., 0., 0., 1., 32., 7.,
       0., 0., 10., 2., 1., 15., 153., 119., 20., 16., 153., 12., 1., 4.,
       26., 29., 24., 78., 87., 3., 0., 0., 0., 2., 1., 5., 0., 0., 1.,
       8., 6., 1., 0., 0., 4., 3., 8., 96., 105., 16., 7., 8., 153., 36.,
       8., 20., 18., 4., 9., 44., 65., 6., 1., 1., 0., 0., 0., 6., 0.,
       1., 1., 7., 35., 0., 0., 1., 7., 1., 7., 55., 154., 16., 6., 7.,
       80., 11., 15., 17., 18., 7., 19., 111., 11., 2., 0., 0., 0., 0.,
       4., 24., 1., 2., 1., 17., 65., 0., 0., 0., 21., 21., 24., 128.,
       154., 6., 2., 6., 154., 80., 22., 21., 13., 2., 1., 31., 41., 3.,
       0., 0., 0., 0., 0., 5., 2., 2., 0., 14., 99., 1., 0., 0., 39., 7.,
       3., 48., 154., 35., 9., 27., 154., 31., 3., 5., 13., 7., 6., 89.,
       41., 2., 0., 0., 0., 0., 0., 4., 1., 5., 1., 7., 78., 6., 0., 0.,
       34., 6., 2., 23., 154., 36., 2., 7., 154., 26., 1., 2., 7., 3.,
       1., 32., 30., 2., 0., 0., 0., 0., 0., 3., 143., 141., 143., 45.,
       0., 0., 2., 8., 119., 36., 8., 17., 4., 0., 1., 5., 4., 3., 6.,
       35., 28., 12., 2., 0., 4., 1., 0., 0., 16., 46., 5., 6., 143.,
       61., 45., 6., 1., 25., 97., 143., 143., 11., 28., 76., 15., 0.,
       0., 25., 35., 39., 33., 45., 5., 2., 0., 1., 13., 13., 7., 9.,
       26., 14., 1., 2., 82., 19., 3., 2., 0., 34., 135., 133., 32., 7.,
       6., 28., 29., 28., 30., 17., 40., 17., 7., 6., 7., 15., 29., 19.,
       6., 10., 12., 5., 7., 4., 14., 9., 92., 96., 7., 1., 2., 1., 19.,
       22., 7., 0., 0., 0., 0., 16., 72., 17., 1., 0., 0., 0., 0., 26.,
       84., 13., 0., 0., 0., 0., 0., 12., 36., 15., 0., 0., 6., 35., 8.,
       5., 1., 0., 1., 1., 9., 62., 31., 20., 8., 0., 2., 1., 19., 113.,
       112., 78., 25., 4., 5., 2., 106., 162., 115., 94., 10., 22., 0.,
       0., 19., 86., 19., 3., 0., 0., 11., 20., 40., 61., 12., 13., 3.,
       3., 56., 31., 6., 7., 54., 162., 14., 12., 14., 1., 3., 34., 111.,
       162., 121., 80., 2., 2., 4., 26., 21., 6., 6., 8., 13., 5., 2.,
       4., 7., 51., 48., 21., 96., 12., 0., 0., 1., 23., 17., 37., 14.,
       3., 0., 0., 3., 159., 65., 16., 8., 24., 9., 2., 1., 1., 7., 12.,
       7., 24., 23., 1., 2., 12., 15., 7., 22., 24., 25., 3., 1., 8., 7.,
       5., 10., 31., 7., 13., 4., 4., 2., 0., 7., 2., 0., 2., 118., 26.,
       2., 2., 118., 68., 9., 3., 61., 9., 1., 8., 13., 22., 32., 30.,
       74., 29., 2., 2., 118., 13., 2., 20., 84., 14., 0., 4., 3., 3.,
       6., 15., 118., 10., 0., 1., 118., 38., 5., 4., 105., 6., 12., 65.,
       25., 12., 19., 23., 68., 60., 57., 31., 118., 13., 1., 14., 97.,
       45., 2., 4., 8., 5., 7., 27., 118., 29., 16., 8., 118., 28., 1.,
       8., 66., 19., 43., 53., 53., 14., 1., 15., 118., 30., 13., 17.,
       81., 26., 1., 11., 118., 34., 26., 11., 1., 3., 1., 2., 18., 32.,
       35., 5., 20., 7., 1., 0., 3., 15., 94., 45., 10., 2., 1., 2., 26.,
       45., 19., 17., 6., 1., 0., 1., 17., 47., 80., 13., 2., 1., 0., 4.,
       84., 132., 12., 2., 93., 53., 2., 3., 36., 120., 26., 14., 132.,
       82., 0., 0., 0., 1., 3., 13., 69., 15., 0., 0., 0., 0., 0., 11.,
       10., 0., 0., 0., 30., 95., 22., 8., 38., 11., 2., 19., 112., 132.,
       34., 14., 132., 32., 2., 7., 8., 8., 10., 37., 110., 1., 0., 0.,
       0., 0., 0., 26., 24., 5., 0., 0., 10., 52., 64., 9., 7., 2., 0.,
       5., 78., 132., 67., 15., 132., 8., 2., 2., 7., 30., 58., 91., 81.,
       4., 19., 28., 3., 0., 0., 34., 67., 20., 8., 7., 2., 14., 17., 7.,
       0., 0., 13., 34., 32., 112., 16., 1., 34., 5., 20., 20., 8., 32.,
       22., 26., 17., 5., 46., 38., 0., 0., 0., 3., 0., 61., 120., 23.,
       22., 47., 17., 1., 15., 69., 120., 21., 22., 48., 35., 18., 85.,
       12., 15., 7., 9., 18., 10., 117., 16., 0., 0., 3., 2., 14., 24.,
       38., 8., 37., 60., 30., 23., 75., 58., 9., 74., 79., 30., 0., 0.,
       7., 120., 120., 66., 7., 3., 0., 3., 10., 49., 120., 3., 0., 1.,
       3., 3., 7., 15., 48., 7., 20., 12., 11., 18., 120., 120., 14.,
       120., 55., 1., 1., 2., 29., 79., 120., 63., 8., 1., 1., 7., 10.,
       16., 41., 17., 0., 0., 0., 1., 4., 9., 60., 21., 5., 54., 73.,
       23., 27., 20., 29., 57., 3., 3., 6., 3., 9., 38., 114., 9., 1.,
       0., 0., 0., 14., 51., 19., 23., 1., 0., 0., 0., 1., 12., 21., 62.,
       79., 6., 4., 5., 7., 41., 34., 70., 93., 4., 2., 3., 2., 4., 8.,
