%YAML:1.0
---
mat: !!opencv-matrix
   rows: 38
   cols: 128
   dt: f
   data: [ 15., 0., 0., 4., 55., 26., 5., 51., 32., 31., 4., 3., 150.,
       49., 1., 1., 142., 27., 7., 11., 7., 0., 0., 38., 52., 0., 0., 6.,
       3., 0., 0., 22., 16., 0., 0., 0., 50., 14., 0., 16., 30., 18., 1.,
       3., 150., 61., 0., 0., 150., 32., 1., 2., 23., 3., 0., 15., 50.,
       1., 1., 65., 19., 0., 0., 5., 5., 1., 1., 0., 22., 7., 0., 4.,
       32., 2., 0., 1., 150., 82., 0., 2., 150., 21., 1., 11., 56., 17.,
       0., 6., 35., 5., 1., 122., 65., 4., 10., 18., 2., 1., 2., 0., 6.,
       2., 0., 1., 11., 1., 0., 0., 150., 55., 0., 0., 150., 42., 0., 4.,
       76., 24., 2., 2., 30., 8., 0., 15., 26., 16., 37., 44., 28., 15.,
       47., 50., 10., 2., 0., 33., 52., 11., 5., 7., 158., 11., 0., 11.,
       158., 20., 0., 1., 34., 1., 0., 0., 18., 2., 0., 0., 1., 1., 1.,
       0., 33., 2., 9., 13., 27., 2., 2., 157., 48., 6., 0., 43., 158.,
       6., 1., 16., 158., 29., 0., 8., 41., 1., 0., 2., 31., 4., 1., 3.,
       2., 1., 1., 1., 5., 0., 0., 18., 54., 1., 2., 46., 31., 1., 0.,
       48., 158., 19., 1., 4., 158., 16., 0., 1., 26., 10., 1., 7., 42.,
       3., 0., 17., 12., 0., 0., 1., 1., 0., 0., 52., 59., 0., 0., 3.,
       15., 0., 0., 44., 108., 29., 9., 15., 158., 23., 2., 4., 26., 15.,
       2., 1., 36., 8., 4., 62., 13., 0., 0., 5., 4., 3., 1., 2., 128.,
       17., 0., 0., 128., 18., 1., 3., 45., 3., 0., 18., 81., 1., 1.,
       25., 3., 0., 0., 16., 2., 4., 7., 110., 25., 0., 0., 1., 5., 0.,
       0., 1., 128., 30., 0., 1., 128., 6., 1., 4., 80., 14., 0., 23.,
       77., 5., 2., 122., 40., 2., 4., 11., 0., 3., 6., 115., 28., 2.,
       44., 71., 4., 0., 0., 0., 128., 26., 0., 0., 128., 20., 0., 3.,
       102., 17., 1., 3., 61., 8., 0., 35., 40., 24., 47., 40., 0., 0.,
       0., 20., 10., 3., 46., 105., 1., 0., 0., 0., 114., 21., 0., 0.,
       128., 34., 0., 0., 99., 18., 0., 1., 86., 23., 0., 3., 2., 3.,
       14., 10., 3., 0., 0., 47., 21., 0., 4., 9., 6., 6., 0., 2., 133.,
       23., 1., 4., 133., 21., 1., 3., 33., 2., 0., 26., 75., 1., 1.,
       38., 9., 0., 0., 27., 8., 7., 8., 85., 42., 0., 0., 7., 11., 1.,
       0., 1., 133., 32., 0., 2., 133., 9., 2., 8., 67., 11., 0., 21.,
       65., 5., 5., 133., 40., 2., 7., 10., 3., 15., 25., 100., 17., 3.,
       43., 42., 8., 0., 0., 0., 133., 33., 0., 1., 133., 18., 1., 7.,
       84., 18., 3., 9., 38., 6., 2., 47., 43., 18., 64., 57., 1., 0.,
       0., 27., 14., 6., 72., 91., 2., 1., 0., 0., 132., 24., 0., 0.,
       133., 35., 0., 0., 84., 16., 2., 4., 68., 16., 0., 16., 10., 2.,
       23., 22., 11., 0., 0., 54., 21., 0., 4., 19., 0., 12., 13., 10.,
       19., 12., 6., 1., 18., 26., 26., 97., 62., 18., 27., 15., 149.,
       47., 55., 123., 39., 0., 0., 12., 110., 27., 7., 2., 1., 2., 1.,
       13., 0., 67., 82., 29., 5., 1., 1., 0., 17., 20., 97., 149., 89.,
       11., 7., 3., 149., 52., 38., 90., 39., 3., 2., 45., 102., 63.,
       18., 22., 3., 0., 0., 9., 0., 32., 48., 19., 8., 0., 0., 0., 22.,
       8., 25., 84., 88., 75., 32., 22., 149., 78., 25., 8., 5., 20.,
       28., 66., 37., 83., 78., 13., 6., 0., 0., 0., 0., 0., 0., 0., 0.,
       0., 0., 0., 1., 0., 0., 0., 1., 4., 3., 2., 16., 21., 15., 0., 0.,
       1., 3., 7., 1., 34., 63., 0., 0., 0., 0., 0., 0., 48., 28., 1.,
       11., 45., 6., 0., 23., 20., 11., 10., 95., 118., 2., 7., 88., 38.,
       19., 2., 13., 25., 39., 34., 3., 27., 66., 1., 1., 52., 63., 2.,
       1., 20., 17., 19., 15., 60., 36., 0., 37., 16., 15., 118., 118.,
       21., 3., 4., 118., 29., 1., 19., 21., 7., 10., 16., 25., 4., 1.,
       0., 0., 38., 58., 4., 0., 0., 118., 116., 12., 10., 20., 11., 21.,
       3., 28., 118., 54., 5., 39., 117., 118., 51., 14., 13., 7., 3.,
       22., 93., 13., 80., 14., 2., 0., 0., 1., 0., 0., 0., 32., 29.,
       24., 4., 118., 41., 15., 15., 67., 41., 17., 2., 45., 81., 8.,
       22., 66., 27., 5., 12., 46., 44., 9., 106., 24., 8., 3., 21., 20.,
       1., 11., 67., 82., 35., 16., 8., 4., 1., 10., 31., 10., 98., 55.,
       26., 27., 13., 61., 2., 8., 122., 44., 2., 8., 82., 54., 12., 1.,
       2., 1., 9., 61., 79., 34., 75., 44., 48., 23., 7., 27., 15., 31.,
       50., 84., 127., 26., 6., 14., 6., 127., 27., 14., 41., 13., 2.,
       8., 104., 65., 5., 0., 0., 0., 1., 11., 50., 31., 73., 20., 27.,
       15., 47., 19., 15., 33., 19., 21., 38., 18., 50., 118., 42., 127.,
       66., 3., 3., 14., 30., 24., 21., 63., 31., 1., 0., 0., 0., 0., 2.,
       18., 29., 4., 0., 12., 127., 8., 7., 18., 99., 33., 10., 23., 42.,
       9., 15., 127., 27., 7., 11., 31., 11., 2., 55., 64., 17., 2., 0.,
       0., 0., 0., 8., 0., 0., 7., 40., 6., 0., 0., 0., 1., 1., 105.,
       105., 2., 0., 2., 5., 0., 11., 114., 17., 0., 0., 23., 12., 0.,
       33., 114., 0., 0., 1., 22., 1., 1., 0., 3., 84., 114., 9., 0., 0.,
       78., 7., 41., 107., 57., 6., 17., 97., 22., 9., 38., 4., 0., 1.,
       114., 103., 1., 11., 25., 0., 0., 17., 114., 4., 1., 0., 0., 4.,
       106., 88., 1., 0., 111., 78., 3., 2., 53., 114., 16., 21., 37.,
       114., 42., 0., 0., 4., 14., 15., 0., 21., 36., 0., 0., 3., 13.,
       1., 0., 0., 0., 1., 6., 35., 2., 0., 3., 14., 2., 0., 3., 114.,
       52., 0., 1., 64., 43., 0., 0., 69., 82., 0., 0., 42., 86., 2., 1.,
       16., 35., 0., 0., 0., 0., 62., 42., 0., 0., 0., 64., 1., 0., 118.,
       46., 0., 0., 65., 50., 0., 0., 7., 0., 0., 0., 99., 1., 0., 0.,
       48., 12., 0., 0., 6., 6., 2., 1., 60., 118., 6., 0., 0., 118.,
       61., 11., 43., 64., 2., 0., 42., 45., 22., 50., 63., 0., 0., 0.,
       23., 5., 0., 12., 118., 10., 0., 0., 34., 1., 2., 1., 3., 118.,
       95., 3., 0., 34., 115., 48., 3., 50., 117., 69., 4., 6., 52.,
       118., 58., 0., 2., 67., 72., 4., 1., 18., 48., 0., 0., 22., 118.,
       0., 0., 0., 1., 6., 40., 6., 0., 0., 1., 1., 0., 2., 81., 118.,
       5., 0., 2., 2., 0., 0., 4., 118., 68., 0., 0., 0., 0., 1., 0.,
       19., 45., 9., 8., 5., 42., 116., 29., 1., 5., 103., 54., 8., 15.,
       23., 24., 5., 35., 12., 4., 10., 25., 47., 98., 80., 14., 0., 1.,
       10., 2., 1., 5., 56., 19., 7., 11., 7., 51., 116., 73., 8., 9.,
       116., 81., 11., 23., 24., 24., 13., 55., 47., 21., 59., 116., 54.,
       26., 29., 8., 17., 38., 67., 19., 4., 2., 16., 11., 3., 3., 2.,
       32., 116., 67., 9., 5., 116., 61., 7., 17., 39., 22., 18., 52.,
       39., 16., 11., 46., 116., 65., 13., 28., 74., 14., 7., 7., 11.,
       12., 9., 65., 2., 1., 0., 3., 42., 84., 44., 4., 24., 2., 0., 1.,
       15., 35., 100., 93., 14., 5., 3., 9., 113., 50., 13., 27., 61.,
       32., 4., 4., 12., 7., 2., 22., 2., 3., 52., 109., 48., 16., 3.,
       2., 25., 90., 98., 38., 41., 34., 2., 1., 109., 66., 16., 3., 14.,
       90., 20., 9., 48., 10., 1., 0., 9., 87., 76., 61., 49., 6., 32.,
       15., 23., 64., 28., 68., 73., 23., 5., 1., 128., 128., 20., 24.,
       128., 56., 1., 0., 7., 21., 16., 34., 32., 3., 0., 0., 0., 14.,
       46., 27., 107., 14., 3., 10., 35., 32., 8., 29., 41., 2., 0., 0.,
       48., 128., 84., 34., 105., 3., 0., 0., 2., 26., 76., 128., 19.,
       1., 1., 1., 0., 0., 0., 15., 128., 20., 19., 22., 7., 0., 1., 24.,
       41., 1., 0., 0., 0., 11., 18., 9., 1., 1., 1., 1., 0., 2., 16.,
       15., 1., 1., 1., 0., 0., 0., 0., 2., 0., 0., 0., 2., 1., 1., 1.,
       0., 0., 1., 19., 15., 1., 2., 1., 0., 0., 11., 20., 3., 1., 1.,
       1., 0., 0., 1., 2., 38., 8., 1., 1., 0., 0., 18., 23., 28., 13.,
       0., 0., 0., 8., 25., 85., 130., 64., 0., 0., 0., 100., 130., 89.,
       39., 6., 0., 0., 2., 14., 12., 2., 103., 68., 3., 4., 7., 65.,
       114., 42., 58., 47., 1., 0., 0., 63., 14., 11., 130., 130., 12.,
       1., 9., 130., 57., 28., 59., 14., 2., 0., 30., 49., 26., 25.,
       100., 34., 2., 2., 22., 115., 40., 3., 16., 29., 19., 8., 21.,
       35., 5., 1., 20., 86., 130., 37., 22., 95., 29., 17., 23., 5.,
