%YAML:1.0
---
mat: !!opencv-matrix
   rows: 82
   cols: 128
   dt: f
   data: [ 2., 68., 135., 2., 0., 0., 0., 0., 0., 75., 135., 1., 0., 0.,
       0., 0., 11., 62., 53., 0., 0., 0., 0., 0., 9., 7., 1., 0., 0., 0.,
       0., 0., 28., 42., 77., 14., 21., 16., 15., 19., 25., 105., 135.,
       31., 26., 25., 17., 17., 135., 135., 83., 6., 3., 4., 5., 19.,
       40., 11., 5., 1., 1., 1., 0., 1., 7., 0., 0., 0., 7., 41., 135.,
       43., 15., 5., 4., 7., 19., 100., 135., 53., 135., 13., 3., 2., 3.,
       15., 119., 135., 30., 0., 0., 0., 5., 3., 0., 12., 5., 0., 0., 0.,
       0., 2., 53., 11., 4., 0., 0., 0., 0., 7., 87., 13., 4., 0., 0.,
       0., 3., 2., 46., 33., 1., 0., 0., 0., 11., 1., 0., 3., 0., 0., 1.,
       5., 1., 0., 0., 0., 4., 11., 65., 144., 59., 0., 0., 0., 122.,
       144., 99., 51., 12., 0., 0., 0., 39., 34., 6., 0., 0., 0., 0., 3.,
       0., 0., 0., 6., 4., 0., 0., 0., 27., 5., 5., 122., 144., 19., 5.,
       6., 144., 58., 7., 26., 46., 6., 5., 27., 92., 39., 24., 3., 0.,
       0., 0., 1., 0., 0., 0., 2., 2., 1., 0., 0., 11., 12., 18., 70.,
       89., 72., 20., 16., 144., 76., 17., 13., 13., 18., 21., 84., 56.,
       34., 28., 10., 0., 0., 0., 3., 0., 0., 0., 2., 1., 0., 0., 0.,
       17., 14., 16., 72., 79., 20., 2., 4., 144., 102., 15., 14., 13.,
       7., 2., 8., 34., 35., 24., 7., 0., 0., 0., 0., 3., 1., 0., 1.,
       127., 19., 0., 0., 127., 6., 0., 1., 49., 4., 0., 22., 78., 0.,
       0., 26., 7., 0., 0., 20., 1., 2., 6., 107., 30., 0., 0., 1., 4.,
       0., 0., 0., 127., 25., 0., 1., 127., 4., 1., 4., 83., 9., 0., 19.,
       75., 5., 2., 124., 42., 1., 4., 10., 1., 1., 6., 109., 30., 3.,
       41., 65., 3., 0., 0., 0., 127., 23., 0., 0., 127., 18., 1., 4.,
       102., 11., 1., 4., 55., 7., 1., 40., 40., 21., 51., 43., 0., 0.,
       0., 19., 12., 2., 47., 108., 1., 0., 0., 0., 127., 22., 0., 0.,
       127., 31., 0., 0., 100., 13., 1., 2., 85., 17., 0., 3., 3., 3.,
       21., 14., 2., 0., 0., 47., 29., 0., 6., 10., 4., 2., 0., 1., 126.,
       31., 3., 8., 126., 15., 1., 1., 46., 5., 0., 29., 80., 0., 0.,
       26., 12., 0., 0., 38., 6., 4., 4., 75., 51., 0., 0., 7., 5., 0.,
       0., 0., 126., 32., 0., 2., 126., 4., 1., 4., 88., 11., 0., 21.,
       79., 5., 3., 126., 40., 1., 3., 12., 3., 10., 24., 108., 23., 3.,
       33., 27., 3., 0., 0., 0., 126., 31., 0., 0., 126., 17., 2., 8.,
       106., 17., 2., 8., 44., 8., 3., 63., 47., 14., 53., 50., 0., 0.,
       0., 28., 20., 8., 77., 87., 0., 0., 0., 0., 126., 24., 0., 0.,
       126., 27., 0., 0., 106., 16., 2., 5., 73., 12., 0., 12., 12., 4.,
       32., 31., 7., 0., 0., 51., 32., 1., 7., 23., 0., 20., 81., 12.,
       0., 0., 0., 0., 7., 59., 42., 5., 1., 0., 0., 0., 1., 11., 49.,
       21., 3., 0., 0., 0., 0., 24., 55., 1., 0., 0., 0., 0., 17., 34.,
       98., 79., 53., 17., 11., 7., 124., 124., 55., 16., 32., 4., 7.,
       20., 29., 18., 94., 77., 124., 7., 0., 1., 16., 79., 124., 13.,
       11., 2., 0., 4., 9., 1., 1., 6., 25., 39., 124., 27., 124., 6.,
       0., 4., 30., 17., 116., 105., 27., 2., 1., 14., 124., 76., 64.,
       10., 29., 5., 6., 4., 23., 35., 97., 35., 6., 0., 0., 0., 0., 1.,
       56., 13., 7., 0., 0., 0., 2., 8., 48., 27., 4., 0., 0., 0., 8.,
       44., 97., 10., 2., 0., 0., 0., 0., 17., 124., 18., 0., 18., 124.,
       18., 2., 0., 0., 0., 8., 45., 98., 10., 3., 0., 0., 0., 2., 9.,
       47., 27., 7., 0., 0., 0., 0., 1., 54., 12., 6., 0., 0., 0., 23.,
       35., 95., 34., 29., 5., 7., 4., 124., 75., 63., 10., 27., 2., 1.,
       15., 30., 17., 116., 105., 124., 5., 0., 4., 24., 40., 124., 26.,
       8., 1., 1., 6., 11., 2., 0., 4., 16., 81., 124., 13., 124., 7.,
       0., 1., 30., 18., 94., 77., 31., 4., 7., 21., 124., 124., 54.,
       17., 53., 17., 12., 7., 17., 34., 97., 79., 0., 0., 0., 0., 0.,
       24., 53., 1., 3., 0., 0., 0., 1., 11., 48., 21., 1., 0., 0., 0.,
       7., 61., 42., 5., 0., 0., 0., 0., 0., 21., 82., 12., 38., 10., 0.,
       0., 0., 0., 25., 86., 126., 44., 10., 0., 0., 0., 1., 73., 35.,
       35., 9., 0., 0., 0., 1., 16., 0., 0., 0., 0., 0., 0., 0., 0., 19.,
       14., 67., 49., 1., 0., 17., 15., 72., 113., 126., 10., 0., 0., 4.,
       22., 126., 126., 51., 1., 0., 0., 1., 17., 6., 1., 0., 0., 0., 0.,
       0., 1., 5., 7., 53., 64., 11., 24., 66., 45., 53., 39., 54., 7.,
       0., 1., 71., 126., 126., 22., 4., 0., 0., 0., 18., 126., 19., 1.,
       0., 0., 0., 0., 0., 7., 4., 19., 109., 39., 1., 6., 29., 18.,
       119., 126., 57., 7., 1., 0., 16., 73., 126., 61., 0., 0., 0., 0.,
       1., 24., 25., 10., 0., 0., 0., 0., 0., 0., 2., 49., 24., 2., 0.,
       0., 0., 0., 0., 19., 35., 0., 0., 0., 0., 0., 1., 14., 9., 0., 0.,
       0., 0., 0., 0., 0., 0., 0., 0., 0., 0., 0., 32., 78., 36., 13.,
       6., 9., 15., 7., 19., 79., 123., 74., 25., 14., 6., 7., 123.,
       123., 71., 25., 8., 2., 2., 15., 6., 38., 98., 51., 12., 0., 0.,
       0., 5., 4., 1., 4., 5., 53., 123., 7., 23., 8., 9., 23., 28.,
       104., 123., 48., 123., 21., 7., 27., 69., 27., 82., 123., 9., 32.,
       55., 70., 116., 34., 22., 5., 8., 0., 0., 0., 0., 6., 50., 11.,
       5., 0., 0., 0., 0., 14., 114., 20., 3., 0., 0., 1., 20., 57., 88.,
       28., 1., 0., 0., 1., 25., 102., 123., 4., 3., 33., 43., 25., 32.,
       29., 13., 1., 7., 10., 3., 63., 121., 34., 38., 20., 91., 1., 3.,
       48., 74., 5., 17., 121., 39., 8., 0., 0., 0., 6., 78., 72., 27.,
       66., 40., 44., 38., 12., 31., 19., 28., 34., 22., 121., 113., 10.,
       15., 9., 121., 21., 4., 20., 24., 4., 13., 113., 39., 1., 0., 0.,
       0., 10., 26., 38., 18., 56., 14., 23., 37., 41., 34., 11., 21.,
       11., 8., 46., 35., 43., 121., 44., 121., 57., 1., 3., 9., 49.,
       59., 27., 73., 23., 0., 0., 0., 8., 14., 8., 9., 11., 2., 0., 1.,
       121., 69., 13., 16., 61., 35., 3., 6., 91., 31., 16., 79., 29.,
       18., 7., 27., 39., 10., 54., 75., 6., 0., 0., 0., 5., 10., 43.,
       15., 18., 66., 1., 0., 1., 22., 62., 4., 37., 82., 1., 0., 0., 0.,
       6., 4., 29., 10., 0., 0., 0., 0., 4., 0., 0., 0., 0., 0., 0., 2.,
       4., 6., 19., 78., 16., 10., 41., 67., 18., 18., 94., 118., 35.,
       69., 45., 9., 4., 112., 118., 26., 2., 4., 0., 0., 9., 10., 6.,
       7., 0., 0., 0., 1., 1., 5., 31., 108., 42., 8., 18., 50., 20.,
       25., 9., 33., 85., 59., 24., 80., 55., 118., 40., 118., 26., 4.,
       1., 10., 75., 8., 7., 118., 19., 0., 0., 7., 1., 5., 2., 16., 36.,
       24., 40., 45., 25., 10., 1., 55., 118., 13., 6., 50., 45., 5., 3.,
       100., 37., 0., 0., 115., 88., 0., 1., 82., 9., 0., 2., 118., 26.,
       0., 0., 1., 36., 9., 2., 1., 0., 0., 0., 56., 113., 11., 2., 4.,
       0., 22., 3., 48., 91., 60., 25., 18., 16., 17., 18., 10., 4., 32.,
       113., 24., 12., 3., 1., 0., 113., 85., 0., 0., 0., 60., 4., 14.,
       113., 39., 19., 47., 48., 85., 9., 14., 13., 13., 72., 76., 54.,
       68., 12., 0., 0., 14., 113., 37., 24., 6., 1., 1., 74., 113., 32.,
       7., 3., 113., 63., 4., 17., 36., 41., 13., 22., 57., 57., 11.,
       26., 97., 52., 9., 8., 101., 64., 1., 6., 12., 12., 11., 2., 4.,
       57., 56., 33., 23., 24., 7., 2., 13., 76., 32., 6., 64., 66., 6.,
       1., 26., 57., 86., 64., 30., 12., 10., 13., 113., 33., 7., 13.,
       4., 0., 1., 30., 61., 15., 2., 23., 39., 0., 0., 0., 49., 28.,
       50., 7., 0., 0., 0., 0., 0., 23., 65., 1., 0., 0., 0., 0., 0.,
       10., 28., 0., 0., 0., 0., 0., 55., 20., 6., 37., 48., 0., 0., 0.,
       35., 36., 136., 136., 89., 7., 1., 2., 136., 136., 136., 28., 6.,
       2., 1., 8., 30., 40., 22., 0., 0., 0., 0., 0., 48., 15., 4., 30.,
       66., 1., 0., 0., 38., 16., 14., 86., 136., 62., 15., 19., 136.,
       64., 13., 13., 16., 16., 14., 58., 62., 32., 11., 0., 0., 0., 0.,
       1., 39., 8., 2., 21., 54., 1., 0., 0., 19., 18., 24., 74., 134.,
       37., 15., 11., 136., 61., 15., 7., 4., 7., 14., 53., 40., 21., 7.,
