%YAML:1.0
---
mat: !!opencv-matrix
   rows: 63
   cols: 128
   dt: f
   data: [ 80., 11., 10., 117., 30., 0., 0., 19., 117., 15., 31., 58.,
       2., 0., 0., 33., 55., 17., 31., 87., 1., 0., 0., 3., 72., 14., 1.,
       2., 0., 0., 0., 4., 117., 15., 15., 68., 23., 6., 5., 53., 74.,
       31., 94., 117., 33., 3., 2., 16., 117., 109., 66., 43., 3., 1.,
       1., 11., 48., 28., 0., 0., 0., 0., 0., 0., 21., 80., 101., 14.,
       8., 3., 3., 16., 22., 40., 64., 66., 57., 27., 25., 27., 117.,
       73., 25., 6., 3., 4., 14., 54., 12., 19., 3., 0., 0., 0., 0., 0.,
       0., 60., 111., 0., 0., 0., 0., 0., 1., 98., 117., 1., 0., 1., 2.,
       1., 4., 84., 117., 0., 0., 0., 1., 2., 0., 3., 3., 0., 0., 0., 0.,
       0., 28., 35., 49., 3., 0., 0., 0., 4., 24., 39., 51., 0., 0., 0.,
       4., 5., 25., 34., 17., 0., 0., 0., 12., 10., 21., 9., 1., 0., 0.,
       0., 13., 8., 3., 80., 138., 36., 45., 3., 0., 0., 24., 135., 138.,
       5., 1., 0., 0., 1., 138., 138., 79., 7., 2., 0., 0., 2., 21., 44.,
       64., 14., 4., 0., 0., 0., 15., 13., 9., 6., 97., 56., 40., 21.,
       91., 25., 29., 5., 2., 20., 69., 44., 138., 31., 7., 9., 24., 2.,
       10., 40., 30., 19., 26., 18., 40., 2., 3., 5., 5., 0., 0., 0., 7.,
       43., 138., 39., 14., 0., 0., 0., 0., 23., 138., 55., 73., 3., 0.,
       2., 7., 11., 95., 94., 9., 1., 0., 2., 12., 15., 71., 20., 0.,
       66., 25., 1., 5., 23., 10., 0., 1., 11., 27., 55., 27., 58., 110.,
       11., 55., 11., 43., 117., 44., 9., 31., 48., 75., 7., 12., 5., 1.,
       2., 2., 55., 0., 127., 108., 15., 0., 0., 0., 0., 12., 29., 127.,
       127., 20., 1., 0., 1., 127., 28., 54., 94., 29., 1., 0., 94.,
       100., 24., 4., 1., 1., 1., 2., 58., 0., 14., 27., 11., 1., 0., 0.,
       0., 37., 9., 35., 75., 29., 5., 2., 7., 127., 127., 18., 6., 3.,
       2., 1., 19., 23., 127., 48., 1., 0., 0., 0., 3., 0., 0., 0., 0.,
       0., 0., 0., 0., 4., 1., 0., 0., 0., 0., 0., 1., 14., 73., 18., 0.,
       0., 0., 0., 1., 0., 123., 75., 0., 0., 0., 0., 0., 0., 0., 0., 0.,
       0., 0., 0., 0., 4., 3., 0., 0., 0., 0., 0., 1., 18., 2., 0., 0.,
       0., 0., 12., 59., 1., 0., 0., 0., 0., 0., 53., 116., 0., 0., 0.,
       0., 0., 7., 32., 22., 25., 28., 10., 2., 4., 63., 55., 11., 130.,
       49., 4., 0., 0., 7., 16., 103., 40., 2., 4., 15., 2., 0., 40.,
       107., 0., 0., 0., 0., 0., 6., 116., 130., 10., 2., 1., 0., 8.,
       130., 130., 46., 130., 110., 3., 1., 12., 117., 37., 39., 59.,
       67., 17., 130., 49., 7., 2., 10., 5., 0., 0., 0., 0., 0., 36.,
       80., 3., 1., 1., 1., 7., 83., 41., 21., 34., 23., 2., 1., 19.,
       130., 28., 13., 49., 18., 2., 24., 59., 51., 8., 15., 0., 1., 7.,
       13., 34., 3., 0., 0., 4., 3., 14., 72., 114., 38., 34., 18., 114.,
       27., 17., 14., 6., 4., 26., 76., 44., 10., 5., 0., 0., 0., 0., 3.,
       0., 1., 8., 36., 51., 5., 0., 0., 5., 18., 105., 114., 114., 51.,
       33., 11., 114., 114., 89., 11., 2., 5., 25., 44., 49., 21., 5.,
       0., 0., 0., 0., 2., 0., 1., 10., 34., 58., 11., 0., 0., 6., 12.,
       68., 74., 109., 105., 91., 15., 114., 60., 37., 3., 1., 11., 71.,
       97., 44., 15., 11., 0., 0., 0., 0., 5., 0., 1., 7., 37., 61., 8.,
       0., 0., 10., 20., 73., 78., 88., 44., 23., 14., 114., 69., 36.,
       2., 0., 2., 12., 55., 26., 12., 12., 0., 0., 0., 0., 2., 0., 0.,
       13., 11., 9., 0., 0., 0., 0., 1., 36., 25., 8., 0., 0., 0., 0.,
       2., 46., 27., 13., 1., 0., 0., 0., 4., 48., 28., 10., 0., 0., 0.,
       10., 43., 113., 42., 12., 4., 1., 0., 17., 36., 113., 113., 82.,
       15., 1., 3., 72., 83., 113., 74., 54., 10., 2., 8., 17., 47.,
       107., 79., 60., 14., 5., 7., 38., 39., 26., 8., 16., 52., 113.,
       37., 39., 19., 7., 18., 100., 113., 113., 54., 97., 17., 5., 5.,
       45., 75., 113., 112., 17., 6., 2., 4., 46., 81., 113., 55., 0.,
       0., 0., 0., 4., 13., 74., 11., 0., 0., 0., 0., 6., 28., 64., 12.,
       0., 0., 0., 0., 9., 19., 57., 16., 0., 0., 0., 0., 8., 16., 36.,
       5., 7., 33., 58., 7., 0., 0., 0., 1., 10., 31., 58., 12., 0., 0.,
       0., 1., 8., 35., 53., 5., 0., 0., 0., 1., 7., 13., 39., 3., 0.,
       0., 0., 0., 70., 79., 95., 46., 22., 13., 8., 17., 65., 74., 111.,
       106., 93., 15., 5., 10., 105., 114., 114., 51., 34., 11., 5., 18.,
       14., 69., 114., 38., 35., 21., 6., 3., 40., 2., 1., 2., 13., 53.,
       114., 72., 40., 4., 1., 11., 72., 94., 114., 62., 88., 11., 2.,
       5., 24., 42., 114., 114., 16., 12., 5., 3., 24., 71., 114., 28.,
       12., 0., 0., 0., 0., 2., 29., 14., 12., 0., 0., 0., 0., 4., 45.,
       16., 5., 0., 0., 0., 0., 1., 47., 22., 6., 0., 0., 0., 0., 2.,
       39., 10., 5., 3., 43., 62., 21., 8., 24., 27., 19., 1., 3., 70.,
       48., 12., 47., 62., 28., 2., 20., 117., 10., 0., 6., 108., 4., 1.,
       7., 19., 0., 0., 46., 117., 11., 2., 11., 9., 8., 40., 85., 39.,
       26., 3., 2., 109., 117., 48., 16., 17., 117., 32., 10., 33., 21.,
       4., 3., 93., 20., 19., 80., 3., 0., 1., 12., 51., 0., 0., 6., 2.,
       11., 43., 24., 0., 18., 1., 3., 5., 117., 117., 5., 4., 117., 74.,
       7., 1., 24., 60., 13., 27., 13., 51., 38., 2., 0., 5., 74., 12.,
       0., 0., 115., 25., 2., 1., 5., 4., 1., 1., 98., 30., 40., 52.,
       18., 5., 10., 53., 20., 13., 46., 69., 35., 2., 3., 107., 67., 1.,
       2., 9., 38., 5., 0., 41., 33., 1., 8., 58., 6., 0., 21., 21., 12.,
       8., 77., 118., 2., 4., 87., 42., 20., 2., 12., 19., 37., 25., 5.,
       21., 57., 1., 0., 45., 72., 3., 0., 24., 22., 13., 12., 58., 47.,
       1., 21., 18., 20., 111., 118., 27., 3., 2., 118., 50., 1., 26.,
       28., 4., 9., 12., 44., 8., 0., 0., 0., 28., 54., 4., 0., 0., 118.,
       118., 13., 16., 14., 6., 14., 2., 25., 118., 68., 7., 29., 93.,
       118., 34., 12., 14., 8., 2., 18., 118., 25., 87., 17., 4., 0., 1.,
       1., 1., 0., 0., 44., 31., 13., 4., 118., 46., 10., 8., 52., 48.,
       17., 2., 54., 83., 11., 16., 80., 24., 2., 5., 36., 60., 4., 86.,
       35., 16., 3., 18., 29., 2., 3., 24., 85., 34., 5., 0., 0., 0., 7.,
       72., 65., 8., 1., 0., 0., 1., 2., 24., 73., 24., 3., 0., 0., 1.,
       2., 23., 55., 2., 0., 0., 0., 1., 26., 36., 67., 81., 113., 9.,
       5., 7., 113., 113., 49., 17., 30., 6., 2., 14., 19., 66., 82.,
       54., 113., 49., 2., 1., 38., 113., 83., 6., 9., 9., 3., 1., 16.,
       3., 1., 7., 81., 77., 113., 28., 113., 9., 2., 2., 15., 11., 113.,
       100., 15., 8., 2., 3., 66., 105., 107., 10., 55., 29., 2., 0., 8.,
       52., 110., 49., 2., 0., 0., 0., 0., 9., 63., 8., 2., 0., 0., 0.,
       0., 2., 66., 24., 3., 0., 0., 0., 0., 9., 62., 11., 1., 0., 0.,
       0., 0., 9., 61., 17., 0., 0., 9., 49., 6., 0., 0., 0., 1., 2.,
       115., 92., 2., 0., 2., 3., 1., 31., 115., 7., 0., 0., 12., 6., 0.,
       53., 80., 0., 0., 0., 5., 0., 1., 0., 4., 88., 115., 10., 0., 1.,
       58., 6., 53., 95., 54., 6., 25., 115., 14., 18., 53., 2., 0., 10.,
       115., 83., 0., 39., 41., 0., 0., 45., 115., 2., 2., 0., 0., 3.,
       108., 98., 1., 1., 115., 80., 2., 1., 46., 108., 10., 37., 32.,
       115., 21., 0., 0., 4., 27., 19., 0., 14., 11., 0., 0., 22., 35.,
       0., 0., 0., 1., 1., 8., 40., 0., 0., 5., 22., 2., 0., 6., 115.,
       33., 0., 2., 102., 42., 0., 0., 67., 42., 0., 0., 65., 73., 0.,
       0., 9., 9., 0., 0., 0., 0., 56., 24., 0., 0., 0., 26., 1., 7.,
       117., 20., 0., 0., 48., 25., 0., 5., 29., 0., 0., 3., 117., 0.,
       0., 1., 13., 1., 0., 6., 40., 3., 2., 1., 89., 117., 4., 0., 0.,
       117., 44., 7., 76., 54., 2., 0., 65., 54., 18., 40., 30., 0., 0.,
       0., 61., 0., 0., 33., 117., 1., 0., 1., 9., 2., 2., 0., 8., 117.,
       99., 4., 0., 60., 113., 33., 5., 45., 106., 64., 5., 12., 61.,
       117., 49., 0., 1., 63., 45., 1., 0., 39., 65., 1., 1., 43., 117.,
       0., 0., 0., 0., 6., 48., 8., 0., 1., 2., 1., 0., 1., 81., 117.,
       6., 0., 3., 4., 0., 0., 3., 117., 56., 0., 0., 0., 0., 2., 1.,
