%YAML:1.0
---
mat: !!opencv-matrix
   rows: 74
   cols: 128
   dt: f
   data: [ 0., 0., 0., 30., 114., 20., 2., 0., 59., 31., 0., 54., 140.,
       43., 0., 2., 140., 87., 1., 5., 9., 4., 1., 4., 54., 13., 0., 2.,
       2., 1., 1., 4., 0., 0., 14., 102., 96., 23., 1., 0., 46., 13., 8.,
       81., 140., 80., 11., 7., 140., 55., 0., 5., 26., 7., 11., 35.,
       55., 7., 2., 5., 0., 0., 12., 31., 0., 1., 14., 68., 140., 25.,
       10., 1., 14., 14., 48., 49., 50., 72., 113., 24., 140., 16., 7.,
       2., 5., 12., 53., 94., 38., 9., 18., 14., 0., 0., 1., 5., 0., 1.,
       6., 13., 59., 66., 8., 0., 10., 16., 36., 5., 8., 53., 43., 14.,
       66., 11., 6., 0., 0., 1., 5., 23., 9., 2., 5., 4., 0., 0., 0., 1.,
       9., 18., 67., 40., 17., 11., 2., 4., 87., 74., 80., 50., 15., 2.,
       0., 2., 58., 30., 12., 4., 0., 0., 0., 1., 1., 2., 21., 21., 1.,
       0., 0., 0., 41., 2., 3., 16., 120., 56., 10., 22., 120., 39., 7.,
       22., 106., 11., 0., 25., 96., 26., 44., 73., 28., 0., 0., 6., 1.,
       35., 74., 77., 32., 0., 0., 0., 45., 4., 1., 51., 120., 5., 1.,
       5., 70., 120., 31., 37., 120., 4., 3., 3., 17., 103., 120., 87.,
       25., 0., 0., 0., 2., 25., 83., 88., 20., 0., 0., 0., 20., 7., 3.,
       49., 120., 12., 6., 1., 1., 20., 8., 11., 71., 32., 55., 4., 1.,
       38., 58., 13., 3., 7., 78., 10., 6., 10., 15., 19., 2., 1., 63.,
       32., 2., 0., 0., 1., 0., 0., 2., 12., 0., 2., 16., 9., 0., 0., 5.,
       7., 4., 13., 14., 1., 29., 14., 2., 7., 1., 1., 2., 18., 142.,
       101., 1., 0., 3., 0., 1., 16., 22., 3., 1., 10., 7., 19., 89.,
       122., 63., 9., 1., 2., 97., 114., 69., 15., 16., 6., 0., 4., 19.,
       9., 0., 4., 142., 121., 1., 1., 3., 1., 0., 2., 39., 17., 0., 3.,
       22., 6., 6., 24., 142., 97., 5., 10., 142., 25., 5., 3., 16., 15.,
       5., 29., 46., 2., 0., 1., 142., 93., 0., 1., 4., 3., 0., 0., 13.,
       6., 0., 2., 9., 1., 0., 0., 122., 71., 2., 2., 142., 24., 0., 0.,
       22., 22., 3., 7., 43., 8., 0., 0., 80., 48., 1., 1., 16., 16.,
       13., 77., 85., 14., 1., 7., 155., 70., 2., 4., 6., 1., 1., 41.,
       72., 6., 0., 4., 80., 9., 1., 10., 62., 1., 0., 1., 13., 3., 1.,
       17., 22., 5., 3., 21., 114., 65., 0., 1., 155., 34., 1., 4., 12.,
       3., 0., 2., 115., 11., 1., 37., 81., 2., 0., 2., 93., 9., 1., 6.,
       10., 1., 0., 4., 22., 3., 8., 87., 135., 36., 1., 5., 155., 14.,
       1., 10., 18., 3., 1., 41., 99., 3., 1., 15., 51., 40., 25., 23.,
       61., 3., 1., 3., 4., 4., 13., 33., 15., 0., 10., 56., 13., 55.,
       92., 25., 155., 1., 0., 2., 1., 5., 22., 93., 56., 3., 4., 2., 0.,
       11., 14., 10., 1., 0., 4., 8., 0., 1., 8., 8., 0., 0., 0., 1.,
       11., 13., 31., 14., 10., 3., 1., 22., 149., 28., 3., 2., 149.,
       16., 3., 11., 64., 4., 1., 37., 42., 0., 0., 0., 0., 1., 4., 47.,
       0., 0., 0., 16., 43., 8., 8., 0., 25., 5., 1., 110., 149., 9., 0.,
       3., 149., 17., 1., 19., 55., 2., 0., 39., 71., 2., 0., 0., 0., 1.,
       1., 25., 0., 0., 3., 97., 58., 1., 0., 0., 34., 3., 3., 131.,
       149., 17., 6., 9., 149., 16., 0., 9., 38., 4., 5., 61., 64., 3.,
       3., 1., 0., 0., 1., 26., 0., 0., 4., 55., 95., 11., 0., 0., 19.,
       5., 7., 41., 60., 43., 27., 27., 128., 5., 3., 2., 4., 6., 18.,
       101., 13., 3., 19., 7., 0., 0., 0., 11., 0., 0., 0., 8., 34., 6.,
       14., 10., 9., 12., 26., 72., 147., 8., 3., 2., 108., 45., 22.,
       10., 7., 3., 6., 49., 90., 6., 0., 0., 0., 0., 3., 41., 0., 0.,
       0., 24., 76., 10., 4., 3., 55., 12., 6., 36., 153., 56., 0., 6.,
       153., 43., 5., 3., 20., 7., 0., 90., 64., 4., 1., 0., 0., 0., 0.,
       51., 1., 2., 1., 8., 76., 9., 0., 0., 40., 6., 0., 7., 153., 61.,
       0., 8., 153., 41., 0., 1., 39., 12., 0., 51., 54., 14., 15., 0.,
       0., 0., 0., 7., 1., 2., 4., 23., 41., 0., 0., 0., 19., 6., 0.,
       20., 153., 27., 2., 3., 153., 70., 2., 1., 40., 14., 3., 13., 30.,
       26., 25., 20., 2., 0., 0., 0., 6., 2., 2., 7., 136., 41., 0., 1.,
       136., 32., 4., 3., 36., 12., 1., 11., 83., 5., 0., 0., 16., 21.,
       6., 15., 32., 1., 0., 0., 1., 2., 4., 12., 4., 1., 0., 27., 136.,
       38., 0., 2., 136., 23., 0., 4., 69., 10., 1., 53., 121., 7., 0.,
       2., 45., 10., 0., 16., 54., 3., 0., 0., 3., 2., 3., 7., 4., 4.,
       0., 114., 136., 28., 0., 1., 136., 78., 1., 18., 39., 6., 0., 17.,
       121., 25., 0., 7., 42., 9., 1., 7., 58., 5., 0., 1., 4., 2., 1.,
       7., 1., 1., 7., 22., 136., 63., 0., 0., 136., 36., 1., 8., 49.,
       14., 0., 3., 124., 20., 0., 10., 20., 8., 9., 10., 43., 6., 1.,
       2., 3., 1., 4., 10., 39., 75., 53., 56., 3., 0., 0., 0., 0., 2.,
       114., 114., 13., 7., 7., 0., 8., 49., 114., 41., 10., 6., 4., 0.,
       24., 36., 9., 27., 91., 9., 0., 1., 35., 35., 42., 46., 22., 5.,
       0., 2., 79., 22., 23., 26., 15., 37., 52., 34., 13., 44., 17., 6.,
       32., 114., 68., 17., 17., 41., 11., 20., 34., 17., 72., 81., 41.,
       7., 2., 7., 24., 31., 41., 39., 114., 13., 1., 1., 4., 20., 71.,
       103., 37., 2., 0., 0., 5., 112., 114., 59., 2., 1., 0., 1., 0.,
       13., 114., 114., 16., 1., 0., 0., 1., 3., 80., 114., 8., 0., 1.,
       1., 0., 1., 98., 106., 5., 0., 7., 12., 0., 0., 25., 43., 0., 0.,
       23., 26., 0., 0., 14., 5., 4., 108., 115., 12., 2., 0., 2., 5.,
       13., 115., 81., 1., 0., 1., 2., 0., 4., 40., 27., 1., 0., 9., 11.,
       0., 0., 12., 9., 0., 0., 19., 26., 0., 12., 32., 32., 21., 61.,
       13., 33., 51., 115., 115., 41., 14., 20., 3., 1., 25., 41., 77.,
       109., 98., 2., 0., 0., 1., 1., 115., 111., 10., 0., 0., 1., 0.,
       7., 2., 0., 14., 64., 100., 31., 20., 89., 66., 23., 22., 15.,
       35., 13., 26., 24., 38., 51., 115., 22., 11., 12., 13., 28., 77.,
       81., 38., 3., 1., 3., 13., 0., 0., 0., 0., 3., 115., 60., 1., 5.,
       4., 1., 4., 13., 108., 115., 13., 3., 1., 2., 34., 41., 54., 50.,
       16., 6., 1., 5., 27., 9., 4., 13., 45., 4., 6., 1., 5., 31., 1.,
       0., 0., 25., 8., 3., 36., 140., 7., 0., 1., 140., 25., 2., 7.,
       12., 1., 0., 3., 20., 3., 0., 22., 140., 36., 2., 0., 3., 6., 2.,
       5., 45., 0., 0., 0., 41., 10., 2., 28., 140., 8., 0., 3., 140.,
       28., 1., 5., 19., 2., 0., 7., 30., 3., 3., 63., 118., 34., 2., 0.,
       2., 7., 3., 4., 33., 2., 0., 0., 26., 4., 1., 12., 140., 52., 3.,
       17., 140., 20., 2., 3., 14., 11., 2., 38., 24., 5., 2., 47., 140.,
       14., 0., 0., 3., 4., 1., 3., 22., 1., 0., 0., 14., 11., 3., 31.,
       136., 20., 3., 5., 140., 47., 3., 8., 11., 5., 3., 15., 20., 7.,
       1., 11., 140., 36., 0., 0., 1., 0., 0., 4., 44., 41., 19., 4.,
       29., 27., 17., 58., 131., 53., 17., 10., 108., 51., 8., 5., 9.,
       11., 9., 26., 43., 0., 0., 0., 3., 5., 6., 33., 0., 0., 0., 1.,
       77., 34., 14., 0., 68., 10., 2., 12., 153., 71., 0., 4., 153.,
       23., 1., 1., 19., 8., 6., 21., 57., 1., 0., 0., 1., 3., 7., 20.,
       0., 0., 0., 34., 87., 12., 6., 0., 56., 13., 0., 89., 153., 25.,
       0., 7., 153., 40., 0., 6., 23., 6., 1., 27., 67., 4., 0., 1., 5.,
       3., 2., 10., 0., 0., 6., 39., 87., 16., 0., 0., 36., 12., 3., 48.,
       153., 53., 0., 0., 153., 57., 0., 6., 19., 4., 2., 6., 54., 11.,
       1., 3., 1., 1., 4., 12., 1., 1., 3., 11., 50., 6., 1., 3., 10.,
       2., 3., 10., 151., 31., 1., 5., 151., 31., 0., 1., 63., 11., 3.,
       49., 101., 13., 0., 0., 0., 0., 11., 51., 5., 3., 2., 15., 59.,
       1., 0., 1., 19., 4., 1., 45., 151., 20., 0., 5., 151., 12., 0.,
       11., 64., 11., 1., 113., 92., 9., 4., 0., 0., 0., 0., 50., 1., 3.,
       8., 29., 49., 0., 0., 0., 25., 7., 6., 36., 151., 11., 1., 2.,
       151., 39., 0., 6., 57., 5., 2., 16., 73., 24., 12., 0., 0., 0.,
       0., 2., 5., 6., 5., 37., 37., 0., 0., 0., 13., 11., 9., 32., 109.,
       47., 10., 10., 144., 49., 11., 7., 19., 19., 14., 64., 36., 28.,
       17., 6., 1., 0., 0., 3., 0., 0., 0., 1., 12., 51., 30., 0., 3.,
