%YAML:1.0
---
mat: !!opencv-matrix
   rows: 50
   cols: 128
   dt: f
   data: [ 3., 6., 20., 57., 45., 3., 4., 4., 30., 78., 43., 17., 11.,
       5., 12., 26., 5., 44., 114., 36., 4., 2., 1., 1., 0., 3., 114.,
       68., 0., 1., 7., 5., 13., 35., 56., 114., 17., 1., 2., 3., 113.,
       91., 27., 12., 27., 30., 15., 16., 23., 4., 54., 45., 78., 59.,
       23., 43., 14., 2., 42., 24., 1., 4., 114., 101., 32., 16., 46.,
       88., 1., 4., 37., 88., 114., 31., 7., 8., 34., 15., 10., 114.,
       92., 2., 0., 14., 93., 55., 22., 53., 86., 0., 0., 0., 0., 0.,
       22., 66., 8., 1., 0., 1., 0., 4., 98., 114., 31., 2., 0., 0., 2.,
       9., 14., 112., 16., 3., 0., 0., 5., 34., 39., 38., 22., 2., 3.,
       1., 0., 0., 5., 30., 1., 7., 22., 4., 0., 0., 0., 0., 1., 4., 53.,
       28., 0., 0., 0., 0., 6., 16., 66., 15., 0., 0., 0., 0., 17., 15.,
       9., 2., 0., 0., 0., 1., 0., 21., 138., 97., 3., 0., 0., 0., 12.,
       31., 138., 118., 0., 0., 0., 0., 138., 63., 84., 21., 0., 0., 0.,
       20., 53., 8., 3., 2., 1., 0., 0., 15., 13., 99., 92., 138., 24.,
       0., 0., 0., 87., 101., 98., 44., 0., 0., 0., 2., 138., 25., 6.,
       4., 0., 0., 0., 29., 36., 9., 5., 1., 0., 0., 0., 5., 19., 89.,
       28., 47., 7., 4., 1., 3., 109., 129., 44., 2., 1., 0., 0., 1.,
       138., 64., 1., 0., 0., 0., 0., 3., 16., 6., 8., 0., 0., 0., 0.,
       0., 2., 0., 0., 1., 46., 77., 21., 13., 91., 38., 9., 21., 127.,
       104., 10., 21., 131., 41., 2., 2., 1., 1., 13., 40., 3., 0., 0.,
       0., 0., 0., 42., 14., 4., 0., 0., 0., 33., 54., 33., 16., 60.,
       18., 2., 4., 131., 131., 23., 27., 131., 60., 1., 1., 9., 15.,
       15., 60., 22., 1., 0., 0., 0., 1., 49., 26., 2., 0., 0., 0., 6.,
       23., 50., 22., 9., 3., 2., 4., 103., 131., 41., 15., 131., 48.,
       8., 6., 21., 41., 31., 76., 55., 8., 0., 0., 0., 0., 32., 24., 0.,
       0., 0., 0., 0., 4., 30., 9., 0., 1., 1., 3., 84., 111., 15., 3.,
       119., 40., 6., 6., 56., 71., 29., 28., 83., 12., 0., 0., 0., 0.,
       14., 27., 0., 19., 28., 4., 0., 0., 0., 0., 1., 6., 16., 104.,
       92., 4., 1., 1., 131., 35., 23., 54., 56., 7., 6., 32., 76., 26.,
       11., 0., 0., 0., 0., 8., 0., 27., 39., 23., 7., 0., 0., 0., 11.,
       20., 41., 131., 104., 5., 2., 2., 131., 74., 29., 33., 20., 7.,
       7., 44., 55., 32., 20., 0., 0., 0., 0., 7., 0., 18., 34., 58.,
       29., 0., 0., 0., 63., 22., 27., 131., 131., 3., 2., 21., 131.,
       55., 13., 13., 10., 1., 1., 54., 21., 35., 40., 9., 0., 0., 0.,
       1., 0., 6., 27., 84., 50., 1., 0., 0., 98., 19., 11., 108., 96.,
       14., 11., 60., 131., 34., 11., 2., 0., 0., 1., 54., 3., 12., 30.,
       63., 16., 0., 0., 0., 3., 30., 48., 5., 0., 0., 0., 0., 13., 67.,
       41., 4., 0., 0., 0., 0., 3., 21., 87., 40., 3., 0., 0., 0., 1.,
       14., 123., 28., 0., 0., 0., 0., 5., 29., 123., 48., 1., 1., 1.,
       1., 123., 123., 84., 18., 12., 2., 0., 8., 30., 20., 42., 93.,
       115., 33., 13., 6., 27., 37., 63., 28., 9., 8., 29., 34., 13., 9.,
       63., 23., 4., 29., 123., 56., 123., 33., 18., 3., 5., 8., 27.,
       123., 40., 2., 0., 2., 44., 83., 99., 40., 10., 2., 0., 0., 3.,
       10., 123., 95., 4., 0., 0., 0., 0., 17., 114., 52., 44., 3., 0.,
       0., 0., 1., 21., 113., 25., 14., 0., 0., 0., 1., 13., 14., 18.,
       7., 0., 0., 0., 0., 14., 13., 0., 4., 64., 47., 16., 85., 33., 0.,
       106., 61., 44., 60., 6., 20., 20., 34., 135., 45., 1., 0., 0.,
       12., 11., 31., 26., 1., 0., 0., 1., 42., 16., 11., 0., 0., 2., 2.,
       10., 135., 118., 4., 72., 24., 3., 5., 33., 135., 92., 52., 135.,
       70., 1., 0., 2., 8., 13., 56., 39., 2., 0., 0., 1., 59., 23., 17.,
       0., 0., 0., 0., 6., 62., 37., 20., 8., 3., 0., 0., 20., 135.,
       135., 24., 117., 7., 0., 0., 1., 24., 107., 135., 25., 0., 0., 0.,
       0., 22., 22., 38., 0., 0., 0., 0., 0., 1., 20., 21., 0., 0., 0.,
       0., 0., 14., 53., 19., 1., 0., 0., 0., 0., 5., 51., 44., 1., 0.,
       0., 0., 0., 1., 13., 21., 35., 8., 23., 15., 0., 0., 0., 15., 43.,
       16., 37., 7., 0., 0., 0., 12., 4., 43., 44., 1., 0., 0., 0., 0.,
       1., 29., 4., 0., 0., 0., 0., 0., 38., 10., 54., 49., 0., 0., 0.,
       16., 13., 26., 127., 127., 5., 0., 0., 3., 126., 127., 113., 19.,
       1., 0., 0., 5., 37., 44., 4., 0., 0., 0., 0., 0., 5., 6., 124.,
       127., 28., 9., 4., 0., 92., 44., 124., 114., 9., 5., 5., 52.,
       127., 34., 8., 6., 1., 0., 1., 127., 43., 37., 4., 0., 0., 0., 0.,
       4., 1., 1., 7., 35., 55., 69., 37., 1., 127., 14., 8., 3., 14.,
       42., 18., 53., 127., 25., 2., 0., 0., 0., 0., 51., 5., 35., 6.,
       0., 0., 0., 0., 1., 4., 26., 29., 124., 23., 12., 1., 2., 39.,
       113., 26., 5., 0., 0., 1., 2., 134., 53., 3., 0., 0., 0., 0., 5.,
       36., 6., 4., 0., 0., 0., 0., 2., 7., 9., 13., 14., 29., 134., 68.,
       22., 66., 45., 7., 1., 15., 83., 60., 30., 134., 66., 1., 0., 2.,
       7., 3., 22., 42., 11., 7., 0., 0., 0., 0., 1., 68., 100., 83., 7.,
       7., 26., 27., 14., 53., 24., 1., 1., 30., 134., 64., 66., 134.,
       3., 1., 0., 2., 19., 24., 134., 23., 4., 8., 2., 0., 0., 0., 6.,
       134., 77., 12., 1., 0., 3., 1., 4., 120., 25., 1., 1., 3., 6.,
       18., 70., 20., 7., 4., 0., 0., 1., 9., 58., 1., 4., 9., 1., 0.,
       0., 0., 1., 0., 4., 17., 4., 6., 125., 56., 8., 10., 4., 16., 4.,
       0., 20., 66., 125., 77., 6., 4., 0., 0., 0., 23., 125., 46., 1.,
       0., 0., 0., 0., 3., 31., 0., 0., 34., 48., 62., 91., 34., 3., 12.,
       27., 95., 74., 11., 24., 44., 58., 125., 87., 61., 3., 0., 0., 7.,
       32., 72., 4., 0., 0., 0., 0., 3., 23., 0., 0., 20., 25., 63.,
       125., 22., 0., 11., 6., 25., 39., 9., 86., 95., 21., 125., 19.,
       6., 2., 0., 2., 29., 90., 80., 1., 0., 0., 0., 0., 5., 32., 0.,
       0., 0., 0., 1., 99., 19., 2., 1., 0., 0., 0., 3., 125., 72., 24.,
       43., 0., 0., 0., 0., 8., 33., 125., 21., 0., 0., 0., 0., 0., 7.,
       36., 16., 12., 23., 25., 5., 1., 2., 8., 9., 32., 42., 52., 37.,
       47., 35., 2., 67., 105., 15., 5., 21., 53., 31., 6., 49., 64., 1.,
       0., 0., 0., 0., 0., 6., 14., 113., 124., 13., 1., 2., 3., 124.,
       115., 79., 71., 14., 7., 6., 20., 120., 28., 0., 16., 104., 25.,
       3., 2., 124., 33., 0., 1., 3., 0., 0., 1., 40., 8., 32., 106.,
       54., 4., 17., 91., 124., 13., 8., 15., 14., 8., 14., 124., 87.,
       4., 1., 36., 64., 21., 17., 50., 92., 14., 3., 1., 1., 0., 1.,
       27., 34., 4., 9., 5., 4., 1., 21., 124., 43., 12., 6., 0., 2., 4.,
       3., 88., 18., 13., 7., 0., 4., 13., 16., 26., 11., 14., 10., 0.,
       0., 0., 1., 12., 0., 0., 15., 38., 2., 3., 2., 0., 1., 8., 75.,
       39., 3., 2., 0., 0., 1., 5., 40., 77., 22., 1., 0., 0., 1., 0.,
       1., 120., 75., 0., 0., 1., 5., 4., 36., 120., 38., 0., 0., 0.,
       103., 51., 96., 67., 6., 1., 0., 10., 20., 11., 28., 120., 111.,
       4., 1., 6., 6., 3., 1., 120., 95., 6., 1., 0., 13., 4., 3., 120.,
       93., 8., 0., 3., 109., 94., 45., 19., 10., 2., 0., 7., 34., 38.,
       21., 47., 97., 81., 15., 7., 2., 1., 0., 13., 48., 120., 23., 1.,
       0., 0., 1., 10., 69., 26., 6., 0., 54., 33., 18., 8., 23., 11.,
       26., 20., 120., 29., 3., 0., 8., 41., 14., 25., 2., 1., 0., 0.,
       33., 120., 12., 1., 3., 59., 19., 12., 33., 29., 2., 0., 3., 5.,
       14., 34., 101., 91., 18., 3., 36., 38., 8., 5., 6., 17., 23., 9.,
       118., 31., 0., 0., 1., 0., 0., 30., 12., 121., 108., 3., 7., 3.,
       0., 0., 63., 53., 33., 6., 35., 70., 56., 16., 27., 5., 1., 1.,
       80., 106., 59., 29., 121., 5., 0., 0., 6., 6., 4., 110., 105.,
       48., 28., 1., 4., 8., 0., 20., 121., 32., 4., 2., 12., 8., 10.,
       60., 15., 3., 1., 2., 57., 65., 79., 86., 52., 0., 1., 0., 1., 5.,
       22., 121., 121., 0., 0., 3., 20., 16., 1., 55., 121., 0., 0., 0.,
       0., 0., 10., 109., 10., 4., 0., 0., 0., 2., 40., 49., 3., 5., 3.,
