%YAML:1.0
---
mat: !!opencv-matrix
   rows: 62
   cols: 128
   dt: f
   data: [ 0., 0., 0., 0., 3., 2., 0., 0., 14., 3., 0., 0., 23., 6., 0.,
       0., 85., 19., 0., 0., 2., 0., 0., 0., 11., 3., 0., 3., 5., 0., 0.,
       0., 0., 0., 0., 0., 36., 36., 32., 7., 78., 9., 0., 0., 166.,
       110., 3., 9., 166., 57., 0., 0., 23., 9., 1., 15., 57., 14., 2.,
       13., 16., 0., 0., 0., 0., 0., 0., 0., 27., 41., 46., 13., 32., 0.,
       0., 0., 166., 166., 20., 34., 166., 16., 0., 0., 17., 40., 14.,
       91., 58., 15., 4., 6., 13., 1., 0., 1., 0., 1., 3., 1., 14., 8.,
       7., 3., 7., 2., 2., 10., 166., 65., 4., 4., 152., 64., 6., 7.,
       36., 14., 4., 12., 39., 27., 4., 4., 4., 0., 0., 0., 0., 0., 0.,
       0., 34., 126., 35., 2., 137., 32., 1., 0., 28., 102., 8., 8.,
       137., 35., 0., 0., 3., 10., 6., 14., 5., 3., 5., 14., 137., 121.,
       6., 4., 0., 0., 0., 0., 13., 96., 41., 9., 62., 14., 0., 0., 81.,
       137., 13., 6., 137., 61., 0., 0., 6., 14., 4., 23., 29., 3., 0.,
       4., 137., 137., 5., 14., 0., 0., 6., 19., 19., 20., 16., 6., 12.,
       1., 6., 41., 101., 107., 12., 13., 137., 4., 0., 1., 9., 22., 12.,
       58., 31., 1., 0., 0., 55., 41., 1., 9., 0., 0., 2., 8., 20., 25.,
       2., 0., 1., 0., 3., 24., 18., 10., 1., 1., 8., 0., 0., 1., 1., 1.,
       1., 4., 1., 0., 0., 0., 0., 0., 0., 0., 81., 1., 0., 2., 1., 0.,
       0., 15., 1., 0., 1., 20., 11., 0., 0., 0., 2., 1., 2., 7., 2., 1.,
       3., 5., 8., 1., 0., 0., 0., 0., 1., 4., 141., 7., 6., 31., 12.,
       0., 0., 96., 13., 10., 15., 141., 95., 0., 0., 0., 123., 26., 18.,
       42., 10., 1., 24., 43., 45., 7., 1., 0., 0., 1., 32., 37., 141.,
       13., 11., 34., 39., 0., 0., 53., 43., 16., 4., 131., 141., 0., 0.,
       1., 141., 63., 5., 16., 13., 0., 3., 11., 26., 24., 27., 0., 0.,
       0., 9., 7., 67., 19., 16., 41., 41., 0., 0., 2., 41., 20., 3.,
       120., 141., 1., 0., 1., 141., 101., 5., 10., 4., 0., 0., 1., 13.,
       36., 42., 0., 0., 0., 0., 0., 0., 0., 0., 1., 44., 31., 34., 45.,
       3., 0., 0., 43., 138., 36., 35., 68., 24., 0., 0., 12., 45., 16.,
       69., 138., 1., 0., 0., 0., 0., 57., 117., 26., 1., 1., 4., 80.,
       82., 11., 17., 57., 76., 14., 15., 82., 138., 34., 43., 135., 31.,
       4., 2., 0., 4., 23., 95., 138., 0., 0., 1., 0., 0., 77., 97., 3.,
       9., 2., 8., 115., 69., 1., 3., 9., 138., 47., 25., 76., 23., 0.,
       0., 27., 57., 63., 69., 0., 0., 4., 6., 15., 0., 10., 69., 5., 1.,
       17., 13., 0., 1., 0., 0., 0., 0., 0., 0., 0., 14., 4., 1., 0., 0.,
       0., 0., 2., 3., 14., 27., 2., 0., 0., 0., 0., 0., 4., 53., 15.,
       0., 0., 0., 0., 0., 0., 0., 0., 42., 28., 19., 2., 49., 1., 0.,
       0., 147., 130., 12., 23., 147., 2., 0., 0., 11., 16., 10., 74.,
       21., 0., 0., 0., 0., 1., 19., 13., 1., 0., 0., 0., 29., 17., 8.,
       3., 25., 0., 0., 0., 147., 112., 12., 21., 147., 3., 0., 0., 14.,
       17., 9., 65., 27., 0., 0., 0., 0., 2., 10., 8., 1., 0., 0., 0.,
       26., 7., 7., 3., 16., 14., 7., 44., 147., 18., 1., 0., 147., 92.,
       10., 18., 26., 2., 0., 1., 31., 14., 10., 2., 0., 1., 1., 1., 3.,
       1., 0., 1., 32., 4., 4., 4., 15., 15., 8., 69., 147., 3., 0., 0.,
       147., 108., 13., 27., 41., 0., 0., 0., 34., 23., 28., 5., 0., 0.,
       0., 0., 0., 0., 0., 0., 15., 11., 31., 1., 8., 0., 0., 6., 145.,
       67., 12., 15., 145., 0., 0., 3., 53., 22., 12., 128., 68., 3., 3.,
       3., 1., 0., 0., 15., 0., 2., 1., 3., 25., 5., 7., 1., 16., 0., 0.,
       14., 145., 49., 8., 14., 145., 3., 0., 2., 26., 17., 10., 84.,
       37., 4., 7., 2., 1., 0., 0., 6., 0., 4., 10., 18., 29., 0., 0.,
       0., 25., 20., 13., 116., 145., 0., 0., 0., 145., 60., 9., 17.,
       14., 0., 0., 3., 26., 7., 7., 3., 1., 0., 0., 0., 0., 1., 17.,
       27., 43., 0., 0., 0., 47., 24., 13., 121., 145., 0., 0., 0., 145.,
       79., 10., 15., 12., 0., 0., 0., 19., 13., 20., 2., 0., 0., 0., 0.,
       71., 5., 17., 4., 0., 38., 25., 70., 43., 0., 1., 1., 0., 0., 18.,
       138., 0., 0., 0., 0., 0., 0., 3., 72., 0., 0., 0., 0., 0., 0., 0.,
       0., 102., 2., 0., 0., 0., 132., 138., 62., 138., 20., 2., 1., 0.,
       13., 38., 138., 30., 9., 7., 38., 19., 0., 10., 127., 0., 0., 0.,
       12., 8., 0., 0., 0., 7., 0., 0., 0., 0., 45., 138., 118., 122.,
       63., 39., 5., 26., 94., 116., 51., 20., 63., 67., 35., 20., 7.,
       0., 5., 0., 0., 0., 6., 6., 0., 0., 0., 0., 0., 0., 0., 0., 16.,
       96., 69., 0., 3., 4., 1., 19., 80., 34., 8., 0., 5., 5., 1., 5.,
       9., 0., 0., 0., 0., 0., 0., 0., 0., 0., 0., 0., 0., 0., 1., 33.,
       53., 28., 3., 23., 10., 5., 28., 110., 110., 23., 15., 132., 22.,
       4., 5., 3., 6., 11., 52., 27., 0., 0., 0., 0., 12., 24., 21., 0.,
       0., 0., 1., 33., 44., 39., 7., 13., 11., 9., 44., 132., 130., 20.,
       12., 132., 53., 10., 13., 11., 12., 13., 54., 60., 2., 0., 0., 0.,
       9., 26., 31., 0., 0., 0., 0., 23., 37., 42., 6., 7., 3., 2., 12.,
       132., 132., 20., 8., 132., 25., 2., 4., 24., 41., 22., 57., 100.,
       4., 0., 0., 0., 10., 15., 31., 0., 0., 0., 0., 6., 15., 28., 5.,
       0., 0., 0., 0., 91., 132., 43., 3., 74., 5., 0., 0., 21., 39.,
       89., 116., 47., 1., 0., 0., 0., 4., 15., 57., 9., 26., 10., 13.,
       3., 0., 0., 0., 1., 5., 44., 125., 61., 0., 0., 0., 69., 96., 97.,
       48., 12., 0., 0., 16., 53., 62., 10., 0., 0., 0., 0., 5., 3., 22.,
       22., 53., 20., 0., 0., 0., 11., 14., 18., 125., 125., 6., 3., 5.,
       125., 64., 16., 32., 16., 2., 3., 51., 93., 30., 11., 0., 0., 0.,
       0., 12., 0., 10., 20., 115., 40., 0., 0., 0., 36., 30., 28., 125.,
       106., 16., 16., 32., 125., 39., 5., 3., 5., 5., 14., 125., 38.,
       35., 26., 0., 0., 0., 0., 5., 0., 3., 12., 112., 65., 2., 1., 0.,
       74., 41., 21., 58., 44., 8., 15., 55., 125., 45., 7., 0., 0., 0.,
       1., 38., 3., 24., 31., 0., 0., 0., 0., 0., 0., 0., 0., 1., 21.,
       47., 45., 1., 12., 1., 0., 0., 2., 28., 81., 54., 65., 2., 0., 0.,
       0., 1., 19., 123., 3., 0., 0., 0., 127., 78., 25., 15., 0., 0.,
       0., 0., 7., 83., 127., 1., 21., 23., 7., 5., 63., 78., 50., 15.,
       127., 47., 4., 1., 6., 3., 16., 67., 19., 0., 0., 0., 83., 96.,
       58., 30., 0., 0., 0., 0., 25., 68., 58., 2., 22., 3., 0., 1.,
       127., 127., 6., 9., 127., 8., 0., 0., 16., 18., 3., 49., 57., 0.,
       0., 0., 44., 35., 15., 27., 0., 0., 0., 0., 7., 34., 36., 3., 7.,
       0., 0., 0., 112., 127., 6., 5., 127., 5., 0., 0., 24., 29., 3.,
       29., 65., 2., 0., 1., 40., 12., 6., 18., 0., 0., 0., 0., 101.,
       63., 3., 1., 106., 23., 0., 0., 141., 69., 0., 0., 141., 31., 0.,
       0., 1., 0., 3., 16., 8., 0., 0., 0., 0., 0., 24., 19., 0., 0., 0.,
       0., 76., 60., 8., 3., 83., 13., 0., 0., 141., 141., 1., 5., 141.,
       40., 0., 0., 7., 9., 1., 19., 31., 1., 0., 0., 0., 0., 20., 23.,
       3., 0., 0., 0., 25., 43., 19., 8., 24., 1., 0., 0., 141., 141.,
       16., 22., 141., 5., 0., 0., 8., 35., 14., 74., 52., 1., 0., 0.,
       0., 0., 12., 17., 11., 0., 0., 0., 7., 11., 4., 6., 3., 0., 0.,
       1., 97., 83., 5., 3., 119., 31., 3., 3., 27., 19., 6., 14., 46.,
       17., 2., 1., 0., 0., 2., 2., 50., 5., 0., 1., 25., 31., 31., 47.,
       75., 35., 1., 2., 70., 37., 7., 1., 142., 78., 0., 0., 1., 0., 0.,
       0., 89., 56., 0., 0., 0., 0., 0., 0., 71., 50., 2., 3., 35., 6.,
       0., 1., 72., 16., 1., 3., 133., 45., 6., 9., 142., 53., 0., 0.,
       3., 3., 3., 18., 117., 57., 0., 0., 0., 0., 0., 0., 133., 101.,
       0., 0., 4., 5., 1., 1., 41., 11., 0., 0., 20., 59., 52., 50.,
       142., 17., 0., 0., 0., 5., 23., 109., 89., 62., 0., 0., 0., 0.,
       0., 1., 142., 63., 0., 0., 0., 0., 0., 14., 89., 35., 0., 0., 0.,
       0., 5., 12., 81., 30., 0., 0., 0., 0., 2., 18., 59., 40., 0., 0.,
       0., 0., 0., 0., 30., 30., 33., 0., 0., 0., 0., 10., 37., 46., 15.,
       1., 0., 0., 2., 18., 34., 28., 32., 6., 0., 0., 1., 21., 23., 37.,
