%YAML:1.0
---
mat: !!opencv-matrix
   rows: 68
   cols: 128
   dt: f
   data: [ 0., 0., 0., 3., 64., 12., 0., 0., 76., 4., 0., 3., 71., 9.,
       0., 3., 208., 4., 0., 0., 2., 0., 0., 15., 40., 0., 0., 0., 0.,
       0., 0., 3., 0., 0., 0., 17., 73., 5., 0., 0., 104., 0., 0., 5.,
       93., 6., 0., 6., 208., 4., 0., 0., 3., 0., 0., 26., 51., 1., 0.,
       0., 0., 0., 0., 4., 0., 0., 0., 5., 82., 4., 0., 0., 104., 1., 0.,
       2., 78., 7., 0., 5., 208., 14., 0., 0., 2., 0., 0., 6., 49., 4.,
       0., 0., 0., 0., 0., 0., 0., 0., 0., 2., 65., 9., 0., 0., 81., 1.,
       0., 5., 60., 3., 0., 4., 208., 2., 0., 0., 2., 0., 0., 16., 38.,
       0., 0., 0., 0., 0., 0., 2., 0., 0., 0., 1., 73., 12., 0., 0., 75.,
       1., 0., 3., 88., 7., 0., 2., 193., 5., 0., 0., 4., 0., 0., 7.,
       16., 1., 0., 0., 0., 0., 0., 1., 0., 0., 0., 1., 99., 14., 0., 0.,
       98., 7., 0., 10., 127., 9., 0., 3., 193., 13., 0., 2., 5., 0., 0.,
       12., 21., 0., 0., 0., 0., 0., 0., 1., 0., 0., 0., 2., 95., 10.,
       0., 0., 96., 2., 0., 2., 127., 24., 0., 10., 193., 9., 0., 0., 5.,
       2., 0., 26., 21., 1., 0., 0., 0., 0., 0., 1., 0., 0., 0., 2., 76.,
       7., 0., 0., 72., 2., 0., 4., 95., 9., 0., 2., 193., 19., 0., 0.,
       5., 1., 0., 7., 16., 2., 0., 0., 0., 0., 0., 0., 0., 3., 60., 5.,
       0., 0., 0., 0., 63., 16., 43., 3., 0., 0., 0., 8., 209., 7., 2.,
       0., 0., 0., 0., 153., 60., 0., 0., 0., 0., 0., 0., 30., 0., 7.,
       81., 0., 0., 16., 37., 0., 181., 45., 60., 0., 0., 5., 20., 17.,
       209., 53., 1., 0., 0., 0., 0., 87., 44., 5., 0., 0., 0., 0., 0.,
       8., 0., 0., 2., 0., 0., 27., 65., 0., 105., 8., 3., 0., 0., 15.,
       59., 35., 209., 113., 1., 0., 0., 0., 2., 22., 5., 9., 0., 0., 0.,
       0., 0., 0., 0., 0., 0., 0., 0., 0., 0., 0., 1., 0., 0., 0., 0.,
       0., 0., 0., 3., 1., 0., 0., 0., 0., 0., 0., 0., 0., 0., 0., 0.,
       0., 0., 0., 0., 0., 0., 0., 0., 0., 0., 0., 2., 0., 0., 0., 0.,
       0., 0., 0., 6., 0., 0., 0., 0., 0., 0., 6., 0., 0., 0., 0., 0.,
       0., 0., 0., 0., 0., 20., 14., 0., 0., 0., 0., 69., 12., 34., 16.,
       0., 0., 1., 12., 175., 11., 3., 0., 0., 0., 5., 146., 12., 0., 0.,
       0., 0., 0., 1., 19., 0., 1., 31., 20., 0., 0., 24., 30., 94., 9.,
       16., 8., 0., 0., 30., 68., 175., 134., 1., 0., 0., 0., 1., 60.,
       117., 35., 0., 0., 0., 0., 0., 12., 0., 0., 0., 0., 2., 12., 41.,
       32., 18., 7., 5., 1., 0., 1., 12., 30., 175., 175., 4., 0., 0.,
       0., 0., 4., 163., 160., 0., 0., 0., 0., 0., 0., 1., 1., 0., 0.,
       3., 14., 2., 0., 62., 56., 5., 1., 1., 6., 3., 31., 73., 28., 13.,
       86., 23., 21., 23., 27., 11., 13., 3., 97., 36., 39., 58., 8., 1.,
       2., 2., 2., 1., 6., 2., 2., 46., 37., 13., 2., 1., 3., 17., 28.,
       89., 56., 27., 40., 10., 7., 51., 112., 5., 13., 5., 13., 26.,
       116., 116., 46., 18., 2., 1., 1., 0., 0., 8., 77., 16., 7., 1.,
       3., 34., 44., 113., 116., 57., 116., 15., 3., 41., 73., 32., 20.,
       25., 116., 11., 20., 22., 36., 35., 23., 58., 77., 4., 0., 0., 0.,
       2., 41., 39., 116., 7., 5., 45., 39., 52., 50., 5., 35., 2., 6.,
       83., 116., 70., 4., 22., 116., 23., 12., 25., 37., 26., 3., 18.,
       11., 13., 6., 25., 73., 38., 58., 101., 14., 4., 2., 31., 74.,
       24., 101., 72., 16., 31., 28., 7., 13., 62., 91., 13., 2., 67.,
       71., 32., 44., 39., 21., 5., 80., 86., 40., 14., 13., 4., 5., 54.,
       102., 63., 37., 39., 24., 4., 7., 33., 53., 107., 107., 1., 7.,
       40., 30., 16., 2., 96., 91., 1., 8., 65., 68., 5., 17., 11., 4.,
       0., 0., 8., 9., 41., 25., 26., 19., 2., 2., 1., 10., 107., 45.,
       15., 10., 0., 21., 73., 79., 36., 6., 35., 33., 2., 33., 95., 94.,
       0., 0., 0., 1., 1., 1., 3., 4., 14., 10., 1., 3., 2., 1., 1., 1.,
       75., 107., 50., 17., 0., 2., 5., 3., 7., 18., 107., 107., 1., 2.,
       6., 5., 2., 4., 2., 0., 0., 0., 1., 1., 2., 1., 1., 2., 9., 2.,
       1., 2., 32., 1., 0., 1., 9., 4., 24., 39., 97., 20., 9., 22., 14.,
       11., 13., 50., 9., 1., 0., 0., 1., 13., 107., 34., 15., 3., 1.,
       1., 8., 57., 67., 12., 47., 31., 23., 2., 2., 12., 60., 93., 11.,
       9., 112., 33., 24., 36., 27., 44., 118., 7., 3., 29., 22., 38.,
       81., 54., 48., 5., 5., 73., 104., 91., 48., 17., 118., 16., 7.,
       15., 18., 39., 80., 89., 4., 4., 32., 25., 90., 118., 45., 3.,
       118., 9., 6., 44., 30., 35., 4., 14., 70., 2., 3., 62., 118., 55.,
       4., 7., 118., 12., 15., 16., 21., 23., 13., 26., 5., 7., 16., 32.,
       118., 49., 12., 2., 9., 0., 0., 0., 0., 6., 83., 74., 5., 0., 0.,
       0., 0., 6., 81., 83., 4., 0., 0., 0., 0., 26., 73., 32., 2., 0.,
       0., 0., 1., 15., 48., 8., 56., 9., 0., 7., 51., 30., 69., 87.,
       110., 12., 0., 5., 36., 22., 88., 102., 36., 2., 0., 7., 66., 74.,
       110., 54., 42., 1., 0., 2., 53., 63., 92., 42., 87., 69., 28.,
       47., 73., 5., 5., 18., 110., 77., 13., 33., 55., 3., 5., 25., 78.,
       39., 25., 73., 110., 9., 4., 10., 89., 26., 27., 37., 106., 7.,
       1., 9., 40., 18., 11., 14., 41., 20., 17., 49., 57., 23., 8., 37.,
       24., 2., 12., 71., 7., 25., 37., 98., 22., 0., 1., 2., 6., 28.,
       75., 37., 13., 0., 0., 0., 152., 38., 0., 0., 0., 0., 0., 20.,
       152., 25., 0., 0., 0., 5., 4., 35., 6., 0., 0., 0., 1., 33., 8.,
       6., 0., 0., 0., 0., 0., 2., 0., 0., 152., 63., 0., 0., 0., 0., 3.,
       18., 152., 63., 0., 0., 0., 4., 9., 53., 25., 3., 1., 0., 21.,
       77., 26., 26., 0., 0., 0., 0., 4., 14., 1., 0., 152., 45., 1., 1.,
       1., 2., 9., 22., 152., 142., 1., 0., 1., 1., 2., 49., 63., 29.,
       2., 1., 24., 48., 102., 74., 0., 0., 0., 0., 4., 27., 61., 1.,
       53., 18., 1., 1., 0., 14., 38., 22., 152., 27., 0., 0., 0., 0.,
       1., 65., 57., 2., 0., 0., 0., 9., 49., 79., 0., 0., 0., 0., 0.,
       11., 24., 1., 11., 7., 2., 0., 0., 2., 8., 9., 59., 42., 9., 1.,
       0., 6., 18., 49., 43., 36., 33., 15., 3., 3., 116., 98., 7., 13.,
       10., 11., 14., 5., 116., 66., 55., 41., 7., 1., 2., 3., 4., 5.,
       73., 70., 12., 8., 40., 13., 9., 14., 116., 116., 84., 15., 3.,
       0., 11., 45., 46., 39., 116., 93., 22., 3., 10., 14., 30., 73.,
       19., 2., 1., 0., 0., 0., 50., 75., 17., 34., 42., 3., 2., 2.,
       116., 88., 61., 92., 9., 3., 11., 25., 8., 4., 116., 116., 6., 4.,
       64., 23., 19., 28., 24., 3., 0., 0., 0., 1., 68., 37., 6., 5.,
       11., 17., 8., 16., 65., 51., 26., 11., 13., 15., 40., 63., 16.,
       30., 32., 11., 4., 4., 116., 76., 78., 10., 4., 0., 0., 0., 0.,
       3., 196., 5., 0., 0., 0., 0., 0., 28., 111., 10., 4., 20., 6., 0.,
       0., 5., 0., 0., 0., 6., 2., 0., 0., 0., 127., 25., 9., 0., 0., 0.,
       0., 2., 196., 10., 0., 0., 1., 1., 0., 35., 91., 5., 4., 23., 25.,
       4., 0., 11., 0., 0., 1., 5., 3., 0., 0., 0., 152., 33., 13., 0.,
       0., 0., 0., 0., 196., 36., 2., 2., 1., 0., 0., 3., 74., 19., 5.,
       47., 30., 2., 0., 1., 0., 0., 0., 5., 3., 0., 0., 0., 133., 31.,
       8., 0., 0., 0., 0., 0., 196., 49., 4., 4., 0., 0., 0., 2., 35.,
       17., 9., 57., 12., 0., 0., 0., 0., 0., 0., 4., 1., 0., 0., 0.,
       114., 22., 4., 7., 0., 1., 11., 73., 35., 14., 3., 60., 104., 12.,
       41., 36., 114., 13., 3., 32., 49., 13., 35., 51., 21., 1., 0., 9.,
       29., 32., 90., 31., 114., 103., 14., 3., 1., 6., 41., 37., 42.,
       49., 39., 113., 93., 4., 10., 11., 114., 44., 4., 21., 30., 1.,
       7., 76., 38., 21., 10., 75., 93., 5., 12., 16., 40., 16., 11.,
       40., 76., 39., 64., 59., 56., 27., 21., 30., 18., 13., 68., 47.,
       75., 59., 23., 25., 8., 10., 75., 32., 16., 35., 46., 82., 36.,
       2., 1., 6., 21., 25., 45., 38., 58., 16., 24., 23., 44., 37., 18.,
       20., 24., 8., 47., 101., 9., 2., 29., 91., 45., 7., 13., 11., 3.,
       10., 21., 32., 8., 1., 0., 1., 37., 4., 5., 3., 5., 24., 32., 59.,
       10., 3., 43., 47., 59., 76., 14., 9., 44., 9., 29., 19., 17., 31.,
