%YAML:1.0
---
mat: !!opencv-matrix
   rows: 81
   cols: 128
   dt: f
   data: [ 0., 0., 0., 0., 0., 0., 13., 49., 0., 0., 0., 0., 0., 0., 53.,
       76., 0., 0., 0., 0., 0., 4., 92., 36., 0., 0., 0., 0., 0., 7.,
       53., 8., 22., 0., 0., 0., 0., 0., 6., 104., 86., 2., 0., 0., 1.,
       11., 121., 127., 8., 0., 0., 0., 17., 127., 127., 39., 0., 0., 0.,
       0., 4., 71., 115., 2., 66., 1., 0., 0., 0., 0., 0., 91., 127.,
       42., 2., 0., 4., 8., 11., 82., 54., 25., 8., 9., 114., 118., 24.,
       10., 0., 0., 7., 23., 55., 49., 22., 2., 40., 39., 29., 1., 0.,
       0., 0., 27., 58., 126., 90., 0., 0., 0., 0., 13., 13., 68., 127.,
       40., 43., 7., 0., 0., 0., 5., 42., 34., 44., 7., 0., 0., 1., 0.,
       0., 0., 0., 0., 7., 45., 24., 0., 0., 0., 0., 0., 17., 109., 23.,
       0., 0., 0., 0., 9., 124., 124., 0., 0., 0., 0., 4., 80., 124., 9.,
       11., 0., 0., 0., 0., 0., 1., 65., 124., 2., 0., 0., 0., 0., 2.,
       107., 124., 12., 0., 0., 11., 13., 42., 87., 13., 1., 0., 0.,
       110., 103., 38., 7., 31., 4., 0., 0., 0., 0., 1., 86., 71., 13.,
       2., 0., 0., 0., 10., 118., 124., 52., 4., 1., 8., 3., 1., 23.,
       22., 15., 7., 9., 121., 44., 0., 0., 22., 45., 35., 0., 0., 0.,
       0., 14., 16., 96., 54., 0., 0., 0., 1., 10., 36., 124., 72., 1.,
       0., 0., 0., 2., 3., 47., 89., 32., 35., 2., 0., 0., 6., 3., 2.,
       2., 3., 4., 8., 5., 3., 0., 0., 0., 0., 12., 53., 8., 0., 0., 0.,
       0., 0., 25., 64., 0., 0., 0., 0., 0., 0., 36., 44., 0., 58., 28.,
       4., 14., 17., 1., 2., 8., 92., 12., 0., 0., 0., 12., 90., 45., 4.,
       0., 0., 0., 0., 62., 135., 16., 0., 0., 0., 0., 0., 39., 135.,
       56., 98., 16., 1., 13., 18., 6., 1., 2., 135., 17., 0., 0., 0.,
       2., 11., 29., 56., 0., 0., 1., 0., 29., 134., 135., 1., 0., 5.,
       22., 12., 34., 135., 135., 51., 4., 2., 3., 11., 29., 9., 8.,
       135., 46., 0., 0., 0., 0., 0., 12., 135., 46., 21., 22., 0., 0.,
       14., 91., 4., 4., 31., 135., 7., 1., 12., 31., 74., 3., 0., 0.,
       0., 0., 0., 21., 133., 133., 0., 0., 0., 0., 1., 26., 68., 133.,
       6., 1., 2., 45., 12., 14., 2., 24., 18., 16., 27., 133., 18., 0.,
       85., 3., 0., 0., 0., 0., 0., 10., 133., 37., 5., 0., 0., 0., 0.,
       26., 84., 133., 97., 9., 0., 0., 0., 13., 1., 46., 133., 105.,
       14., 9., 0., 0., 62., 8., 1., 0., 0., 0., 0., 5., 105., 50., 65.,
       20., 0., 0., 0., 2., 9., 16., 133., 74., 0., 0., 0., 1., 1., 4.,
       133., 83., 0., 0., 0., 1., 15., 5., 3., 1., 0., 0., 1., 4., 4.,
       13., 41., 35., 5., 7., 12., 1., 0., 1., 61., 40., 2., 11., 31.,
       3., 13., 5., 30., 9., 1., 3., 17., 44., 94., 4., 0., 0., 0., 0.,
       0., 7., 78., 0., 0., 0., 0., 0., 22., 101., 14., 0., 0., 0., 0.,
       4., 80., 108., 11., 0., 0., 1., 53., 31., 19., 32., 129., 8., 0.,
       0., 0., 0., 0., 19., 129., 33., 5., 4., 2., 4., 37., 129., 11.,
       9., 13., 52., 48., 51., 103., 72., 1., 6., 9., 14., 53., 40., 8.,
       4., 126., 43., 0., 0., 0., 0., 0., 1., 129., 129., 69., 17., 1.,
       1., 2., 18., 27., 50., 121., 129., 25., 5., 3., 23., 24., 21.,
       19., 23., 16., 14., 11., 40., 55., 19., 0., 0., 0., 0., 0., 0.,
       82., 88., 16., 1., 0., 0., 0., 0., 73., 65., 32., 9., 0., 0., 0.,
       24., 36., 39., 27., 36., 24., 6., 7., 36., 0., 0., 0., 0., 0.,
       43., 61., 4., 0., 0., 0., 0., 0., 69., 125., 8., 0., 0., 0., 0.,
       0., 89., 80., 0., 0., 0., 0., 0., 0., 29., 10., 0., 18., 0., 0.,
       0., 10., 63., 71., 36., 87., 8., 1., 2., 5., 45., 129., 129., 5.,
       2., 1., 4., 76., 129., 129., 17., 0., 0., 0., 0., 22., 129., 23.,
       0., 28., 11., 8., 9., 58., 73., 24., 18., 129., 74., 24., 18.,
       12., 17., 19., 51., 9., 20., 26., 98., 129., 71., 9., 5., 0., 0.,
       0., 12., 91., 95., 5., 0., 6., 29., 38., 8., 6., 3., 5., 5., 11.,
       38., 55., 10., 4., 1., 5., 10., 1., 15., 17., 48., 79., 29., 0.,
       0., 1., 1., 1., 18., 66., 25., 0., 0., 4., 0., 0., 1., 8., 18.,
       22., 7., 107., 4., 0., 0., 0., 1., 4., 56., 112., 3., 0., 0., 0.,
       19., 11., 73., 2., 0., 0., 3., 38., 116., 15., 6., 9., 4., 4.,
       16., 37., 15., 0., 0., 126., 24., 1., 2., 2., 0., 0., 13., 126.,
       30., 1., 3., 4., 2., 2., 21., 14., 2., 1., 48., 126., 17., 2., 5.,
       28., 27., 44., 36., 8., 0., 0., 2., 126., 19., 2., 2., 0., 0., 0.,
       99., 126., 8., 1., 9., 16., 3., 1., 101., 7., 2., 1., 86., 126.,
       2., 0., 1., 20., 65., 21., 1., 0., 0., 0., 0., 118., 126., 14.,
       0., 0., 0., 0., 20., 35., 103., 90., 11., 16., 3., 1., 24., 0.,
       3., 30., 75., 126., 3., 0., 0., 14., 7., 1., 0., 0., 3., 19., 21.,
       32., 15., 4., 0., 0., 7., 23., 34., 43., 1., 0., 0., 1., 60., 90.,
       69., 0., 0., 0., 0., 9., 123., 69., 2., 68., 42., 3., 1., 1., 4.,
       14., 15., 73., 11., 6., 5., 5., 11., 25., 26., 123., 11., 0., 3.,
       17., 18., 16., 49., 10., 1., 1., 34., 123., 78., 12., 4., 22.,
       123., 30., 1., 0., 0., 0., 0., 71., 105., 60., 7., 3., 1., 0., 3.,
       123., 86., 26., 18., 29., 0., 0., 18., 9., 4., 15., 112., 123.,
       0., 0., 1., 0., 47., 23., 0., 0., 0., 0., 0., 9., 111., 54., 0.,
       0., 0., 0., 0., 19., 123., 123., 20., 4., 0., 0., 0., 0., 7., 98.,
       123., 43., 0., 0., 0., 54., 7., 0., 3., 113., 32., 1., 6., 97.,
       16., 1., 7., 36., 22., 2., 7., 101., 26., 1., 7., 125., 37., 1.,
       13., 0., 0., 0., 1., 125., 39., 0., 0., 24., 25., 51., 70., 85.,
       25., 0., 3., 71., 51., 77., 40., 16., 2., 0., 3., 125., 91., 15.,
       17., 117., 32., 2., 19., 0., 1., 2., 7., 125., 43., 1., 1., 0.,
       5., 41., 40., 3., 3., 0., 0., 77., 20., 26., 8., 1., 2., 1., 9.,
       125., 61., 5., 6., 81., 26., 7., 55., 2., 2., 1., 4., 125., 42.,
       2., 3., 0., 0., 0., 1., 2., 2., 0., 0., 42., 15., 0., 1., 2., 1.,
       0., 1., 125., 76., 1., 4., 55., 6., 0., 3., 10., 5., 1., 3., 125.,
       19., 0., 0., 5., 1., 1., 21., 118., 54., 20., 8., 3., 0., 0., 2.,
       13., 28., 80., 18., 11., 1., 0., 0., 3., 22., 97., 72., 2., 1.,
       0., 0., 23., 56., 42., 4., 28., 4., 0., 31., 118., 11., 10., 18.,
       48., 8., 1., 18., 81., 23., 34., 27., 126., 20., 1., 8., 59., 28.,
       34., 69., 8., 1., 1., 18., 126., 50., 14., 5., 35., 24., 2., 38.,
       112., 6., 0., 3., 73., 19., 2., 29., 108., 1., 0., 11., 126., 21.,
       2., 36., 78., 1., 0., 32., 8., 2., 3., 86., 126., 1., 0., 1., 35.,
       19., 2., 44., 70., 0., 0., 1., 69., 18., 1., 25., 51., 0., 0., 2.,
       118., 36., 4., 45., 57., 1., 1., 6., 0., 2., 2., 82., 126., 0.,
       0., 0., 4., 9., 23., 11., 4., 19., 109., 11., 10., 2., 7., 18.,
       14., 75., 95., 11., 10., 1., 0., 0., 0., 68., 129., 22., 0., 0.,
       0., 0., 0., 75., 129., 0., 10., 31., 114., 19., 2., 2., 4., 6.,
       92., 22., 32., 27., 5., 3., 5., 21., 129., 29., 0., 0., 0., 38.,
       95., 53., 17., 1., 0., 0., 0., 129., 129., 9., 14., 4., 5., 0.,
       0., 12., 39., 41., 85., 5., 1., 0., 0., 1., 10., 66., 129., 23.,
       0., 0., 0., 2., 3., 54., 82., 4., 0., 0., 0., 64., 59., 21., 1.,
       0., 0., 3., 6., 23., 51., 14., 37., 14., 0., 4., 6., 6., 12., 12.,
       129., 112., 0., 0., 0., 0., 0., 5., 95., 72., 0., 0., 2., 4., 3.,
       9., 1., 0., 1., 6., 8., 72., 66., 3., 1., 0., 0., 0., 0., 63.,
       127., 7., 0., 0., 0., 0., 0., 70., 97., 0., 0., 0., 0., 0., 0.,
       37., 65., 0., 45., 10., 25., 26., 8., 10., 10., 12., 101., 10.,
       0., 0., 0., 45., 127., 54., 7., 0., 0., 0., 0., 127., 127., 9.,
       0., 0., 0., 0., 0., 84., 127., 0., 61., 5., 4., 1., 0., 0., 1.,
       39., 127., 15., 0., 0., 0., 5., 9., 53., 65., 1., 0., 0., 0.,
       127., 78., 25., 0., 0., 0., 0., 4., 127., 101., 0., 41., 4., 0.,
       1., 1., 2., 8., 26., 127., 30., 0., 0., 0., 0., 0., 34., 98., 12.,
       0., 0., 0., 14., 18., 23., 3., 0., 0., 2., 57., 90., 23., 5.,
       106., 47., 0., 0., 0., 0., 0., 5., 130., 32., 0., 0., 0., 0., 0.,
