%YAML:1.0
---
mat: !!opencv-matrix
   rows: 42
   cols: 128
   dt: f
   data: [ 22., 1., 0., 0., 0., 0., 30., 40., 2., 0., 0., 0., 1., 23.,
       120., 21., 0., 0., 0., 0., 1., 41., 94., 1., 1., 0., 0., 1., 4.,
       25., 30., 13., 120., 3., 0., 1., 4., 2., 15., 46., 62., 10., 14.,
       38., 84., 52., 80., 35., 54., 44., 16., 14., 26., 77., 97., 15.,
       62., 2., 1., 7., 50., 85., 35., 39., 120., 11., 0., 2., 3., 3.,
       0., 4., 101., 9., 16., 63., 102., 80., 14., 13., 53., 17., 80.,
       93., 28., 21., 17., 33., 120., 14., 22., 85., 47., 6., 0., 1.,
       120., 52., 13., 7., 1., 0., 0., 0., 37., 31., 44., 120., 64., 1.,
       0., 0., 1., 1., 74., 73., 17., 0., 0., 0., 99., 31., 18., 18., 0.,
       0., 0., 0., 12., 1., 0., 103., 98., 3., 14., 33., 1., 0., 0., 22.,
       29., 18., 109., 24., 4., 0., 0., 0., 1., 19., 98., 71., 2., 0.,
       0., 5., 32., 49., 58., 53., 71., 25., 18., 76., 42., 1., 11., 50.,
       33., 21., 20., 57., 55., 22., 80., 52., 87., 31., 16., 30., 20.,
       16., 83., 85., 7., 1., 0., 109., 109., 16., 22., 39., 44., 109.,
       24., 8., 2., 0., 0., 2., 26., 109., 45., 16., 41., 23., 15., 24.,
       78., 38., 26., 97., 50., 7., 13., 81., 5., 1., 1., 109., 109., 0.,
       0., 1., 1., 20., 3., 0., 0., 0., 0., 2., 3., 99., 41., 0., 0., 0.,
       0., 1., 4., 56., 97., 71., 16., 0., 0., 2., 0., 0., 5., 60., 36.,
       0., 0., 0., 0., 0., 0., 0., 83., 34., 18., 19., 23., 0., 0., 0.,
       0., 1., 67., 80., 69., 1., 0., 0., 43., 36., 41., 118., 0., 0.,
       0., 0., 118., 54., 10., 5., 45., 6., 0., 1., 116., 19., 22., 89.,
       28., 21., 18., 32., 51., 18., 76., 99., 100., 85., 15., 12., 105.,
       12., 13., 59., 3., 3., 0., 3., 118., 22., 0., 2., 52., 81., 33.,
       37., 71., 4., 1., 9., 26., 74., 99., 15., 54., 47., 16., 14., 82.,
       51., 87., 34., 58., 11., 14., 36., 4., 3., 17., 48., 118., 7., 0.,
       0., 4., 26., 34., 18., 2., 0., 0., 1., 1., 38., 99., 1., 0., 0.,
       0., 0., 1., 19., 118., 20., 2., 0., 0., 0., 0., 0., 32., 40., 19.,
       1., 0., 0., 19., 6., 5., 33., 17., 0., 0., 0., 115., 9., 1., 0.,
       0., 0., 0., 3., 26., 8., 2., 3., 1., 0., 0., 0., 0., 0., 0., 1.,
       0., 0., 0., 0., 103., 22., 8., 61., 40., 0., 0., 3., 163., 31.,
       1., 0., 0., 0., 0., 37., 115., 29., 8., 11., 4., 0., 0., 10., 0.,
       0., 0., 2., 1., 0., 0., 0., 100., 12., 6., 17., 18., 18., 20.,
       68., 163., 44., 0., 0., 0., 0., 2., 140., 72., 42., 11., 1., 0.,
       0., 3., 23., 0., 0., 1., 0., 0., 0., 0., 0., 42., 153., 122., 4.,
       2., 4., 6., 28., 110., 163., 114., 0., 0., 0., 2., 81., 10., 47.,
       112., 1., 0., 1., 5., 18., 0., 0., 0., 0., 0., 0., 0., 0., 1.,
       18., 32., 3., 1., 4., 1., 0., 0., 2., 31., 81., 11., 13., 2., 0.,
       13., 37., 57., 34., 3., 9., 4., 2., 12., 11., 2., 0., 0., 11.,
       22., 5., 0., 35., 126., 15., 0., 0., 0., 0., 15., 8., 124., 126.,
       2., 0., 0., 1., 126., 42., 37., 46., 1., 0., 0., 48., 63., 15.,
       1., 0., 0., 1., 7., 36., 0., 59., 126., 5., 0., 0., 0., 0., 41.,
       78., 121., 44., 0., 0., 0., 3., 126., 126., 15., 3., 0., 0., 0.,
       9., 45., 95., 19., 12., 1., 0., 0., 4., 1., 21., 112., 15., 1.,
       0., 0., 0., 57., 123., 85., 4., 0., 0., 0., 1., 46., 126., 33.,
       0., 0., 0., 0., 0., 2., 120., 66., 68., 2., 0., 0., 0., 4., 1.,
       4., 5., 17., 32., 23., 19., 52., 40., 2., 1., 5., 24., 9., 6.,
       147., 48., 0., 0., 0., 1., 4., 19., 45., 1., 0., 0., 0., 8., 80.,
       44., 63., 34., 18., 12., 16., 19., 14., 21., 66., 6., 1., 1., 36.,
       83., 18., 12., 147., 6., 0., 0., 1., 6., 2., 38., 147., 5., 0.,
       0., 0., 6., 49., 62., 109., 20., 3., 0., 3., 15., 21., 61., 56.,
       7., 0., 1., 59., 91., 25., 25., 147., 68., 0., 0., 14., 18., 2.,
       7., 147., 73., 1., 3., 4., 4., 2., 5., 47., 21., 9., 2., 27., 51.,
       8., 10., 27., 26., 46., 50., 44., 20., 0., 1., 97., 113., 12.,
       27., 18., 7., 0., 0., 101., 122., 2., 2., 1., 0., 0., 0., 73., 4.,
       0., 0., 8., 44., 14., 15., 111., 2., 0., 0., 0., 0., 8., 94., 17.,
       0., 0., 0., 0., 0., 9., 113., 0., 0., 0., 0., 0., 0., 1., 9., 57.,
       2., 0., 0., 25., 110., 18., 14., 139., 7., 0., 0., 0., 4., 13.,
       91., 72., 1., 0., 0., 0., 0., 28., 139., 26., 0., 0., 0., 0., 0.,
       2., 49., 14., 0., 0., 0., 15., 139., 34., 17., 139., 31., 0., 0.,
       4., 29., 15., 39., 139., 23., 0., 0., 0., 0., 4., 57., 110., 15.,
       0., 0., 0., 0., 0., 14., 1., 0., 0., 0., 43., 93., 17., 14., 139.,
       44., 2., 2., 53., 51., 3., 4., 139., 42., 0., 0., 0., 0., 0., 6.,
       87., 41., 0., 0., 0., 0., 0., 2., 3., 4., 22., 112., 2., 0., 3.,
       7., 6., 28., 16., 9., 0., 4., 7., 5., 74., 20., 5., 0., 0., 0.,
       2., 81., 35., 28., 11., 0., 0., 35., 74., 90., 36., 2., 6., 26.,
       4., 4., 14., 96., 24., 6., 1., 14., 36., 39., 35., 33., 112., 54.,
       45., 6., 4., 6., 11., 45., 42., 112., 73., 7., 0., 6., 4., 13.,
       44., 2., 8., 74., 10., 1., 1., 83., 100., 22., 9., 53., 20., 13.,
       55., 75., 35., 40., 23., 1., 4., 112., 112., 31., 13., 107., 39.,
       1., 1., 69., 16., 0., 21., 12., 6., 69., 12., 1., 15., 49., 101.,
       46., 10., 13., 9., 3., 53., 112., 41., 57., 75., 21., 18., 97.,
       33., 18., 1., 24., 24., 41., 57., 112., 16., 0., 61., 8., 7., 63.,
       105., 10., 0., 11., 14., 0., 2., 81., 116., 19., 0., 5., 116., 1.,
       0., 16., 49., 11., 12., 100., 29., 3., 2., 23., 84., 55., 43.,
       37., 16., 44., 116., 45., 46., 14., 0., 1., 31., 10., 68., 86.,
       86., 36., 1., 9., 116., 77., 66., 72., 21., 5., 2., 44., 15., 91.,
       82., 98., 36., 19., 19., 14., 1., 4., 58., 25., 25., 0., 0., 0.,
       30., 22., 48., 35., 7., 1., 15., 33., 19., 55., 67., 34., 5., 35.,
       64., 19., 2., 71., 62., 41., 7., 40., 55., 1., 0., 0., 0., 4.,
       23., 52., 44., 0., 14., 32., 30., 5., 11., 30., 17., 4., 4., 40.,
       116., 4., 2., 16., 19., 3., 0., 23., 115., 2., 1., 21., 30., 0.,
       52., 39., 6., 0., 0., 0., 3., 28., 80., 51., 3., 0., 0., 0., 0.,
       38., 101., 63., 5., 0., 0., 0., 0., 40., 68., 80., 13., 0., 0.,
       0., 0., 7., 57., 92., 16., 0., 0., 3., 12., 10., 113., 71., 13.,
       0., 5., 6., 8., 46., 46., 91., 35., 5., 45., 27., 13., 28., 25.,
       113., 85., 1., 1., 3., 5., 10., 19., 11., 2., 0., 0., 8., 96.,
       90., 113., 29., 3., 2., 5., 2., 62., 113., 36., 17., 4., 5., 43.,
       27., 88., 96., 21., 11., 5., 0., 2., 30., 112., 111., 64., 1., 0.,
       0., 0., 0., 21., 51., 83., 1., 0., 0., 0., 0., 30., 111., 71., 1.,
       0., 0., 0., 1., 38., 113., 15., 3., 0., 0., 0., 8., 68., 65., 11.,
       15., 3., 88., 50., 21., 82., 30., 44., 5., 1., 104., 99., 16.,
       12., 8., 119., 17., 0., 6., 58., 15., 0., 13., 2., 1., 0., 2.,
       113., 28., 1., 2., 16., 14., 16., 66., 51., 100., 94., 26., 36.,
       2., 3., 41., 76., 119., 69., 12., 119., 16., 0., 5., 58., 26., 3.,
       32., 3., 1., 0., 4., 119., 43., 1., 3., 1., 2., 119., 51., 9.,
       29., 36., 9., 20., 7., 78., 119., 94., 53., 17., 4., 98., 48.,
       26., 23., 43., 6., 0., 5., 3., 3., 10., 28., 101., 16., 3., 2.,
       11., 1., 52., 5., 3., 20., 51., 38., 11., 4., 17., 13., 26., 78.,
       48., 32., 3., 21., 25., 9., 13., 25., 9., 1., 0., 1., 10., 15.,
       6., 1., 14., 5., 7., 20., 9., 0., 0., 2., 33., 17., 34., 21., 4.,
       0., 0., 1., 46., 80., 49., 48., 1., 0., 0., 0., 60., 130., 21.,
       97., 17., 0., 0., 0., 63., 79., 14., 68., 18., 0., 0., 2., 5.,
       14., 103., 108., 1., 0., 0., 0., 2., 37., 130., 47., 0., 0., 0.,
       0., 9., 73., 101., 0., 0., 0., 0., 0., 38., 88., 36., 35., 2., 0.,
       0., 2., 5., 27., 127., 40., 0., 0., 0., 0., 6., 97., 130., 33.,
       0., 0., 0., 0., 1., 72., 130., 8., 0., 0., 0., 0., 0., 31., 43.,
       45., 7., 2., 2., 0., 0., 9., 130., 40., 0., 0., 0., 0., 0., 24.,
       130., 53., 1., 0., 0., 0., 0., 19., 116., 63., 2., 0., 0., 0., 0.,
