%YAML:1.0
---
mat: !!opencv-matrix
   rows: 70
   cols: 128
   dt: f
   data: [ 0., 1., 5., 56., 13., 0., 0., 0., 0., 3., 112., 99., 7., 1.,
       3., 3., 16., 65., 112., 7., 1., 2., 4., 2., 9., 20., 13., 78.,
       34., 0., 0., 0., 1., 0., 1., 61., 112., 6., 0., 1., 49., 14., 34.,
       69., 72., 16., 26., 53., 66., 56., 35., 24., 13., 37., 44., 25.,
       34., 29., 9., 112., 112., 3., 2., 2., 1., 1., 1., 2., 112., 61.,
       1., 0., 34., 50., 43., 17., 75., 105., 25., 8., 27., 41., 70.,
       73., 14., 17., 41., 60., 12., 19., 8., 62., 112., 60., 54., 25.,
       0., 3., 0., 0., 9., 36., 4., 0., 0., 1., 4., 1., 7., 112., 100.,
       4., 2., 0., 4., 2., 2., 22., 112., 78., 1., 0., 0., 0., 8., 62.,
       86., 19., 0., 0., 9., 47., 3., 0., 1., 1., 0., 12., 114., 63., 1.,
       0., 1., 1., 1., 76., 107., 1., 0., 0., 1., 1., 4., 41., 10., 0.,
       0., 0., 1., 0., 5., 1., 9., 114., 111., 7., 0., 1., 56., 16., 73.,
       86., 30., 13., 36., 55., 25., 96., 71., 10., 22., 56., 39., 13.,
       101., 114., 8., 0., 3., 3., 0., 6., 6., 12., 29., 81., 108., 28.,
       6., 3., 80., 49., 18., 16., 32., 34., 48., 43., 38., 12., 14.,
       63., 36., 41., 52., 54., 114., 9., 0., 2., 3., 1., 4., 83., 2.,
       52., 54., 111., 90., 2., 1., 1., 18., 114., 62., 10., 7., 7., 26.,
       13., 19., 93., 4., 1., 2., 16., 74., 38., 15., 9., 2., 0., 0., 0.,
       8., 39., 1., 0., 4., 41., 10., 0., 0., 0., 0., 6., 101., 115., 8.,
       0., 3., 3., 4., 84., 115., 10., 0., 2., 3., 1., 8., 40., 15., 8.,
       2., 0., 0., 0., 1., 1., 1., 78., 106., 1., 0., 0., 39., 13., 25.,
       98., 70., 10., 23., 56., 51., 55., 38., 12., 14., 63., 36., 41.,
       75., 40., 19., 87., 3., 1., 2., 17., 1., 1., 0., 12., 115., 63.,
       1., 0., 37., 55., 57., 16., 73., 85., 30., 14., 49., 43., 80.,
       49., 18., 16., 31., 34., 27., 12., 20., 115., 57., 9., 6., 8., 1.,
       1., 0., 0., 10., 48., 3., 0., 0., 1., 5., 1., 9., 114., 112., 6.,
       6., 3., 6., 14., 32., 83., 106., 27., 1., 1., 2., 57., 55., 111.,
       87., 1., 1., 3., 36., 30., 0., 0., 0., 0., 5., 39., 71., 21., 4.,
       0., 0., 0., 7., 11., 16., 133., 67., 1., 1., 11., 11., 8., 54.,
       57., 10., 10., 37., 66., 8., 15., 81., 126., 43., 16., 0., 1.,
       133., 77., 88., 43., 23., 13., 2., 28., 72., 15., 4., 29., 109.,
       80., 13., 41., 89., 23., 3., 3., 13., 26., 23., 75., 25., 47.,
       59., 80., 40., 19., 1., 1., 133., 65., 11., 34., 19., 11., 1.,
       16., 94., 14., 1., 1., 40., 94., 7., 10., 14., 59., 49., 8., 40.,
       46., 6., 6., 9., 4., 12., 15., 12., 93., 21., 3., 133., 20., 1.,
       5., 7., 14., 6., 35., 100., 10., 0., 0., 13., 24., 0., 5., 0., 3.,
       7., 2., 27., 78., 40., 12., 2., 5., 2., 2., 0., 0., 0., 0., 2.,
       5., 29., 17., 0., 0., 0., 0., 3., 24., 39., 16., 5., 0., 0., 0.,
       2., 3., 17., 122., 41., 0., 1., 8., 1., 8., 90., 52., 2., 0., 0.,
       0., 8., 13., 124., 134., 32., 11., 0., 1., 118., 99., 109., 39.,
       22., 9., 1., 16., 45., 10., 3., 43., 108., 45., 8., 34., 25., 71.,
       134., 54., 3., 3., 5., 1., 40., 50., 55., 111., 82., 39., 1., 3.,
       134., 61., 11., 21., 19., 18., 2., 25., 54., 8., 2., 1., 32., 97.,
       11., 13., 10., 19., 15., 5., 1., 88., 65., 2., 26., 18., 34., 58.,
       19., 49., 10., 2., 134., 51., 3., 11., 6., 5., 1., 10., 65., 12.,
       0., 0., 17., 31., 0., 1., 3., 9., 56., 38., 0., 0., 0., 0., 3.,
       14., 123., 79., 0., 0., 0., 0., 17., 25., 79., 66., 7., 1., 6.,
       9., 4., 18., 24., 21., 7., 5., 17., 22., 4., 10., 92., 123., 20.,
       29., 19., 1., 41., 40., 123., 88., 5., 47., 27., 6., 123., 67.,
       25., 6., 2., 12., 15., 32., 13., 2., 4., 12., 10., 31., 41., 27.,
       103., 123., 14., 6., 6., 41., 48., 11., 42., 12., 3., 3., 2.,
       123., 123., 41., 123., 7., 0., 0., 0., 15., 64., 123., 25., 1.,
       0., 0., 0., 14., 49., 32., 123., 61., 0., 0., 0., 1., 9., 99.,
       73., 15., 0., 0., 0., 14., 36., 22., 27., 7., 0., 0., 0., 2., 21.,
       41., 16., 14., 0., 0., 0., 0., 0., 3., 12., 34., 104., 9., 0., 0.,
       0., 2., 13., 60., 69., 7., 1., 0., 0., 2., 6., 28., 95., 15., 2.,
       0., 0., 2., 3., 29., 68., 2., 0., 0., 0., 0., 20., 59., 120., 29.,
       12., 6., 5., 2., 120., 106., 69., 13., 9., 23., 6., 16., 18., 45.,
       99., 32., 46., 118., 6., 6., 36., 68., 119., 13., 6., 9., 0., 17.,
       19., 14., 4., 1., 21., 44., 86., 34., 120., 26., 1., 0., 1., 23.,
       33., 95., 51., 3., 2., 1., 72., 120., 14., 17., 65., 7., 11., 2.,
       25., 64., 34., 120., 5., 0., 0., 0., 2., 15., 119., 44., 38., 1.,
       0., 0., 0., 3., 52., 112., 17., 2., 0., 0., 8., 35., 17., 15., 9.,
       0., 0., 0., 2., 21., 40., 59., 9., 5., 6., 4., 27., 77., 41., 31.,
       29., 31., 25., 7., 22., 44., 37., 80., 23., 12., 2., 0., 33.,
       115., 115., 53., 10., 0., 0., 0., 2., 46., 115., 115., 1., 0., 0.,
       0., 10., 92., 84., 34., 18., 22., 16., 14., 59., 115., 63., 59.,
       115., 65., 13., 5., 4., 13., 60., 73., 21., 1., 0., 0., 0., 10.,
       115., 72., 0., 0., 0., 0., 6., 33., 60., 25., 5., 3., 2., 6., 58.,
       115., 105., 15., 115., 32., 4., 9., 19., 26., 60., 69., 69., 10.,
       0., 0., 0., 0., 17., 31., 0., 0., 0., 0., 0., 2., 33., 21., 0.,
       0., 0., 3., 37., 79., 38., 4., 61., 13., 2., 9., 39., 62., 41.,
       24., 86., 8., 0., 0., 0., 0., 5., 20., 27., 99., 20., 0., 0., 0.,
       0., 0., 0., 38., 37., 40., 1., 0., 0., 0., 10., 15., 59., 115.,
       7., 2., 6., 7., 52., 22., 20., 15., 0., 0., 5., 36., 115., 115.,
       49., 10., 1., 0., 0., 1., 11., 47., 108., 115., 26., 4., 2., 3.,
       107., 80., 56., 58., 9., 4., 22., 50., 84., 19., 1., 1., 0., 0.,
       11., 66., 115., 66., 58., 22., 15., 2., 0., 65., 49., 66., 91.,
       51., 41., 16., 16., 33., 115., 41., 6., 4., 3., 5., 14., 115.,
       46., 55., 4., 0., 0., 0., 0., 7., 24., 46., 62., 23., 28., 11.,
       4., 25., 115., 51., 26., 5., 9., 9., 9., 70., 79., 83., 10., 0.,
       0., 0., 0., 21., 3., 67., 11., 0., 0., 0., 0., 0., 1., 30., 119.,
       34., 2., 0., 0., 0., 4., 54., 95., 15., 1., 0., 0., 0., 2., 12.,
       24., 33., 9., 0., 0., 0., 0., 2., 30., 17., 13., 0., 0., 0., 8.,
       63., 82., 29., 19., 5., 1., 0., 119., 89., 66., 16., 6., 0., 0.,
       9., 33., 22., 71., 119., 65., 7., 1., 2., 0., 30., 119., 45., 10.,
       6., 1., 0., 14., 12., 13., 3., 24., 52., 30., 14., 119., 22., 5.,
       4., 17., 11., 11., 78., 31., 2., 5., 55., 119., 114., 11., 10.,
       7., 7., 45., 42., 88., 58., 11., 12., 1., 0., 0., 1., 6., 74.,
       119., 24., 21., 1., 7., 7., 20., 8., 57., 113., 3., 0., 2., 81.,
       119., 65., 9., 9., 36., 6., 3., 75., 59., 46., 33., 13., 5., 11.,
       15., 6., 20., 100., 31., 16., 52., 65., 25., 1., 4., 25., 21.,
       81., 28., 31., 8., 2., 3., 2., 86., 84., 1., 2., 5., 4., 5., 8.,
       127., 67., 1., 0., 0., 0., 24., 127., 53., 6., 52., 77., 34., 18.,
       90., 100., 18., 31., 127., 127., 13., 2., 3., 3., 29., 62., 24.,
       2., 0., 0., 0., 1., 41., 40., 1., 0., 0., 0., 10., 107., 69., 2.,
       25., 5., 1., 2., 60., 127., 127., 63., 127., 12., 1., 0., 2., 12.,
       65., 127., 19., 0., 0., 0., 0., 0., 6., 28., 4., 0., 0., 0., 0.,
       11., 22., 10., 0., 0., 0., 0., 0., 30., 84., 21., 2., 0., 0., 0.,
       0., 1., 37., 55., 0., 0., 0., 0., 0., 0., 2., 12., 5., 0., 4.,
       22., 41., 65., 53., 25., 123., 0., 1., 3., 19., 30., 7., 112.,
       68., 0., 0., 0., 0., 0., 10., 64., 0., 0., 0., 0., 0., 0., 29.,
       10., 29., 20., 35., 121., 51., 8., 4., 7., 123., 40., 15., 11.,
       6., 3., 1., 63., 67., 27., 77., 47., 0., 0., 2., 21., 25., 53.,
       34., 4., 0., 0., 9., 8., 27., 11., 8., 36., 28., 69., 76., 53.,
       123., 63., 27., 15., 1., 5., 45., 67., 29., 34., 79., 108., 4.,
       7., 34., 58., 116., 45., 21., 7., 0., 0., 7., 105., 4., 2., 3.,
       1., 9., 123., 38., 21., 24., 11., 27., 7., 2., 19., 55., 54., 34.,
