%YAML:1.0
---
mat: !!opencv-matrix
   rows: 72
   cols: 128
   dt: f
   data: [ 2., 6., 54., 39., 0., 0., 0., 0., 5., 46., 89., 24., 6., 0.,
       0., 0., 6., 9., 26., 135., 70., 1., 2., 17., 11., 21., 60., 42.,
       7., 12., 41., 63., 15., 18., 92., 119., 42., 22., 0., 2., 135.,
       82., 76., 33., 24., 16., 1., 27., 76., 13., 3., 27., 107., 67.,
       14., 51., 89., 20., 2., 3., 18., 32., 29., 78., 36., 31., 55.,
       83., 26., 23., 4., 3., 135., 42., 10., 27., 11., 12., 2., 15.,
       88., 9., 2., 3., 43., 87., 9., 12., 18., 70., 55., 13., 35., 25.,
       4., 6., 12., 1., 5., 10., 5., 99., 28., 6., 135., 6., 0., 2., 2.,
       13., 8., 35., 84., 5., 0., 0., 23., 33., 1., 2., 0., 4., 14., 3.,
       27., 71., 48., 8., 2., 20., 38., 19., 0., 0., 0., 0., 2., 15.,
       117., 64., 0., 0., 0., 0., 10., 17., 85., 83., 3., 0., 2., 12.,
       10., 47., 28., 17., 3., 2., 6., 19., 4., 17., 114., 114., 11.,
       13., 9., 1., 32., 32., 117., 110., 5., 38., 27., 5., 117., 59.,
       37., 11., 2., 8., 11., 36., 20., 4., 5., 19., 9., 16., 31., 38.,
       99., 117., 49., 12., 4., 17., 22., 10., 64., 29., 3., 5., 2.,
       102., 117., 36., 117., 6., 1., 0., 0., 15., 68., 117., 24., 2.,
       0., 0., 1., 10., 46., 43., 117., 48., 2., 0., 0., 2., 16., 117.,
       117., 24., 0., 0., 0., 4., 22., 41., 30., 16., 0., 0., 0., 1.,
       16., 34., 14., 18., 0., 0., 0., 0., 0., 3., 8., 40., 115., 12.,
       0., 0., 1., 5., 12., 83., 81., 6., 1., 0., 0., 1., 5., 37., 111.,
       18., 3., 1., 0., 0., 4., 38., 91., 2., 0., 0., 0., 0., 18., 69.,
       104., 31., 17., 6., 4., 3., 120., 105., 59., 9., 6., 17., 6., 17.,
       26., 36., 79., 29., 43., 120., 7., 8., 36., 57., 107., 9., 7.,
       14., 1., 17., 16., 15., 3., 1., 24., 33., 82., 41., 120., 22., 1.,
       0., 1., 10., 34., 86., 67., 3., 1., 0., 51., 120., 12., 18., 53.,
       4., 7., 1., 20., 73., 35., 105., 4., 0., 0., 0., 2., 13., 120.,
       46., 42., 0., 0., 0., 0., 1., 56., 120., 27., 0., 0., 0., 3., 31.,
       15., 24., 9., 0., 0., 0., 1., 23., 44., 54., 28., 8., 0., 22.,
       88., 31., 8., 30., 127., 65., 21., 6., 5., 1., 0., 60., 43., 69.,
       15., 1., 0., 0., 0., 1., 12., 5., 0., 0., 0., 0., 0., 0., 64., 9.,
       22., 39., 46., 3., 5., 99., 64., 61., 59., 99., 93., 5., 4., 73.,
       127., 127., 40., 17., 5., 1., 1., 12., 44., 12., 0., 0., 0., 0.,
       0., 1., 127., 15., 26., 30., 17., 0., 1., 91., 41., 12., 16., 65.,
       127., 28., 26., 50., 127., 29., 1., 3., 6., 5., 13., 76., 76., 9.,
       0., 0., 0., 0., 0., 1., 29., 21., 65., 35., 0., 0., 9., 48., 29.,
       12., 25., 26., 3., 2., 40., 98., 127., 3., 0., 0., 0., 0., 10.,
       84., 54., 3., 0., 0., 0., 0., 0., 10., 28., 12., 3., 1., 8., 66.,
       62., 48., 92., 38., 5., 1., 4., 16., 23., 91., 64., 8., 0., 0.,
       16., 96., 48., 47., 2., 0., 0., 0., 12., 105., 114., 18., 11., 1.,
       0., 0., 4., 91., 114., 84., 37., 26., 10., 6., 27., 88., 76., 79.,
       114., 66., 7., 2., 2., 10., 31., 60., 19., 1., 0., 0., 0., 13.,
       114., 62., 0., 0., 0., 0., 3., 37., 69., 42., 6., 3., 2., 2., 31.,
       114., 114., 18., 114., 31., 2., 3., 14., 23., 59., 65., 84., 14.,
       0., 0., 0., 0., 12., 38., 0., 0., 0., 0., 0., 2., 35., 37., 0.,
       0., 0., 0., 16., 72., 55., 9., 41., 10., 1., 2., 28., 73., 44.,
       19., 97., 12., 0., 0., 0., 1., 6., 19., 13., 20., 44., 13., 13.,
       61., 24., 19., 56., 73., 40., 3., 5., 21., 18., 63., 31., 25., 5.,
       0., 2., 3., 64., 109., 2., 4., 8., 1., 3., 6., 105., 107., 3., 0.,
       0., 0., 3., 111., 101., 28., 59., 59., 19., 6., 40., 111., 42.,
       49., 124., 111., 10., 2., 4., 4., 33., 93., 24., 2., 0., 0., 0.,
       1., 34., 61., 5., 0., 0., 0., 2., 69., 124., 13., 18., 5., 1., 1.,
       32., 124., 124., 53., 124., 14., 1., 0., 3., 15., 76., 124., 20.,
       0., 0., 0., 0., 0., 5., 36., 16., 0., 0., 0., 0., 5., 19., 22.,
       0., 0., 0., 0., 0., 24., 80., 22., 1., 0., 0., 0., 0., 1., 45.,
       53., 0., 0., 0., 0., 0., 0., 8., 17., 40., 0., 0., 1., 22., 90.,
       56., 45., 130., 4., 0., 0., 7., 23., 6., 66., 31., 1., 1., 0., 0.,
       0., 12., 56., 1., 2., 1., 0., 0., 0., 15., 26., 17., 17., 35.,
       47., 63., 58., 23., 20., 130., 44., 9., 6., 8., 18., 7., 43., 61.,
       16., 46., 83., 10., 0., 1., 15., 43., 64., 52., 20., 2., 0., 2.,
       14., 18., 25., 18., 44., 91., 45., 44., 33., 126., 111., 23., 9.,
       3., 3., 53., 67., 22., 31., 50., 106., 19., 5., 39., 62., 84.,
       22., 12., 17., 6., 1., 10., 130., 9., 3., 0., 1., 9., 123., 64.,
       25., 19., 17., 19., 13., 1., 15., 76., 54., 62., 11., 12., 8., 1.,
       4., 50., 128., 13., 0., 0., 0., 0., 0., 12., 110., 37., 10., 18.,
       44., 61., 3., 2., 12., 100., 17., 16., 14., 13., 16., 29., 63.,
       133., 48., 3., 11., 19., 22., 16., 13., 75., 24., 10., 1., 0., 0.,
       0., 1., 55., 17., 12., 57., 37., 2., 20., 39., 116., 54., 54.,
       45., 8., 12., 31., 30., 133., 27., 27., 35., 10., 3., 9., 36.,
       85., 15., 18., 4., 0., 0., 0., 3., 4., 1., 6., 6., 1., 11., 133.,
       121., 8., 3., 22., 5., 2., 38., 133., 66., 88., 9., 10., 2., 0.,
       5., 106., 126., 28., 10., 15., 2., 0., 0., 1., 11., 0., 2., 52.,
       63., 22., 4., 37., 12., 1., 25., 133., 30., 7., 5., 27., 4., 17.,
       120., 103., 1., 0., 0., 14., 7., 5., 18., 18., 3., 0., 0., 0., 1.,
       0., 3., 88., 25., 8., 1., 0., 0., 0., 6., 92., 13., 17., 3., 0.,
       0., 0., 11., 30., 10., 16., 1., 0., 0., 0., 1., 4., 13., 18., 3.,
       0., 0., 19., 19., 132., 42., 4., 12., 20., 23., 9., 42., 132.,
       22., 30., 35., 10., 3., 107., 126., 89., 8., 9., 2., 1., 6., 14.,
       7., 19., 120., 84., 0., 0., 0., 27., 65., 105., 16., 16., 13.,
       12., 14., 33., 32., 118., 49., 54., 40., 8., 14., 132., 57., 7.,
       4., 23., 4., 2., 46., 24., 3., 1., 41., 132., 23., 6., 6., 2.,
       12., 35., 9., 14., 50., 64., 2., 28., 43., 51., 14., 13., 58.,
       30., 3., 132., 107., 3., 0., 7., 5., 1., 13., 29., 8., 0., 3.,
       66., 67., 24., 5., 13., 4., 35., 96., 29., 6., 13., 12., 127.,
       38., 2., 17., 13., 5., 13., 21., 69., 24., 0., 0., 0., 0., 5., 4.,
       12., 8., 0., 0., 0., 0., 1., 2., 54., 17., 21., 32., 7., 4., 11.,
       18., 127., 28., 17., 22., 6., 3., 6., 20., 93., 38., 60., 2., 0.,
       0., 0., 5., 15., 23., 11., 0., 0., 0., 0., 0., 23., 24., 29., 94.,
       24., 5., 11., 8., 127., 92., 69., 70., 13., 2., 2., 9., 24., 125.,
       127., 77., 14., 8., 19., 5., 78., 127., 52., 0., 0., 0., 3., 8.,
       6., 17., 20., 83., 30., 5., 43., 35., 31., 64., 23., 20., 7., 4.,
       49., 93., 16., 17., 13., 18., 10., 15., 127., 72., 111., 34., 2.,
       0., 0., 1., 34., 111., 3., 18., 117., 25., 5., 1., 0., 1., 8.,
       44., 81., 13., 9., 0., 0., 0., 3., 8., 24., 44., 19., 0., 0., 0.,
       0., 3., 57., 22., 19., 0., 0., 0., 14., 39., 88., 27., 24., 7.,
       2., 3., 117., 64., 51., 21., 25., 1., 0., 21., 29., 10., 53.,
       117., 117., 16., 11., 4., 0., 15., 117., 49., 23., 20., 13., 3.,
       15., 17., 30., 14., 23., 61., 25., 11., 117., 36., 8., 4., 23.,
       17., 5., 60., 28., 2., 1., 46., 117., 106., 46., 6., 20., 3., 8.,
       45., 117., 49., 31., 17., 2., 2., 2., 7., 9., 57., 117., 29., 34.,
       0., 0., 4., 19., 7., 49., 112., 5., 0., 0., 95., 99., 61., 13.,
       6., 28., 15., 3., 82., 51., 49., 54., 7., 39., 49., 40., 15., 3.,
       0., 0., 5., 41., 101., 33., 3., 0., 1., 7., 12., 34., 18., 3., 0.,
       0., 3., 42., 27., 24., 8., 2., 0., 0., 3., 32., 33., 32., 22.,
       53., 78., 34., 1., 0., 13., 114., 114., 31., 15., 7., 0., 0., 49.,
       72., 48., 90., 61., 9., 0., 0., 8., 14., 114., 86., 8., 0., 0.,
       2., 8., 28., 4., 14., 23., 8., 52., 114., 21., 114., 34., 2., 8.,
       13., 8., 56., 98., 31., 17., 27., 67., 98., 38., 17., 13., 86.,
       84., 29., 8., 5., 7., 14., 44., 38., 8., 0., 0., 0., 14., 104.,
