%YAML:1.0
---
mat: !!opencv-matrix
   rows: 75
   cols: 128
   dt: f
   data: [ 61., 96., 11., 0., 0., 0., 0., 0., 76., 167., 29., 0., 0., 0.,
       0., 0., 167., 135., 4., 0., 0., 0., 0., 0., 34., 6., 0., 0., 0.,
       0., 1., 2., 32., 86., 13., 0., 0., 0., 0., 1., 134., 167., 27.,
       0., 0., 0., 0., 5., 167., 107., 2., 0., 0., 0., 0., 5., 66., 11.,
       2., 0., 0., 0., 0., 0., 45., 9., 1., 0., 0., 0., 0., 14., 167.,
       16., 0., 0., 0., 0., 0., 54., 167., 7., 0., 0., 0., 0., 0., 48.,
       55., 6., 3., 0., 0., 0., 0., 2., 3., 0., 0., 0., 0., 0., 0., 1.,
       16., 0., 0., 0., 0., 0., 0., 5., 40., 0., 0., 0., 0., 0., 0., 5.,
       5., 0., 0., 0., 0., 0., 0., 0., 43., 30., 4., 12., 29., 13., 0.,
       1., 82., 36., 19., 19., 27., 22., 3., 12., 64., 35., 21., 57., 9.,
       1., 1., 4., 51., 34., 16., 3., 0., 0., 0., 4., 74., 116., 21.,
       28., 11., 9., 0., 0., 88., 22., 18., 31., 32., 17., 4., 28., 113.,
       39., 10., 49., 108., 15., 1., 9., 116., 31., 4., 2., 1., 4., 2.,
       4., 116., 116., 8., 11., 24., 42., 11., 11., 116., 24., 6., 9.,
       18., 9., 21., 73., 100., 12., 0., 1., 114., 77., 12., 13., 116.,
       33., 0., 0., 3., 19., 20., 17., 116., 84., 0., 0., 45., 99., 5.,
       7., 116., 67., 2., 2., 4., 4., 8., 40., 14., 4., 1., 2., 9., 41.,
       23., 10., 83., 39., 1., 0., 0., 9., 17., 17., 0., 12., 16., 19.,
       112., 26., 1., 0., 14., 52., 22., 15., 30., 2., 0., 1., 7., 5.,
       10., 32., 100., 24., 3., 3., 46., 59., 6., 15., 120., 54., 0., 0.,
       2., 19., 14., 25., 120., 5., 0., 0., 120., 48., 7., 19., 120., 2.,
       0., 4., 27., 7., 27., 88., 108., 11., 4., 5., 32., 34., 15., 19.,
       120., 87., 4., 5., 1., 2., 1., 11., 120., 20., 7., 5., 97., 2.,
       2., 18., 106., 21., 16., 63., 28., 11., 5., 38., 78., 20., 27.,
       28., 12., 7., 1., 1., 120., 120., 24., 21., 1., 0., 1., 9., 59.,
       23., 12., 7., 4., 1., 2., 12., 80., 24., 23., 43., 43., 22., 4.,
       14., 61., 18., 15., 21., 19., 5., 0., 2., 105., 47., 3., 7., 142.,
       69., 2., 2., 0., 0., 2., 14., 15., 18., 19., 4., 0., 0., 6., 21.,
       17., 9., 9., 1., 2., 3., 14., 38., 20., 2., 0., 0., 1., 2., 46.,
       56., 82., 142., 25., 0., 0., 3., 7., 9., 29., 98., 142., 22., 0.,
       0., 3., 9., 142., 62., 53., 3., 0., 0., 4., 54., 51., 0., 0., 0.,
       0., 1., 67., 81., 18., 28., 8., 0., 0., 6., 75., 55., 58., 31.,
       47., 3., 0., 0., 34., 67., 142., 107., 6., 0., 0., 0., 1., 31.,
       107., 61., 0., 0., 0., 0., 11., 33., 0., 0., 11., 9., 0., 0., 36.,
       20., 6., 7., 35., 22., 0., 0., 14., 16., 59., 142., 37., 6., 0.,
       0., 0., 3., 74., 142., 1., 0., 0., 0., 0., 0., 137., 41., 0., 0.,
       0., 0., 3., 24., 137., 49., 2., 1., 97., 106., 5., 4., 0., 0., 0.,
       0., 64., 137., 44., 11., 0., 0., 0., 0., 0., 3., 65., 46., 111.,
       8., 0., 0., 0., 0., 18., 71., 137., 29., 2., 2., 19., 82., 22.,
       40., 15., 3., 2., 6., 84., 137., 51., 14., 0., 0., 0., 0., 3.,
       25., 94., 59., 26., 0., 0., 0., 0., 0., 36., 72., 137., 62., 24.,
       13., 8., 5., 14., 63., 13., 21., 29., 46., 80., 55., 35., 16., 0.,
       0., 0., 0., 4., 13., 97., 51., 0., 0., 0., 0., 0., 0., 23., 25.,
       7., 5., 3., 0., 0., 0., 60., 62., 1., 2., 4., 3., 0., 0., 59.,
       47., 0., 0., 0., 0., 0., 0., 49., 39., 6., 17., 36., 27., 6., 0.,
       0., 0., 11., 67., 95., 14., 2., 0., 0., 0., 21., 80., 68., 6., 1.,
       0., 0., 0., 25., 42., 9., 2., 0., 0., 0., 0., 27., 17., 35., 69.,
       108., 10., 0., 1., 125., 73., 70., 37., 49., 21., 5., 33., 85.,
       97., 44., 12., 19., 68., 9., 14., 70., 108., 8., 4., 2., 2., 0.,
       1., 25., 12., 50., 106., 45., 32., 13., 2., 125., 46., 9., 35.,
       23., 24., 7., 22., 105., 25., 0., 0., 60., 119., 6., 10., 125.,
       64., 1., 0., 11., 21., 2., 13., 15., 14., 24., 19., 23., 43., 32.,
       3., 125., 54., 2., 15., 22., 24., 16., 23., 110., 28., 0., 0.,
       23., 58., 6., 9., 94., 4., 0., 0., 8., 37., 16., 27., 0., 29.,
       57., 0., 0., 0., 0., 0., 16., 42., 65., 0., 0., 0., 0., 1., 95.,
       27., 15., 3., 3., 6., 24., 70., 5., 5., 12., 27., 37., 40., 33.,
       18., 0., 32., 64., 0., 0., 0., 0., 0., 77., 59., 50., 0., 0., 0.,
       0., 4., 129., 69., 10., 51., 21., 2., 3., 42., 10., 7., 20., 129.,
       87., 8., 4., 7., 1., 23., 38., 0., 0., 0., 0., 0., 129., 36., 15.,
       0., 0., 0., 0., 55., 129., 22., 4., 83., 78., 2., 1., 90., 2., 4.,
       25., 129., 89., 0., 0., 0., 10., 14., 16., 0., 0., 0., 0., 1.,
       129., 11., 5., 5., 2., 0., 0., 65., 91., 3., 5., 129., 129., 3.,
       0., 44., 0., 2., 20., 82., 57., 0., 0., 0., 0., 42., 72., 0., 0.,
       0., 0., 0., 13., 60., 84., 0., 0., 0., 0., 0., 86., 43., 21., 2.,
       3., 5., 14., 47., 5., 7., 20., 22., 31., 23., 19., 14., 0., 40.,
       79., 0., 0., 0., 0., 0., 75., 83., 62., 0., 0., 0., 0., 2., 132.,
       70., 14., 48., 15., 2., 4., 30., 11., 6., 29., 132., 70., 7., 4.,
       6., 2., 27., 47., 1., 0., 0., 0., 0., 132., 45., 17., 0., 0., 0.,
       0., 41., 132., 19., 4., 93., 70., 2., 1., 68., 1., 4., 30., 132.,
       73., 0., 0., 0., 12., 14., 15., 2., 3., 0., 0., 1., 132., 14., 7.,
       4., 1., 0., 0., 42., 99., 3., 12., 132., 107., 1., 0., 24., 0.,
       1., 18., 95., 52., 0., 0., 0., 0., 0., 11., 45., 11., 6., 0., 0.,
       0., 2., 74., 87., 3., 2., 2., 1., 2., 4., 63., 106., 30., 18., 6.,
       6., 36., 32., 50., 78., 41., 45., 3., 4., 3., 2., 19., 101., 90.,
       61., 1., 0., 77., 28., 63., 73., 18., 28., 31., 31., 14., 19.,
       35., 24., 14., 42., 69., 44., 15., 34., 8., 2., 106., 112., 8.,
       7., 1., 10., 1., 1., 59., 112., 1., 0., 45., 60., 44., 9., 93.,
       112., 6., 10., 37., 56., 84., 41., 4., 7., 22., 55., 30., 23., 7.,
       1., 85., 112., 11., 28., 1., 78., 3., 0., 20., 29., 0., 0., 14.,
       12., 5., 2., 112., 112., 3., 11., 76., 62., 4., 2., 19., 21., 23.,
       72., 12., 13., 0., 0., 40., 37., 18., 27., 3., 13., 118., 7., 0.,
       0., 17., 34., 0., 2., 122., 32., 0., 0., 10., 11., 9., 38., 122.,
       51., 1., 1., 1., 2., 20., 54., 29., 1., 0., 0., 0., 0., 2., 12.,
       120., 17., 22., 59., 57., 19., 34., 12., 122., 25., 13., 30., 41.,
       79., 67., 34., 69., 34., 19., 57., 62., 27., 122., 51., 7., 1.,
       1., 1., 2., 7., 3., 1., 15., 6., 85., 58., 38., 11., 74., 9., 15.,
       12., 36., 30., 40., 63., 57., 11., 12., 44., 65., 32., 16., 23.,
       122., 18., 3., 2., 2., 1., 1., 15., 0., 9., 122., 23., 8., 16.,
       17., 2., 3., 5., 122., 34., 5., 10., 26., 21., 33., 43., 122.,
       53., 12., 10., 25., 13., 96., 65., 12., 1., 0., 0., 2., 7., 34.,
       2., 1., 32., 19., 0., 0., 14., 2., 26., 76., 118., 46., 1., 2.,
       2., 6., 118., 78., 10., 1., 0., 2., 3., 0., 29., 10., 7., 2., 0.,
       0., 0., 15., 1., 2., 118., 48., 0., 0., 8., 46., 20., 16., 118.,
       71., 9., 32., 62., 23., 105., 22., 5., 23., 50., 46., 39., 13.,
       118., 47., 8., 3., 5., 3., 2., 13., 2., 10., 118., 43., 9., 35.,
       27., 83., 70., 13., 35., 10., 37., 57., 42., 37., 46., 12., 40.,
       43., 48., 21., 22., 10., 40., 56., 118., 63., 14., 10., 20., 44.,
       0., 6., 24., 6., 20., 34., 91., 11., 4., 1., 25., 7., 79., 62.,
       34., 18., 5., 2., 118., 52., 6., 19., 27., 66., 11., 6., 110.,
       30., 2., 9., 71., 64., 4., 0., 6., 31., 6., 4., 19., 147., 23.,
       0., 1., 1., 1., 6., 137., 33., 10., 22., 10., 6., 14., 10., 61.,
       11., 19., 22., 15., 2., 4., 4., 2., 56., 2., 0., 1., 10., 29.,
       35., 23., 147., 47., 3., 0., 0., 3., 7., 52., 64., 23., 12., 2.,
       22., 53., 21., 18., 4., 4., 1., 1., 10., 17., 32., 32., 18., 2.,
       0., 0., 0., 49., 69., 13., 138., 147., 50., 0., 0., 9., 19., 19.,
       21., 147., 147., 2., 5., 11., 7., 5., 12., 86., 54., 8., 5., 8.,
       20., 25., 0., 0., 0., 0., 0., 44., 52., 0., 1., 14., 10., 0., 0.,
       47., 61., 3., 20., 64., 37., 0., 0., 8., 34., 114., 37., 49., 18.,
