%YAML:1.0
---
mat: !!opencv-matrix
   rows: 68
   cols: 128
   dt: f
   data: [ 104., 0., 0., 0., 0., 0., 2., 37., 79., 14., 1., 3., 7., 1.,
       60., 88., 18., 21., 2., 1., 7., 19., 92., 44., 10., 0., 0., 0.,
       3., 14., 48., 30., 120., 4., 1., 1., 1., 0., 0., 30., 120., 41.,
       9., 41., 63., 1., 1., 23., 120., 76., 5., 8., 10., 8., 20., 45.,
       35., 4., 9., 7., 3., 14., 113., 120., 120., 53., 10., 2., 0., 0.,
       0., 8., 96., 67., 45., 56., 31., 0., 0., 3., 120., 120., 15., 5.,
       4., 0., 0., 20., 54., 115., 50., 15., 4., 8., 5., 22., 40., 18.,
       2., 0., 0., 0., 0., 2., 72., 34., 12., 1., 0., 0., 0., 6., 78.,
       98., 13., 0., 0., 0., 0., 7., 17., 112., 65., 1., 0., 1., 0., 1.,
       14., 65., 37., 0., 0., 0., 26., 45., 7., 35., 93., 12., 1., 5.,
       49., 40., 1., 1., 53., 52., 5., 30., 88., 6., 0., 5., 44., 10.,
       2., 23., 80., 3., 44., 4., 0., 0., 4., 3., 57., 112., 19., 18.,
       16., 22., 57., 28., 69., 58., 112., 37., 12., 5., 4., 26., 112.,
       46., 6., 5., 3., 1., 19., 108., 112., 7., 53., 83., 72., 1., 3.,
       2., 1., 18., 14., 52., 99., 6., 45., 46., 24., 22., 88., 44.,
       112., 29., 3., 10., 19., 45., 5., 55., 112., 28., 31., 25., 7.,
       1., 14., 73., 69., 0., 0., 0., 0., 0., 6., 58., 112., 3., 0., 0.,
       0., 0., 1., 10., 112., 38., 1., 1., 1., 1., 0., 21., 112., 26.,
       3., 0., 0., 0., 5., 0., 0., 0., 0., 0., 0., 1., 131., 0., 0., 0.,
       1., 2., 1., 47., 75., 0., 0., 0., 43., 43., 9., 42., 110., 1., 0.,
       0., 6., 7., 5., 67., 13., 1., 0., 0., 0., 0., 0., 2., 131., 13.,
       1., 1., 5., 3., 3., 79., 105., 8., 3., 16., 101., 28., 7., 47.,
       131., 7., 1., 3., 13., 10., 5., 76., 16., 3., 0., 0., 0., 0., 0.,
       1., 131., 96., 19., 14., 3., 0., 0., 8., 80., 83., 54., 131., 37.,
       2., 0., 4., 131., 131., 22., 18., 5., 1., 0., 12., 11., 1., 0.,
       0., 0., 0., 0., 4., 115., 24., 6., 8., 9., 3., 2., 33., 61., 24.,
       16., 47., 37., 11., 3., 19., 131., 44., 5., 2., 0., 0., 5., 51.,
       26., 1., 0., 0., 0., 0., 0., 1., 104., 8., 0., 0., 23., 9., 0.,
       1., 49., 3., 0., 0., 48., 38., 8., 16., 125., 30., 4., 3., 0., 1.,
       2., 14., 52., 4., 0., 0., 0., 0., 0., 1., 145., 21., 0., 0., 15.,
       24., 5., 13., 73., 4., 0., 1., 57., 100., 26., 45., 145., 13., 2.,
       2., 7., 4., 5., 65., 44., 3., 0., 0., 0., 0., 0., 1., 145., 10.,
       0., 0., 14., 10., 3., 37., 105., 5., 0., 1., 128., 48., 6., 22.,
       145., 7., 0., 0., 15., 16., 5., 37., 28., 3., 0., 0., 0., 0., 0.,
       0., 145., 61., 3., 5., 12., 7., 2., 22., 77., 32., 8., 42., 124.,
       28., 2., 12., 145., 60., 10., 14., 19., 7., 2., 22., 13., 15.,
       37., 12., 11., 88., 18., 3., 1., 7., 6., 1., 9., 135., 43., 0.,
       2., 0., 0., 0., 4., 135., 53., 19., 12., 0., 0., 1., 11., 17.,
       28., 70., 19., 58., 92., 15., 1., 3., 0., 0., 94., 60., 11., 1.,
       6., 102., 17., 7., 6., 0., 0., 0., 32., 135., 28., 6., 15., 0.,
       1., 6., 44., 71., 9., 16., 48., 91., 9., 0., 0., 0., 0., 1., 135.,
       27., 0., 0., 10., 15., 4., 19., 21., 1., 0., 0., 59., 135., 24.,
       5., 0., 0., 0., 3., 31., 135., 48., 1., 37., 135., 7., 0., 0., 0.,
       0., 0., 135., 135., 1., 0., 0., 3., 1., 2., 25., 30., 4., 4., 25.,
       37., 11., 1., 3., 0., 0., 0., 21., 51., 42., 20., 43., 27., 2.,
       2., 0., 1., 18., 84., 128., 48., 2., 0., 0., 0., 1., 28., 54.,
       14., 1., 8., 10., 2., 3., 34., 2., 1., 0., 74., 128., 2., 1., 1.,
       66., 14., 29., 17., 0., 0., 3., 27., 128., 16., 2., 4., 0., 0.,
       0., 64., 54., 13., 16., 126., 11., 1., 0., 30., 0., 0., 3., 128.,
       126., 1., 0., 0., 128., 47., 29., 3., 0., 0., 0., 3., 128., 24.,
       4., 25., 13., 1., 0., 15., 17., 6., 14., 128., 49., 5., 0., 3.,
       0., 0., 3., 68., 99., 5., 0., 0., 128., 25., 1., 0., 0., 0., 2.,
       33., 128., 31., 0., 5., 15., 14., 4., 8., 11., 1., 0., 15., 55.,
       96., 15., 2., 0., 0., 0., 2., 83., 27., 1., 0., 2., 3., 35., 14.,
       0., 0., 2., 10., 18., 8., 8., 5., 1., 0., 27., 48., 38., 3., 0.,
       0., 0., 31., 60., 60., 1., 0., 0., 0., 0., 48., 86., 17., 17., 0.,
       1., 1., 0., 0., 20., 77., 89., 2., 0., 0., 0., 4., 99., 123., 26.,
       2., 0., 0., 2., 47., 123., 123., 13., 3., 3., 2., 27., 115., 77.,
       42., 18., 0., 0., 0., 0., 0., 47., 102., 123., 56., 0., 0., 1.,
       3., 15., 85., 74., 40., 2., 4., 27., 77., 63., 36., 5., 7., 28.,
       23., 92., 60., 11., 5., 1., 0., 0., 3., 2., 2., 35., 40., 49.,
       76., 10., 14., 3., 1., 7., 10., 74., 123., 81., 71., 26., 15.,
       10., 12., 1., 4., 83., 123., 68., 17., 2., 1., 54., 12., 2., 0.,
       0., 0., 1., 71., 87., 49., 5., 1., 0., 1., 20., 122., 10., 11.,
       7., 12., 19., 19., 101., 51., 1., 0., 0., 9., 78., 102., 74., 10.,
       51., 52., 33., 4., 1., 0., 2., 23., 122., 109., 14., 1., 0., 0.,
       3., 66., 62., 35., 61., 15., 3., 4., 40., 90., 16., 13., 77., 84.,
       88., 96., 54., 23., 35., 47., 8., 7., 11., 4., 0., 0., 115., 122.,
       68., 0., 0., 0., 0., 7., 21., 92., 122., 30., 0., 1., 1., 4., 4.,
       6., 99., 97., 22., 11., 1., 1., 8., 11., 1., 2., 23., 6., 0., 0.,
       47., 74., 8., 0., 0., 0., 0., 0., 75., 74., 14., 0., 0., 0., 0.,
       0., 26., 11., 2., 1., 2., 15., 3., 3., 6., 43., 62., 18., 0., 0.,
       1., 5., 53., 123., 26., 0., 0., 5., 2., 1., 69., 109., 0., 0.,
       62., 117., 1., 0., 1., 0., 0., 0., 52., 110., 31., 0., 14., 4.,
       1., 0., 0., 1., 27., 45., 110., 42., 0., 0., 0., 7., 51., 41.,
       123., 56., 1., 10., 38., 33., 4., 34., 7., 1., 2., 28., 74., 83.,
       27., 1., 43., 5., 0., 0., 1., 4., 21., 71., 73., 22., 6., 5., 1.,
       4., 100., 123., 82., 6., 17., 116., 22., 1., 38., 106., 3., 6.,
       15., 96., 48., 3., 1., 0., 32., 17., 1., 1., 31., 33., 21., 39.,
       47., 121., 45., 18., 12., 9., 6., 21., 6., 19., 56., 123., 11.,
       7., 18., 10., 9., 20., 27., 26., 3., 2., 5., 13., 66., 51., 9.,
       2., 1., 6., 22., 16., 115., 14., 0., 0., 1., 3., 26., 114., 73.,
       17., 32., 66., 79., 9., 4., 58., 3., 3., 49., 113., 47., 6., 1.,
       2., 129., 61., 3., 1., 0., 1., 4., 10., 131., 45., 7., 12., 5.,
       1., 1., 80., 47., 5., 9., 118., 131., 12., 3., 38., 11., 2., 3.,
       22., 72., 7., 2., 10., 97., 16., 1., 1., 2., 13., 18., 15., 131.,
       89., 100., 66., 1., 0., 0., 8., 26., 26., 92., 131., 34., 0., 0.,
       3., 16., 8., 5., 17., 17., 1., 0., 3., 20., 25., 47., 43., 10.,
       20., 19., 7., 43., 34., 88., 48., 0., 0., 0., 6., 54., 18., 21.,
       12., 0., 0., 1., 20., 9., 8., 3., 3., 4., 1., 1., 3., 10., 4., 0.,
       0., 0., 2., 50., 27., 39., 6., 0., 0., 0., 6., 30., 63., 51., 9.,
       0., 1., 9., 16., 101., 79., 9., 8., 2., 8., 26., 30., 64., 22.,
       94., 34., 4., 0., 1., 12., 46., 43., 76., 18., 0., 0., 47., 98.,
       50., 35., 114., 38., 0., 2., 67., 17., 12., 31., 22., 17., 4.,
       21., 114., 26., 10., 8., 113., 27., 30., 10., 12., 23., 27., 53.,
       62., 38., 52., 29., 75., 55., 19., 55., 114., 34., 29., 12., 47.,
       32., 17., 114., 12., 10., 21., 18., 86., 63., 40., 35., 11., 44.,
       86., 8., 3., 1., 0., 1., 10., 95., 105., 11., 1., 0., 1., 4., 13.,
       98., 114., 21., 5., 1., 1., 11., 4., 24., 114., 36., 9., 3., 2.,
       4., 1., 36., 118., 4., 1., 13., 89., 21., 3., 45., 41., 2., 18.,
       118., 33., 4., 11., 7., 19., 38., 62., 80., 7., 5., 38., 14., 10.,
       26., 35., 8., 2., 6., 18., 70., 118., 5., 0., 0., 2., 18., 118.,
       118., 54., 6., 18., 38., 3., 21., 39., 13., 12., 39., 118., 118.,
       9., 15., 48., 17., 16., 8., 24., 31., 28., 38., 45., 24., 18., 2.,
       1., 0., 4., 35., 118., 109., 88., 27., 4., 1., 6., 20., 12., 18.,
       115., 118., 47., 12., 20., 8., 5., 35., 67., 26., 6., 7., 27., 8.,
       23., 26., 14., 5., 5., 2., 0., 0., 63., 66., 23., 5., 2., 3., 29.,
       19., 10., 20., 35., 18., 1., 19., 118., 26., 1., 4., 25., 28.,
