%YAML:1.0
---
mat: !!opencv-matrix
   rows: 93
   cols: 128
   dt: f
   data: [ 55., 0., 0., 2., 5., 0., 7., 50., 24., 1., 0., 3., 2., 13.,
       115., 77., 10., 1., 0., 1., 1., 44., 104., 16., 12., 1., 0., 0.,
       0., 16., 19., 18., 115., 0., 0., 2., 4., 0., 1., 77., 115., 20.,
       11., 73., 57., 11., 29., 62., 115., 36., 7., 15., 25., 99., 61.,
       21., 4., 2., 7., 9., 27., 75., 61., 35., 115., 0., 0., 5., 18.,
       2., 0., 106., 88., 9., 8., 41., 115., 25., 4., 55., 115., 45.,
       38., 19., 33., 13., 5., 36., 10., 6., 18., 26., 51., 54., 24., 9.,
       115., 3., 1., 29., 31., 0., 0., 66., 20., 15., 42., 80., 62., 6.,
       1., 9., 107., 52., 57., 2., 1., 1., 2., 25., 58., 6., 3., 7., 33.,
       26., 19., 31., 81., 0., 0., 10., 30., 0., 0., 43., 119., 10., 2.,
       1., 3., 3., 36., 102., 35., 14., 1., 0., 13., 55., 98., 17., 3.,
       0., 0., 0., 20., 42., 42., 7., 119., 7., 2., 11., 24., 0., 0.,
       56., 119., 41., 20., 64., 18., 3., 0., 44., 119., 82., 10., 8.,
       11., 25., 20., 22., 12., 1., 3., 4., 12., 47., 119., 30., 102.,
       77., 14., 10., 14., 0., 0., 7., 101., 83., 49., 59., 13., 0., 0.,
       5., 119., 119., 25., 4., 1., 0., 3., 24., 23., 74., 46., 30., 12.,
       4., 21., 19., 47., 17., 2., 4., 8., 0., 0., 2., 83., 43., 6., 0.,
       0., 0., 0., 3., 56., 119., 27., 0., 0., 0., 0., 1., 3., 99., 93.,
       5., 4., 0., 0., 0., 6., 2., 35., 96., 114., 8., 9., 4., 122., 3.,
       1., 16., 32., 1., 0., 31., 64., 1., 1., 25., 78., 10., 4., 28.,
       0., 1., 4., 42., 112., 4., 1., 1., 16., 13., 103., 69., 11., 0.,
       0., 0., 122., 24., 9., 13., 5., 0., 0., 37., 62., 4., 4., 122.,
       122., 2., 2., 20., 0., 1., 15., 98., 90., 0., 0., 0., 23., 32.,
       52., 9., 0., 0., 0., 0., 122., 122., 24., 21., 1., 0., 0., 3.,
       18., 24., 24., 122., 95., 0., 0., 1., 0., 0., 6., 70., 56., 0.,
       0., 0., 7., 20., 24., 4., 0., 0., 0., 0., 44., 122., 50., 9., 0.,
       0., 0., 0., 2., 24., 64., 112., 23., 0., 0., 0., 0., 0., 24., 55.,
       10., 0., 0., 0., 47., 0., 0., 0., 0., 0., 25., 75., 51., 0., 0.,
       7., 76., 38., 16., 77., 14., 0., 0., 1., 38., 41., 118., 61., 1.,
       0., 0., 0., 6., 40., 118., 11., 112., 4., 1., 1., 1., 1., 4., 32.,
       87., 10., 2., 42., 82., 11., 3., 23., 118., 19., 3., 9., 19., 3.,
       38., 82., 29., 3., 5., 44., 92., 37., 84., 30., 118., 19., 1., 1.,
       2., 2., 1., 15., 85., 14., 2., 31., 106., 29., 3., 16., 118., 60.,
       70., 15., 18., 8., 6., 17., 19., 42., 89., 56., 91., 3., 5., 8.,
       87., 54., 8., 7., 2., 0., 0., 0., 65., 33., 9., 84., 54., 0., 0.,
       1., 111., 30., 10., 12., 8., 11., 30., 13., 9., 11., 10., 33.,
       61., 11., 28., 13., 49., 1., 0., 0., 0., 0., 2., 59., 47., 7.,
       19., 39., 4., 0., 24., 111., 16., 49., 36., 17., 7., 26., 52.,
       23., 1., 7., 18., 18., 73., 67., 8., 1., 111., 15., 3., 1., 0.,
       1., 3., 38., 81., 27., 27., 103., 28., 16., 18., 28., 111., 45.,
       22., 39., 13., 5., 10., 30., 7., 6., 7., 80., 111., 21., 4., 7.,
       111., 34., 19., 0., 0., 4., 12., 61., 31., 40., 71., 9., 7., 57.,
       111., 33., 54., 43., 22., 26., 32., 44., 111., 27., 2., 3., 9.,
       105., 96., 38., 5., 1., 43., 38., 35., 2., 1., 14., 31., 31., 18.,
       87., 111., 3., 2., 21., 37., 5., 41., 111., 35., 51., 38., 14.,
       20., 8., 0., 2., 6., 82., 92., 17., 1., 0., 4., 0., 1., 2., 11.,
       18., 81., 77., 3., 5., 5., 4., 6., 84., 112., 20., 11., 1., 1.,
       4., 6., 67., 112., 65., 2., 0., 1., 10., 7., 81., 103., 16., 43.,
       17., 14., 47., 35., 14., 12., 36., 11., 23., 112., 59., 20., 35.,
       19., 6., 112., 37., 43., 50., 31., 19., 25., 37., 22., 11., 36.,
       112., 63., 29., 22., 9., 20., 112., 46., 13., 22., 41., 8., 0.,
       14., 22., 76., 35., 24., 98., 46., 11., 112., 39., 40., 26., 70.,
       12., 9., 38., 40., 6., 13., 50., 112., 10., 3., 14., 3., 69., 60.,
       2., 0., 0., 0., 0., 2., 24., 112., 26., 5., 3., 1., 1., 9., 44.,
       112., 29., 11., 1., 0., 2., 14., 22., 54., 47., 27., 3., 1., 3.,
       7., 3., 0., 0., 0., 0., 0., 0., 44., 24., 0., 6., 27., 1., 0., 0.,
       24., 2., 0., 5., 79., 15., 1., 6., 72., 13., 1., 0., 1., 1., 0.,
       6., 30., 9., 0., 0., 0., 0., 0., 0., 141., 58., 0., 7., 63., 20.,
       0., 4., 68., 4., 0., 6., 141., 116., 13., 45., 141., 18., 1., 0.,
       3., 7., 5., 72., 39., 2., 0., 0., 0., 0., 0., 1., 141., 7., 0.,
       0., 41., 22., 1., 37., 90., 0., 0., 0., 141., 81., 2., 35., 141.,
       0., 0., 0., 7., 9., 4., 60., 29., 7., 0., 0., 0., 0., 0., 1.,
       141., 75., 10., 13., 22., 12., 1., 19., 57., 35., 19., 67., 128.,
       49., 1., 22., 80., 52., 12., 11., 6., 6., 2., 34., 5., 8., 5.,
       57., 47., 9., 5., 7., 114., 19., 3., 64., 66., 24., 14., 44., 66.,
       11., 0., 47., 136., 39., 25., 44., 0., 0., 0., 10., 105., 10., 0.,
       0., 4., 5., 4., 109., 98., 1., 0., 1., 136., 28., 4., 67., 64.,
       0., 0., 21., 77., 14., 1., 131., 136., 0., 0., 5., 0., 0., 0.,
       22., 57., 0., 0., 0., 13., 12., 8., 117., 136., 8., 1., 1., 136.,
       59., 12., 47., 44., 3., 0., 35., 43., 5., 1., 41., 136., 10., 0.,
       11., 0., 0., 0., 3., 23., 0., 0., 0., 5., 1., 0., 9., 27., 1., 0.,
       1., 63., 2., 0., 3., 14., 3., 0., 24., 7., 0., 0., 2., 80., 8.,
       0., 7., 0., 0., 0., 0., 3., 0., 0., 0., 11., 50., 33., 0., 0., 0.,
       45., 45., 4., 48., 73., 3., 0., 1., 58., 42., 2., 8., 59., 29.,
       1., 6., 87., 26., 1., 12., 39., 5., 2., 14., 90., 26., 34., 2.,
       1., 1., 4., 4., 101., 114., 21., 12., 6., 17., 64., 24., 88., 41.,
       114., 31., 8., 5., 5., 6., 114., 81., 9., 8., 12., 3., 20., 45.,
       114., 30., 44., 72., 89., 26., 5., 2., 4., 13., 13., 34., 114.,
       18., 43., 31., 15., 16., 105., 55., 114., 14., 3., 7., 11., 35.,
       6., 55., 114., 28., 18., 7., 7., 1., 11., 68., 93., 7., 0., 0.,
       0., 1., 13., 62., 106., 4., 0., 0., 0., 1., 11., 27., 109., 10.,
       0., 0., 0., 2., 1., 13., 86., 15., 4., 2., 1., 1., 4., 0., 0., 0.,
       0., 0., 0., 1., 129., 1., 0., 0., 8., 2., 0., 50., 54., 1., 0.,
       12., 129., 27., 3., 29., 82., 1., 0., 2., 24., 10., 5., 84., 24.,
       2., 0., 0., 0., 0., 0., 3., 129., 16., 3., 5., 22., 10., 0., 86.,
       57., 5., 3., 25., 129., 39., 2., 51., 92., 2., 1., 3., 15., 10.,
       5., 96., 38., 4., 0., 0., 0., 0., 0., 9., 129., 79., 42., 54.,
       15., 2., 1., 22., 59., 79., 87., 129., 59., 4., 0., 10., 82., 88.,
       22., 11., 4., 2., 1., 24., 30., 13., 0., 0., 0., 0., 0., 18., 56.,
       24., 15., 57., 75., 7., 4., 39., 105., 34., 31., 69., 69., 2., 2.,
       38., 106., 36., 5., 0., 0., 0., 7., 58., 0., 0., 6., 19., 33.,
       96., 70., 4., 46., 0., 0., 5., 72., 82., 16., 15., 104., 0., 0.,
       0., 15., 42., 14., 43., 1., 0., 0., 0., 51., 88., 10., 2., 1.,
       10., 63., 32., 39., 58., 19., 8., 55., 5., 7., 6., 113., 116., 1.,
       11., 116., 2., 0., 0., 26., 43., 7., 42., 4., 0., 0., 0., 98.,
       106., 5., 3., 20., 26., 64., 32., 17., 20., 63., 43., 40., 16.,
       8., 5., 116., 74., 15., 26., 116., 77., 3., 3., 33., 27., 1., 7.,
       11., 18., 5., 9., 116., 70., 1., 0., 21., 7., 0., 3., 30., 29.,
       116., 51., 3., 2., 0., 8., 116., 79., 24., 12., 70., 54., 4., 4.,
       28., 20., 1., 9., 23., 17., 6., 9., 68., 23., 2., 8., 98., 109.,
       7., 0., 3., 24., 21., 10., 3., 19., 23., 3., 29., 119., 50., 1.,
       1., 2., 4., 3., 43., 119., 45., 6., 1., 1., 1., 1., 31., 81.,
       108., 16., 35., 112., 47., 1., 1., 8., 10., 6., 19., 108., 119.,
       6., 10., 18., 4., 2., 78., 74., 27., 1., 9., 119., 44., 23., 5.,
       0., 10., 8., 5., 90., 119., 47., 6., 9., 7., 1., 1., 20., 27., 3.,
       53., 24., 20., 3., 4., 24., 42., 20., 119., 96., 25., 11., 12.,
       23., 16., 41., 8., 9., 43., 109., 100., 27., 18., 10., 18., 12.,
       8., 7., 2., 1., 4., 5., 10., 14., 16., 14., 3., 4., 7., 2., 23.,
