%YAML:1.0
---
mat: !!opencv-matrix
   rows: 89
   cols: 128
   dt: f
   data: [ 0., 1., 20., 77., 45., 0., 1., 1., 10., 1., 5., 111., 111.,
       2., 3., 40., 60., 27., 9., 19., 5., 1., 2., 111., 34., 27., 2.,
       0., 0., 0., 22., 95., 4., 4., 33., 111., 88., 2., 0., 0., 111.,
       16., 8., 107., 75., 6., 3., 63., 82., 88., 21., 34., 77., 6., 2.,
       45., 90., 111., 13., 1., 1., 0., 0., 3., 3., 10., 53., 37., 75.,
       22., 2., 1., 89., 44., 27., 32., 50., 37., 9., 9., 106., 35., 32.,
       83., 41., 2., 0., 11., 111., 76., 20., 1., 1., 0., 0., 5., 0.,
       33., 96., 3., 3., 3., 0., 0., 1., 10., 70., 37., 11., 12., 3., 0.,
       52., 60., 20., 26., 8., 2., 0., 8., 27., 66., 52., 0., 0., 0., 0.,
       2., 36., 63., 45., 3., 0., 0., 0., 6., 45., 77., 43., 2., 0., 0.,
       0., 7., 39., 19., 23., 8., 0., 0., 0., 3., 16., 24., 46., 3., 0.,
       0., 0., 3., 29., 53., 55., 20., 36., 10., 3., 31., 116., 116.,
       59., 25., 25., 5., 0., 22., 65., 34., 82., 116., 48., 1., 0., 8.,
       29., 79., 116., 34., 24., 8., 4., 16., 32., 9., 0., 7., 46., 34.,
       45., 38., 116., 71., 9., 13., 32., 18., 62., 65., 66., 29., 13.,
       63., 92., 88., 55., 47., 79., 20., 11., 30., 80., 29., 56., 52.,
       21., 0., 0., 0., 1., 15., 61., 48., 19., 1., 0., 0., 1., 8., 114.,
       94., 10., 1., 0., 0., 1., 50., 99., 51., 5., 1., 1., 3., 4., 19.,
       116., 45., 81., 74., 1., 0., 0., 0., 0., 0., 99., 129., 50., 0.,
       0., 0., 0., 1., 20., 78., 129., 4., 0., 0., 5., 13., 10., 33.,
       94., 36., 3., 6., 16., 16., 37., 46., 2., 0., 0., 0., 0., 19.,
       129., 102., 31., 0., 0., 0., 8., 129., 37., 20., 58., 2., 0., 0.,
       65., 129., 31., 11., 10., 5., 2., 7., 57., 111., 52., 8., 0., 0.,
       0., 0., 0., 10., 129., 59., 0., 0., 0., 0., 1., 53., 129., 25.,
       0., 0., 0., 0., 5., 63., 45., 12., 4., 1., 0., 0., 2., 32., 18.,
       7., 0., 0., 0., 0., 0., 0., 129., 81., 0., 0., 0., 0., 0., 0.,
       129., 63., 0., 0., 0., 0., 0., 0., 18., 25., 18., 1., 0., 0., 0.,
       0., 25., 126., 25., 1., 0., 0., 0., 0., 7., 44., 126., 76., 0.,
       0., 0., 7., 57., 23., 85., 63., 8., 2., 9., 51., 31., 2., 3., 9.,
       5., 2., 20., 88., 17., 126., 100., 1., 0., 0., 0., 0., 126., 56.,
       107., 33., 0., 0., 0., 54., 126., 19., 7., 8., 0., 0., 0., 115.,
       61., 18., 5., 2., 1., 0., 1., 14., 36., 22., 13., 0., 0., 0., 0.,
       1., 126., 126., 3., 0., 0., 0., 0., 8., 78., 126., 0., 0., 0., 0.,
       0., 5., 19., 79., 12., 3., 0., 0., 0., 0., 1., 2., 0., 0., 0., 0.,
       0., 0., 15., 108., 0., 0., 0., 0., 0., 0., 24., 126., 0., 0., 0.,
       0., 0., 0., 6., 98., 2., 1., 0., 0., 0., 0., 2., 2., 4., 57., 61.,
       50., 6., 1., 88., 26., 7., 12., 13., 5., 0., 22., 91., 33., 27.,
       7., 0., 0., 0., 31., 3., 26., 29., 5., 0., 0., 0., 1., 3., 1., 2.,
       53., 73., 103., 22., 1., 116., 9., 3., 14., 38., 30., 2., 32.,
       52., 37., 74., 56., 55., 62., 6., 12., 9., 116., 83., 6., 3., 17.,
       6., 1., 2., 2., 1., 17., 116., 43., 7., 0., 116., 94., 4., 16.,
       108., 18., 0., 5., 52., 45., 6., 4., 36., 116., 16., 2., 19., 61.,
       10., 7., 59., 72., 15., 3., 0., 0., 3., 14., 96., 39., 0., 0.,
       47., 108., 3., 2., 90., 108., 11., 1., 24., 116., 58., 18., 14.,
       9., 10., 4., 13., 9., 19., 38., 77., 13., 11., 4., 81., 20., 0.,
       0., 0., 0., 0., 0., 126., 114., 25., 4., 0., 0., 0., 1., 8., 24.,
       63., 126., 24., 0., 0., 0., 7., 30., 82., 100., 35., 0., 0., 0.,
       60., 13., 0., 0., 0., 0., 0., 6., 126., 63., 14., 2., 4., 11.,
       13., 71., 8., 9., 21., 43., 85., 68., 14., 16., 11., 25., 7., 22.,
       126., 32., 1., 2., 53., 6., 0., 0., 0., 0., 0., 3., 126., 62., 1.,
       1., 6., 5., 3., 34., 28., 14., 1., 2., 60., 119., 44., 22., 5.,
       0., 0., 0., 67., 126., 102., 12., 28., 3., 0., 0., 0., 0., 0., 0.,
       126., 31., 0., 0., 0., 0., 0., 23., 74., 22., 6., 0., 0., 21.,
       52., 45., 2., 5., 12., 1., 0., 42., 126., 17., 7., 12., 16., 7.,
       3., 0., 0., 5., 3., 9., 44., 124., 90., 12., 4., 2., 90., 110.,
       69., 46., 20., 12., 20., 31., 26., 30., 10., 19., 2., 0., 1., 8.,
       0., 11., 62., 18., 7., 0., 0., 0., 20., 3., 16., 113., 124., 9.,
       2., 8., 124., 33., 9., 23., 49., 7., 3., 48., 49., 31., 10., 24.,
       3., 0., 0., 2., 0., 18., 121., 30., 4., 0., 0., 0., 24., 14., 44.,
       124., 99., 4., 0., 2., 124., 90., 20., 13., 16., 2., 0., 5., 17.,
       36., 53., 4., 2., 0., 0., 0., 0., 21., 124., 31., 1., 0., 0., 0.,
       16., 29., 48., 124., 7., 0., 0., 0., 59., 124., 53., 5., 0., 0.,
       0., 0., 1., 38., 124., 0., 0., 0., 0., 0., 0., 0., 0., 0., 2.,
       29., 124., 12., 8., 0., 0., 0., 24., 124., 43., 28., 35., 0., 0.,
       0., 1., 7., 57., 124., 0., 0., 0., 0., 0., 0., 124., 28., 1., 0.,
       0., 0., 9., 37., 93., 10., 24., 6., 0., 1., 108., 124., 27., 22.,
       124., 14., 0., 0., 12., 8., 28., 115., 8., 0., 0., 0., 0., 0.,
       98., 31., 8., 0., 0., 0., 19., 39., 17., 13., 31., 9., 4., 10.,
       124., 83., 8., 12., 124., 39., 4., 6., 39., 10., 9., 54., 28., 1.,
       0., 0., 0., 2., 46., 24., 4., 0., 0., 0., 9., 36., 12., 16., 8.,
       3., 8., 17., 89., 119., 49., 27., 102., 29., 16., 8., 15., 29.,
       56., 124., 19., 3., 0., 1., 8., 8., 12., 18., 0., 0., 35., 55.,
       9., 19., 97., 16., 4., 11., 55., 109., 33., 34., 47., 6., 95.,
       43., 15., 16., 5., 4., 5., 20., 67., 10., 6., 2., 0., 0., 0., 52.,
       5., 3., 4., 26., 54., 46., 50., 3., 18., 9., 4., 70., 122., 82.,
       8., 1., 122., 35., 17., 17., 18., 7., 0., 17., 43., 78., 99., 15.,
       6., 2., 0., 5., 7., 2., 2., 15., 49., 35., 2., 4., 18., 5., 1.,
       22., 122., 122., 4., 2., 122., 53., 8., 14., 61., 50., 4., 14.,
       14., 66., 50., 17., 39., 104., 13., 2., 0., 0., 8., 32., 6., 1.,
       0., 0., 2., 4., 3., 22., 122., 54., 0., 0., 58., 122., 12., 5.,
       85., 68., 8., 2., 10., 58., 35., 29., 52., 33., 7., 2., 0., 3.,
       33., 100., 47., 27., 7., 0., 39., 99., 82., 40., 11., 28., 53.,
       50., 35., 40., 11., 23., 4., 1., 3., 31., 16., 25., 6., 7., 2.,
       1., 0., 2., 4., 3., 23., 124., 130., 10., 2., 3., 130., 102., 52.,
       43., 63., 10., 5., 52., 104., 54., 17., 45., 3., 0., 0., 6., 26.,
       49., 15., 7., 0., 0., 0., 0., 11., 1., 8., 90., 130., 7., 1., 2.,
       130., 33., 3., 13., 45., 6., 2., 26., 79., 37., 14., 26., 8., 0.,
       0., 3., 20., 41., 32., 2., 1., 0., 0., 0., 6., 10., 32., 130.,
       47., 2., 0., 1., 125., 115., 20., 16., 10., 2., 0., 2., 25., 61.,
       79., 1., 1., 0., 0., 0., 1., 16., 91., 0., 0., 0., 0., 0., 30.,
       5., 0., 1., 1., 1., 0., 0., 5., 1., 2., 31., 95., 28., 0., 0., 7.,
       2., 1., 18., 123., 83., 2., 2., 119., 54., 0., 0., 77., 73., 2.,
       1., 33., 3., 1., 17., 16., 2., 0., 2., 8., 5., 19., 123., 87.,
       24., 1., 1., 123., 23., 17., 70., 55., 75., 7., 18., 62., 43., 0.,
       0., 114., 123., 4., 5., 15., 23., 30., 5., 20., 10., 0., 0., 8.,
       3., 15., 45., 111., 123., 7., 6., 123., 22., 23., 14., 29., 55.,
       11., 35., 34., 20., 31., 13., 106., 123., 2., 3., 27., 41., 51.,
       3., 1., 2., 4., 9., 1., 2., 26., 38., 34., 21., 28., 11., 15.,
       12., 19., 12., 17., 30., 95., 14., 40., 13., 24., 8., 9., 49.,
       44., 20., 122., 2., 0., 19., 96., 1., 1., 44., 98., 9., 6., 41.,
       24., 52., 26., 34., 18., 93., 19., 19., 12., 19., 15., 13., 8.,
       45., 52., 7., 0., 1., 6., 7., 122., 6., 4., 50., 56., 0., 0., 66.,
       90., 11., 17., 122., 40., 13., 13., 25., 122., 23., 13., 47., 9.,
       8., 25., 70., 21., 9., 4., 2., 5., 53., 33., 24., 122., 5., 4.,
       27., 16., 1., 4., 115., 25., 4., 5., 48., 23., 14., 122., 93.,
       90., 6., 1., 6., 3., 4., 113., 118., 17., 0., 0., 11., 20., 36.,
       3., 15., 74., 0., 0., 0., 1., 1., 2., 120., 38., 0., 0., 4., 2.,
       1., 26., 80., 0., 0., 0., 25., 8., 1., 24., 10., 0., 0., 0., 37.,
