%YAML:1.0
---
mat: !!opencv-matrix
   rows: 99
   cols: 128
   dt: f
   data: [ 0., 0., 0., 2., 1., 0., 0., 0., 0., 2., 20., 12., 1., 0., 0.,
       0., 5., 22., 20., 2., 0., 0., 0., 0., 7., 9., 1., 0., 0., 0., 0.,
       0., 0., 0., 3., 68., 14., 0., 0., 0., 9., 23., 119., 129., 57.,
       12., 2., 2., 129., 129., 111., 28., 5., 4., 2., 16., 38., 12., 0.,
       0., 0., 1., 17., 21., 0., 2., 12., 69., 63., 30., 4., 0., 18.,
       12., 17., 71., 84., 129., 54., 12., 129., 44., 7., 6., 11., 53.,
       37., 90., 88., 4., 0., 0., 1., 5., 47., 79., 5., 12., 34., 74.,
       68., 55., 15., 11., 56., 42., 29., 13., 10., 50., 53., 76., 100.,
       35., 35., 17., 8., 26., 81., 129., 85., 28., 5., 5., 21., 7., 15.,
       70., 0., 3., 39., 54., 38., 1., 0., 0., 11., 48., 117., 22., 8.,
       1., 0., 2., 4., 83., 91., 4., 3., 1., 0., 1., 6., 43., 17., 22.,
       11., 0., 0., 0., 7., 2., 7., 25., 117., 9., 0., 0., 117., 31.,
       29., 19., 92., 14., 1., 20., 72., 95., 45., 19., 115., 23., 2.,
       10., 105., 83., 6., 15., 83., 4., 0., 5., 7., 0., 0., 12., 117.,
       29., 9., 2., 117., 20., 1., 15., 87., 21., 33., 31., 74., 10., 2.,
       22., 115., 21., 42., 89., 112., 5., 0., 0., 56., 28., 5., 82., 0.,
       0., 0., 1., 31., 54., 33., 2., 9., 1., 4., 13., 9., 26., 117.,
       33., 6., 7., 37., 11., 4., 6., 68., 64., 10., 22., 33., 0., 3.,
       12., 5., 35., 3., 12., 5., 35., 10., 22., 34., 0., 4., 6., 68.,
       64., 6., 7., 37., 12., 9., 26., 117., 33., 9., 1., 4., 13., 32.,
       54., 33., 2., 0., 0., 0., 1., 55., 29., 5., 82., 113., 5., 0., 0.,
       114., 21., 42., 88., 74., 11., 2., 22., 88., 21., 32., 31., 118.,
       20., 1., 14., 118., 29., 9., 2., 7., 0., 0., 11., 84., 4., 0., 5.,
       105., 83., 6., 14., 115., 23., 2., 10., 72., 95., 45., 19., 91.,
       15., 1., 19., 118., 31., 29., 18., 118., 10., 0., 0., 7., 2., 7.,
       25., 12., 0., 0., 0., 6., 43., 17., 23., 3., 1., 0., 1., 4., 82.,
       91., 4., 8., 1., 0., 2., 11., 48., 118., 22., 37., 1., 0., 0., 0.,
       3., 40., 54., 0., 8., 60., 27., 20., 9., 10., 9., 11., 66., 53.,
       13., 8., 30., 15., 0., 3., 8., 21., 68., 13., 27., 49., 1., 5.,
       7., 73., 34., 5., 3., 22., 18., 10., 12., 16., 30., 123., 15., 5.,
       10., 123., 103., 25., 28., 98., 2., 0., 1., 74., 18., 17., 123.,
       123., 16., 1., 5., 86., 16., 33., 37., 78., 13., 2., 23., 12.,
       12., 3., 14., 123., 57., 34., 10., 123., 4., 0., 3., 76., 41.,
       60., 82., 67., 3., 0., 4., 119., 123., 30., 18., 65., 19., 2.,
       14., 64., 52., 57., 14., 1., 0., 0., 0., 10., 42., 42., 4., 6.,
       0., 0., 0., 7., 23., 71., 35., 2., 0., 0., 0., 9., 53., 24., 8.,
       1., 0., 0., 0., 3., 40., 75., 2., 19., 1., 5., 7., 40., 17., 9.,
       31., 27., 38., 34., 30., 145., 20., 3., 2., 145., 97., 18., 9.,
       26., 0., 0., 0., 19., 4., 6., 89., 107., 1., 0., 1., 32., 38., 5.,
       15., 63., 3., 1., 5., 61., 6., 1., 17., 145., 19., 6., 7., 145.,
       23., 0., 2., 52., 8., 5., 15., 40., 4., 0., 12., 145., 84., 4.,
       2., 21., 23., 3., 9., 23., 22., 48., 25., 13., 2., 0., 8., 108.,
       116., 129., 22., 111., 7., 0., 0., 9., 19., 108., 98., 15., 2.,
       0., 0., 25., 100., 15., 9., 0., 0., 0., 0., 7., 9., 16., 2., 0.,
       0., 0., 0., 9., 16., 30., 1., 0., 0., 0., 1., 9., 5., 27., 6., 0.,
       0., 0., 1., 8., 6., 2., 1., 8., 7., 3., 1., 0., 0., 0., 1., 9.,
       5., 27., 6., 0., 0., 0., 1., 9., 16., 29., 1., 0., 0., 0., 0., 8.,
       9., 14., 1., 0., 0., 0., 0., 31., 105., 15., 9., 16., 2., 0., 0.,
       9., 19., 108., 98., 113., 6., 0., 0., 106., 118., 130., 22., 13.,
       2., 0., 9., 22., 23., 49., 24., 20., 20., 2., 8., 146., 74., 3.,
       2., 41., 3., 0., 15., 54., 7., 5., 17., 146., 16., 0., 3., 146.,
       18., 6., 7., 59., 5., 1., 26., 60., 3., 1., 6., 33., 39., 6., 17.,
       97., 1., 0., 1., 19., 4., 7., 91., 27., 0., 0., 0., 146., 97.,
       19., 11., 146., 17., 3., 2., 24., 34., 32., 32., 39., 16., 8.,
       32., 19., 1., 4., 6., 77., 82., 4., 4., 28., 4., 0., 0., 21., 10.,
       27., 44., 151., 17., 0., 0., 151., 50., 31., 12., 30., 2., 0.,
       14., 45., 5., 6., 7., 22., 38., 5., 13., 151., 19., 0., 0., 35.,
       4., 1., 46., 41., 1., 0., 0., 151., 58., 3., 5., 151., 13., 1.,
       0., 51., 18., 4., 15., 74., 10., 4., 20., 29., 8., 1., 3., 54.,
       2., 2., 0., 9., 6., 6., 95., 9., 1., 1., 0., 85., 151., 50., 8.,
       128., 24., 3., 1., 9., 64., 115., 54., 29., 24., 16., 31., 10.,
       1., 28., 21., 2., 22., 69., 0., 0., 0., 5., 11., 2., 44., 35., 0.,
       0., 14., 17., 2., 2., 22., 7., 1., 0., 12., 67., 8., 1., 2., 15.,
       23., 0., 0., 37., 17., 0., 1., 47., 16., 1., 2., 17., 12., 0.,
       20., 70., 7., 4., 15., 3., 1., 0., 19., 19., 2., 4., 54., 16., 0.,
       0., 1., 12., 4., 1., 46., 55., 0., 9., 1., 19., 12., 38., 19.,
       18., 40., 12., 66., 87., 63., 138., 17., 4., 1., 95., 138., 42.,
       10., 6., 2., 1., 1., 9., 5., 9., 73., 20., 5., 5., 0., 24., 10.,
       1., 18., 84., 3., 2., 14., 70., 13., 3., 70., 138., 2., 0., 7.,
       138., 32., 2., 11., 30., 0., 0., 29., 26., 2., 4., 103., 138., 3.,
       0., 3., 20., 21., 3., 23., 62., 13., 9., 7., 54., 0., 0., 36.,
       138., 51., 40., 27., 138., 2., 0., 1., 19., 5., 16., 52., 18., 1.,
       0., 6., 138., 66., 3., 4., 3., 41., 76., 58., 46., 42., 18., 3.,
       69., 24., 61., 30., 11., 33., 46., 82., 63., 16., 80., 114., 6.,
       0., 0., 30., 114., 10., 17., 33., 2., 0., 0., 78., 96., 81., 52.,
       47., 10., 2., 0., 15., 23., 45., 114., 83., 47., 28., 8., 6.,
       114., 50., 68., 46., 7., 4., 7., 82., 114., 40., 13., 7., 0., 0.,
       0., 64., 104., 28., 3., 4., 4., 5., 49., 61., 38., 11., 3., 6.,
       27., 72., 90., 51., 114., 20., 2., 1., 1., 11., 71., 114., 61.,
       40., 14., 9., 2., 0., 0., 13., 4., 0., 0., 0., 0., 5., 89., 28.,
       14., 2., 0., 0., 0., 1., 30., 43., 11., 24., 11., 0., 0., 0., 9.,
       20., 4., 28., 34., 0., 0., 0., 0., 2., 8., 29., 63., 68., 49., 0.,
       0., 0., 64., 113., 116., 29., 13., 2., 0., 3., 27., 46., 70., 19.,
       9., 11., 3., 9., 29., 37., 17., 13., 14., 1., 1., 9., 85., 28.,
       9., 28., 138., 23., 1., 10., 138., 45., 17., 17., 89., 17., 3.,
       25., 106., 16., 8., 17., 22., 42., 13., 37., 63., 10., 1., 6.,
       75., 5., 2., 32., 41., 4., 4., 0., 102., 120., 31., 41., 138.,
       20., 5., 5., 33., 70., 98., 73., 82., 26., 17., 34., 8., 1., 22.,
       39., 59., 13., 15., 14., 67., 5., 1., 13., 5., 53., 38., 0., 1.,
       17., 26., 11., 6., 32., 28., 21., 0., 13., 73., 18., 10., 5., 82.,
       62., 0., 0., 27., 33., 16., 15., 72., 11., 8., 4., 4., 31., 42.,
       6., 1., 0., 0., 0., 0., 0., 22., 3., 6., 13., 39., 7., 0., 1., 9.,
       6., 3., 15., 123., 42., 0., 0., 123., 58., 2., 7., 76., 14., 0.,
       1., 35., 8., 7., 10., 7., 3., 0., 1., 22., 15., 69., 84., 22.,
       16., 0., 1., 86., 19., 19., 20., 123., 99., 4., 11., 123., 79.,
       0., 1., 123., 87., 1., 3., 17., 24., 4., 6., 8., 11., 1., 2., 34.,
       7., 11., 32., 62., 68., 3., 6., 123., 29., 34., 10., 85., 48., 2.,
       16., 71., 98., 11., 9., 123., 119., 1., 1., 9., 13., 4., 4., 3.,
       3., 4., 11., 6., 4., 5., 19., 22., 27., 54., 15., 31., 25., 51.,
       10., 12., 54., 57., 9., 35., 25., 16., 7., 83., 123., 11., 8.,
       19., 47., 0., 0., 140., 59., 0., 0., 67., 140., 19., 9., 28., 13.,
       1., 6., 4., 20., 26., 17., 15., 5., 1., 2., 0., 22., 40., 6., 1.,
       0., 0., 0., 17., 6., 0., 1., 140., 69., 0., 2., 140., 33., 2., 2.,
       64., 29., 6., 55., 29., 4., 8., 11., 66., 64., 9., 19., 4., 16.,
       11., 3., 4., 7., 10., 12., 12., 5., 1., 7., 140., 57., 1., 2.,
       140., 26., 1., 6., 86., 38., 3., 22., 70., 5., 0., 0., 111., 66.,
       5., 16., 12., 1., 0., 0., 11., 28., 26., 55., 10., 4., 1., 26.,
       140., 3., 0., 1., 140., 33., 3., 23., 88., 2., 0., 11., 78., 6.,
