%YAML:1.0
---
mat: !!opencv-matrix
   rows: 127
   cols: 128
   dt: f
   data: [ 1., 38., 135., 21., 10., 9., 15., 5., 4., 48., 135., 5., 1.,
       13., 39., 4., 2., 6., 38., 36., 23., 70., 29., 9., 0., 0., 0., 5.,
       15., 73., 76., 49., 17., 35., 135., 135., 109., 2., 0., 0., 135.,
       132., 135., 6., 1., 0., 1., 32., 63., 24., 54., 11., 1., 0., 42.,
       67., 1., 2., 49., 11., 1., 2., 40., 45., 28., 3., 2., 45., 55.,
       0., 0., 2., 135., 36., 16., 2., 1., 0., 0., 13., 38., 31., 135.,
       26., 0., 0., 1., 5., 0., 1., 135., 73., 0., 0., 0., 0., 0., 0.,
       0., 0., 0., 0., 0., 0., 1., 0., 0., 0., 0., 0., 0., 0., 0., 0.,
       9., 5., 0., 0., 0., 0., 0., 0., 34., 19., 0., 0., 0., 0., 0., 0.,
       0., 0., 0., 0., 0., 0., 0., 0., 0., 0., 0., 0., 0., 0., 0., 0.,
       0., 0., 0., 6., 6., 0., 0., 0., 0., 0., 0., 27., 34., 0., 35., 3.,
       0., 0., 41., 43., 2., 5., 141., 15., 0., 0., 0., 2., 7., 33., 55.,
       7., 1., 0., 0., 25., 141., 45., 1., 2., 0., 0., 0., 64., 141.,
       11., 25., 1., 0., 0., 88., 141., 130., 54., 141., 21., 0., 0., 0.,
       6., 108., 141., 83., 78., 31., 0., 0., 4., 38., 36., 2., 37., 78.,
       3., 1., 2., 46., 10., 3., 3., 16., 7., 9., 29., 141., 50., 5., 2.,
       44., 18., 2., 3., 126., 83., 18., 18., 22., 13., 3., 16., 37.,
       13., 7., 10., 40., 5., 5., 59., 24., 4., 24., 0., 0., 0., 0., 0.,
       0., 8., 181., 2., 0., 0., 0., 0., 0., 148., 157., 11., 19., 3.,
       2., 13., 20., 130., 3., 6., 15., 6., 7., 33., 22., 9., 74., 0.,
       0., 0., 0., 0., 1., 24., 181., 11., 0., 0., 0., 0., 1., 113.,
       150., 18., 46., 9., 3., 27., 14., 35., 30., 8., 29., 8., 5., 10.,
       6., 29., 21., 0., 0., 0., 0., 0., 0., 6., 181., 43., 0., 0., 0.,
       0., 1., 33., 164., 56., 1., 2., 7., 36., 13., 12., 23., 6., 7.,
       12., 8., 16., 7., 18., 0., 0., 0., 0., 0., 0., 0., 0., 32., 5.,
       0., 0., 0., 0., 0., 5., 56., 36., 27., 17., 2., 1., 0., 4., 2.,
       29., 55., 24., 7., 3., 0., 0., 45., 108., 6., 0., 14., 93., 3.,
       2., 110., 86., 8., 1., 1., 3., 3., 8., 35., 2., 0., 5., 3., 1.,
       0., 3., 0., 0., 0., 44., 13., 0., 0., 0., 11., 31., 1., 0., 39.,
       155., 11., 5., 155., 79., 4., 2., 5., 53., 23., 41., 52., 8., 9.,
       70., 3., 0., 0., 4., 0., 0., 1., 106., 12., 0., 3., 11., 1., 0.,
       10., 20., 10., 100., 18., 3., 42., 3., 16., 42., 6., 53., 49.,
       51., 11., 3., 24., 109., 1., 0., 10., 31., 0., 0., 9., 155., 7.,
       0., 4., 15., 0., 0., 37., 50., 1., 1., 10., 16., 0., 0., 43.,
       108., 2., 1., 16., 36., 0., 0., 75., 155., 1., 0., 8., 16., 0.,
       0., 32., 155., 0., 0., 0., 0., 13., 120., 121., 7., 0., 0., 1.,
       1., 44., 123., 17., 0., 1., 55., 9., 2., 8., 10., 1., 7., 14.,
       123., 34., 1., 0., 0., 0., 2., 2., 11., 6., 0., 116., 59., 26.,
       2., 0., 1., 3., 39., 123., 72., 4., 2., 6., 3., 0., 30., 30., 10.,
       11., 119., 85., 38., 5., 6., 0., 0., 10., 52., 14., 11., 9., 1.,
       76., 1., 0., 0., 0., 18., 74., 79., 123., 19., 0., 0., 6., 4.,
       12., 104., 38., 5., 1., 19., 81., 117., 64., 14., 0., 0., 1., 12.,
       17., 42., 111., 7., 25., 0., 0., 7., 11., 20., 73., 76., 31., 1.,
       1., 13., 5., 4., 39., 123., 17., 9., 4., 16., 14., 17., 27., 18.,
       6., 2., 0., 32., 92., 14., 21., 4., 0., 0., 0., 0., 0., 0., 0.,
       0., 14., 3., 0., 0., 0., 0., 0., 1., 37., 6., 5., 8., 0., 7., 33.,
       22., 46., 30., 41., 8., 0., 5., 21., 18., 15., 2., 0., 0., 0., 0.,
       0., 1., 152., 33., 0., 1., 1., 0., 0., 25., 152., 11., 32., 132.,
       62., 5., 12., 18., 32., 67., 148., 87., 16., 2., 2., 4., 14., 1.,
       0., 0., 0., 0., 0., 2., 152., 11., 0., 1., 2., 1., 0., 50., 133.,
       8., 3., 34., 124., 125., 25., 22., 93., 17., 15., 23., 41., 108.,
       62., 34., 0., 0., 0., 0., 0., 0., 0., 0., 13., 0., 0., 0., 0., 0.,
       0., 9., 13., 0., 0., 0., 1., 48., 69., 47., 10., 3., 3., 0., 0.,
       90., 152., 32., 27., 10., 36., 52., 5., 11., 107., 83., 98., 70.,
       10., 14., 25., 15., 13., 12., 20., 11., 1., 6., 93., 48., 2., 2.,
       43., 10., 1., 1., 59., 17., 1., 3., 2., 2., 110., 110., 6., 8.,
       90., 44., 110., 61., 40., 49., 16., 8., 34., 79., 48., 12., 1.,
       3., 110., 28., 1., 13., 37., 7., 1., 4., 75., 13., 2., 9., 14.,
       2., 26., 28., 7., 36., 110., 110., 102., 21., 10., 20., 18., 50.,
       47., 48., 44., 11., 0., 4., 110., 38., 1., 5., 28., 5., 1., 8.,
       66., 14., 2., 4., 13., 8., 110., 75., 7., 13., 29., 33., 78., 17.,
       53., 48., 11., 7., 11., 93., 30., 2., 0., 35., 76., 14., 1., 15.,
       23., 0., 0., 26., 54., 7., 1., 3., 44., 5., 1., 8., 28., 0., 0.,
       31., 76., 13., 1., 9., 17., 0., 0., 48., 14., 3., 13., 103., 73.,
       14., 39., 30., 6., 12., 49., 42., 10., 9., 112., 55., 63., 7., 2.,
       8., 29., 4., 1., 14., 112., 23., 1., 7., 39., 6., 0., 9., 24.,
       47., 39., 46., 105., 14., 14., 19., 11., 42., 112., 85., 12., 3.,
       37., 25., 80., 7., 2., 13., 32., 5., 1., 7., 112., 13., 1., 18.,
       56., 10., 1., 9., 13., 9., 47., 95., 112., 45., 49., 44., 4., 10.,
       108., 36., 1., 1., 112., 104., 63., 12., 1., 4., 35., 6., 1., 3.,
       104., 33., 1., 2., 31., 12., 1., 10., 17., 13., 25., 19., 112.,
       51., 18., 21., 5., 18., 112., 61., 12., 3., 51., 47., 0., 0., 0.,
       0., 0., 10., 147., 7., 0., 1., 1., 0., 0., 64., 147., 1., 0., 1.,
       1., 0., 0., 147., 147., 0., 0., 0., 0., 0., 0., 147., 147., 0.,
       1., 2., 9., 58., 14., 11., 42., 2., 43., 34., 25., 32., 5., 11.,
       32., 9., 12., 3., 4., 0., 0., 50., 86., 6., 0., 5., 6., 0., 0.,
       95., 100., 0., 13., 4., 11., 121., 86., 0., 0., 1., 147., 31.,
       15., 35., 28., 1., 2., 22., 48., 3., 2., 0., 0., 15., 19., 6., 0.,
       1., 2., 1., 1., 44., 25., 0., 27., 2., 7., 43., 82., 13., 6., 3.,
       147., 2., 1., 9., 21., 1., 0., 27., 28., 1., 3., 2., 0., 0., 0.,
       3., 0., 0., 3., 3., 1., 2., 0., 0., 14., 3., 0., 0., 133., 42.,
       0., 1., 133., 82., 9., 1., 47., 9., 0., 9., 25., 32., 77., 15.,
       1., 1., 1., 6., 10., 3., 27., 38., 22., 3., 2., 16., 7., 1., 0.,
       0., 133., 40., 0., 2., 133., 40., 6., 2., 89., 18., 10., 63., 35.,
       17., 46., 16., 18., 41., 35., 47., 32., 4., 19., 8., 3., 8., 5.,
       100., 5., 0., 0., 0., 133., 39., 0., 0., 133., 53., 4., 5., 108.,
       20., 1., 12., 65., 24., 7., 28., 16., 7., 4., 82., 14., 0., 0.,
       1., 2., 2., 2., 77., 0., 0., 0., 0., 133., 29., 1., 0., 115., 26.,
       1., 1., 101., 23., 7., 64., 78., 9., 1., 1., 1., 0., 0., 91., 3.,
       0., 0., 1., 3., 0., 0., 10., 1., 1., 131., 60., 6., 36., 53., 6.,
       10., 18., 131., 41., 3., 6., 80., 32., 131., 19., 40., 17., 6.,
       3., 11., 73., 40., 0., 0., 1., 16., 8., 1., 34., 6., 5., 5., 4.,
       4., 131., 124., 14., 18., 3., 9., 33., 23., 77., 115., 45., 131.,
       11., 4., 13., 5., 11., 16., 50., 34., 3., 13., 45., 12., 1., 0.,
       8., 24., 84., 4., 1., 6., 55., 4., 0., 11., 3., 3., 9., 47., 131.,
       9., 3., 131., 35., 6., 19., 23., 42., 6., 7., 14., 10., 29., 104.,
       17., 6., 4., 0., 56., 131., 4., 0., 0., 1., 0., 0., 2., 42., 8.,
       3., 56., 35., 0., 0., 37., 35., 3., 5., 62., 40., 1., 1., 13.,
       27., 3., 11., 15., 30., 36., 2., 0., 1., 3., 23., 11., 93., 76.,
       0., 3., 9., 16., 25., 8., 111., 126., 1., 5., 10., 16., 13., 3.,
       58., 126., 4., 6., 7., 4., 8., 15., 53., 126., 6., 4., 6., 8.,
       72., 100., 13., 1., 1., 120., 29., 27., 61., 58., 27., 11., 23.,
       56., 39., 33., 38., 99., 46., 22., 8., 78., 51., 17., 65., 39.,
       4., 33., 5., 2., 50., 18., 5., 68., 55., 5., 2., 91., 21., 10.,
       14., 42., 73., 44., 24., 53., 22., 8., 45., 126., 61., 28., 7.,
       79., 36., 5., 25., 85., 20., 29., 11., 0., 87., 26., 0., 1., 6.,
       2., 0., 0., 30., 71., 2., 1., 20., 26., 1., 3., 15., 56., 2., 7.,
       54., 53., 5., 6., 9., 34., 2., 4., 14., 75., 13., 13., 25., 80.,
