%YAML:1.0
---
mat: !!opencv-matrix
   rows: 51
   cols: 128
   dt: f
   data: [ 6., 87., 111., 2., 1., 2., 1., 0., 4., 69., 111., 1., 1., 0.,
       0., 1., 1., 36., 100., 6., 3., 1., 0., 0., 0., 18., 47., 10., 3.,
       0., 0., 0., 16., 63., 47., 7., 40., 45., 11., 9., 111., 67., 73.,
       5., 12., 6., 6., 27., 36., 49., 75., 39., 111., 18., 5., 12., 28.,
       65., 111., 15., 7., 2., 1., 4., 4., 5., 5., 2., 49., 111., 111.,
       19., 111., 19., 7., 8., 13., 25., 111., 53., 41., 14., 8., 35.,
       111., 78., 42., 9., 93., 24., 11., 6., 13., 31., 19., 16., 0., 0.,
       0., 0., 1., 30., 57., 0., 1., 0., 0., 0., 1., 46., 96., 3., 1.,
       0., 0., 0., 4., 90., 93., 2., 10., 4., 3., 0., 0., 84., 78., 10.,
       3., 38., 88., 48., 16., 18., 2., 1., 5., 53., 89., 82., 32., 15.,
       8., 1., 4., 89., 66., 28., 5., 7., 8., 1., 22., 37., 33., 47.,
       21., 0., 0., 1., 21., 25., 8., 6., 103., 98., 8., 14., 90., 89.,
       12., 5., 50., 51., 43., 17., 25., 40., 32., 7., 28., 116., 57.,
       10., 31., 41., 37., 14., 24., 30., 23., 25., 69., 11., 2., 0.,
       116., 105., 10., 13., 116., 33., 4., 1., 71., 76., 41., 104., 81.,
       3., 0., 0., 15., 116., 49., 33., 15., 4., 1., 1., 5., 77., 116.,
       91., 31., 1., 0., 0., 14., 45., 25., 32., 15., 0., 0., 0., 6.,
       38., 79., 78., 11., 0., 0., 0., 0., 12., 12., 26., 0., 0., 0., 0.,
       0., 6., 29., 9., 0., 0., 2., 3., 0., 0., 1., 2., 0., 1., 32., 20.,
       0., 0., 1., 3., 0., 9., 35., 13., 81., 12., 0., 0., 22., 15., 1.,
       12., 134., 32., 0., 1., 0., 0., 2., 26., 14., 0., 0., 0., 11.,
       15., 78., 134., 70., 0., 0., 1., 109., 91., 87., 36., 39., 12.,
       0., 9., 20., 11., 1., 2., 134., 79., 0., 3., 0., 0., 0., 12., 28.,
       8., 0., 0., 37., 7., 4., 53., 134., 70., 0., 5., 134., 53., 4.,
       8., 37., 15., 1., 21., 31., 8., 0., 0., 134., 73., 6., 4., 0., 0.,
       0., 0., 8., 7., 0., 0., 7., 7., 2., 3., 134., 64., 0., 0., 134.,
       134., 5., 5., 64., 12., 0., 1., 36., 44., 2., 7., 61., 46., 6.,
       1., 17., 0., 0., 10., 13., 1., 2., 25., 3., 0., 0., 129., 129.,
       12., 1., 4., 16., 2., 7., 68., 103., 39., 81., 43., 112., 48., 6.,
       1., 2., 36., 43., 43., 0., 0., 0., 11., 64., 6., 1., 1., 39., 6.,
       1., 104., 129., 44., 6., 11., 129., 19., 0., 20., 21., 59., 54.,
       90., 33., 45., 0., 0., 29., 129., 27., 9., 0., 0., 0., 0., 28.,
       21., 1., 0., 10., 1., 0., 1., 94., 129., 88., 23., 112., 6., 0.,
       0., 4., 34., 87., 129., 15., 2., 0., 0., 26., 129., 3., 15., 0.,
       0., 0., 0., 0., 3., 1., 0., 0., 0., 0., 0., 0., 20., 27., 2., 0.,
       0., 0., 0., 0., 3., 29., 18., 0., 0., 0., 0., 3., 22., 1., 2., 4.,
       0., 0., 11., 79., 57., 52., 10., 13., 6., 5., 1., 14., 22., 114.,
       92., 3., 8., 7., 0., 1., 82., 114., 19., 91., 14., 1., 0., 4.,
       53., 30., 20., 12., 10., 4., 11., 114., 55., 2., 6., 41., 64.,
       112., 12., 13., 15., 18., 44., 71., 89., 43., 2., 18., 56., 29.,
       22., 45., 19., 0., 1., 93., 94., 6., 2., 0., 3., 2., 0., 38.,
       114., 27., 0., 11., 8., 22., 6., 7., 84., 114., 59., 71., 14., 4.,
       23., 30., 2., 42., 114., 36., 1., 0., 49., 114., 8., 0., 15., 0.,
       42., 48., 0., 0., 14., 10., 0., 0., 3., 60., 22., 0., 13., 55.,
       8., 0., 0., 31., 114., 14., 0., 16., 18., 28., 0., 1., 76., 26.,
       0., 1., 71., 14., 0., 25., 17., 1., 2., 16., 88., 13., 6., 9., 4.,
       0., 2., 112., 112., 5., 41., 14., 0., 0., 70., 112., 16., 10.,
       112., 15., 0., 3., 47., 9., 0., 70., 18., 8., 4., 9., 44., 31.,
       70., 46., 44., 93., 91., 3., 1., 16., 56., 64., 99., 46., 10., 8.,
       56., 25., 7., 25., 25., 0., 0., 74., 112., 3., 1., 8., 13., 10.,
       5., 22., 112., 35., 1., 20., 18., 29., 60., 8., 32., 101., 68.,
       112., 26., 6., 7., 12., 3., 19., 112., 23., 2., 0., 20., 112.,
       20., 0., 8., 0., 2., 6., 0., 1., 54., 39., 0., 0., 0., 6., 3., 0.,
       19., 112., 38., 2., 0., 8., 57., 12., 0., 24., 55., 15., 0., 1.,
       94., 72., 0., 0., 19., 29., 12., 6., 35., 14., 0., 4., 89., 12.,
       21., 27., 2., 0., 2., 95., 111., 0., 24., 39., 0., 0., 61., 111.,
       6., 5., 102., 20., 0., 3., 53., 13., 0., 111., 18., 4., 11., 1.,
       0., 8., 93., 38., 33., 75., 98., 23., 1., 18., 56., 53., 111.,
       54., 12., 4., 44., 28., 3., 15., 22., 0., 0., 56., 111., 6., 1.,
       45., 37., 15., 8., 1., 62., 60., 20., 22., 28., 34., 81., 46.,
       14., 47., 42., 111., 40., 7., 7., 7., 3., 10., 111., 26., 3., 0.,
       8., 111., 30., 0., 11., 5., 0., 1., 0., 0., 70., 70., 10., 1., 0.,
       2., 2., 1., 21., 111., 54., 11., 0., 1., 17., 4., 0., 28., 100.,
       5., 0., 0., 81., 73., 0., 0., 9., 44., 0., 0., 16., 11., 0., 0.,
       39., 2., 0., 38., 115., 28., 0., 0., 3., 5., 9., 115., 56., 3.,
       8., 13., 11., 0., 7., 70., 60., 55., 13., 4., 0., 55., 20., 0.,
       14., 59., 9., 0., 3., 23., 7., 7., 79., 115., 60., 12., 8., 115.,
       15., 11., 13., 17., 45., 40., 63., 6., 1., 9., 19., 115., 98.,
       13., 6., 29., 115., 15., 0., 16., 19., 0., 0., 5., 21., 29., 2.,
       41., 115., 74., 14., 44., 2., 18., 56., 28., 21., 71., 89., 7.,
       0., 1., 81., 115., 20., 4., 7., 1., 78., 29., 0., 1., 68., 28.,
       0., 0., 48., 115., 8., 0., 15., 35., 1., 0., 1., 92., 93., 6., 1.,
       43., 21., 0., 0., 4., 50., 28., 15., 95., 21., 10., 42., 47.,
       110., 6., 1., 1., 4., 33., 56., 46., 13., 2., 14., 25., 15., 51.,
       82., 9., 0., 26., 46., 12., 2., 62., 50., 0., 0., 1., 1., 0., 0.,
       26., 86., 35., 31., 63., 53., 11., 2., 110., 90., 30., 11., 8.,
       5., 4., 61., 103., 22., 8., 35., 107., 17., 0., 25., 110., 37.,
       4., 1., 6., 1., 0., 4., 19., 7., 5., 10., 33., 110., 110., 11.,
       110., 69., 26., 21., 15., 52., 47., 57., 31., 69., 72., 93., 36.,
       25., 12., 28., 69., 110., 23., 1., 1., 0., 6., 49., 2., 12., 47.,
       57., 32., 39., 24., 5., 29., 61., 26., 39., 29., 36., 24., 36.,
       35., 42., 28., 28., 31., 43., 24., 66., 34., 40., 34., 1., 0., 0.,
       15., 93., 70., 9., 11., 55., 109., 2., 0., 48., 96., 14., 25., 4.,
       0., 0., 8., 116., 2., 13., 12., 0., 0., 59., 34., 34., 1., 4., 8.,
       0., 0., 99., 96., 7., 116., 40., 10., 58., 26., 10., 13., 30.,
       108., 91., 116., 93., 3., 2., 6., 27., 103., 116., 61., 12., 1.,
       1., 2., 17., 11., 4., 0., 0., 0., 4., 12., 2., 84., 17., 4., 9.,
       14., 25., 75., 70., 33., 28., 21., 34., 5., 32., 116., 91., 116.,
       19., 4., 4., 1., 0., 41., 116., 12., 1., 0., 0., 0., 0., 0., 5.,
       43., 15., 0., 0., 2., 18., 99., 52., 40., 31., 0., 0., 0., 5.,
       74., 44., 10., 1., 0., 0., 0., 0., 13., 29., 1., 0., 0., 0., 0.,
       0., 1., 1., 33., 20., 93., 41., 1., 5., 40., 18., 49., 46., 24.,
       20., 5., 10., 48., 84., 3., 15., 30., 54., 21., 76., 62., 12., 0.,
       13., 59., 39., 42., 32., 35., 6., 34., 13., 3., 2., 11., 74.,
       108., 24., 22., 73., 97., 25., 70., 69., 21., 6., 63., 27., 106.,
       81., 10., 4., 19., 67., 10., 6., 2., 15., 24., 26., 108., 84.,
       29., 3., 0., 21., 70., 17., 9., 27., 32., 3., 6., 49., 108., 38.,
       44., 27., 96., 83., 6., 2., 5., 61., 69., 44., 17., 108., 7., 0.,
       10., 21., 7., 15., 0., 0., 0., 3., 48., 29., 4., 3., 50., 2., 0.,
       7., 57., 63., 51., 47., 33., 11., 0., 0., 0., 108., 33., 36., 0.,
       85., 17., 0., 0., 97., 18., 0., 0., 106., 32., 0., 0., 60., 18.,
       0., 0., 92., 43., 43., 44., 8., 1., 0., 68., 71., 47., 40., 48.,
       4., 0., 7., 44., 24., 3., 6., 1., 0., 0., 2., 6., 24., 6., 11.,
       14., 110., 18., 0., 6., 59., 77., 43., 91., 85., 7., 2., 110.,
       45., 41., 27., 29., 4., 6., 40., 65., 21., 13., 28., 38., 6., 0.,
       14., 22., 28., 94., 95., 12., 10., 1., 10., 10., 3., 17., 73.,
       71., 29., 93., 89., 62., 66., 23., 7., 22., 72., 109., 31., 9.,
       64., 110., 26., 33., 18., 7., 2., 42., 32., 49., 13., 0., 7., 50.,
