%YAML:1.0
---
mat: !!opencv-matrix
   rows: 41
   cols: 128
   dt: f
   data: [ 0., 0., 0., 0., 100., 90., 5., 1., 16., 1., 4., 4., 117.,
       115., 24., 54., 82., 4., 2., 1., 0., 2., 25., 123., 5., 0., 0.,
       0., 0., 0., 6., 24., 0., 0., 0., 12., 118., 41., 6., 2., 34., 14.,
       6., 21., 123., 72., 22., 22., 123., 29., 4., 4., 3., 2., 10., 68.,
       33., 0., 0., 0., 0., 0., 1., 13., 0., 0., 0., 32., 123., 27., 3.,
       0., 12., 15., 18., 27., 107., 43., 65., 42., 123., 52., 15., 2.,
       2., 3., 37., 123., 27., 4., 0., 0., 0., 0., 1., 19., 0., 0., 0.,
       11., 109., 47., 3., 0., 5., 13., 24., 48., 71., 22., 47., 51.,
       91., 58., 20., 5., 2., 1., 30., 123., 24., 4., 0., 0., 0., 1., 2.,
       11., 0., 0., 0., 0., 0., 0., 0., 0., 1., 1., 9., 120., 40., 0.,
       0., 0., 101., 18., 30., 103., 42., 0., 1., 36., 120., 22., 6., 3.,
       1., 0., 0., 29., 0., 0., 2., 1., 0., 1., 0., 0., 24., 13., 78.,
       150., 35., 11., 0., 1., 150., 46., 25., 61., 13., 1., 0., 36.,
       74., 37., 14., 10., 3., 0., 0., 17., 0., 0., 0., 5., 9., 7., 0.,
       0., 67., 7., 12., 65., 143., 67., 2., 8., 150., 32., 5., 9., 13.,
       5., 0., 27., 39., 38., 14., 18., 17., 1., 0., 0., 0., 0., 0., 20.,
       25., 0., 0., 0., 98., 9., 3., 117., 150., 2., 0., 6., 150., 37.,
       5., 7., 5., 0., 0., 15., 11., 34., 25., 31., 10., 1., 0., 0., 4.,
       53., 84., 94., 4., 0., 0., 0., 39., 87., 43., 5., 0., 2., 7., 11.,
       46., 78., 7., 0., 15., 15., 11., 4., 73., 68., 0., 0., 2., 0., 0.,
       0., 22., 85., 42., 29., 63., 35., 11., 5., 115., 115., 25., 3.,
       2., 3., 3., 32., 108., 30., 14., 39., 58., 5., 1., 17., 115., 55.,
       2., 3., 6., 0., 0., 0., 16., 7., 5., 9., 23., 101., 115., 18.,
       115., 61., 22., 12., 9., 35., 35., 65., 39., 74., 85., 74., 19.,
       13., 5., 24., 88., 115., 8., 2., 0., 0., 1., 39., 3., 19., 50.,
       54., 21., 26., 19., 6., 37., 64., 27., 32., 17., 20., 13., 36.,
       40., 48., 26., 22., 22., 23., 13., 61., 56., 53., 20., 0., 0., 0.,
       3., 97., 120., 17., 25., 12., 35., 4., 0., 53., 94., 20., 41., 7.,
       0., 2., 9., 84., 6., 31., 18., 0., 0., 18., 57., 8., 3., 3., 0.,
       0., 0., 3., 58., 27., 120., 93., 17., 26., 41., 3., 1., 14., 69.,
       99., 120., 111., 2., 1., 3., 13., 120., 120., 50., 7., 0., 0., 1.,
       22., 25., 9., 0., 0., 0., 0., 0., 4., 87., 26., 7., 6., 17., 17.,
       31., 85., 46., 24., 20., 32., 3., 5., 120., 120., 120., 15., 2.,
       2., 0., 0., 22., 120., 21., 1., 0., 0., 0., 0., 0., 12., 68., 5.,
       0., 0., 11., 18., 43., 98., 66., 28., 0., 0., 0., 0., 55., 80.,
       46., 10., 0., 0., 0., 0., 6., 44., 4., 2., 1., 0., 0., 0., 0., 2.,
       122., 16., 3., 5., 5., 2., 21., 66., 8., 13., 36., 10., 0., 0.,
       41., 40., 4., 26., 16., 0., 0., 0., 3., 16., 6., 5., 1., 0., 0.,
       0., 0., 0., 122., 122., 25., 35., 8., 3., 0., 0., 18., 77., 122.,
       122., 40., 0., 0., 2., 106., 122., 58., 6., 1., 0., 0., 5., 21.,
       14., 0., 0., 0., 0., 0., 1., 37., 122., 48., 17., 45., 24., 3.,
       5., 61., 59., 55., 70., 50., 2., 15., 108., 122., 54., 6., 2., 3.,
       1., 4., 122., 33., 16., 2., 0., 0., 0., 0., 3., 33., 20., 2., 5.,
       30., 48., 44., 19., 116., 87., 5., 0., 1., 7., 10., 84., 62., 63.,
       12., 0., 0., 0., 3., 78., 31., 19., 1., 0., 0., 0., 0., 9., 0.,
       4., 72., 50., 7., 3., 0., 0., 0., 19., 108., 27., 9., 22., 15.,
       0., 1., 1., 22., 97., 108., 20., 22., 7., 58., 18., 1., 7., 53.,
       21., 51., 23., 0., 5., 50., 54., 58., 63., 39., 0., 3., 26., 108.,
       51., 54., 27., 20., 2., 100., 24., 77., 70., 17., 4., 17., 55.,
       32., 9., 2., 9., 46., 58., 63., 54., 0., 0., 0., 104., 64., 48.,
       21., 8., 2., 1., 3., 43., 79., 46., 102., 61., 91., 54., 8., 3.,
       16., 67., 82., 28., 32., 61., 35., 63., 50., 7., 1., 6., 8., 0.,
       0., 86., 25., 0., 2., 82., 3., 0., 4., 16., 8., 16., 35., 108.,
       1., 8., 11., 26., 108., 93., 19., 6., 24., 28., 55., 37., 49., 8.,
       0., 3., 59., 32., 48., 35., 4., 1., 25., 28., 46., 46., 37., 16.,
       3., 12., 59., 60., 1., 2., 23., 71., 50., 59., 46., 10., 0., 0.,
       13., 22., 42., 38., 85., 27., 27., 18., 4., 1., 12., 74., 111.,
       26., 17., 53., 111., 36., 57., 67., 18., 4., 102., 34., 71., 58.,
       8., 3., 13., 72., 26., 18., 0., 3., 8., 28., 82., 106., 27., 1.,
       0., 6., 89., 43., 22., 23., 19., 2., 3., 15., 111., 74., 46., 27.,
       91., 65., 4., 1., 3., 39., 95., 46., 22., 111., 19., 0., 1., 19.,
       9., 7., 1., 0., 0., 2., 61., 42., 5., 10., 39., 1., 0., 4., 73.,
       73., 47., 45., 40., 3., 0., 0., 0., 62., 76., 66., 0., 41., 10.,
       0., 0., 99., 58., 0., 2., 46., 2., 0., 19., 109., 2., 0., 3.,
       109., 31., 24., 14., 21., 0., 0., 25., 47., 67., 88., 30., 0., 0.,
       5., 78., 60., 15., 2., 0., 0., 0., 6., 12., 18., 26., 30., 54.,
       73., 0., 0., 3., 46., 61., 59., 109., 49., 2., 1., 109., 42., 65.,
       33., 19., 2., 2., 44., 109., 12., 5., 15., 5., 0., 0., 48., 21.,
       28., 109., 61., 9., 1., 4., 21., 8., 3., 19., 60., 57., 40., 109.,
       46., 109., 71., 14., 4., 17., 58., 68., 24., 40., 107., 80., 24.,
       20., 1., 0., 6., 58., 45., 16., 1., 0., 16., 30., 32., 20., 70.,
       56., 12., 5., 17., 40., 41., 1., 12., 37., 57., 85., 57., 24., 4.,
       0., 38., 99., 18., 31., 17., 44., 3., 1., 8., 9., 20., 116., 32.,
       1., 0., 57., 31., 61., 25., 49., 2., 0., 50., 50., 5., 13., 10.,
       0., 1., 24., 116., 2., 1., 0., 0., 0., 57., 75., 31., 9., 30.,
       25., 116., 111., 1., 0., 1., 116., 22., 6., 35., 49., 0., 0., 69.,
       104., 45., 79., 15., 0., 0., 1., 70., 14., 58., 28., 1., 0., 7.,
       8., 5., 10., 9., 15., 61., 42., 39., 15., 11., 116., 55., 17.,
       17., 7., 7., 23., 50., 45., 66., 103., 65., 1., 5., 27., 26.,
       116., 79., 22., 3., 0., 0., 3., 41., 16., 0., 0., 12., 56., 41.,
       17., 24., 66., 3., 1., 1., 2., 7., 61., 90., 21., 5., 2., 4., 1.,
       8., 116., 85., 36., 1., 0., 0., 0., 0., 18., 105., 52., 23., 24.,
       14., 18., 15., 56., 34., 83., 99., 24., 22., 6., 11., 8., 19., 9.,
       9., 19., 93., 85., 23., 13., 30., 26., 10., 11., 6., 18., 18.,
       90., 54., 3., 4., 5., 2., 10., 66., 87., 63., 15., 52., 60., 28.,
       93., 113., 11., 2., 117., 22., 50., 51., 16., 3., 3., 86., 40.,
       10., 18., 2., 0., 11., 53., 64., 1., 26., 85., 55., 23., 10., 2.,
       5., 21., 30., 40., 58., 117., 47., 0., 0., 117., 98., 24., 30.,
       47., 5., 0., 12., 41., 69., 95., 58., 2., 0., 1., 8., 2., 26.,
       26., 33., 53., 66., 35., 3., 7., 29., 25., 46., 49., 38., 48., 7.,
       70., 44., 10., 14., 20., 15., 22., 50., 36., 20., 14., 21., 3.,
       2., 45., 86., 1., 2., 35., 72., 51., 32., 28., 23., 5., 6., 39.,
       53., 69., 45., 21., 20., 50., 44., 27., 17., 21., 15., 12., 46.,
       31., 78., 52., 2., 5., 24., 13., 19., 0., 1., 3., 15., 36., 66.,
       79., 21., 29., 1., 0., 53., 116., 54., 32., 26., 116., 11., 0.,
       4., 38., 36., 29., 98., 29., 7., 1., 1., 4., 65., 96., 59., 2.,
       28., 82., 99., 22., 4., 4., 5., 17., 1., 5., 115., 104., 30., 72.,
       54., 116., 88., 9., 3., 15., 41., 45., 20., 19., 45., 64., 32.,
       1., 4., 17., 4., 48., 20., 58., 28., 17., 12., 19., 30., 54., 15.,
       4., 15., 14., 28., 29., 96., 4., 26., 23., 33., 108., 77., 16.,
       5., 21., 29., 99., 35., 16., 5., 14., 13., 21., 58., 9., 8., 13.,
       54., 39., 2., 13., 2., 5., 19., 90., 108., 41., 22., 108., 22.,
       5., 2., 7., 16., 29., 108., 21., 10., 15., 57., 7., 0., 15., 73.,
       9., 68., 78., 42., 32., 23., 4., 2., 90., 28., 54., 41., 35., 19.,
       36., 52., 51., 46., 47., 22., 66., 38., 41., 32., 57., 51., 77.,
       44., 5., 1., 5., 25., 6., 3., 9., 32., 29., 26., 108., 39., 89.,
       45., 49., 20., 40., 34., 67., 33., 62., 28., 53., 41., 64., 15.,
       50., 56., 41., 27., 5., 2., 5., 9., 108., 58., 0., 0., 25., 43.,
