%YAML:1.0
---
mat: !!opencv-matrix
   rows: 46
   cols: 128
   dt: f
   data: [ 0., 0., 7., 49., 14., 1., 0., 0., 7., 11., 110., 78., 4., 0.,
       1., 4., 12., 51., 66., 17., 5., 0., 1., 7., 6., 6., 20., 106.,
       30., 0., 1., 3., 2., 0., 5., 85., 112., 14., 0., 0., 112., 26.,
       48., 90., 70., 9., 5., 51., 45., 33., 48., 65., 25., 1., 15., 44.,
       28., 18., 22., 38., 71., 23., 7., 8., 1., 0., 0., 2., 112., 106.,
       1., 1., 100., 57., 9., 14., 69., 112., 37., 15., 35., 58., 39.,
       105., 65., 27., 34., 6., 68., 85., 15., 8., 7., 22., 31., 12., 0.,
       0., 0., 0., 11., 41., 2., 0., 2., 2., 1., 1., 6., 112., 95., 2.,
       4., 3., 1., 3., 9., 64., 112., 4., 27., 18., 0., 0., 1., 21.,
       112., 32., 4., 49., 48., 39., 1., 0., 0., 0., 5., 21., 110., 54.,
       1., 0., 0., 1., 2., 30., 78., 36., 26., 5., 0., 1., 1., 41., 75.,
       33., 69., 15., 0., 0., 85., 86., 34., 80., 64., 5., 0., 2., 110.,
       39., 62., 78., 53., 10., 3., 39., 36., 63., 39., 21., 58., 20.,
       6., 21., 16., 33., 13., 9., 105., 53., 23., 22., 108., 9., 1., 3.,
       59., 77., 32., 72., 110., 48., 10., 14., 54., 92., 50., 25., 55.,
       29., 13., 62., 56., 7., 33., 76., 45., 7., 4., 8., 17., 28., 39.,
       83., 6., 0., 0., 0., 2., 40., 53., 51., 5., 3., 1., 1., 2., 77.,
       110., 13., 3., 2., 1., 2., 1., 3., 110., 92., 2., 0., 1., 2., 12.,
       45., 24., 42., 0., 8., 72., 23., 5., 1., 5., 3., 11., 74., 65.,
       10., 1., 0., 2., 3., 3., 19., 59., 27., 2., 0., 0., 0., 1., 18.,
       56., 16., 0., 0., 0., 0., 4., 6., 28., 36., 112., 25., 0., 0.,
       119., 91., 36., 31., 68., 2., 0., 3., 36., 56., 85., 107., 119.,
       7., 1., 4., 22., 95., 117., 56., 6., 4., 3., 7., 5., 1., 1., 8.,
       119., 49., 23., 6., 119., 2., 0., 2., 82., 32., 33., 85., 35., 6.,
       2., 8., 119., 83., 44., 60., 27., 15., 8., 6., 9., 58., 86., 93.,
       1., 0., 0., 0., 7., 29., 68., 8., 11., 0., 0., 0., 4., 19., 75.,
       66., 2., 1., 0., 0., 12., 56., 75., 32., 1., 0., 0., 0., 0., 20.,
       74., 41., 0., 19., 73., 41., 0., 0., 0., 0., 12., 55., 74., 32.,
       2., 1., 0., 0., 4., 19., 76., 66., 11., 0., 0., 0., 7., 29., 68.,
       8., 1., 0., 0., 0., 8., 58., 87., 94., 27., 15., 7., 6., 119.,
       85., 44., 60., 36., 6., 1., 7., 81., 32., 33., 83., 119., 2., 0.,
       2., 119., 49., 23., 6., 6., 1., 1., 8., 6., 4., 3., 8., 22., 94.,
       117., 56., 119., 7., 1., 4., 35., 55., 85., 106., 68., 2., 0., 2.,
       119., 93., 36., 31., 111., 25., 0., 0., 4., 6., 29., 36., 0., 0.,
       0., 0., 1., 18., 57., 17., 2., 0., 0., 0., 3., 19., 60., 28., 1.,
       0., 2., 3., 10., 73., 65., 10., 5., 1., 6., 3., 0., 8., 72., 23.,
       0., 1., 11., 15., 34., 0., 0., 0., 17., 1., 1., 19., 134., 13.,
       3., 5., 134., 11., 1., 1., 15., 3., 3., 29., 29., 5., 5., 18.,
       23., 14., 3., 5., 21., 67., 104., 20., 32., 1., 0., 0., 29., 14.,
       3., 32., 134., 11., 1., 5., 134., 27., 2., 5., 15., 2., 2., 38.,
       27., 4., 5., 38., 95., 34., 5., 11., 134., 93., 47., 9., 23., 8.,
       13., 93., 58., 8., 1., 7., 134., 36., 1., 20., 134., 28., 4., 2.,
       17., 6., 1., 25., 19., 14., 21., 8., 19., 23., 8., 1., 134., 78.,
       13., 8., 17., 6., 11., 50., 42., 10., 3., 28., 134., 22., 0., 6.,
       134., 22., 3., 7., 11., 4., 2., 18., 16., 2., 6., 6., 2., 5., 14.,
       9., 0., 1., 27., 51., 9., 0., 0., 0., 5., 33., 97., 34., 13., 0.,
       0., 0., 18., 10., 8., 27., 115., 1., 0., 3., 105., 3., 0., 2.,
       17., 1., 0., 18., 1., 2., 21., 83., 115., 11., 1., 2., 115., 80.,
       74., 44., 52., 11., 3., 43., 72., 19., 4., 7., 115., 14., 0., 17.,
       115., 12., 1., 2., 16., 3., 0., 11., 2., 3., 2., 34., 115., 42.,
       4., 3., 115., 45., 5., 19., 63., 29., 10., 46., 90., 14., 2., 36.,
       97., 7., 0., 9., 115., 10., 2., 7., 9., 2., 1., 13., 1., 1., 3.,
       35., 115., 26., 2., 2., 115., 29., 7., 25., 54., 14., 5., 16.,
       73., 15., 1., 32., 102., 2., 0., 3., 108., 24., 2., 10., 12., 0.,
       0., 4., 34., 6., 1., 2., 125., 51., 5., 5., 125., 28., 1., 1.,
       46., 16., 4., 10., 58., 8., 1., 5., 125., 34., 3., 6., 75., 10.,
       2., 36., 50., 18., 7., 5., 13., 6., 3., 19., 125., 60., 5., 6.,
       125., 52., 6., 13., 53., 20., 6., 27., 75., 13., 2., 20., 125.,
       38., 2., 9., 119., 9., 1., 6., 17., 27., 32., 18., 8., 5., 2.,
       23., 125., 37., 3., 5., 125., 28., 3., 12., 42., 23., 7., 34.,
       60., 1., 0., 0., 86., 89., 31., 26., 83., 2., 3., 18., 21., 15.,
       20., 45., 3., 1., 1., 7., 121., 37., 9., 5., 125., 17., 3., 4.,
       15., 18., 16., 38., 48., 5., 0., 0., 2., 27., 40., 19., 1., 0.,
       0., 2., 22., 30., 30., 20., 0., 0., 0., 15., 63., 18., 1., 0.,
       38., 8., 2., 52., 123., 77., 52., 17., 123., 45., 2., 4., 6., 5.,
       21., 44., 24., 5., 1., 23., 74., 24., 1., 2., 0., 0., 1., 21.,
       55., 24., 1., 0., 9., 10., 53., 123., 65., 86., 55., 10., 123.,
       72., 42., 30., 6., 9., 23., 36., 47., 4., 3., 52., 96., 25., 1.,
       2., 0., 0., 1., 18., 55., 28., 1., 0., 8., 8., 39., 81., 70.,
       123., 63., 12., 123., 30., 20., 9., 7., 25., 49., 83., 43., 1.,
       0., 19., 99., 44., 2., 6., 0., 0., 1., 16., 64., 13., 0., 0., 21.,
       11., 36., 60., 118., 40., 5., 7., 123., 35., 18., 6., 10., 6., 4.,
       31., 28., 1., 0., 10., 55., 40., 5., 4., 9., 81., 59., 26., 13.,
       18., 4., 3., 46., 95., 59., 5., 0., 0., 0., 7., 5., 39., 42., 4.,
       0., 0., 0., 0., 0., 8., 10., 1., 0., 0., 0., 0., 14., 12., 14.,
       4., 10., 112., 71., 24., 64., 34., 70., 101., 31., 44., 25., 40.,
       112., 102., 93., 56., 3., 4., 3., 9., 15., 72., 65., 27., 1., 0.,
       0., 0., 2., 46., 31., 1., 4., 70., 24., 1., 9., 11., 11., 22.,
       33., 112., 88., 13., 82., 12., 18., 57., 39., 96., 86., 39., 18.,
       112., 69., 58., 27., 49., 32., 2., 10., 67., 73., 16., 7., 12.,
       6., 2., 26., 103., 50., 3., 0., 26., 16., 2., 2., 24., 14., 1.,
       8., 90., 60., 1., 2., 6., 5., 1., 6., 112., 81., 4., 5., 11., 5.,
       9., 11., 2., 8., 15., 2., 1., 6., 93., 114., 1., 1., 5., 49., 28.,
       25., 35., 22., 1., 3., 65., 79., 23., 1., 10., 10., 0., 0., 32.,
       51., 52., 21., 29., 39., 0., 0., 12., 10., 18., 22., 114., 114.,
       18., 9., 7., 114., 70., 18., 18., 10., 4., 8., 80., 62., 3., 1.,
       50., 39., 0., 0., 36., 45., 7., 3., 71., 61., 1., 4., 58., 38.,
       28., 22., 84., 105., 37., 37., 35., 114., 16., 2., 4., 6., 7.,
       38., 114., 26., 0., 2., 85., 114., 8., 3., 21., 1., 2., 5., 67.,
       86., 11., 4., 4., 73., 32., 16., 34., 37., 19., 30., 83., 100.,
       8., 1., 9., 19., 0., 2., 70., 2., 2., 13., 73., 114., 10., 4., 2.,
       4., 1., 6., 37., 90., 27., 0., 1., 71., 52., 27., 22., 27., 15.,
       1., 8., 78., 70., 4., 0., 20., 11., 0., 2., 2., 4., 12., 23.,
       111., 59., 7., 2., 5., 2., 3., 2., 87., 72., 0., 1., 27., 48.,
       41., 31., 111., 70., 7., 9., 111., 111., 30., 4., 6., 5., 4., 21.,
       29., 15., 0., 2., 102., 104., 7., 2., 10., 47., 44., 17., 40.,
       26., 0., 0., 11., 11., 8., 15., 111., 111., 30., 18., 111., 102.,
       24., 11., 14., 13., 18., 57., 50., 42., 1., 1., 37., 37., 1., 2.,
       111., 64., 36., 30., 5., 2., 0., 34., 24., 9., 3., 9., 111., 66.,
       4., 4., 72., 61., 26., 16., 41., 39., 19., 34., 70., 69., 7., 1.,
       5., 7., 0., 6., 14., 47., 31., 55., 96., 0., 0., 0., 166., 21.,
       2., 19., 43., 0., 0., 9., 108., 1., 1., 2., 0., 16., 12., 18., 0.,
       1., 6., 25., 11., 34., 13., 0., 39., 27., 6., 31., 115., 3., 0.,
       1., 166., 10., 2., 13., 38., 0., 0., 27., 122., 11., 24., 50., 1.,
       1., 2., 9., 0., 0., 12., 90., 7., 4., 12., 21., 55., 13., 1., 33.,
       114., 1., 0., 3., 166., 20., 2., 10., 24., 0., 1., 41., 63., 16.,
       14., 27., 2., 0., 30., 50., 1., 0., 2., 11., 1., 0., 41., 69.,
       44., 9., 1., 27., 41., 10., 22., 55., 166., 1., 0., 3., 5., 3.,
