%YAML:1.0
---
mat: !!opencv-matrix
   rows: 64
   cols: 128
   dt: f
   data: [ 2., 0., 0., 0., 0., 0., 0., 0., 145., 0., 0., 0., 0., 0., 0.,
       59., 145., 2., 16., 30., 38., 67., 8., 43., 1., 20., 61., 11.,
       11., 70., 52., 1., 9., 2., 0., 0., 0., 0., 0., 0., 145., 45., 7.,
       3., 3., 0., 0., 43., 139., 29., 60., 106., 98., 29., 5., 20., 1.,
       53., 136., 29., 15., 36., 43., 1., 4., 1., 0., 0., 0., 2., 0., 0.,
       129., 141., 73., 1., 1., 3., 1., 2., 25., 129., 145., 21., 41.,
       22., 5., 0., 6., 76., 76., 5., 8., 36., 46., 1., 0., 0., 0., 0.,
       0., 0., 0., 0., 0., 3., 5., 0., 0., 0., 0., 0., 0., 13., 26., 0.,
       0., 0., 0., 0., 3., 26., 10., 0., 0., 0., 0., 0., 15., 0., 0., 0.,
       0., 0., 0., 0., 163., 20., 6., 2., 1., 0., 0., 2., 95., 25., 115.,
       20., 3., 0., 0., 1., 0., 6., 123., 12., 2., 0., 0., 0., 22., 1.,
       0., 0., 0., 0., 0., 0., 163., 14., 4., 7., 6., 9., 1., 14., 67.,
       13., 97., 49., 33., 72., 23., 8., 1., 13., 151., 7., 1., 21., 51.,
       1., 22., 5., 0., 0., 0., 0., 0., 0., 163., 100., 20., 16., 10.,
       2., 0., 4., 52., 35., 96., 98., 67., 23., 11., 2., 2., 11., 130.,
       16., 2., 21., 44., 2., 4., 3., 0., 0., 0., 0., 0., 0., 51., 99.,
       47., 3., 1., 0., 0., 0., 6., 50., 119., 18., 14., 3., 2., 0., 13.,
       20., 11., 2., 1., 8., 33., 10., 105., 45., 1., 2., 31., 20., 5.,
       4., 118., 57., 0., 6., 5., 32., 8., 1., 3., 1., 21., 71., 94.,
       118., 63., 2., 23., 19., 43., 44., 114., 97., 37., 53., 49., 18.,
       0., 0., 11., 118., 98., 11., 118., 50., 6., 15., 35., 37., 17.,
       30., 11., 1., 48., 118., 118., 100., 69., 13., 41., 3., 26., 60.,
       31., 26., 118., 118., 3., 0., 61., 53., 12., 70., 34., 6., 46.,
       11., 93., 34., 11., 27., 15., 28., 3., 2., 50., 45., 26., 46.,
       34., 6., 1., 1., 12., 4., 1., 3., 41., 21., 0., 0., 23., 13., 0.,
       0., 0., 0., 0., 0., 9., 4., 0., 0., 0., 0., 0., 0., 1., 0., 0.,
       0., 0., 0., 0., 0., 0., 0., 0., 0., 0., 0., 0., 0., 2., 1., 1.,
       5., 4., 0., 0., 0., 0., 0., 0., 1., 4., 0., 0., 0., 0., 0., 0.,
       0., 1., 0., 0., 0., 0., 0., 0., 0., 0., 0., 6., 49., 116., 60.,
       5., 10., 31., 14., 72., 72., 46., 2., 1., 9., 65., 33., 13., 5.,
       6., 21., 10., 43., 78., 7., 5., 4., 2., 1., 0., 15., 65., 5.,
       116., 43., 47., 29., 2., 5., 116., 103., 101., 36., 12., 23., 29.,
       3., 112., 116., 40., 58., 25., 116., 112., 12., 15., 9., 52.,
       116., 14., 6., 2., 9., 50., 8., 116., 116., 22., 9., 3., 8., 29.,
       38., 44., 64., 1., 29., 68., 0., 9., 9., 13., 27., 4., 71., 116.,
       1., 0., 3., 65., 110., 10., 5., 5., 0., 0., 6., 0., 0., 0., 0.,
       0., 0., 0., 0., 98., 11., 11., 14., 4., 3., 0., 4., 26., 7., 35.,
       120., 32., 9., 8., 1., 0., 5., 65., 78., 15., 9., 23., 2., 1., 0.,
       0., 0., 0., 0., 0., 0., 95., 9., 13., 10., 7., 26., 16., 28., 12.,
       10., 32., 54., 20., 95., 120., 8., 0., 1., 3., 11., 3., 32., 120.,
       4., 2., 0., 0., 0., 0., 0., 0., 0., 62., 30., 57., 60., 47., 2.,
       2., 4., 98., 120., 120., 51., 27., 10., 24., 1., 15., 20., 47.,
       112., 8., 7., 40., 0., 2., 0., 0., 0., 0., 0., 0., 1., 20., 6.,
       2., 20., 120., 43., 7., 8., 89., 95., 120., 44., 92., 58., 8., 2.,
       31., 42., 120., 120., 38., 18., 8., 13., 25., 71., 122., 1., 1.,
       4., 17., 6., 45., 122., 61., 1., 16., 2., 1., 0., 11., 14., 0.,
       2., 122., 3., 0., 0., 0., 0., 0., 0., 5., 0., 0., 0., 6., 22.,
       56., 33., 42., 51., 113., 6., 122., 122., 22., 11., 28., 23., 7.,
       40., 66., 22., 4., 9., 122., 4., 0., 3., 0., 0., 0., 0., 6., 0.,
       0., 0., 23., 42., 46., 75., 74., 24., 42., 25., 122., 122., 33.,
       18., 17., 22., 41., 43., 59., 87., 25., 23., 43., 1., 0., 2., 0.,
       0., 0., 1., 3., 0., 0., 0., 32., 6., 1., 2., 16., 25., 94., 122.,
       56., 12., 1., 0., 77., 91., 89., 35., 98., 12., 1., 1., 17., 10.,
       11., 23., 0., 0., 0., 0., 2., 0., 0., 0., 5., 2., 1., 5., 5., 2.,
       1., 1., 0., 0., 23., 10., 5., 5., 0., 0., 0., 5., 27., 9., 2., 1.,
       0., 0., 1., 4., 2., 2., 2., 2., 1., 0., 15., 4., 6., 32., 39.,
       11., 0., 0., 9., 10., 153., 134., 76., 35., 0., 1., 107., 91.,
       153., 23., 6., 2., 0., 25., 33., 22., 5., 1., 1., 1., 1., 13.,
       28., 8., 0., 3., 39., 37., 0., 0., 38., 8., 20., 28., 153., 153.,
       0., 3., 153., 57., 16., 5., 55., 25., 0., 43., 51., 6., 0., 0.,
       2., 2., 1., 18., 38., 11., 0., 0., 10., 5., 0., 1., 13., 3., 0.,
       0., 153., 81., 0., 0., 153., 66., 0., 0., 100., 29., 0., 0., 64.,
       16., 0., 5., 3., 0., 0., 0., 4., 0., 0., 2., 4., 0., 2., 4., 6.,
       0., 0., 69., 146., 0., 0., 2., 146., 0., 0., 35., 117., 0., 0.,
       63., 88., 0., 0., 2., 5., 0., 0., 22., 2., 1., 3., 35., 20., 4.,
       0., 1., 24., 1., 2., 146., 146., 31., 15., 5., 146., 22., 0., 35.,
       68., 8., 14., 53., 82., 10., 0., 3., 15., 1., 0., 8., 1., 1., 1.,
       10., 23., 27., 7., 2., 7., 0., 0., 35., 56., 139., 146., 8., 130.,
       16., 0., 4., 7., 36., 146., 98., 50., 8., 0., 8., 26., 0., 3.,
       24., 1., 1., 0., 0., 0., 1., 2., 4., 4., 2., 0., 0., 0., 6., 20.,
       3., 5., 1., 0., 0., 0., 4., 31., 14., 2., 0., 0., 10., 39., 1.,
       2., 7., 0., 0., 31., 4., 0., 1., 26., 2., 0., 2., 53., 29., 0.,
       0., 28., 3., 5., 30., 44., 11., 0., 1., 25., 1., 2., 7., 3., 1.,
       0., 1., 16., 2., 0., 0., 167., 27., 0., 1., 48., 2., 19., 22.,
       167., 114., 0., 8., 55., 7., 167., 114., 95., 32., 0., 2., 8.,
       14., 29., 10., 6., 3., 0., 0., 0., 0., 0., 0., 61., 5., 0., 2.,
       167., 14., 17., 4., 48., 10., 0., 88., 167., 28., 167., 12., 6.,
       2., 0., 33., 86., 103., 27., 6., 3., 2., 0., 0., 0., 3., 1., 7.,
       3., 0., 0., 0., 32., 2., 0., 0., 3., 1., 1., 27., 36., 2., 6., 2.,
       1., 1., 1., 13., 30., 26., 2., 3., 2., 2., 1., 0., 0., 3., 42.,
       3., 1., 10., 43., 3., 3., 31., 123., 22., 1., 10., 40., 3., 1.,
       10., 59., 7., 1., 15., 100., 12., 3., 5., 123., 11., 1., 1., 3.,
       1., 1., 6., 12., 2., 0., 22., 123., 14., 7., 10., 123., 21., 0.,
       20., 55., 0., 0., 17., 72., 12., 4., 35., 119., 6., 0., 12., 123.,
       17., 2., 2., 3., 1., 0., 19., 12., 1., 0., 3., 123., 26., 1., 5.,
       123., 13., 1., 13., 63., 10., 2., 30., 74., 24., 10., 61., 112.,
       8., 1., 11., 123., 27., 3., 3., 2., 1., 0., 13., 8., 5., 3., 40.,
       113., 8., 0., 2., 121., 24., 3., 13., 46., 9., 2., 17., 60., 2.,
       1., 4., 100., 31., 2., 18., 123., 7., 0., 0., 1., 2., 1., 14.,
       102., 14., 0., 12., 42., 12., 2., 17., 88., 15., 2., 56., 98., 4.,
       0., 10., 137., 22., 4., 27., 41., 1., 0., 17., 47., 2., 0., 0.,
       0., 0., 0., 7., 60., 3., 1., 3., 38., 42., 50., 51., 71., 8., 6.,
       93., 118., 32., 9., 18., 137., 3., 1., 20., 30., 3., 0., 35., 45.,
       0., 0., 0., 0., 1., 3., 9., 1., 0., 0., 4., 13., 44., 100., 29.,
       31., 6., 1., 29., 137., 114., 19., 9., 137., 55., 1., 6., 41.,
       11., 1., 15., 49., 7., 0., 0., 0., 1., 4., 6., 0., 0., 0., 14.,
       31., 11., 6., 2., 9., 2., 1., 70., 137., 44., 25., 24., 137., 16.,
       1., 7., 27., 5., 15., 128., 34., 2., 0., 0., 0., 0., 4., 18., 38.,
       15., 1., 4., 110., 89., 1., 1., 108., 121., 13., 3., 13., 7., 1.,
       6., 5., 30., 66., 67., 6., 0., 0., 1., 11., 58., 50., 12., 1., 0.,
       0., 0., 10., 6., 0., 1., 121., 47., 0., 3., 121., 68., 5., 4.,
       60., 17., 5., 71., 21., 22., 24., 61., 97., 34., 7., 19., 85.,
       86., 18., 11., 8., 2., 1., 4., 10., 1., 0., 0., 121., 29., 0., 2.,
       121., 16., 0., 1., 84., 21., 2., 31., 34., 5., 2., 14., 121., 68.,
       2., 7., 94., 49., 3., 6., 26., 17., 2., 16., 3., 0., 0., 4., 87.,
       46., 3., 3., 105., 30., 13., 9., 40., 37., 8., 24., 23., 24., 8.,
       20., 114., 38., 0., 2., 74., 20., 4., 13., 31., 17., 2., 7., 12.,
       8., 3., 9., 37., 72., 71., 6., 9., 9., 19., 62., 29., 72., 46.,
