%YAML:1.0
---
mat: !!opencv-matrix
   rows: 34
   cols: 128
   dt: f
   data: [ 16., 3., 2., 1., 4., 6., 14., 13., 9., 5., 3., 1., 1., 38.,
       39., 15., 8., 0., 1., 1., 7., 44., 39., 25., 6., 1., 0., 7., 25.,
       4., 5., 9., 26., 25., 14., 17., 26., 4., 2., 8., 116., 17., 4.,
       7., 9., 15., 17., 35., 14., 1., 1., 21., 68., 50., 31., 32., 7.,
       0., 0., 4., 27., 11., 118., 116., 39., 118., 62., 13., 6., 0., 0.,
       2., 118., 79., 22., 37., 7., 1., 0., 5., 118., 12., 14., 93., 36.,
       2., 1., 71., 118., 12., 10., 46., 62., 9., 67., 118., 60., 82.,
       3., 0., 0., 22., 44., 33., 45., 118., 26., 11., 2., 0., 2., 8.,
       118., 82., 16., 17., 4., 0., 0., 6., 118., 118., 47., 32., 67.,
       9., 2., 10., 1., 15., 24., 19., 56., 76., 5., 2., 35., 98., 56.,
       6., 23., 12., 21., 31., 59., 122., 34., 24., 17., 38., 39., 13.,
       1., 5., 19., 67., 60., 29., 9., 0., 27., 7., 27., 107., 47., 14.,
       3., 8., 127., 13., 3., 13., 20., 31., 72., 127., 23., 33., 40.,
       32., 111., 116., 54., 30., 5., 6., 23., 49., 29., 4., 7., 5., 35.,
       7., 5., 16., 21., 87., 66., 23., 127., 32., 2., 27., 21., 15.,
       25., 61., 32., 15., 1., 124., 127., 32., 3., 4., 14., 19., 2.,
       16., 35., 2., 0., 1., 14., 28., 24., 8., 1., 17., 18., 8., 72.,
       26., 24., 69., 12., 4., 8., 14., 6., 7., 7., 127., 81., 0., 0.,
       1., 24., 10., 2., 10., 6., 0., 0., 5., 35., 70., 50., 31., 9., 0.,
       0., 0., 8., 19., 105., 56., 1., 1., 1., 2., 1., 40., 109., 10.,
       3., 2., 1., 1., 0., 15., 98., 15., 1., 1., 0., 0., 109., 35., 16.,
       66., 70., 0., 0., 1., 109., 31., 50., 82., 48., 13., 8., 28., 58.,
       35., 77., 26., 109., 35., 9., 23., 60., 28., 76., 9., 30., 23.,
       20., 36., 46., 21., 5., 20., 42., 25., 78., 23., 109., 47., 18.,
       22., 45., 45., 55., 22., 69., 26., 20., 35., 109., 24., 33., 46.,
       87., 27., 19., 26., 59., 20., 22., 34., 9., 27., 21., 6., 1., 15.,
       65., 27., 9., 22., 8., 1., 5., 109., 83., 21., 3., 3., 6., 3., 3.,
       32., 98., 89., 2., 5., 7., 7., 5., 46., 90., 10., 5., 45., 90.,
       10., 2., 4., 7., 7., 3., 32., 97., 89., 3., 3., 6., 3., 5., 109.,
       83., 21., 9., 22., 8., 1., 1., 15., 66., 27., 9., 26., 21., 6.,
       58., 20., 22., 34., 86., 27., 19., 26., 109., 25., 33., 46., 68.,
       26., 20., 35., 46., 45., 55., 21., 109., 47., 18., 22., 43., 25.,
       76., 23., 46., 22., 5., 20., 31., 23., 21., 36., 61., 27., 75.,
       9., 109., 36., 9., 23., 58., 35., 77., 26., 49., 13., 8., 28.,
       109., 31., 50., 82., 70., 0., 0., 0., 109., 36., 16., 66., 1., 1.,
       0., 0., 0., 15., 98., 15., 3., 2., 1., 1., 1., 40., 109., 10., 1.,
       1., 1., 2., 7., 18., 105., 56., 9., 0., 0., 0., 34., 70., 50.,
       31., 10., 24., 64., 13., 23., 13., 58., 17., 113., 73., 16., 5.,
       4., 7., 13., 20., 79., 30., 5., 0., 0., 0., 3., 17., 1., 2., 8.,
       0., 0., 0., 8., 6., 13., 10., 91., 41., 29., 31., 50., 15., 113.,
       44., 27., 25., 9., 7., 10., 68., 84., 36., 113., 99., 18., 2., 2.,
       25., 10., 107., 113., 16., 1., 1., 2., 5., 16., 7., 34., 53., 28.,
       52., 39., 6., 113., 59., 14., 17., 12., 6., 10., 37., 26., 27.,
       40., 91., 80., 35., 41., 30., 34., 91., 35., 10., 3., 10., 82.,
       65., 10., 7., 79., 43., 8., 40., 60., 7., 113., 21., 14., 10.,
       10., 26., 18., 61., 18., 26., 24., 25., 64., 93., 12., 15., 37.,
       112., 22., 4., 6., 18., 19., 28., 6., 0., 1., 1., 17., 60., 84.,
       18., 8., 8., 3., 6., 25., 59., 46., 27., 7., 6., 0., 1., 15., 98.,
       80., 17., 2., 1., 0., 0., 21., 48., 7., 1., 46., 22., 21., 35.,
       99., 22., 11., 18., 41., 66., 23., 42., 110., 36., 20., 19., 110.,
       83., 5., 5., 85., 104., 35., 20., 11., 2., 1., 5., 110., 77., 2.,
       7., 18., 69., 110., 30., 21., 3., 2., 2., 53., 50., 41., 19., 34.,
       46., 74., 37., 110., 18., 45., 106., 75., 11., 23., 46., 19., 2.,
       3., 77., 110., 5., 1., 7., 8., 27., 16., 1., 0., 9., 3., 0., 15.,
       68., 107., 8., 1., 5., 3., 2., 3., 4., 110., 98., 5., 2., 1., 2.,
       21., 5., 6., 40., 7., 0., 0., 3., 1., 15., 69., 24., 13., 3., 8.,
       3., 64., 71., 61., 32., 12., 0., 0., 1., 38., 36., 50., 40., 12.,
       0., 1., 2., 12., 44., 34., 10., 0., 0., 0., 2., 24., 23., 9., 57.,
       106., 9., 16., 8., 118., 42., 14., 49., 82., 4., 0., 15., 118.,
       31., 25., 75., 118., 0., 0., 6., 92., 52., 44., 76., 22., 0., 0.,
       2., 19., 9., 1., 15., 83., 68., 60., 14., 118., 36., 8., 19., 55.,
       45., 89., 32., 74., 33., 12., 73., 110., 30., 36., 8., 84., 22.,
       7., 41., 60., 11., 26., 10., 0., 17., 31., 2., 1., 43., 75., 1.,
       3., 5., 16., 39., 7., 45., 118., 10., 8., 8., 12., 15., 11., 60.,
       88., 12., 10., 11., 5., 2., 5., 35., 95., 27., 2., 21., 80., 24.,
       3., 0., 0., 0., 30., 61., 61., 15., 3., 0., 1., 5., 7., 14., 57.,
       38., 4., 1., 3., 4., 0., 8., 84., 11., 0., 0., 0., 0., 77., 37.,
       58., 28., 60., 17., 3., 10., 116., 69., 21., 26., 67., 13., 1.,
       7., 46., 35., 50., 98., 116., 42., 1., 2., 44., 59., 56., 19.,
       24., 6., 2., 6., 60., 19., 4., 16., 41., 25., 111., 30., 116., 1.,
       0., 8., 47., 25., 48., 110., 40., 8., 1., 2., 116., 116., 44.,
       20., 46., 27., 1., 4., 30., 47., 83., 38., 1., 7., 97., 11., 1.,
       11., 78., 7., 10., 31., 105., 1., 1., 7., 44., 55., 2., 9., 104.,
       4., 5., 37., 41., 10., 0., 13., 69., 0., 1., 18., 77., 11., 89.,
       36., 30., 22., 13., 12., 14., 20., 30., 47., 36., 17., 72., 21.,
       8., 3., 26., 6., 14., 21., 103., 50., 24., 22., 102., 16., 6., 1.,
       0., 1., 7., 37., 118., 12., 5., 8., 57., 105., 11., 21., 118.,
       24., 6., 6., 58., 76., 9., 25., 17., 5., 17., 22., 58., 84., 83.,
       19., 53., 30., 16., 5., 0., 1., 41., 67., 118., 24., 0., 0., 94.,
       27., 1., 1., 118., 13., 0., 7., 102., 27., 2., 10., 29., 8., 23.,
       89., 86., 33., 26., 10., 67., 53., 27., 18., 3., 3., 13., 27.,
       118., 35., 2., 18., 62., 3., 0., 0., 74., 16., 2., 16., 82., 6.,
       1., 9., 22., 8., 12., 34., 115., 19., 9., 10., 50., 27., 16., 5.,
       4., 3., 10., 38., 5., 0., 1., 6., 3., 0., 0., 3., 146., 0., 0.,
       1., 1., 0., 0., 129., 146., 1., 3., 6., 3., 0., 0., 138., 4., 6.,
       8., 14., 4., 1., 2., 6., 27., 1., 1., 6., 1., 0., 0., 4., 146.,
       7., 0., 0., 0., 0., 0., 80., 146., 10., 5., 5., 4., 1., 3., 38.,
       5., 9., 10., 15., 11., 7., 25., 9., 28., 5., 1., 4., 2., 0., 0.,
       0., 146., 103., 0., 0., 0., 0., 0., 5., 127., 70., 10., 9., 12.,
       1., 0., 2., 3., 15., 36., 33., 13., 4., 4., 2., 4., 4., 2., 3.,
       3., 0., 0., 0., 134., 146., 2., 1., 0., 0., 0., 0., 107., 146.,
       2., 1., 9., 4., 0., 0., 7., 15., 10., 7., 12., 10., 3., 2., 10.,
       0., 0., 0., 0., 7., 119., 63., 29., 0., 0., 0., 3., 25., 69., 59.,
       20., 0., 0., 0., 0., 3., 44., 74., 2., 0., 0., 0., 0., 9., 60.,
       22., 2., 2., 2., 2., 11., 32., 119., 64., 39., 2., 0., 1., 119.,
       81., 60., 25., 119., 11., 1., 3., 23., 18., 72., 106., 26., 4.,
       1., 11., 61., 72., 102., 29., 2., 57., 119., 27., 12., 5., 6., 5.,
       33., 22., 58., 79., 119., 5., 1., 4., 119., 119., 69., 20., 23.,
       2., 0., 9., 25., 35., 104., 71., 54., 4., 1., 2., 1., 25., 72.,
       8., 0., 5., 33., 2., 5., 14., 55., 31., 3., 4., 8., 1., 8., 58.,
       49., 5., 1., 0., 0., 1., 1., 15., 85., 11., 0., 0., 0., 0., 10.,
       64., 37., 9., 3., 3., 5., 9., 12., 23., 68., 23., 2., 1., 4., 12.,
       10., 30., 79., 33., 12., 2., 1., 3., 25., 33., 22., 5., 2., 0.,
       13., 9., 27., 88., 42., 32., 72., 21., 2., 3., 117., 48., 85.,
       54., 22., 14., 6., 35., 109., 35., 40., 37., 117., 39., 6., 25.,
       117., 33., 9., 24., 44., 7., 2., 14., 21., 3., 2., 9., 80., 56.,
       66., 66., 117., 46., 7., 18., 22., 59., 94., 38., 117., 22., 7.,
       56., 117., 29., 39., 41., 117., 1., 0., 4., 47., 18., 5., 40., 1.,
