%YAML:1.0
---
mat: !!opencv-matrix
   rows: 28
   cols: 128
   dt: f
   data: [ 1., 3., 11., 15., 8., 0., 0., 0., 122., 30., 14., 22., 2., 0.,
       0., 0., 233., 67., 1., 0., 0., 0., 0., 0., 78., 15., 2., 11., 16.,
       0., 0., 0., 0., 0., 5., 31., 10., 2., 1., 0., 151., 30., 9., 40.,
       14., 3., 1., 6., 233., 80., 2., 1., 0., 0., 0., 11., 97., 29.,
       13., 18., 8., 0., 0., 0., 0., 0., 0., 6., 5., 24., 37., 0., 111.,
       2., 1., 6., 11., 35., 17., 42., 233., 15., 1., 0., 0., 0., 1.,
       59., 61., 17., 15., 4., 0., 0., 0., 1., 0., 0., 0., 0., 0., 3.,
       6., 0., 5., 0., 0., 0., 0., 4., 2., 2., 19., 0., 0., 0., 0., 0.,
       0., 2., 2., 0., 0., 0., 0., 0., 0., 0., 33., 9., 8., 15., 1., 0.,
       0., 0., 11., 12., 97., 41., 1., 0., 1., 1., 15., 81., 84., 3., 0.,
       1., 2., 3., 10., 36., 32., 9., 0., 0., 0., 6., 23., 5., 8., 75.,
       66., 0., 0., 1., 112., 17., 66., 100., 41., 7., 22., 44., 55.,
       55., 48., 6., 9., 25., 82., 64., 46., 43., 42., 47., 88., 3., 3.,
       19., 22., 2., 0., 15., 112., 38., 1., 1., 112., 64., 21., 36.,
       91., 38., 7., 12., 78., 99., 86., 64., 20., 4., 15., 18., 81.,
       31., 4., 23., 112., 2., 1., 8., 24., 0., 0., 0., 24., 60., 8., 5.,
       23., 19., 6., 11., 21., 112., 100., 7., 64., 19., 9., 24., 16.,
       15., 85., 93., 62., 5., 0., 12., 73., 33., 25., 38., 7., 55., 79.,
       8., 19., 42., 7., 4., 27., 117., 27., 12., 27., 7., 0., 0., 35.,
       24., 37., 45., 71., 12., 0., 1., 42., 21., 17., 32., 42., 3., 0.,
       2., 27., 17., 4., 2., 117., 107., 7., 15., 117., 113., 3., 1.,
       96., 35., 0., 8., 108., 14., 0., 2., 117., 30., 0., 3., 105., 6.,
       0., 3., 64., 37., 8., 5., 4., 11., 18., 40., 117., 16., 10., 19.,
       117., 4., 0., 6., 95., 19., 13., 117., 84., 10., 0., 0., 117.,
       28., 4., 16., 105., 20., 4., 13., 24., 15., 7., 7., 1., 8., 12.,
       14., 9., 3., 61., 42., 7., 0., 1., 2., 11., 8., 25., 86., 10., 1.,
       0., 0., 47., 54., 38., 16., 24., 4., 1., 4., 15., 24., 29., 27.,
       22., 26., 22., 24., 29., 3., 3., 9., 57., 54., 43., 19., 17., 1.,
       0., 2., 16., 10., 25., 64., 3., 0., 1., 2., 5., 3., 72., 36., 1.,
       4., 6., 8., 21., 18., 7., 7., 114., 6., 5., 14., 122., 10., 3.,
       17., 95., 3., 0., 10., 91., 10., 20., 122., 122., 1., 0., 10.,
       111., 8., 20., 25., 3., 13., 20., 56., 77., 23., 5., 15., 106.,
       2., 1., 9., 122., 9., 0., 11., 107., 10., 1., 6., 120., 24., 1.,
       20., 122., 79., 2., 3., 122., 68., 6., 21., 23., 8., 2., 6., 23.,
       1., 0., 5., 39., 28., 23., 29., 73., 5., 0., 3., 25., 23., 35.,
       52., 25., 9., 0., 0., 45., 122., 26., 9., 33., 53., 9., 9., 14.,
       47., 59., 6., 83., 6., 8., 62., 35., 0., 0., 27., 65., 17., 82.,
       114., 18., 0., 3., 39., 24., 20., 69., 6., 5., 47., 31., 40., 39.,
       59., 26., 5., 2., 19., 13., 18., 68., 0., 1., 38., 116., 25., 3.,
       36., 116., 20., 8., 45., 91., 18., 3., 60., 69., 30., 60., 73.,
       8., 35., 21., 35., 23., 38., 27., 60., 27., 17., 23., 26., 12.,
       0., 0., 0., 59., 111., 23., 35., 104., 36., 9., 17., 39., 116.,
       61., 17., 60., 41., 42., 116., 44., 25., 41., 46., 75., 36., 15.,
       33., 107., 23., 7., 53., 1., 1., 1., 7., 4., 21., 5., 3., 0., 5.,
       16., 14., 6., 71., 54., 1., 6., 13., 12., 2., 6., 34., 109., 48.,
       9., 3., 4., 1., 38., 55., 17., 47., 4., 0., 0., 0., 0., 0., 0.,
       1., 62., 1., 0., 0., 0., 0., 0., 6., 14., 0., 0., 0., 0., 0., 2.,
       7., 0., 0., 0., 0., 0., 0., 0., 0., 47., 3., 0., 0., 0., 0., 3.,
       33., 234., 25., 0., 0., 0., 0., 7., 173., 217., 6., 0., 0., 0.,
       0., 31., 98., 0., 0., 0., 0., 0., 0., 0., 0., 27., 14., 0., 0.,
       0., 0., 1., 6., 234., 114., 0., 0., 0., 0., 1., 31., 200., 32.,
       1., 0., 0., 0., 4., 17., 0., 0., 0., 0., 0., 0., 0., 0., 0., 0.,
       0., 0., 0., 0., 0., 0., 5., 1., 0., 0., 0., 0., 0., 0., 1., 0.,
       0., 0., 0., 0., 0., 0., 0., 0., 0., 0., 0., 0., 0., 0., 2., 3.,
       1., 0., 0., 0., 6., 2., 95., 4., 0., 0., 0., 1., 3., 5., 172., 2.,
       0., 0., 0., 0., 0., 27., 32., 0., 0., 0., 0., 0., 0., 3., 0., 1.,
       0., 0., 0., 24., 172., 48., 98., 3., 0., 0., 0., 107., 119., 11.,
       172., 26., 0., 0., 0., 9., 7., 13., 34., 5., 0., 0., 0., 0., 0.,
       0., 4., 24., 20., 11., 0., 24., 117., 48., 31., 16., 3., 3., 69.,
       172., 76., 10., 172., 64., 0., 0., 25., 43., 9., 15., 16., 12.,
       0., 0., 0., 0., 0., 0., 6., 52., 25., 26., 5., 1., 0., 0., 7.,
       47., 22., 60., 75., 15., 0., 0., 55., 65., 5., 30., 39., 8., 0.,
       1., 4., 9., 0., 0., 0., 0., 0., 0., 2., 3., 0., 0., 0., 1., 8.,
       2., 140., 4., 0., 0., 0., 1., 2., 6., 165., 1., 0., 0., 0., 0.,
       0., 27., 15., 0., 0., 0., 0., 0., 0., 2., 0., 0., 0., 0., 0., 42.,
       165., 28., 151., 3., 0., 0., 0., 97., 85., 15., 165., 25., 0., 0.,
       0., 3., 3., 10., 15., 3., 0., 0., 0., 0., 0., 0., 4., 27., 16.,
       7., 3., 47., 113., 25., 57., 10., 1., 2., 75., 165., 55., 12.,
       165., 65., 0., 0., 13., 21., 5., 13., 6., 6., 0., 0., 0., 0., 0.,
       0., 7., 64., 23., 19., 5., 1., 0., 0., 10., 32., 16., 61., 92.,
       19., 0., 1., 56., 68., 4., 17., 24., 6., 0., 1., 1., 4., 0., 0.,
       0., 0., 0., 0., 62., 53., 38., 18., 0., 1., 6., 14., 23., 15.,
       83., 27., 1., 7., 24., 5., 5., 47., 62., 6., 3., 9., 20., 3., 7.,
       31., 12., 2., 1., 12., 25., 3., 110., 28., 13., 53., 54., 14., 6.,
       50., 110., 26., 69., 70., 52., 23., 10., 49., 65., 105., 50., 21.,
       110., 41., 10., 22., 63., 89., 50., 49., 13., 10., 8., 8., 33.,
       1., 0., 5., 56., 106., 60., 65., 110., 34., 8., 21., 55., 92.,
       76., 33., 55., 18., 8., 40., 110., 26., 77., 102., 46., 15., 15.,
       25., 25., 39., 51., 78., 4., 0., 0., 0., 0., 24., 26., 15., 3.,
       1., 0., 0., 1., 39., 110., 10., 1., 0., 1., 3., 15., 24., 105.,
       41., 1., 13., 16., 15., 26., 45., 35., 13., 25., 47., 36., 13.,
       1., 11., 15., 14., 13., 22., 104., 43., 1., 0., 1., 3., 1., 39.,
       110., 12., 4., 1., 0., 0., 0., 24., 27., 16., 4., 1., 0., 0., 25.,
       38., 52., 79., 45., 14., 14., 23., 110., 27., 76., 103., 55., 18.,
       8., 38., 55., 93., 76., 32., 110., 37., 8., 20., 56., 104., 60.,
       68., 38., 1., 0., 5., 15., 10., 8., 9., 61., 89., 50., 53., 110.,
       44., 10., 22., 65., 107., 50., 20., 52., 24., 10., 45., 110., 27.,
       69., 70., 53., 12., 5., 44., 110., 30., 14., 53., 1., 13., 25.,
       3., 6., 30., 13., 2., 3., 8., 20., 3., 5., 49., 62., 6., 1., 7.,
       25., 5., 20., 14., 81., 28., 0., 1., 7., 13., 59., 52., 38., 19.,
       0., 0., 48., 31., 0., 0., 0., 0., 2., 2., 66., 76., 4., 0., 1.,
       3., 1., 1., 10., 48., 27., 21., 22., 8., 0., 0., 23., 64., 21.,
       62., 12., 0., 6., 4., 123., 123., 0., 0., 0., 0., 123., 29., 123.,
       81., 1., 0., 4., 64., 39., 5., 8., 29., 41., 41., 59., 71., 0.,
       0., 0., 12., 69., 123., 20., 0., 14., 9., 32., 15., 0., 0., 0.,
       0., 123., 123., 8., 2., 1., 0., 0., 12., 49., 104., 46., 30., 41.,
       26., 1., 7., 0., 0., 21., 98., 81., 30., 4., 0., 3., 4., 1., 1.,
       1., 1., 4., 3., 13., 101., 15., 0., 1., 3., 16., 3., 4., 109.,
       123., 32., 2., 1., 5., 3., 0., 1., 74., 123., 10., 1., 0., 0.,
       24., 28., 1., 1., 38., 18., 0., 1., 6., 1., 5., 4., 34., 14., 0.,
       4., 40., 2., 3., 0., 0., 0., 6., 132., 8., 1., 5., 2., 0., 0.,
       90., 132., 47., 88., 1., 1., 15., 17., 1., 0., 54., 12., 0., 1.,
       65., 53., 1., 12., 132., 22., 2., 3., 4., 2., 0., 132., 35., 12.,
       19., 45., 28., 0., 4., 75., 29., 123., 9., 4., 13., 5., 0., 0.,
       53., 82., 6., 9., 59., 25., 1., 1., 132., 132., 6., 3., 13., 7.,
       0., 5., 23., 78., 18., 32., 38., 4., 0., 0., 9., 53., 13., 8.,
       60., 41., 0., 0., 40., 131., 8., 5., 19., 10., 1., 0., 28., 132.,
       7., 8., 32., 15., 5., 1., 11., 132., 81., 3., 3., 4., 1., 0., 3.,
