%YAML:1.0
---
mat: !!opencv-matrix
   rows: 40
   cols: 128
   dt: f
   data: [ 11., 11., 42., 42., 7., 7., 41., 90., 120., 89., 16., 14., 6.,
       7., 34., 40., 95., 34., 0., 0., 0., 0., 1., 28., 3., 0., 0., 0.,
       0., 0., 7., 21., 28., 10., 34., 71., 11., 11., 20., 66., 120.,
       38., 22., 47., 10., 7., 5., 94., 117., 38., 20., 0., 0., 0., 1.,
       71., 16., 6., 1., 0., 0., 0., 8., 13., 24., 7., 22., 51., 34.,
       39., 6., 11., 120., 74., 78., 27., 14., 6., 1., 15., 120., 120.,
       120., 8., 2., 0., 0., 21., 65., 36., 3., 0., 0., 0., 2., 10., 9.,
       4., 3., 9., 56., 120., 21., 10., 43., 20., 18., 14., 31., 18.,
       23., 62., 120., 78., 56., 16., 16., 5., 15., 63., 76., 78., 23.,
       0., 0., 0., 1., 16., 146., 4., 2., 5., 1., 0., 0., 77., 7., 2.,
       3., 74., 125., 0., 0., 1., 120., 2., 1., 28., 69., 1., 1., 32.,
       62., 8., 1., 6., 5., 0., 0., 9., 146., 14., 10., 27., 7., 0., 0.,
       57., 17., 7., 8., 146., 127., 0., 0., 1., 146., 22., 5., 36., 25.,
       0., 0., 19., 40., 8., 13., 12., 6., 0., 0., 10., 146., 18., 24.,
       66., 21., 1., 0., 31., 34., 2., 5., 146., 89., 10., 8., 15., 146.,
       29., 15., 11., 7., 0., 2., 27., 13., 14., 58., 28., 0., 0., 0.,
       0., 32., 8., 22., 17., 12., 3., 0., 6., 8., 1., 3., 13., 23., 21.,
       22., 15., 32., 18., 37., 2., 0., 0., 5., 18., 1., 4., 61., 22.,
       0., 0., 0., 0., 0., 0., 0., 0., 3., 3., 13., 15., 8., 12., 17.,
       22., 21., 7., 5., 3., 72., 27., 10., 3., 3., 9., 10., 35., 6., 0.,
       0., 0., 143., 143., 12., 13., 2., 0., 0., 0., 11., 24., 35., 66.,
       37., 5., 5., 12., 111., 102., 12., 7., 143., 18., 3., 2., 8., 11.,
       4., 45., 27., 0., 0., 0., 143., 143., 11., 20., 8., 0., 0., 0.,
       5., 15., 20., 52., 16., 1., 0., 0., 101., 143., 12., 7., 143.,
       24., 0., 0., 22., 40., 4., 15., 58., 6., 0., 0., 84., 75., 5.,
       11., 19., 7., 1., 1., 4., 4., 3., 10., 3., 1., 0., 0., 86., 63.,
       2., 1., 117., 55., 0., 2., 58., 39., 1., 2., 77., 31., 0., 0.,
       16., 15., 1., 2., 2., 0., 0., 2., 1., 7., 32., 9., 98., 4., 0.,
       0., 0., 1., 11., 69., 145., 3., 0., 0., 0., 0., 5., 107., 1., 0.,
       0., 0., 0., 0., 0., 2., 17., 6., 5., 9., 2., 4., 7., 7., 182.,
       17., 1., 2., 1., 1., 2., 12., 198., 15., 0., 0., 0., 0., 0., 41.,
       16., 0., 0., 0., 0., 0., 0., 5., 5., 3., 5., 5., 2., 12., 23., 9.,
       170., 14., 2., 6., 3., 1., 4., 10., 198., 24., 0., 0., 0., 0., 0.,
       45., 46., 1., 0., 0., 0., 0., 0., 14., 1., 7., 11., 8., 1., 2.,
       2., 1., 98., 27., 5., 8., 1., 1., 1., 1., 198., 95., 0., 0., 0.,
       0., 0., 4., 73., 17., 0., 0., 0., 0., 0., 2., 8., 73., 47., 47.,
       40., 2., 0., 0., 16., 107., 35., 76., 32., 4., 0., 0., 28., 107.,
       61., 69., 25., 6., 1., 4., 10., 40., 51., 98., 8., 0., 0., 2.,
       21., 44., 20., 25., 42., 54., 16., 5., 107., 79., 16., 24., 33.,
       78., 12., 24., 92., 38., 13., 24., 47., 107., 28., 53., 50., 20.,
       12., 44., 95., 30., 2., 18., 29., 51., 16., 18., 15., 22., 20.,
       7., 102., 106., 8., 26., 28., 23., 17., 23., 58., 63., 4., 20.,
       81., 51., 13., 16., 51., 41., 1., 2., 50., 97., 19., 15., 5., 4.,
       4., 3., 1., 30., 107., 37., 19., 14., 3., 5., 2., 6., 107., 84.,
       15., 10., 1., 3., 13., 51., 93., 52., 21., 6., 0., 1., 1., 19.,
       51., 58., 78., 20., 12., 52., 47., 4., 2., 35., 74., 37., 38.,
       53., 56., 1., 3., 26., 48., 104., 59., 17., 10., 1., 3., 15., 2.,
       49., 53., 3., 1., 1., 0., 0., 32., 3., 18., 53., 24., 14., 52.,
       90., 87., 20., 26., 96., 46., 2., 8., 67., 33., 25., 40., 70.,
       110., 8., 19., 51., 11., 110., 74., 16., 19., 7., 13., 4., 4., 3.,
       10., 43., 110., 72., 58., 16., 110., 29., 26., 69., 53., 29., 63.,
       71., 64., 16., 18., 110., 81., 6., 12., 24., 23., 32., 7., 22.,
       58., 18., 20., 17., 0., 0., 0., 6., 48., 35., 54., 21., 1., 0.,
       0., 16., 110., 45., 63., 36., 43., 16., 3., 17., 83., 31., 27.,
       54., 18., 6., 2., 10., 49., 39., 17., 21., 22., 47., 28., 58.,
       19., 11., 2., 2., 104., 76., 20., 42., 19., 14., 1., 7., 66., 57.,
       70., 87., 5., 0., 0., 1., 64., 58., 29., 13., 0., 0., 1., 5., 64.,
       23., 14., 15., 26., 20., 5., 13., 102., 18., 7., 18., 58., 35.,
       9., 96., 53., 34., 38., 63., 104., 62., 16., 72., 87., 77., 59.,
       36., 7., 3., 5., 48., 23., 14., 18., 13., 6., 102., 68., 8., 104.,
       20., 16., 36., 31., 20., 38., 50., 72., 7., 7., 47., 85., 29., 7.,
       62., 32., 6., 15., 72., 95., 6., 5., 44., 1., 0., 0., 0., 0., 50.,
       88., 6., 9., 1., 1., 7., 20., 81., 93., 21., 55., 5., 2., 12.,
       34., 56., 58., 44., 44., 4., 0., 5., 80., 78., 17., 20., 31., 22.,
       50., 52., 18., 17., 52., 25., 121., 115., 16., 9., 16., 10., 9.,
       17., 37., 34., 3., 4., 49., 13., 0., 0., 21., 26., 5., 1., 1., 0.,
       0., 0., 23., 10., 44., 48., 38., 57., 51., 60., 121., 76., 10.,
       13., 20., 9., 24., 70., 87., 32., 2., 9., 112., 14., 0., 4., 63.,
       27., 1., 1., 5., 1., 0., 0., 8., 29., 62., 66., 54., 83., 53.,
       37., 121., 106., 96., 43., 5., 2., 32., 92., 78., 57., 7., 5.,
       64., 25., 17., 17., 48., 20., 0., 0., 5., 5., 11., 18., 3., 16.,
       45., 53., 70., 91., 34., 14., 95., 61., 59., 22., 1., 6., 37.,
       88., 97., 68., 5., 1., 1., 4., 9., 16., 4., 6., 1., 1., 0., 1.,
       6., 6., 7., 11., 1., 2., 27., 11., 0., 0., 1., 3., 6., 49., 83.,
       27., 3., 0., 36., 31., 15., 30., 22., 18., 25., 6., 9., 4., 24.,
       28., 43., 19., 5., 4., 24., 21., 1., 13., 49., 4., 0., 0., 12.,
       13., 28., 145., 145., 16., 1., 1., 145., 80., 36., 57., 21., 13.,
       2., 10., 36., 4., 1., 9., 77., 120., 2., 4., 9., 34., 7., 15.,
       51., 5., 0., 0., 24., 10., 7., 68., 145., 79., 6., 5., 145., 66.,
       4., 15., 37., 21., 7., 17., 64., 25., 2., 1., 12., 70., 5., 2.,
       0., 5., 3., 10., 34., 16., 1., 0., 6., 4., 2., 55., 145., 91.,
       25., 5., 145., 32., 2., 14., 26., 23., 40., 56., 66., 11., 6., 6.,
       5., 2., 0., 5., 10., 7., 0., 5., 42., 9., 8., 9., 12., 11., 29.,
       63., 146., 19., 2., 11., 146., 88., 35., 12., 18., 4., 3., 68.,
       47., 20., 1., 0., 0., 3., 2., 14., 36., 88., 3., 5., 53., 12., 1.,
       1., 30., 14., 6., 43., 146., 36., 5., 14., 146., 47., 6., 8., 31.,
       9., 8., 94., 56., 2., 0., 0., 10., 30., 7., 26., 94., 82., 1., 7.,
       40., 3., 3., 13., 21., 9., 2., 24., 146., 65., 46., 66., 146., 8.,
       1., 2., 11., 11., 36., 146., 44., 1., 0., 0., 30., 18., 1., 15.,
       34., 11., 13., 9., 14., 6., 21., 19., 21., 23., 24., 4., 32., 23.,
       18., 42., 87., 16., 0., 0., 1., 1., 5., 55., 20., 4., 0., 0., 13.,
       13., 1., 4., 10., 8., 7., 19., 17., 6., 30., 72., 11., 7., 20.,
       56., 31., 24., 14., 37., 54., 46., 31., 19., 25., 14., 3., 49.,
       44., 13., 5., 15., 12., 6., 24., 25., 28., 49., 17., 23., 21., 1.,
       7., 37., 45., 21., 40., 124., 123., 6., 3., 11., 124., 45., 25.,
       40., 16., 3., 7., 84., 19., 10., 21., 117., 48., 3., 6., 23., 33.,
       18., 14., 64., 31., 3., 4., 31., 43., 6., 10., 68., 108., 48.,
       83., 77., 124., 17., 4., 52., 33., 8., 39., 96., 33., 8., 6.,
       124., 96., 7., 17., 72., 21., 24., 17., 28., 21., 20., 20., 30.,
       25., 9., 33., 46., 6., 11., 44., 98., 30., 35., 31., 30., 25.,
       12., 29., 30., 21., 2., 0., 18., 27., 15., 66., 123., 2., 0., 0.,
       0., 217., 22., 0., 1., 38., 0., 0., 0., 47., 6., 2., 22., 8., 0.,
       0., 0., 0., 1., 9., 13., 1., 0., 0., 0., 0., 0., 4., 8., 4., 0.,
       0., 0., 217., 25., 0., 1., 73., 1., 0., 0., 66., 7., 7., 41., 10.,
       0., 0., 3., 18., 20., 19., 17., 1., 1., 0., 1., 2., 2., 5., 5.,
       4., 1., 0., 3., 217., 15., 0., 0., 109., 24., 0., 7., 78., 1., 0.,
       4., 21., 6., 1., 19., 39., 3., 1., 10., 3., 1., 0., 2., 3., 0.,
       30., 54., 2., 2., 1., 5., 217., 12., 0., 0., 84., 31., 2., 6.,
