%YAML:1.0
---
mat: !!opencv-matrix
   rows: 123
   cols: 128
   dt: f
   data: [ 15., 17., 12., 7., 16., 30., 44., 23., 39., 110., 72., 22.,
       28., 18., 1., 0., 133., 133., 5., 0., 0., 0., 0., 0., 16., 7., 0.,
       0., 0., 0., 0., 1., 17., 37., 42., 7., 53., 81., 32., 18., 69.,
       37., 7., 7., 80., 133., 9., 9., 133., 84., 0., 0., 0., 13., 5.,
       22., 49., 9., 0., 0., 0., 0., 0., 2., 61., 66., 70., 14., 26.,
       18., 12., 21., 73., 29., 25., 12., 19., 133., 27., 34., 133., 18.,
       3., 1., 2., 30., 21., 112., 37., 5., 0., 0., 0., 0., 1., 9., 23.,
       28., 73., 14., 7., 6., 15., 27., 22., 52., 123., 45., 3., 5., 3.,
       10., 52., 133., 37., 2., 1., 2., 2., 13., 31., 51., 1., 0., 0.,
       0., 0., 2., 0., 1., 8., 28., 9., 0., 0., 0., 0., 0., 13., 56.,
       125., 26., 0., 0., 9., 3., 2., 15., 120., 69., 9., 4., 22., 14.,
       33., 16., 4., 10., 3., 4., 3., 5., 46., 125., 16., 0., 0., 0.,
       74., 36., 85., 100., 34., 23., 11., 8., 12., 4., 14., 41., 44.,
       125., 67., 5., 0., 3., 19., 15., 28., 125., 27., 0., 36., 6., 11.,
       125., 94., 1., 1., 7., 125., 22., 15., 45., 22., 11., 3., 34.,
       26., 18., 38., 120., 74., 58., 11., 14., 17., 21., 23., 11., 35.,
       64., 15., 33., 29., 2., 0., 25., 66., 45., 20., 33., 125., 27.,
       10., 7., 14., 19., 8., 79., 12., 4., 7., 17., 64., 87., 16., 32.,
       15., 0., 0., 39., 36., 15., 14., 61., 55., 36., 32., 5., 2., 7.,
       14., 11., 139., 93., 1., 0., 0., 0., 0., 14., 116., 42., 7., 0.,
       0., 0., 0., 2., 2., 13., 8., 0., 0., 0., 0., 0., 61., 34., 19.,
       1., 1., 7., 18., 90., 139., 47., 3., 2., 0., 0., 0., 82., 108.,
       32., 51., 36., 2., 0., 0., 13., 33., 55., 36., 4., 0., 0., 0., 1.,
       30., 24., 7., 1., 3., 94., 100., 38., 139., 56., 11., 5., 0., 1.,
       27., 93., 56., 24., 40., 56., 3., 0., 12., 35., 94., 17., 7., 5.,
       0., 0., 2., 57., 1., 1., 3., 1., 1., 94., 139., 17., 21., 1., 1.,
       1., 0., 15., 98., 101., 9., 1., 3., 2., 0., 0., 47., 129., 13.,
       2., 1., 0., 0., 0., 9., 64., 5., 9., 15., 119., 58., 1., 0., 0.,
       61., 49., 24., 70., 44., 30., 27., 4., 12., 11., 31., 51., 42.,
       60., 53., 8., 8., 4., 5., 4., 21., 92., 32., 17., 20., 9., 3.,
       97., 119., 13., 3., 5., 119., 62., 7., 27., 43., 32., 10., 22.,
       47., 11., 11., 25., 56., 108., 38., 39., 38., 4., 2., 32., 100.,
       28., 16., 40., 6., 0., 0., 8., 119., 89., 23., 7., 85., 54., 48.,
       13., 29., 32., 24., 22., 22., 57., 90., 46., 30., 14., 2., 6.,
       17., 18., 35., 119., 56., 7., 3., 9., 0., 0., 0., 0., 65., 74.,
       6., 0., 0., 4., 12., 16., 64., 95., 10., 0., 2., 45., 58., 60.,
       22., 34., 2., 0., 34., 14., 33., 119., 21., 2., 0., 1., 2., 5.,
       19., 8., 8., 62., 21., 4., 26., 12., 7., 7., 7., 33., 48., 6.,
       120., 120., 6., 1., 3., 5., 4., 25., 81., 120., 3., 0., 0., 0.,
       0., 10., 2., 74., 111., 26., 4., 14., 17., 4., 18., 62., 84., 20.,
       13., 16., 25., 18., 120., 49., 7., 8., 7., 5., 3., 82., 120., 42.,
       0., 0., 0., 0., 0., 60., 2., 12., 8., 2., 5., 62., 87., 21., 25.,
       32., 22., 1., 0., 3., 59., 120., 120., 29., 4., 0., 0., 0., 34.,
       120., 120., 15., 5., 4., 1., 0., 0., 86., 1., 1., 2., 2., 27.,
       96., 29., 4., 17., 38., 29., 2., 5., 20., 13., 23., 120., 45.,
       10., 0., 0., 0., 5., 64., 79., 6., 15., 22., 7., 0., 0., 29., 0.,
       1., 18., 79., 24., 3., 0., 0., 2., 93., 91., 33., 8., 3., 0., 0.,
       21., 111., 14., 0., 0., 0., 0., 0., 2., 5., 5., 3., 0., 0., 0.,
       0., 0., 80., 28., 27., 48., 54., 2., 0., 25., 52., 27., 27., 95.,
       52., 2., 3., 127., 127., 7., 3., 6., 1., 0., 10., 22., 8., 4., 7.,
       4., 0., 0., 0., 9., 127., 127., 23., 12., 5., 0., 0., 43., 115.,
       63., 23., 81., 20., 3., 13., 127., 76., 2., 2., 5., 3., 2., 32.,
       30., 20., 2., 8., 10., 0., 0., 1., 63., 91., 60., 40., 8., 1., 7.,
       30., 127., 120., 16., 2., 1., 1., 9., 81., 107., 47., 2., 1., 0.,
       0., 6., 71., 39., 15., 0., 3., 4., 0., 0., 7., 0., 0., 4., 21.,
       76., 51., 25., 2., 17., 71., 37., 28., 114., 31., 5., 7., 120.,
       120., 17., 14., 12., 9., 8., 23., 7., 11., 6., 68., 63., 8., 6.,
       2., 2., 8., 26., 61., 95., 28., 3., 0., 41., 7., 2., 31., 113.,
       69., 10., 13., 120., 27., 4., 8., 19., 24., 8., 50., 16., 7., 7.,
       26., 92., 48., 4., 6., 40., 23., 6., 13., 19., 22., 16., 13., 29.,
       3., 0., 0., 38., 120., 75., 20., 120., 68., 32., 11., 13., 45.,
       37., 30., 23., 16., 42., 52., 42., 28., 34., 26., 66., 15., 1.,
       1., 4., 10., 30., 43., 44., 5., 0., 1., 59., 73., 47., 28., 21.,
       4., 2., 1., 15., 41., 105., 98., 33., 1., 4., 3., 2., 75., 104.,
       63., 6., 16., 35., 89., 23., 5., 10., 4., 62., 133., 36., 6., 3.,
       4., 6., 3., 133., 133., 1., 0., 0., 0., 0., 0., 11., 6., 0., 0.,
       0., 0., 0., 0., 18., 6., 5., 14., 12., 14., 52., 74., 74., 41.,
       6., 3., 3., 98., 104., 37., 133., 97., 0., 0., 0., 6., 13., 36.,
       62., 11., 0., 0., 0., 0., 0., 2., 133., 14., 0., 0., 0., 6., 23.,
       65., 66., 8., 0., 0., 0., 95., 130., 60., 133., 4., 0., 0., 0.,
       12., 70., 133., 59., 5., 2., 0., 0., 0., 0., 15., 65., 13., 3.,
       0., 0., 0., 8., 63., 82., 42., 1., 0., 0., 0., 9., 31., 28., 46.,
       2., 0., 0., 0., 10., 31., 10., 16., 21., 3., 0., 0., 0., 4., 3.,
       0., 0., 22., 69., 120., 15., 5., 36., 53., 24., 7., 41., 41., 6.,
       15., 9., 58., 58., 27., 21., 7., 10., 6., 7., 6., 10., 53., 75.,
       66., 59., 10., 0., 5., 29., 120., 64., 8., 1., 0., 6., 22., 21.,
       49., 120., 21., 2., 1., 120., 73., 25., 8., 7., 5., 6., 15., 50.,
       8., 1., 10., 10., 47., 52., 20., 17., 28., 24., 47., 19., 4., 4.,
       5., 6., 6., 3., 11., 63., 60., 26., 9., 120., 6., 0., 1., 4., 21.,
       37., 97., 55., 3., 1., 12., 10., 18., 79., 86., 6., 2., 1., 2.,
       3., 22., 120., 17., 1., 1., 1., 3., 1., 6., 120., 80., 17., 0.,
       0., 0., 0., 4., 120., 120., 9., 0., 0., 0., 0., 2., 85., 120.,
       12., 9., 7., 16., 62., 111., 46., 39., 109., 27., 14., 14., 14.,
       6., 15., 72., 73., 22., 5., 11., 76., 14., 10., 19., 47., 41.,
       26., 4., 34., 29., 31., 15., 65., 20., 12., 57., 119., 37., 7.,
       9., 119., 49., 19., 35., 61., 16., 6., 29., 62., 29., 29., 39.,
       119., 14., 4., 5., 77., 99., 83., 15., 24., 17., 11., 22., 19.,
       22., 84., 41., 59., 25., 7., 8., 71., 83., 67., 42., 37., 22.,
       12., 18., 31., 101., 78., 32., 55., 18., 28., 11., 64., 25., 67.,
       15., 8., 19., 68., 70., 5., 9., 13., 23., 16., 14., 18., 8., 17.,
       28., 15., 73., 36., 5., 4., 2., 25., 77., 65., 18., 2., 0., 2.,
       12., 8., 31., 106., 15., 1., 1., 9., 24., 0., 1., 18., 41., 14.,
       19., 19., 12., 54., 36., 35., 11., 2., 9., 11., 13., 136., 87.,
       1., 0., 0., 0., 0., 12., 73., 40., 9., 0., 0., 0., 0., 1., 0., 1.,
       4., 14., 17., 136., 121., 1., 59., 13., 8., 3., 1., 74., 102.,
       45., 136., 32., 5., 1., 0., 2., 8., 51., 74., 43., 41., 6., 0.,
       0., 0., 8., 0., 8., 11., 1., 0., 112., 119., 1., 8., 4., 3., 0.,
       0., 136., 136., 20., 83., 10., 2., 0., 0., 18., 123., 130., 30.,
       9., 8., 2., 0., 0., 20., 103., 5., 48., 48., 15., 0., 2., 4., 1.,
       19., 36., 25., 1., 0., 20., 30., 12., 13., 3., 1., 1., 0., 7.,
       58., 55., 2., 3., 10., 6., 0., 0., 10., 41., 0., 0., 9., 36., 38.,
       6., 0., 0., 0., 31., 54., 36., 25., 15., 0., 0., 4., 113., 40.,
       3., 2., 2., 0., 0., 3., 25., 13., 1., 2., 15., 1., 0., 0., 0.,
       138., 138., 11., 2., 0., 0., 7., 23., 138., 138., 11., 7., 0., 0.,
       133., 138., 71., 17., 1., 0., 0., 4., 39., 30., 34., 13., 14., 1.,
       0., 3., 3., 3., 91., 138., 17., 3., 0., 0., 73., 36., 107., 49.,
       12., 3., 0., 9., 138., 31., 10., 4., 1., 0., 0., 36., 61., 3., 3.,
       18., 66., 4., 0., 4., 19., 9., 5., 11., 16., 23., 5., 10., 90.,
