%YAML:1.0
---
mat: !!opencv-matrix
   rows: 44
   cols: 128
   dt: f
   data: [ 1., 7., 7., 1., 0., 0., 3., 7., 2., 13., 33., 14., 1., 0., 1.,
       2., 9., 25., 34., 3., 0., 0., 1., 10., 4., 3., 3., 0., 0., 0.,
       10., 24., 1., 1., 11., 31., 18., 1., 9., 20., 15., 27., 105.,
       138., 130., 10., 4., 7., 138., 138., 101., 35., 10., 3., 2., 23.,
       60., 7., 0., 0., 0., 0., 5., 30., 8., 2., 22., 70., 49., 2., 1.,
       3., 31., 16., 18., 58., 138., 90., 17., 28., 138., 95., 10., 13.,
       27., 20., 14., 88., 88., 25., 0., 0., 0., 0., 0., 7., 10., 19.,
       21., 29., 26., 1., 0., 1., 18., 23., 7., 18., 138., 46., 8., 9.,
       138., 109., 10., 13., 36., 19., 10., 39., 64., 59., 18., 0., 0.,
       0., 0., 1., 5., 1., 0., 2., 1., 0., 10., 6., 0., 1., 31., 25., 1.,
       0., 12., 8., 4., 25., 42., 6., 0., 1., 4., 6., 5., 4., 0., 0., 0.,
       1., 3., 4., 17., 1., 0., 20., 38., 1., 2., 10., 11., 21., 110.,
       154., 138., 9., 2., 4., 154., 150., 116., 38., 7., 2., 1., 11.,
       47., 17., 0., 0., 1., 1., 1., 4., 10., 1., 0., 3., 87., 6., 1.,
       8., 28., 7., 6., 41., 154., 72., 10., 20., 154., 30., 5., 8., 20.,
       15., 9., 62., 82., 3., 0., 0., 0., 0., 3., 8., 1., 0., 0., 3.,
       68., 3., 2., 6., 19., 2., 1., 12., 154., 28., 5., 15., 154., 16.,
       1., 2., 16., 6., 4., 42., 71., 8., 0., 0., 0., 0., 2., 3., 79.,
       56., 1., 0., 33., 25., 0., 17., 38., 25., 2., 6., 117., 89., 2.,
       3., 110., 59., 1., 2., 8., 22., 20., 5., 11., 2., 0., 0., 1., 11.,
       51., 29., 134., 116., 19., 9., 23., 5., 6., 14., 36., 20., 2.,
       36., 138., 30., 3., 4., 138., 45., 2., 10., 30., 5., 3., 15., 34.,
       2., 0., 1., 3., 2., 1., 3., 138., 133., 36., 14., 10., 4., 1., 9.,
       55., 15., 0., 5., 101., 98., 60., 19., 101., 3., 0., 1., 9., 20.,
       69., 103., 21., 1., 0., 1., 7., 2., 0., 9., 138., 75., 1., 1., 4.,
       1., 3., 48., 80., 29., 1., 1., 1., 11., 22., 7., 1., 1., 2., 6.,
       4., 3., 25., 12., 0., 0., 2., 10., 3., 0., 0., 2., 3., 0., 0., 1.,
       0., 0., 2., 10., 4., 3., 26., 13., 1., 1., 1., 6., 1., 11., 21.,
       7., 92., 41., 1., 0., 5., 2., 1., 37., 136., 98., 2., 2., 6., 2.,
       1., 10., 21., 1., 0., 1., 9., 21., 70., 104., 100., 5., 0., 1.,
       102., 101., 59., 19., 56., 20., 0., 4., 10., 4., 1., 5., 136.,
       136., 42., 19., 3., 2., 1., 2., 32., 4., 0., 1., 28., 5., 3., 13.,
       136., 58., 2., 7., 136., 37., 3., 4., 35., 24., 2., 25., 27., 8.,
       5., 12., 121., 120., 16., 7., 1., 7., 42., 29., 9., 2., 0., 0.,
       6., 20., 24., 6., 100., 66., 1., 2., 101., 95., 2., 3., 42., 34.,
       2., 5., 39., 37., 0., 11., 65., 49., 1., 0., 9., 5., 63., 118.,
       28., 33., 45., 20., 118., 45., 50., 24., 8., 3., 13., 52., 43.,
       5., 0., 4., 77., 25., 1., 15., 34., 3., 0., 2., 50., 14., 2., 12.,
       15., 4., 48., 82., 41., 118., 103., 28., 118., 26., 22., 12., 12.,
       11., 35., 80., 67., 6., 1., 25., 110., 8., 0., 9., 56., 3., 0.,
       2., 19., 25., 28., 19., 23., 15., 102., 112., 87., 36., 11., 7.,
       118., 59., 46., 16., 13., 9., 6., 35., 63., 5., 1., 32., 64., 27.,
       26., 33., 58., 1., 0., 2., 2., 1., 10., 40., 17., 1., 0., 28.,
       79., 39., 96., 48., 118., 1., 0., 0., 3., 4., 36., 118., 22., 0.,
       2., 2., 3., 17., 33., 19., 4., 0., 2., 6., 2., 0., 6., 13., 77.,
       61., 25., 77., 27., 4., 1., 2., 119., 58., 50., 71., 19., 1., 1.,
       9., 66., 14., 4., 56., 20., 0., 0., 2., 21., 48., 59., 83., 20.,
       0., 0., 0., 24., 37., 20., 21., 42., 51., 33., 23., 119., 8., 4.,
       18., 32., 20., 6., 28., 83., 5., 3., 119., 102., 6., 4., 4., 92.,
       55., 11., 84., 85., 28., 7., 1., 3., 1., 1., 0., 14., 103., 113.,
       18., 110., 5., 2., 12., 25., 76., 82., 66., 29., 3., 3., 76., 69.,
       43., 47., 58., 55., 17., 0., 6., 66., 119., 37., 35., 0., 19.,
       34., 12., 4., 11., 13., 0., 0., 30., 14., 0., 2., 22., 43., 8.,
       1., 2., 8., 1., 6., 30., 52., 24., 5., 1., 2., 0., 22., 73., 37.,
       20., 27., 92., 59., 42., 8., 0., 0., 0., 39., 75., 78., 31., 0.,
       0., 0., 0., 17., 22., 24., 36., 2., 0., 0., 0., 4., 30., 36., 14.,
       1., 0., 0., 0., 34., 54., 36., 49., 31., 30., 16., 4., 120., 48.,
       30., 53., 9., 3., 4., 19., 63., 24., 29., 120., 88., 3., 0., 1.,
       112., 120., 44., 56., 20., 2., 0., 0., 4., 2., 3., 1., 5., 113.,
       120., 7., 120., 7., 4., 21., 13., 50., 79., 57., 24., 7., 4., 81.,
       95., 89., 53., 13., 120., 55., 2., 9., 23., 73., 20., 14., 0.,
       14., 28., 16., 6., 22., 30., 1., 2., 29., 17., 1., 2., 31., 71.,
       12., 0., 3., 12., 1., 6., 67., 77., 14., 25., 4., 3., 1., 5., 75.,
       65., 27., 0., 0., 0., 2., 63., 17., 4., 1., 8., 9., 13., 32.,
       138., 26., 3., 5., 138., 25., 14., 7., 7., 4., 4., 48., 44., 1.,
       0., 0., 0., 2., 7., 18., 0., 0., 0., 11., 95., 18., 2., 0., 22.,
       16., 13., 93., 138., 43., 8., 5., 138., 54., 11., 15., 11., 6.,
       6., 35., 62., 1., 0., 0., 3., 9., 6., 16., 0., 0., 0., 14., 88.,
       20., 0., 0., 11., 4., 16., 65., 138., 138., 85., 15., 138., 17.,
       9., 12., 4., 23., 53., 85., 66., 2., 0., 0., 6., 5., 2., 7., 0.,
       0., 1., 18., 72., 6., 0., 0., 17., 4., 22., 92., 114., 17., 5.,
       6., 138., 13., 13., 16., 3., 3., 3., 41., 35., 2., 0., 1., 0., 1.,
       1., 10., 38., 13., 26., 71., 23., 52., 18., 36., 117., 26., 3.,
       11., 33., 20., 6., 86., 50., 3., 0., 0., 82., 36., 2., 8., 54.,
       3., 0., 1., 22., 30., 3., 13., 27., 12., 7., 73., 40., 48., 64.,
       72., 117., 54., 9., 7., 31., 13., 18., 64., 60., 4., 0., 0., 102.,
       61., 2., 16., 68., 9., 0., 4., 56., 19., 2., 10., 15., 9., 63.,
       117., 39., 43., 65., 37., 117., 70., 57., 40., 12., 7., 12., 52.,
       63., 12., 0., 3., 100., 42., 1., 11., 50., 10., 0., 1., 50., 34.,
       14., 12., 12., 2., 27., 81., 41., 97., 102., 21., 117., 39., 24.,
       16., 7., 11., 39., 49., 63., 14., 1., 19., 92., 14., 1., 4., 66.,
       5., 0., 3., 8., 10., 19., 16., 17., 29., 34., 25., 29., 0., 0.,
       2., 58., 5., 2., 23., 50., 1., 1., 33., 33., 3., 7., 53., 111.,
       13., 5., 24., 18., 61., 48., 30., 41., 20., 83., 29., 69., 9., 3.,
       24., 51., 1., 0., 12., 106., 15., 2., 28., 39., 1., 0., 19., 29.,
       3., 9., 111., 111., 34., 38., 11., 30., 62., 54., 50., 36., 15.,
       111., 110., 46., 9., 2., 35., 47., 1., 0., 14., 111., 14., 1.,
       33., 49., 1., 0., 17., 18., 4., 51., 90., 111., 25., 24., 11.,
       39., 57., 108., 29., 5., 5., 55., 74., 44., 12., 3., 26., 27., 0.,
       0., 2., 101., 14., 4., 53., 39., 1., 0., 12., 9., 16., 20., 111.,
       104., 13., 19., 24., 62., 64., 12., 10., 5., 3., 24., 68., 31.,
       3., 0., 0., 64., 81., 11., 14., 102., 10., 0., 1., 62., 25., 4.,
       25., 62., 9., 1., 5., 93., 33., 4., 33., 66., 7., 0., 0., 0., 1.,
       9., 44., 23., 4., 0., 1., 119., 38., 2., 13., 119., 13., 0., 2.,
       90., 30., 1., 7., 73., 16., 1., 5., 88., 78., 9., 25., 98., 16.,
       0., 0., 0., 3., 7., 38., 34., 10., 0., 1., 119., 28., 1., 5.,
       119., 6., 0., 5., 96., 23., 4., 17., 84., 21., 6., 38., 115., 38.,
       5., 12., 119., 21., 2., 2., 2., 4., 3., 21., 34., 11., 0., 1.,
       83., 46., 2., 8., 112., 4., 0., 2., 63., 35., 6., 23., 73., 9.,
       0., 2., 119., 28., 2., 5., 119., 20., 0., 1., 6., 2., 1., 4., 2.,
       77., 118., 12., 3., 13., 3., 0., 5., 82., 38., 67., 24., 3., 0.,
       0., 15., 56., 57., 70., 18., 3., 2., 11., 19., 35., 15., 9., 17.,
       25., 7., 31., 17., 53., 31., 7., 30., 118., 36., 3., 118., 118.,
       12., 17., 45., 79., 10., 9., 23., 113., 15., 14., 39., 118., 38.,
       6., 42., 118., 10., 0., 4., 31., 7., 11., 7., 9., 17., 38., 99.,
       61., 8., 12., 118., 6., 0., 9., 50., 37., 12., 95., 30., 4., 0.,
       34., 49., 114., 44., 15., 62., 36., 1., 3., 15., 44., 50., 78.,
       3., 12., 18., 21., 11., 2., 42., 63., 24., 1., 1., 3., 6., 6.,
