%YAML:1.0
---
mat: !!opencv-matrix
   rows: 65
   cols: 128
   dt: f
   data: [ 0., 2., 36., 32., 0., 0., 0., 0., 5., 13., 101., 66., 0., 0.,
       1., 4., 24., 50., 42., 3., 1., 1., 1., 7., 3., 3., 0., 1., 9., 5.,
       0., 0., 5., 12., 134., 134., 3., 0., 0., 0., 134., 42., 98., 120.,
       0., 0., 2., 59., 85., 26., 11., 1., 0., 1., 8., 113., 5., 1., 0.,
       0., 3., 12., 2., 5., 31., 8., 56., 129., 68., 4., 15., 29., 134.,
       45., 23., 17., 0., 0., 5., 59., 126., 46., 0., 0., 0., 1., 1.,
       17., 5., 1., 0., 0., 5., 11., 1., 1., 13., 1., 0., 8., 53., 19.,
       109., 65., 134., 45., 0., 0., 0., 5., 79., 72., 117., 26., 0., 0.,
       0., 0., 4., 33., 7., 0., 0., 0., 4., 6., 0., 1., 1., 1., 6., 24.,
       0., 0., 0., 0., 0., 0., 53., 115., 4., 2., 0., 0., 15., 9., 81.,
       115., 14., 4., 1., 2., 18., 6., 8., 43., 82., 48., 5., 5., 4., 3.,
       16., 115., 45., 6., 1., 1., 71., 12., 51., 115., 18., 46., 20.,
       30., 93., 17., 40., 31., 27., 115., 23., 22., 115., 12., 2., 1.,
       74., 102., 11., 17., 7., 1., 1., 33., 81., 115., 11., 3., 115.,
       36., 2., 11., 27., 78., 18., 28., 77., 18., 0., 0., 67., 115.,
       22., 20., 108., 11., 0., 0., 13., 49., 32., 42., 2., 1., 0., 0.,
       36., 54., 2., 0., 79., 25., 0., 0., 64., 75., 8., 14., 76., 17.,
       0., 0., 7., 32., 28., 20., 11., 0., 0., 0., 1., 8., 27., 34., 78.,
       70., 40., 22., 5., 0., 0., 20., 40., 36., 53., 82., 10., 0., 0.,
       9., 38., 35., 19., 53., 16., 0., 0., 7., 30., 24., 38., 54., 9.,
       0., 0., 10., 104., 9., 13., 112., 19., 4., 1., 65., 112., 23.,
       23., 112., 19., 3., 1., 36., 80., 13., 11., 112., 61., 0., 0.,
       27., 112., 8., 5., 42., 20., 0., 0., 68., 15., 3., 5., 38., 17.,
       54., 106., 25., 102., 29., 18., 33., 10., 59., 106., 25., 49.,
       22., 27., 112., 21., 20., 94., 36., 112., 18., 3., 9., 2., 0.,
       18., 65., 0., 0., 0., 0., 0., 20., 69., 7., 0., 0., 0., 0., 1.,
       35., 112., 4., 1., 0., 0., 1., 2., 16., 112., 25., 9., 0., 0., 1.,
       2., 1., 30., 41., 0., 1., 28., 45., 1., 0., 0., 0., 1., 6., 79.,
       84., 27., 0., 0., 0., 33., 7., 25., 72., 53., 23., 1., 13., 8.,
       7., 15., 22., 79., 40., 3., 8., 16., 6., 52., 117., 16., 23., 8.,
       12., 21., 24., 121., 51., 30., 89., 9., 5., 123., 21., 27., 15.,
       38., 33., 3., 29., 19., 5., 7., 4., 123., 108., 8., 9., 123., 14.,
       11., 23., 3., 27., 16., 54., 34., 4., 2., 1., 63., 123., 17., 20.,
       123., 32., 1., 0., 35., 52., 1., 18., 31., 6., 0., 0., 104., 110.,
       21., 17., 116., 39., 0., 0., 16., 23., 4., 5., 35., 15., 0., 0.,
       74., 72., 4., 1., 99., 20., 0., 0., 38., 53., 23., 36., 39., 6.,
       0., 0., 7., 30., 23., 16., 70., 53., 47., 7., 6., 3., 1., 42.,
       92., 19., 10., 52., 20., 0., 0., 56., 41., 19., 32., 112., 32.,
       0., 0., 22., 58., 25., 10., 12., 6., 0., 0., 23., 120., 6., 7.,
       22., 6., 8., 5., 120., 51., 2., 14., 120., 32., 3., 0., 44., 120.,
       5., 13., 91., 21., 1., 0., 66., 55., 2., 2., 62., 34., 0., 0.,
       40., 52., 2., 15., 44., 6., 11., 34., 70., 18., 1., 10., 98., 30.,
       90., 57., 25., 120., 34., 19., 24., 8., 41., 19., 24., 24., 16.,
       39., 120., 21., 6., 14., 4., 1., 0., 0., 2., 2., 20., 82., 24.,
       1., 0., 0., 0., 4., 81., 80., 26., 15., 5., 4., 6., 4., 56., 120.,
       20., 2., 2., 7., 23., 6., 25., 120., 10., 0., 0., 0., 1., 5., 18.,
       56., 4., 10., 0., 0., 25., 137., 137., 12., 5., 137., 4., 0., 5.,
       61., 67., 6., 45., 67., 0., 0., 0., 0., 0., 26., 25., 0., 0., 0.,
       7., 49., 13., 30., 2., 8., 6., 14., 137., 137., 57., 15., 5.,
       137., 28., 13., 39., 36., 22., 18., 55., 100., 5., 0., 1., 1., 0.,
       4., 13., 0., 0., 0., 3., 43., 22., 3., 0., 3., 2., 1., 10., 113.,
       137., 130., 6., 119., 12., 2., 3., 5., 40., 137., 81., 59., 6.,
       4., 5., 0., 0., 4., 19., 0., 0., 14., 17., 3., 2., 0., 0., 0., 0.,
       21., 23., 3., 16., 19., 0., 1., 0., 30., 24., 1., 11., 32., 6.,
       2., 0., 39., 26., 0., 0., 2., 5., 19., 18., 29., 3., 0., 0., 0.,
       0., 1., 3., 71., 23., 0., 1., 1., 0., 8., 23., 48., 12., 5., 11.,
       0., 0., 3., 3., 1., 0., 30., 47., 0., 0., 8., 20., 143., 50., 0.,
       1., 14., 33., 21., 30., 143., 84., 9., 26., 23., 20., 143., 93.,
       89., 23., 2., 4., 5., 24., 33., 4., 0., 0., 19., 40., 2., 5., 12.,
       7., 58., 11., 0., 11., 115., 143., 18., 6., 17., 10., 9., 130.,
       143., 92., 141., 10., 3., 2., 1., 10., 111., 143., 23., 0., 0.,
       0., 8., 26., 5., 17., 55., 22., 2., 0., 0., 1., 13., 57., 32., 7.,
       0., 0., 0., 8., 46., 20., 8., 2., 0., 0., 0., 1., 37., 30., 0.,
       0., 0., 0., 3., 13., 5., 4., 1., 18., 116., 54., 3., 2., 1., 0.,
       4., 49., 120., 53., 0., 0., 1., 0., 65., 60., 48., 30., 19., 0.,
       0., 0., 36., 15., 13., 39., 87., 0., 0., 0., 39., 18., 43., 48.,
       20., 40., 93., 26., 39., 53., 76., 36., 52., 48., 41., 3., 120.,
       38., 19., 27., 35., 1., 1., 4., 52., 26., 3., 66., 120., 4., 3.,
       0., 103., 8., 6., 110., 57., 13., 17., 20., 54., 16., 10., 70.,
       55., 34., 30., 21., 120., 19., 5., 37., 29., 8., 12., 26., 16.,
       10., 2., 42., 59., 31., 56., 37., 58., 4., 1., 12., 47., 79., 35.,
       25., 21., 18., 7., 9., 11., 36., 120., 59., 39., 4., 1., 6., 4.,
       3., 68., 106., 4., 0., 0., 2., 3., 7., 46., 67., 0., 5., 26., 37.,
       66., 53., 2., 0., 14., 6., 11., 49., 112., 33., 8., 24., 33., 2.,
       1., 1., 1., 1., 13., 66., 3., 0., 0., 0., 0., 0., 1., 6., 6., 14.,
       132., 132., 74., 42., 3., 2., 132., 63., 75., 122., 35., 15., 24.,
       110., 90., 12., 2., 1., 4., 20., 106., 132., 3., 0., 0., 0., 1.,
       9., 13., 11., 5., 1., 7., 26., 58., 112., 36., 9., 132., 52., 4.,
       10., 6., 42., 104., 132., 116., 69., 10., 3., 5., 9., 17., 44.,
       0., 0., 0., 0., 1., 3., 1., 0., 0., 0., 0., 0., 0., 1., 4., 1.,
       6., 0., 0., 0., 0., 1., 36., 53., 7., 2., 0., 0., 0., 0., 13.,
       21., 0., 0., 0., 0., 0., 0., 0., 0., 22., 19., 34., 21., 12., 5.,
       91., 42., 118., 116., 2., 1., 2., 4., 41., 41., 103., 73., 0., 0.,
       0., 0., 0., 5., 3., 2., 0., 0., 0., 0., 3., 2., 2., 37., 41., 5.,
       12., 24., 118., 57., 35., 54., 24., 21., 116., 51., 66., 26.,
       118., 118., 13., 4., 10., 1., 0., 9., 31., 14., 0., 0., 0., 0.,
       1., 1., 6., 98., 93., 20., 14., 7., 13., 16., 34., 35., 73., 76.,
       104., 12., 2., 17., 118., 97., 5., 4., 14., 2., 1., 43., 49., 52.,
       1., 0., 0., 0., 0., 2., 4., 8., 9., 11., 21., 18., 59., 25., 16.,
       7., 17., 14., 11., 6., 118., 69., 46., 48., 4., 1., 0., 0., 93.,
       96., 45., 26., 7., 0., 0., 0., 7., 36., 0., 0., 7., 33., 45., 25.,
       5., 0., 0., 0., 93., 91., 49., 49., 4., 1., 10., 6., 118., 67.,
       17., 7., 16., 12., 21., 17., 66., 23., 3., 8., 9., 11., 0., 0.,
       0., 2., 49., 46., 0., 0., 13., 2., 1., 47., 118., 93., 4., 4.,
       101., 10., 2., 19., 36., 36., 73., 76., 15., 7., 14., 16., 6.,
       99., 87., 20., 0., 0., 1., 1., 32., 13., 0., 0., 11., 1., 0., 11.,
       118., 118., 12., 4., 118., 50., 67., 24., 34., 52., 23., 23., 12.,
       23., 118., 48., 2., 44., 44., 5., 0., 0., 3., 2., 4., 2., 0., 0.,
       0., 0., 0., 6., 112., 72., 0., 0., 2., 5., 47., 43., 118., 106.,
       2., 2., 13., 7., 103., 40., 19., 17., 33., 19., 0., 4., 105., 21.,
       0., 0., 0., 0., 1., 4., 119., 49., 1., 1., 1., 0., 0., 12., 119.,
       44., 1., 3., 2., 0., 21., 46., 85., 19., 2., 0., 0., 0., 6., 22.,
       119., 38., 24., 29., 14., 0., 107., 41., 119., 37., 7., 8., 20.,
       26., 14., 12., 59., 40., 46., 61., 48., 13., 117., 52., 30., 8.,
       18., 9., 3., 6., 18., 7., 7., 68., 89., 36., 20., 9., 119., 19.,
       5., 17., 24., 10., 11., 37., 34., 9., 5., 82., 72., 38., 21., 13.,
       80., 11., 2., 5., 9., 5., 18., 46., 10., 6., 2., 20., 26., 51.,
       87., 27., 94., 3., 0., 1., 4., 11., 53., 119., 14., 1., 0., 2.,
