%YAML:1.0
---
mat: !!opencv-matrix
   rows: 88
   cols: 128
   dt: f
   data: [ 26., 7., 3., 2., 6., 7., 1., 1., 163., 35., 2., 3., 16., 2.,
       0., 6., 36., 7., 2., 12., 163., 13., 0., 4., 21., 4., 1., 1., 43.,
       3., 6., 18., 39., 2., 0., 5., 30., 13., 2., 3., 163., 7., 0., 2.,
       17., 10., 0., 37., 58., 3., 0., 8., 163., 52., 0., 16., 11., 21.,
       12., 3., 65., 4., 0., 1., 35., 1., 0., 4., 23., 29., 4., 7., 163.,
       44., 2., 15., 13., 4., 1., 13., 46., 23., 2., 77., 163., 6., 0.,
       2., 2., 3., 1., 7., 63., 1., 5., 6., 27., 4., 3., 21., 21., 5.,
       2., 8., 163., 15., 1., 6., 13., 6., 4., 55., 21., 6., 0., 19.,
       163., 17., 4., 12., 11., 5., 1., 2., 33., 4., 13., 20., 25., 12.,
       54., 0., 1., 5., 22., 7., 167., 40., 14., 0., 31., 5., 2., 9.,
       22., 6., 1., 1., 167., 26., 0., 4., 4., 8., 8., 1., 16., 2., 3.,
       5., 23., 2., 0., 1., 10., 23., 14., 5., 167., 20., 0., 0., 29.,
       12., 1., 23., 51., 4., 0., 1., 167., 43., 0., 13., 18., 4., 2.,
       0., 28., 4., 21., 29., 20., 10., 22., 14., 8., 7., 2., 2., 167.,
       24., 2., 3., 28., 6., 0., 15., 70., 6., 1., 2., 167., 30., 0., 9.,
       15., 28., 24., 2., 37., 2., 1., 3., 15., 4., 6., 4., 5., 6., 4.,
       2., 167., 18., 2., 3., 20., 3., 1., 9., 64., 6., 2., 8., 167.,
       16., 0., 6., 4., 5., 3., 1., 42., 2., 5., 9., 27., 0., 5., 7., 4.,
       8., 4., 2., 169., 6., 0., 8., 38., 3., 1., 22., 36., 2., 1., 28.,
       169., 10., 2., 6., 5., 6., 3., 4., 26., 4., 4., 3., 32., 1., 3.,
       6., 17., 30., 21., 3., 169., 11., 0., 13., 59., 5., 1., 13., 36.,
       5., 0., 32., 169., 9., 2., 3., 7., 5., 2., 2., 24., 10., 23., 13.,
       35., 2., 22., 28., 15., 2., 1., 0., 169., 21., 0., 17., 56., 3.,
       0., 4., 26., 9., 1., 41., 169., 7., 0., 1., 12., 24., 10., 6.,
       19., 2., 1., 2., 28., 1., 2., 4., 4., 11., 8., 1., 169., 9., 0.,
       6., 38., 6., 0., 2., 19., 2., 3., 18., 169., 29., 14., 1., 2., 8.,
       26., 7., 15., 11., 36., 0., 49., 1., 1., 3., 25., 18., 4., 12.,
       141., 6., 0., 2., 61., 15., 1., 31., 19., 2., 0., 4., 141., 52.,
       2., 11., 18., 1., 0., 0., 10., 8., 12., 30., 49., 1., 0., 0., 24.,
       45., 12., 17., 141., 19., 1., 2., 37., 34., 5., 43., 26., 6., 3.,
       5., 141., 141., 67., 30., 4., 0., 1., 0., 5., 31., 131., 84., 30.,
       5., 0., 2., 44., 20., 2., 5., 141., 133., 46., 3., 5., 10., 2.,
       10., 14., 40., 141., 38., 18., 66., 39., 5., 1., 5., 141., 12.,
       1., 10., 73., 12., 5., 1., 0., 0., 18., 31., 4., 5., 28., 24.,
       13., 1., 3., 8., 3., 21., 5., 8., 59., 15., 19., 13., 1., 5., 20.,
       7., 44., 4., 3., 3., 1., 9., 48., 5., 0., 0., 10., 18., 15., 16.,
       104., 57., 24., 21., 16., 2., 8., 14., 1., 4., 12., 36., 105.,
       36., 13., 3., 132., 19., 0., 0., 9., 12., 6., 19., 19., 2., 0.,
       0., 26., 31., 23., 41., 83., 20., 11., 5., 2., 10., 101., 132.,
       4., 2., 6., 13., 68., 132., 128., 16., 132., 15., 0., 0., 18.,
       38., 11., 25., 34., 1., 0., 1., 28., 32., 17., 26., 132., 24., 3.,
       5., 10., 8., 15., 69., 24., 6., 4., 22., 132., 83., 17., 11.,
       132., 15., 0., 1., 48., 34., 6., 16., 14., 0., 0., 1., 41., 43.,
       15., 14., 129., 39., 11., 9., 3., 3., 5., 35., 12., 10., 12., 48.,
       82., 49., 5., 7., 36., 15., 0., 2., 26., 29., 11., 7., 6., 20.,
       132., 15., 0., 0., 10., 13., 11., 26., 132., 13., 0., 0., 18.,
       38., 6., 18., 132., 13., 0., 1., 48., 33., 10., 8., 40., 16., 0.,
       2., 25., 27., 13., 3., 1., 4., 13., 38., 106., 34., 127., 16., 4.,
       2., 6., 14., 68., 132., 17., 11., 23., 6., 4., 23., 132., 81., 5.,
       7., 11., 9., 12., 48., 84., 49., 8., 15., 107., 55., 23., 20.,
       14., 2., 101., 132., 83., 19., 10., 5., 2., 10., 15., 71., 132.,
       22., 3., 5., 11., 8., 5., 36., 128., 39., 11., 10., 3., 3., 15.,
       16., 44., 4., 0., 0., 11., 20., 24., 40., 19., 1., 0., 0., 28.,
       31., 17., 26., 34., 0., 0., 1., 28., 32., 15., 14., 15., 0., 0.,
       1., 41., 40., 39., 5., 2., 5., 1., 1., 11., 35., 147., 24., 1.,
       4., 66., 22., 3., 10., 5., 1., 0., 1., 147., 75., 4., 2., 4., 5.,
       0., 0., 6., 9., 21., 9., 37., 7., 3., 14., 31., 10., 7., 9., 147.,
       22., 2., 3., 49., 34., 2., 13., 27., 1., 0., 0., 147., 121., 4.,
       6., 16., 0., 0., 0., 17., 16., 22., 40., 23., 0., 0., 11., 23.,
       9., 85., 22., 147., 13., 0., 3., 45., 7., 39., 61., 36., 5., 0.,
       4., 147., 50., 1., 4., 33., 11., 3., 1., 29., 14., 5., 18., 1.,
       0., 61., 19., 0., 4., 147., 27., 23., 1., 93., 39., 13., 2., 65.,
       52., 5., 1., 27., 64., 138., 14., 1., 4., 13., 2., 1., 2., 20.,
       8., 8., 25., 9., 6., 15., 24., 11., 6., 2., 1., 134., 6., 2., 4.,
       3., 0., 15., 59., 27., 3., 39., 31., 12., 3., 117., 37., 0., 9.,
       103., 6., 0., 2., 123., 4., 24., 8., 7., 34., 30., 7., 2., 1.,
       147., 10., 1., 7., 24., 1., 0., 31., 56., 4., 46., 100., 147., 2.,
       1., 13., 11., 21., 147., 23., 18., 0., 1., 9., 32., 14., 29., 28.,
       4., 0., 0., 0., 147., 54., 2., 15., 33., 0., 0., 3., 46., 16., 1.,
       69., 147., 4., 2., 4., 37., 6., 8., 9., 22., 2., 3., 17., 31.,
       12., 14., 2., 4., 1., 0., 0., 147., 26., 0., 7., 30., 1., 0., 12.,
       25., 6., 5., 35., 147., 6., 3., 7., 8., 3., 12., 36., 10., 2., 4.,
       6., 42., 4., 0., 0., 18., 26., 2., 3., 151., 27., 0., 0., 52.,
       18., 0., 6., 28., 2., 0., 0., 151., 59., 0., 6., 38., 1., 0., 0.,
       8., 6., 6., 17., 34., 1., 0., 0., 36., 30., 3., 4., 151., 12., 0.,
       0., 42., 18., 1., 10., 53., 3., 0., 0., 151., 97., 1., 6., 65.,
       5., 0., 0., 16., 10., 2., 9., 21., 1., 0., 1., 34., 38., 6., 6.,
       151., 13., 0., 0., 18., 16., 2., 12., 72., 3., 0., 0., 151., 129.,
       1., 11., 36., 3., 0., 0., 36., 25., 3., 13., 9., 3., 2., 5., 24.,
       16., 7., 4., 151., 28., 0., 1., 8., 7., 2., 7., 73., 19., 1., 5.,
       151., 57., 2., 4., 21., 2., 0., 1., 55., 21., 9., 29., 9., 5., 7.,
       26., 17., 0., 0., 2., 148., 12., 2., 11., 13., 2., 0., 52., 57.,
       5., 1., 60., 148., 5., 0., 18., 15., 18., 4., 20., 39., 0., 0.,
       3., 24., 7., 2., 26., 38., 0., 0., 1., 148., 19., 2., 26., 28.,
       0., 0., 12., 54., 6., 2., 118., 148., 0., 0., 2., 44., 12., 3.,
       19., 27., 1., 1., 9., 43., 3., 3., 36., 42., 0., 0., 7., 148., 6.,
       0., 32., 56., 0., 0., 41., 28., 4., 1., 111., 148., 0., 0., 2.,
       53., 16., 4., 12., 14., 0., 0., 3., 65., 3., 3., 26., 20., 0., 0.,
       8., 148., 4., 0., 29., 74., 1., 0., 33., 13., 5., 1., 65., 148.,
       0., 0., 1., 51., 12., 2., 8., 8., 0., 0., 1., 7., 2., 1., 1., 1.,
       4., 14., 17., 41., 2., 0., 5., 4., 14., 30., 51., 118., 4., 0.,
       8., 37., 11., 36., 123., 5., 2., 2., 32., 72., 59., 32., 11., 78.,
       21., 4., 5., 4., 3., 10., 35., 96., 23., 1., 11., 72., 32., 28.,
       39., 123., 40., 0., 13., 110., 5., 2., 30., 12., 7., 17., 53.,
       123., 6., 0., 1., 39., 96., 6., 4., 6., 0., 0., 1., 54., 123.,
       18., 7., 34., 12., 14., 44., 123., 30., 59., 109., 59., 2., 6.,
       69., 4., 7., 14., 123., 120., 1., 0., 1., 2., 23., 2., 1., 9., 1.,
       3., 1., 8., 109., 44., 0., 0., 0., 2., 2., 13., 44., 106., 59.,
       7., 4., 2., 3., 2., 2., 6., 49., 15., 13., 36., 34., 29., 7., 42.,
       23., 0., 0., 8., 54., 48., 6., 5., 14., 66., 13., 8., 76., 23.,
       0., 0., 21., 69., 13., 14., 115., 13., 0., 1., 25., 73., 16., 12.,
       78., 99., 1., 3., 14., 6., 1., 1., 115., 47., 8., 9., 115., 85.,
       7., 3., 74., 115., 18., 9., 61., 52., 5., 5., 68., 63., 8., 5.,
       94., 72., 2., 3., 35., 115., 5., 5., 62., 23., 1., 1., 39., 73.,
       21., 7., 115., 84., 0., 0., 5., 115., 55., 19., 37., 67., 2., 0.,
       16., 37., 22., 34., 55., 83., 7., 0., 2., 25., 2., 10., 96., 18.,
       0., 0., 17., 13., 22., 2., 64., 29., 0., 0., 0., 23., 75., 70.,
       27., 7., 0., 0., 0., 0., 1., 33., 75., 13., 0., 0., 0., 4., 3.,
