%YAML:1.0
---
mat: !!opencv-matrix
   rows: 91
   cols: 128
   dt: f
   data: [ 5., 3., 10., 3., 0., 0., 41., 80., 2., 5., 35., 23., 0., 0.,
       22., 56., 1., 21., 35., 27., 21., 2., 6., 17., 5., 25., 62., 92.,
       55., 12., 2., 2., 3., 48., 66., 28., 14., 1., 7., 14., 6., 38.,
       103., 114., 112., 29., 6., 6., 102., 114., 99., 30., 31., 22., 7.,
       22., 30., 20., 7., 18., 72., 114., 59., 22., 75., 114., 74., 37.,
       37., 30., 19., 29., 63., 43., 7., 18., 81., 114., 83., 30., 111.,
       27., 4., 4., 8., 38., 101., 114., 34., 7., 2., 0., 0., 21., 29.,
       25., 39., 4., 0., 0., 6., 37., 70., 72., 39., 2., 1., 1., 0., 7.,
       23., 55., 3., 2., 7., 6., 2., 2., 22., 29., 4., 15., 12., 6., 3.,
       1., 0., 3., 3., 27., 25., 5., 4., 2., 1., 3., 0., 4., 29., 27.,
       6., 9., 6., 2., 0., 12., 34., 10., 1., 5., 5., 2., 0., 1., 17.,
       20., 4., 2., 4., 1., 101., 101., 37., 26., 23., 5., 5., 24., 20.,
       38., 96., 114., 114., 21., 3., 6., 97., 114., 89., 45., 23., 4.,
       4., 18., 17., 39., 75., 114., 53., 4., 1., 2., 54., 5., 1., 3.,
       22., 29., 54., 103., 16., 6., 5., 22., 114., 114., 99., 39., 96.,
       20., 4., 9., 40., 51., 91., 114., 27., 12., 9., 31., 107., 114.,
       58., 36., 0., 6., 46., 6., 0., 4., 10., 6., 0., 5., 57., 10., 1.,
       26., 32., 3., 0., 5., 63., 10., 3., 13., 31., 17., 0., 2., 36.,
       7., 7., 43., 34., 5., 2., 0., 0., 3., 4., 17., 11., 5., 2., 3.,
       23., 28., 3., 2., 7., 6., 0., 8., 23., 49., 26., 1., 1., 1., 3.,
       30., 65., 73., 31., 1., 0., 0., 1., 33., 36., 27., 32., 5., 1.,
       0., 8., 39., 101., 113., 112., 26., 4., 4., 81., 113., 82., 34.,
       62., 34., 6., 18., 36., 34., 25., 40., 93., 113., 57., 30., 91.,
       113., 45., 18., 29., 21., 10., 29., 30., 18., 7., 22., 104., 113.,
       98., 33., 110., 29., 6., 5., 7., 41., 101., 113., 14., 1., 5.,
       10., 4., 67., 75., 30., 43., 5., 2., 2., 3., 19., 59., 90., 13.,
       1., 10., 19., 1., 22., 35., 22., 0., 0., 28., 53., 2., 5., 34.,
       22., 0., 0., 53., 70., 4., 4., 7., 2., 9., 54., 41., 8., 0., 2.,
       26., 5., 5., 16., 30., 16., 0., 7., 58., 7., 1., 26., 32., 3., 0.,
       7., 60., 8., 1., 4., 7., 3., 0., 8., 50., 5., 114., 110., 50.,
       36., 30., 16., 14., 43., 46., 49., 92., 114., 94., 20., 4., 11.,
       114., 114., 102., 38., 15., 5., 5., 24., 23., 31., 55., 94., 40.,
       2., 2., 3., 39., 2., 0., 1., 15., 36., 79., 112., 19., 4., 4.,
       20., 98., 114., 90., 45., 111., 22., 4., 7., 22., 39., 95., 114.,
       23., 6., 9., 36., 114., 91., 32., 26., 3., 2., 5., 2., 0., 1.,
       14., 15., 1., 6., 6., 2., 0., 13., 35., 8., 6., 9., 5., 1., 1.,
       5., 30., 27., 3., 1., 1., 3., 5., 38., 31., 6., 13., 4., 3., 1.,
       0., 8., 16., 16., 4., 2., 38., 15., 0., 1., 13., 23., 1., 14.,
       50., 6., 1., 2., 2., 2., 0., 5., 9., 19., 20., 4., 2., 0., 2., 8.,
       24., 34., 17., 6., 1., 1., 8., 14., 131., 131., 57., 31., 0., 1.,
       131., 121., 131., 26., 4., 4., 0., 16., 38., 21., 4., 2., 15.,
       20., 6., 9., 4., 1., 2., 7., 18., 32., 10., 8., 21., 6., 12., 33.,
       131., 131., 4., 7., 131., 86., 10., 5., 36., 58., 0., 29., 66.,
       27., 0., 0., 0., 2., 2., 9., 7., 20., 25., 9., 2., 3., 1., 3., 4.,
       19., 6., 0., 124., 105., 1., 1., 130., 106., 0., 0., 112., 80.,
       0., 0., 95., 71., 0., 0., 1., 1., 0., 0., 3., 7., 3., 3., 2., 0.,
       5., 5., 1., 0., 1., 82., 134., 0., 0., 0., 134., 0., 0., 60.,
       134., 0., 0., 75., 97., 0., 0., 9., 42., 14., 1., 47., 22., 9.,
       5., 36., 24., 7., 1., 8., 13., 2., 7., 134., 134., 35., 8., 4.,
       134., 17., 5., 71., 51., 7., 9., 66., 82., 8., 4., 4., 11., 15.,
       2., 19., 4., 1., 0., 6., 25., 43., 9., 12., 5., 1., 1., 36., 66.,
       134., 134., 9., 132., 11., 1., 6., 5., 44., 134., 105., 36., 13.,
       8., 4., 2., 3., 6., 14., 11., 15., 6., 7., 0., 4., 2., 1., 0., 6.,
       24., 9., 2., 25., 30., 0., 0., 3., 4., 4., 7., 19., 46., 7., 1.,
       0., 1., 3., 9., 12., 6., 2., 22., 5., 27., 3., 0., 1., 26., 56.,
       2., 2., 37., 29., 9., 9., 5., 5., 18., 24., 24., 12., 4., 1., 1.,
       8., 7., 2., 0., 1., 6., 12., 7., 10., 0., 1., 151., 21., 0., 1.,
       49., 9., 12., 21., 151., 128., 2., 23., 42., 6., 151., 129., 88.,
       30., 0., 4., 7., 21., 47., 8., 0., 4., 17., 8., 5., 6., 0., 0.,
       48., 2., 0., 4., 151., 27., 11., 3., 31., 14., 1., 138., 151.,
       29., 151., 12., 5., 2., 0., 35., 92., 151., 44., 1., 1., 2., 6.,
       10., 1., 18., 1., 3., 4., 1., 1., 1., 32., 3., 0., 0., 6., 11.,
       4., 29., 37., 3., 8., 13., 21., 6., 1., 11., 30., 33., 5., 8., 3.,
       10., 9., 1., 0., 4., 0., 0., 12., 2., 4., 31., 14., 0., 8., 6.,
       9., 24., 85., 139., 2., 2., 143., 33., 4., 8., 29., 30., 1., 9.,
       43., 3., 1., 4., 7., 11., 5., 2., 0., 1., 143., 25., 0., 1., 15.,
       2., 13., 8., 143., 143., 50., 18., 24., 5., 143., 46., 17., 56.,
       22., 5., 6., 17., 65., 6., 9., 12., 4., 2., 3., 2., 0., 1., 78.,
       7., 0., 1., 143., 30., 7., 2., 40., 35., 6., 63., 143., 24., 143.,
       7., 4., 6., 2., 23., 95., 117., 40., 2., 5., 12., 20., 14., 3.,
       8., 4., 14., 5., 10., 6., 1., 43., 5., 2., 7., 18., 31., 13., 17.,
       38., 4., 22., 25., 8., 2., 0., 5., 21., 24., 4., 4., 13., 20., 7.,
       4., 1., 2., 15., 2., 13., 4., 2., 3., 4., 11., 2., 1., 39., 15.,
       8., 21., 12., 4., 3., 9., 39., 7., 3., 7., 12., 13., 0., 3., 6.,
       10., 7., 14., 9., 1., 1., 2., 130., 70., 2., 3., 10., 12., 7.,
       12., 130., 113., 9., 39., 18., 4., 118., 102., 130., 21., 3., 8.,
       2., 11., 25., 20., 14., 27., 14., 10., 2., 6., 9., 2., 32., 23.,
       10., 14., 57., 130., 15., 4., 19., 19., 70., 130., 81., 29., 130.,
       60., 7., 3., 37., 64., 9., 18., 56., 15., 0., 2., 8., 31., 17.,
       10., 31., 3., 0., 0., 2., 2., 6., 71., 3., 0., 0., 0., 130., 73.,
       3., 6., 130., 70., 0., 0., 121., 51., 0., 0., 81., 39., 0., 9.,
       9., 3., 2., 0., 1., 29., 24., 4., 0., 1., 38., 10., 0., 6., 40.,
       30., 0., 3., 47., 5., 1., 26., 41., 6., 2., 4., 34., 6., 1., 2.,
       8., 24., 14., 3., 3., 2., 112., 117., 54., 25., 18., 5., 3., 22.,
       23., 40., 91., 117., 117., 30., 6., 7., 117., 117., 90., 31., 14.,
       6., 6., 22., 22., 15., 16., 86., 109., 16., 1., 2., 100., 15., 1.,
       2., 15., 23., 61., 117., 21., 4., 3., 13., 104., 117., 93., 36.,
       115., 15., 3., 3., 10., 31., 103., 117., 21., 2., 0., 5., 77.,
       90., 18., 14., 6., 10., 6., 2., 0., 2., 17., 21., 6., 5., 1., 7.,
       3., 21., 32., 4., 1., 7., 22., 22., 4., 5., 36., 15., 1., 7., 6.,
       5., 8., 13., 5., 2., 101., 79., 30., 12., 3., 2., 4., 34., 30.,
       13., 24., 14., 1., 3., 2., 7., 2., 27., 25., 2., 2., 15., 27.,
       11., 2., 3., 1., 6., 11., 1., 8., 15., 54., 4., 1., 14., 23., 8.,
       48., 115., 19., 25., 83., 115., 92., 12., 3., 16., 114., 115.,
       90., 30., 5., 2., 2., 23., 22., 19., 26., 16., 7., 2., 0., 1., 3.,
       6., 3., 4., 29., 24., 11., 19., 9., 6., 5., 37., 115., 115., 102.,
       40., 110., 19., 10., 43., 42., 20., 78., 115., 27., 39., 114.,
       115., 53., 6., 2., 9., 1., 36., 29., 8., 5., 6., 1., 0., 0., 40.,
       18., 0., 1., 28., 41., 4., 0., 5., 6., 10., 69., 47., 32., 15.,
       17., 9., 9., 36., 88., 103., 74., 41., 7., 7., 4., 2., 1., 9.,
       10., 5., 6., 5., 37., 16., 1., 5., 20., 26., 3., 20., 31., 6., 7.,
       6., 1., 5., 0., 3., 24., 33., 6., 7., 6., 2., 55., 89., 20., 15.,
       21., 2., 0., 2., 9., 33., 103., 118., 115., 17., 3., 3., 101.,
       118., 90., 37., 26., 5., 3., 13., 15., 24., 55., 118., 118., 29.,
       4., 4., 118., 29., 3., 2., 22., 15., 13., 76., 15., 7., 6., 21.,
       118., 118., 88., 30., 118., 31., 6., 6., 21., 42., 92., 118., 18.,
       3., 2., 11., 87., 118., 62., 26., 18., 2., 2., 1., 1., 2., 11.,
       35., 3., 3., 29., 7., 1., 26., 41., 6., 1., 1., 52., 7., 0., 5.,
