%YAML:1.0
---
mat: !!opencv-matrix
   rows: 97
   cols: 128
   dt: f
   data: [ 44., 8., 0., 0., 0., 0., 0., 0., 167., 167., 17., 0., 0., 0.,
       0., 1., 65., 167., 167., 0., 0., 0., 1., 2., 0., 51., 167., 0.,
       0., 0., 1., 2., 45., 2., 0., 0., 0., 0., 0., 1., 167., 42., 3.,
       0., 0., 0., 0., 29., 101., 49., 58., 0., 0., 0., 15., 57., 1.,
       25., 79., 0., 0., 0., 19., 23., 42., 2., 0., 0., 0., 0., 0., 0.,
       167., 37., 0., 0., 0., 0., 0., 6., 110., 41., 22., 0., 0., 0., 1.,
       18., 4., 7., 22., 0., 0., 0., 8., 38., 7., 1., 0., 0., 0., 0., 0.,
       0., 64., 5., 0., 0., 0., 0., 0., 0., 25., 3., 0., 0., 0., 0., 0.,
       6., 1., 0., 0., 0., 0., 0., 3., 16., 10., 0., 0., 0., 0., 0., 0.,
       1., 161., 0., 0., 0., 0., 0., 0., 46., 161., 0., 0., 0., 0., 0.,
       0., 23., 1., 0., 0., 0., 0., 0., 0., 0., 26., 0., 0., 0., 0., 0.,
       0., 2., 161., 26., 2., 0., 0., 0., 0., 46., 150., 31., 23., 0.,
       0., 0., 0., 15., 0., 5., 15., 0., 0., 0., 0., 0., 29., 3., 0., 0.,
       0., 0., 0., 1., 161., 133., 17., 0., 0., 0., 0., 7., 47., 153.,
       161., 0., 0., 0., 0., 1., 1., 63., 151., 0., 0., 0., 0., 0., 22.,
       0., 0., 0., 0., 0., 0., 2., 161., 11., 1., 0., 0., 0., 0., 11.,
       40., 28., 18., 0., 0., 0., 0., 11., 6., 23., 31., 0., 0., 0., 1.,
       17., 0., 0., 0., 1., 0., 0., 0., 0., 0., 0., 8., 54., 0., 0., 0.,
       0., 3., 2., 58., 126., 10., 7., 3., 2., 11., 14., 114., 83., 22.,
       21., 3., 2., 0., 0., 0., 13., 15., 1., 0., 0., 7., 1., 12., 126.,
       84., 20., 2., 2., 126., 14., 45., 126., 18., 36., 21., 59., 55.,
       9., 21., 9., 49., 126., 28., 23., 0., 0., 0., 3., 23., 13., 0.,
       0., 6., 0., 1., 32., 111., 126., 26., 3., 126., 52., 1., 7., 47.,
       88., 14., 17., 76., 24., 0., 0., 88., 104., 10., 7., 0., 0., 0.,
       0., 0., 2., 0., 0., 0., 0., 0., 0., 67., 60., 4., 0., 101., 29.,
       0., 0., 108., 80., 10., 15., 89., 21., 0., 0., 7., 22., 13., 12.,
       0., 84., 60., 20., 14., 10., 0., 0., 0., 64., 43., 2., 0., 0., 0.,
       0., 1., 18., 21., 1., 0., 0., 0., 0., 0., 2., 0., 0., 0., 0., 0.,
       0., 0., 61., 28., 6., 17., 125., 29., 0., 9., 125., 125., 13., 7.,
       87., 11., 1., 117., 125., 83., 6., 2., 3., 0., 2., 18., 8., 0.,
       0., 0., 0., 0., 0., 0., 97., 78., 7., 5., 87., 15., 0., 26., 22.,
       56., 19., 76., 125., 15., 15., 125., 23., 8., 3., 17., 32., 5.,
       67., 32., 1., 0., 0., 0., 0., 0., 5., 0., 65., 85., 6., 18., 122.,
       8., 2., 36., 45., 125., 22., 24., 25., 15., 60., 125., 10., 6.,
       3., 5., 5., 4., 83., 9., 0., 0., 0., 0., 0., 0., 4., 0., 0., 5.,
       28., 0., 0., 0., 0., 0., 0., 52., 116., 4., 2., 0., 0., 10., 6.,
       97., 116., 8., 4., 1., 2., 16., 5., 12., 63., 60., 35., 5., 7.,
       2., 1., 12., 116., 55., 7., 0., 1., 75., 9., 51., 116., 19., 37.,
       18., 32., 77., 11., 37., 30., 34., 116., 27., 22., 116., 8., 4.,
       1., 59., 85., 15., 19., 3., 0., 1., 27., 91., 116., 3., 2., 116.,
       28., 2., 10., 36., 80., 11., 24., 85., 14., 0., 0., 69., 116.,
       25., 21., 100., 4., 0., 0., 11., 48., 39., 56., 0., 0., 0., 0.,
       46., 55., 0., 0., 85., 15., 0., 0., 64., 74., 15., 21., 80., 10.,
       0., 0., 4., 28., 29., 25., 6., 0., 0., 0., 0., 7., 28., 34., 52.,
       65., 47., 31., 4., 0., 0., 7., 38., 47., 66., 61., 6., 0., 0., 5.,
       27., 30., 20., 71., 21., 0., 0., 3., 38., 34., 41., 43., 7., 0.,
       0., 9., 101., 18., 11., 115., 22., 3., 1., 37., 115., 37., 17.,
       95., 18., 2., 0., 31., 74., 13., 9., 115., 77., 0., 0., 19., 115.,
       11., 4., 31., 15., 0., 0., 61., 19., 5., 6., 39., 17., 48., 109.,
       22., 102., 40., 18., 38., 9., 43., 107., 26., 47., 17., 20., 115.,
       24., 16., 101., 48., 115., 14., 2., 5., 1., 0., 18., 74., 0., 0.,
       0., 0., 0., 19., 89., 9., 1., 0., 0., 0., 0., 25., 115., 7., 1.,
       0., 0., 1., 1., 8., 115., 33., 6., 0., 0., 0., 0., 0., 26., 45.,
       1., 0., 0., 0., 0., 0., 0., 0., 18., 0., 0., 0., 3., 5., 0., 1.,
       5., 0., 0., 0., 7., 16., 1., 2., 22., 0., 0., 0., 0., 0., 0., 14.,
       8., 0., 0., 0., 0., 0., 0., 2., 148., 5., 0., 0., 10., 52., 34.,
       81., 52., 1., 0., 1., 44., 148., 71., 67., 107., 5., 0., 0., 1.,
       22., 36., 148., 4., 2., 0., 0., 0., 0., 0., 0., 148., 148., 7.,
       9., 10., 10., 7., 26., 87., 51., 24., 45., 111., 120., 30., 30.,
       113., 66., 36., 3., 7., 18., 19., 69., 0., 1., 0., 0., 0., 0., 0.,
       0., 95., 148., 14., 3., 1., 0., 0., 0., 28., 67., 56., 38., 11.,
       1., 0., 0., 6., 24., 65., 6., 1., 1., 0., 0., 0., 8., 120., 55.,
       2., 2., 1., 0., 1., 34., 120., 56., 0., 1., 1., 0., 60., 69., 72.,
       38., 9., 0., 0., 0., 29., 19., 9., 43., 95., 0., 0., 0., 42., 14.,
       50., 44., 14., 32., 69., 32., 16., 36., 75., 40., 56., 56., 44.,
       4., 120., 45., 26., 23., 18., 2., 2., 4., 52., 21., 3., 68., 120.,
       5., 3., 0., 119., 8., 6., 82., 44., 13., 13., 24., 28., 15., 8.,
       82., 65., 35., 22., 12., 120., 25., 5., 25., 14., 10., 15., 28.,
       18., 9., 3., 48., 50., 21., 44., 44., 59., 2., 1., 10., 32., 68.,
       31., 40., 13., 12., 4., 8., 15., 53., 120., 42., 30., 3., 2., 4.,
       2., 1., 89., 120., 3., 1., 0., 2., 2., 4., 54., 79., 14., 10., 7.,
       25., 84., 55., 8., 11., 89., 47., 8., 8., 37., 53., 9., 32., 6.,
       4., 14., 22., 46., 93., 93., 95., 7., 21., 65., 54., 1., 0., 56.,
       102., 6., 9., 7., 26., 113., 64., 9., 8., 113., 73., 12., 20.,
       38., 27., 14., 46., 24., 7., 43., 113., 99., 47., 13., 11., 15.,
       22., 68., 113., 19., 8., 30., 66., 1., 0., 0., 2., 78., 79., 9.,
       5., 94., 26., 4., 6., 31., 43., 15., 36., 34., 16., 3., 13., 65.,
       113., 69., 12., 4., 0., 3., 9., 8., 37., 113., 113., 0., 0., 0.,
       8., 59., 22., 3., 0., 35., 31., 11., 21., 39., 25., 32., 33., 52.,
       23., 1., 0., 0., 8., 18., 27., 1., 0., 0., 0., 0., 2., 24., 10.,
       0., 16., 98., 20., 0., 0., 0., 0., 4., 52., 48., 11., 16., 1., 0.,
       0., 5., 10., 38., 55., 61., 17., 5., 6., 45., 39., 30., 6., 2.,
       3., 4., 25., 12., 33., 114., 77., 7., 7., 43., 41., 114., 114.,
       48., 17., 16., 1., 25., 46., 38., 20., 11., 52., 87., 16., 5., 9.,
       99., 15., 4., 3., 3., 2., 4., 31., 4., 7., 52., 24., 5., 28.,
       114., 86., 61., 27., 16., 24., 48., 8., 64., 93., 53., 27., 27.,
       101., 112., 24., 11., 30., 114., 32., 8., 3., 1., 0., 2., 35.,
       28., 27., 114., 47., 5., 31., 38., 12., 114., 70., 35., 37., 40.,
       9., 5., 22., 49., 24., 12., 54., 64., 28., 15., 35., 92., 14., 1.,
       0., 0., 0., 3., 39., 11., 9., 47., 29., 53., 54., 32., 20., 39.,
       86., 24., 11., 14., 64., 110., 33., 75., 48., 4., 31., 20., 5.,
       53., 53., 21., 10., 17., 38., 31., 11., 18., 25., 6., 28., 110.,
       45., 41., 58., 69., 7., 110., 110., 61., 8., 7., 13., 72., 57.,
       37., 17., 23., 109., 81., 13., 29., 34., 85., 27., 21., 24., 13.,
       7., 14., 72., 2., 1., 1., 2., 9., 110., 110., 10., 55., 5., 4.,
       43., 35., 26., 102., 91., 54., 12., 18., 65., 59., 17., 25., 58.,
       53., 3., 1., 1., 3., 4., 17., 108., 0., 0., 0., 13., 16., 9., 9.,
       0., 12., 5., 12., 83., 57., 18., 17., 13., 51., 6., 5., 12., 14.,
       6., 20., 100., 18., 0., 0., 0., 0., 0., 1., 30., 0., 0., 1., 30.,
       59., 3., 0., 0., 55., 22., 14., 35., 52., 15., 7., 33., 54., 13.,
       51., 18., 0., 0., 0., 20., 0., 13., 77., 5., 0., 0., 0., 0., 0.,
       1., 4., 45., 96., 16., 2., 1., 79., 30., 13., 38., 56., 23., 9.,
       46., 25., 6., 108., 109., 102., 44., 14., 12., 29., 60., 109.,
       37., 5., 6., 34., 36., 3., 4., 7., 58., 109., 29., 7., 5., 109.,
       40., 17., 36., 38., 26., 15., 60., 25., 3., 54., 68., 76., 109.,
       63., 14., 19., 29., 75., 19., 6., 18., 109., 70., 3., 4., 4., 29.,
       73., 25., 7., 5., 64., 19., 7., 22., 30., 25., 12., 47., 7., 1.,
       71., 81., 64., 109., 30., 3., 49., 42., 84., 21., 8., 41., 44.,
