%YAML:1.0
---
mat: !!opencv-matrix
   rows: 60
   cols: 128
   dt: f
   data: [ 1., 2., 7., 27., 0., 0., 0., 0., 0., 3., 57., 116., 10., 4.,
       1., 0., 20., 17., 103., 79., 27., 5., 0., 2., 48., 7., 9., 17.,
       58., 32., 3., 14., 5., 2., 10., 117., 50., 2., 0., 1., 93., 16.,
       37., 117., 21., 45., 18., 34., 83., 21., 39., 13., 35., 117., 19.,
       13., 117., 17., 4., 1., 60., 46., 2., 11., 9., 1., 1., 40., 99.,
       105., 12., 5., 117., 34., 1., 13., 21., 58., 18., 29., 74., 19.,
       0., 0., 105., 117., 8., 8., 117., 39., 0., 0., 35., 45., 6., 11.,
       1., 0., 0., 0., 36., 60., 3., 1., 88., 40., 0., 0., 69., 56., 2.,
       1., 74., 31., 0., 0., 32., 57., 16., 6., 43., 4., 0., 0., 8., 27.,
       32., 47., 73., 22., 17., 38., 23., 0., 0., 27., 70., 20., 26.,
       95., 48., 0., 0., 27., 67., 19., 7., 54., 49., 0., 0., 20., 51.,
       4., 8., 58., 46., 0., 0., 39., 62., 4., 4., 115., 45., 4., 1.,
       41., 115., 21., 5., 91., 37., 3., 1., 42., 66., 11., 7., 115.,
       85., 0., 0., 23., 115., 17., 2., 34., 26., 0., 0., 47., 14., 2.,
       4., 69., 28., 61., 47., 29., 115., 36., 14., 41., 13., 59., 57.,
       25., 30., 19., 21., 115., 31., 13., 99., 50., 111., 23., 4., 11.,
       2., 1., 27., 95., 0., 0., 0., 1., 1., 35., 66., 31., 3., 1., 0.,
       1., 2., 40., 115., 22., 0., 0., 0., 2., 3., 8., 115., 37., 2., 0.,
       0., 1., 2., 1., 29., 42., 0., 0., 0., 0., 29., 25., 5., 0., 29.,
       0., 0., 1., 156., 55., 3., 14., 126., 0., 0., 0., 34., 64., 54.,
       102., 4., 0., 0., 0., 13., 156., 156., 27., 0., 2., 3., 2., 55.,
       12., 1., 0., 66., 1., 1., 2., 156., 60., 1., 7., 156., 6., 0., 0.,
       32., 22., 8., 38., 20., 2., 0., 1., 4., 72., 56., 14., 0., 15.,
       10., 4., 25., 2., 0., 0., 31., 4., 5., 6., 156., 113., 13., 14.,
       156., 32., 3., 0., 20., 31., 17., 37., 21., 16., 20., 8., 1., 4.,
       2., 0., 0., 6., 5., 1., 2., 0., 0., 0., 1., 2., 4., 3., 28., 43.,
       18., 4., 28., 7., 4., 1., 2., 16., 31., 28., 5., 6., 32., 5., 0.,
       0., 0., 1., 0., 0., 0., 0., 4., 9., 39., 1., 1., 10., 25., 28.,
       37., 10., 8., 1., 28., 44., 24., 8., 3., 1., 2., 3., 3., 0., 0.,
       0., 0., 6., 3., 2., 2., 11., 6., 1., 20., 8., 15., 5., 20., 19.,
       13., 67., 158., 15., 3., 0., 158., 75., 15., 26., 33., 4., 4.,
       12., 28., 1., 0., 0., 0., 23., 8., 7., 15., 110., 63., 21., 23.,
       0., 0., 0., 54., 15., 9., 111., 158., 0., 0., 4., 158., 13., 1.,
       15., 39., 1., 1., 33., 40., 3., 0., 0., 0., 5., 3., 7., 42., 158.,
       118., 24., 6., 0., 1., 5., 78., 37., 31., 128., 88., 0., 0., 9.,
       158., 29., 3., 6., 8., 0., 0., 23., 15., 11., 2., 0., 0., 0., 0.,
       0., 0., 5., 89., 23., 0., 0., 0., 0., 0., 1., 115., 72., 2., 2.,
       1., 0., 0., 9., 115., 68., 3., 4., 2., 0., 26., 48., 82., 29.,
       10., 0., 0., 0., 4., 29., 115., 39., 17., 26., 19., 0., 86., 26.,
       100., 52., 11., 16., 24., 25., 13., 12., 56., 46., 67., 83., 51.,
       12., 115., 51., 26., 11., 30., 10., 3., 7., 15., 6., 8., 63., 78.,
       39., 27., 8., 115., 16., 6., 22., 33., 12., 13., 30., 28., 14.,
       5., 93., 99., 39., 19., 11., 80., 15., 3., 6., 13., 7., 20., 47.,
       15., 9., 4., 24., 30., 43., 60., 19., 90., 4., 1., 1., 8., 17.,
       43., 102., 13., 4., 1., 4., 24., 89., 115., 36., 9., 3., 0., 0.,
       0., 3., 94., 99., 0., 1., 15., 34., 62., 3., 3., 0., 1., 32.,
       109., 59., 87., 4., 0., 0., 92., 12., 14., 12., 82., 22., 9., 76.,
       115., 0., 0., 0., 0., 0., 3., 60., 0., 0., 1., 54., 127., 23., 3.,
       0., 18., 63., 58., 65., 127., 72., 17., 4., 127., 95., 19., 4.,
       5., 10., 11., 60., 107., 1., 0., 0., 0., 0., 0., 39., 0., 0., 0.,
       6., 57., 90., 26., 0., 10., 4., 1., 2., 24., 127., 127., 11.,
       127., 14., 0., 0., 2., 61., 88., 69., 102., 11., 0., 0., 0., 0.,
       0., 9., 0., 3., 6., 0., 1., 11., 6., 0., 0., 1., 2., 0., 3., 43.,
       37., 0., 29., 1., 0., 0., 4., 50., 43., 36., 32., 10., 0., 0., 0.,
       0., 2., 15., 0., 4., 28., 9., 0., 0., 0., 0., 0., 1., 54., 57.,
       1., 0., 0., 0., 10., 16., 79., 65., 1., 0., 0., 3., 14., 19., 16.,
       4., 3., 0., 0., 4., 3., 13., 131., 60., 2., 0., 1., 5., 12., 17.,
       131., 131., 23., 1., 1., 3., 131., 73., 102., 68., 1., 0., 0.,
       23., 64., 14., 2., 0., 2., 1., 0., 23., 8., 12., 56., 16., 39.,
       26., 70., 96., 24., 8., 19., 68., 125., 49., 77., 51., 131., 24.,
       7., 8., 3., 3., 42., 105., 83., 11., 0., 0., 2., 1., 0., 14., 2.,
       2., 0., 0., 30., 45., 43., 35., 1., 0., 0., 0., 27., 42., 131.,
       71., 26., 1., 0., 0., 0., 0., 113., 100., 15., 0., 0., 0., 3., 1.,
       5., 25., 1., 28., 119., 56., 6., 4., 6., 0., 3., 50., 119., 72.,
       0., 0., 2., 0., 21., 23., 88., 72., 10., 8., 13., 9., 1., 19.,
       64., 47., 16., 33., 50., 3., 6., 12., 19., 36., 27., 57., 119.,
       10., 29., 38., 52., 40., 56., 47., 25., 2., 119., 18., 14., 20.,
       7., 6., 23., 42., 14., 2., 2., 78., 59., 41., 63., 15., 28., 4.,
       8., 119., 62., 11., 21., 9., 49., 9., 9., 63., 59., 38., 38., 25.,
       119., 9., 1., 19., 36., 15., 11., 19., 30., 16., 6., 93., 101.,
       27., 5., 4., 28., 7., 1., 32., 90., 74., 19., 5., 44., 29., 14.,
       23., 11., 20., 59., 31., 119., 3., 2., 9., 15., 19., 20., 72.,
       14., 4., 1., 1., 33., 101., 65., 12., 0., 1., 21., 85., 8., 0.,
       0., 0., 36., 64., 56., 48., 3., 0., 0., 0., 24., 20., 2., 10., 2.,
       7., 3., 0., 0., 0., 12., 68., 11., 4., 1., 0., 9., 13., 87., 127.,
       24., 1., 0., 0., 127., 51., 22., 64., 13., 0., 0., 11., 68., 17.,
       48., 127., 6., 0., 0., 2., 0., 0., 60., 127., 25., 1., 2., 2.,
       36., 17., 49., 80., 30., 6., 0., 3., 127., 32., 11., 43., 18., 4.,
       1., 24., 22., 10., 36., 127., 63., 14., 14., 16., 2., 1., 18.,
       55., 26., 11., 64., 77., 38., 2., 13., 20., 54., 14., 19., 75.,
       127., 2., 2., 3., 11., 16., 18., 97., 5., 0., 0., 5., 28., 40.,
       105., 67., 0., 0., 0., 0., 0., 2., 93., 116., 41., 10., 48., 74.,
       1., 0., 4., 32., 2., 118., 104., 26., 1., 2., 3., 0., 10., 108.,
       9., 0., 0., 0., 0., 0., 1., 4., 2., 1., 0., 0., 0., 0., 23., 19.,
       37., 111., 3., 3., 11., 17., 32., 87., 31., 57., 30., 17., 21.,
       18., 118., 118., 8., 6., 2., 0., 1., 22., 17., 17., 23., 4., 0.,
       0., 0., 0., 40., 21., 10., 15., 5., 15., 69., 66., 19., 8., 11.,
       41., 11., 19., 118., 89., 94., 9., 39., 105., 1., 0., 25., 118.,
       9., 69., 118., 73., 0., 0., 2., 4., 55., 86., 4., 3., 11., 15.,
       30., 22., 8., 36., 42., 118., 2., 3., 60., 15., 14., 1., 41.,
       118., 3., 1., 19., 24., 35., 29., 28., 38., 0., 11., 41., 55., 1.,
       38., 82., 38., 7., 2., 92., 26., 113., 29., 18., 35., 9., 3., 57.,
       80., 118., 29., 1., 0., 0., 0., 1., 23., 3., 1., 0., 0., 0., 2.,
       4., 1., 0., 32., 34., 4., 27., 27., 118., 39., 29., 64., 39., 32.,
       114., 36., 57., 35., 118., 118., 17., 4., 5., 0., 0., 13., 18.,
       8., 0., 0., 0., 1., 1., 1., 4., 118., 104., 21., 23., 10., 15.,
       9., 45., 39., 56., 78., 118., 14., 1., 25., 118., 94., 5., 2.,
       10., 1., 1., 49., 36., 29., 0., 0., 0., 0., 0., 2., 3., 14., 22.,
       22., 34., 16., 62., 18., 22., 25., 28., 19., 8., 6., 103., 41.,
       82., 103., 10., 2., 3., 5., 30., 28., 61., 58., 2., 0., 0., 0.,
       0., 1., 1., 9., 113., 30., 4., 5., 1., 0., 5., 38., 115., 33., 3.,
       3., 2., 0., 0., 17., 115., 47., 3., 7., 6., 0., 10., 11., 108.,
       47., 2., 3., 3., 4., 25., 10., 38., 52., 54., 62., 29., 7., 115.,
       42., 42., 31., 33., 26., 25., 30., 15., 10., 40., 60., 61., 65.,
       61., 13., 107., 19., 28., 14., 25., 11., 10., 17., 45., 7., 3.,
       64., 98., 48., 3., 4., 115., 14., 1., 34., 58., 28., 4., 28., 38.,
       10., 6., 90., 90., 52., 29., 13., 87., 7., 3., 6., 11., 10., 29.,
       51., 14., 4., 5., 26., 30., 27., 76., 21., 69., 0., 0., 3., 16.,
