%YAML:1.0
---
mat: !!opencv-matrix
   rows: 56
   cols: 128
   dt: f
   data: [ 0., 0., 5., 24., 1., 0., 0., 0., 0., 0., 49., 105., 5., 2.,
       0., 0., 11., 9., 91., 114., 11., 3., 0., 2., 17., 7., 12., 44.,
       70., 34., 2., 6., 4., 2., 16., 114., 56., 8., 1., 1., 81., 16.,
       57., 114., 23., 44., 15., 27., 88., 21., 45., 28., 42., 114., 19.,
       16., 114., 14., 4., 2., 73., 80., 10., 12., 5., 1., 1., 27., 90.,
       114., 5., 3., 114., 33., 2., 10., 34., 80., 13., 25., 85., 15.,
       0., 0., 80., 114., 22., 15., 114., 8., 0., 0., 16., 50., 30., 34.,
       0., 0., 0., 0., 44., 51., 0., 0., 86., 24., 0., 0., 68., 70., 8.,
       14., 75., 15., 0., 0., 9., 37., 26., 18., 13., 0., 0., 0., 1.,
       10., 28., 36., 61., 55., 41., 29., 7., 0., 0., 10., 44., 40., 49.,
       79., 13., 0., 0., 7., 37., 28., 15., 64., 30., 0., 0., 6., 49.,
       28., 31., 48., 13., 0., 0., 14., 105., 12., 8., 113., 35., 3., 1.,
       47., 113., 30., 12., 105., 30., 3., 1., 30., 83., 13., 8., 113.,
       85., 0., 0., 21., 113., 10., 3., 29., 20., 0., 0., 58., 21., 2.,
       5., 42., 27., 48., 84., 27., 113., 29., 13., 37., 16., 53., 95.,
       32., 50., 21., 16., 113., 36., 21., 98., 48., 113., 18., 2., 7.,
       2., 0., 19., 77., 0., 0., 0., 0., 0., 17., 75., 12., 1., 0., 0.,
       0., 1., 26., 113., 11., 1., 0., 0., 1., 2., 11., 113., 33., 5.,
       0., 0., 0., 0., 0., 25., 44., 27., 120., 69., 36., 6., 2., 1., 3.,
       52., 84., 61., 37., 2., 0., 0., 0., 14., 20., 37., 120., 29., 0.,
       3., 3., 5., 57., 109., 44., 4., 5., 16., 7., 36., 56., 41., 21.,
       39., 46., 28., 36., 120., 73., 34., 23., 32., 7., 1., 5., 72., 5.,
       2., 66., 120., 4., 6., 27., 58., 13., 4., 10., 64., 34., 36., 44.,
       10., 4., 1., 3., 38., 120., 73., 62., 120., 14., 2., 2., 33., 72.,
       74., 120., 62., 0., 0., 2., 102., 64., 45., 50., 59., 0., 0., 0.,
       78., 42., 23., 48., 1., 0., 0., 0., 0., 29., 37., 11., 2., 0., 0.,
       0., 1., 20., 60., 42., 1., 0., 0., 0., 3., 32., 59., 20., 2., 0.,
       0., 0., 4., 31., 43., 21., 1., 19., 111., 67., 9., 5., 4., 0., 3.,
       59., 124., 63., 0., 1., 3., 1., 81., 66., 53., 40., 7., 0., 0.,
       0., 29., 13., 5., 31., 111., 0., 0., 0., 21., 11., 21., 40., 28.,
       60., 104., 14., 22., 47., 57., 39., 70., 54., 39., 4., 124., 38.,
       20., 21., 15., 2., 1., 4., 51., 11., 5., 66., 124., 5., 2., 0.,
       63., 6., 8., 124., 57., 10., 18., 9., 39., 13., 13., 72., 70.,
       46., 34., 18., 124., 17., 3., 24., 19., 15., 14., 26., 24., 6.,
       2., 55., 82., 25., 30., 24., 42., 5., 2., 23., 77., 80., 19., 8.,
       28., 30., 15., 16., 14., 32., 74., 40., 65., 6., 4., 9., 7., 5.,
       46., 94., 9., 1., 0., 5., 7., 8., 45., 71., 0., 3., 55., 70., 9.,
       0., 0., 0., 2., 18., 46., 63., 113., 37., 1., 0., 32., 21., 19.,
       37., 48., 47., 5., 8., 92., 42., 34., 14., 15., 22., 2., 13., 4.,
       11., 51., 113., 50., 13., 6., 2., 112., 72., 51., 16., 31., 54.,
       7., 16., 27., 19., 11., 14., 78., 113., 20., 27., 24., 31., 34.,
       8., 2., 9., 63., 107., 10., 11., 9., 19., 66., 101., 7., 4., 72.,
       90., 63., 19., 15., 28., 18., 28., 47., 23., 61., 30., 24., 30.,
       30., 113., 14., 0., 0., 0., 1., 4., 38., 113., 53., 40., 2., 1.,
       17., 109., 13., 4., 9., 8., 5., 1., 8., 79., 76., 113., 19., 2.,
       4., 1., 0., 0., 52., 113., 3., 0., 0., 0., 1., 1., 5., 36., 1.,
       9., 85., 17., 0., 0., 0., 0., 0., 2., 116., 59., 3., 2., 1., 0.,
       0., 19., 116., 46., 3., 3., 2., 0., 24., 51., 81., 24., 7., 0.,
       0., 0., 8., 37., 116., 34., 22., 24., 12., 0., 87., 30., 95., 51.,
       12., 22., 30., 21., 10., 19., 73., 48., 65., 79., 46., 7., 116.,
       56., 34., 14., 25., 7., 2., 7., 28., 9., 9., 61., 71., 30., 19.,
       9., 116., 18., 5., 35., 34., 17., 13., 32., 20., 14., 8., 95.,
       83., 45., 24., 13., 105., 14., 3., 6., 12., 8., 20., 50., 17., 7.,
       2., 14., 19., 38., 83., 32., 75., 2., 0., 1., 11., 28., 48., 111.,
       7., 4., 1., 3., 18., 84., 116., 34., 10., 2., 0., 0., 0., 1., 82.,
       100., 1., 26., 104., 56., 7., 5., 6., 0., 2., 56., 117., 55., 0.,
       1., 3., 0., 17., 24., 91., 71., 10., 8., 10., 5., 2., 27., 78.,
       50., 15., 27., 42., 2., 15., 12., 16., 41., 26., 56., 108., 9.,
       21., 43., 56., 50., 61., 43., 27., 2., 117., 29., 20., 24., 7.,
       8., 24., 29., 17., 3., 4., 77., 50., 44., 69., 12., 42., 6., 9.,
       117., 70., 10., 14., 7., 47., 14., 13., 71., 56., 38., 34., 24.,
       117., 9., 2., 20., 36., 20., 12., 23., 35., 14., 9., 93., 90.,
       37., 8., 4., 31., 5., 1., 19., 79., 86., 29., 7., 35., 27., 11.,
       15., 13., 26., 96., 35., 109., 1., 2., 6., 11., 17., 32., 89.,
       13., 3., 1., 1., 23., 97., 65., 12., 0., 0., 46., 30., 1., 0., 0.,
       0., 0., 16., 107., 12., 1., 0., 0., 0., 0., 26., 30., 26., 13.,
       0., 0., 0., 2., 2., 73., 81., 20., 0., 0., 1., 4., 2., 74., 106.,
       59., 4., 4., 8., 19., 69., 120., 34., 27., 27., 7., 9., 92., 120.,
       40., 18., 68., 3., 0., 9., 31., 16., 20., 56., 120., 3., 0., 7.,
       16., 20., 17., 22., 120., 7., 3., 9., 48., 24., 23., 22., 52.,
       29., 15., 86., 120., 16., 4., 5., 74., 11., 6., 120., 30., 12.,
       1., 5., 120., 19., 1., 18., 9., 5., 7., 10., 120., 22., 9., 9.,
       74., 47., 32., 3., 5., 11., 16., 52., 24., 37., 100., 15., 31.,
       3., 3., 44., 28., 13., 9., 14., 120., 22., 6., 9., 0., 0., 7.,
       14., 2., 1., 0., 0., 0., 5., 50., 24., 8., 1., 0., 0., 0., 8.,
       20., 68., 118., 36., 0., 0., 43., 45., 25., 49., 44., 24., 0.,
       12., 0., 0., 39., 118., 15., 1., 2., 1., 9., 61., 118., 112., 6.,
       21., 8., 2., 68., 118., 53., 2., 65., 79., 1., 2., 28., 36., 9.,
       2., 97., 118., 1., 2., 11., 8., 9., 70., 105., 51., 4., 7., 42.,
       25., 33., 34., 36., 71., 20., 27., 118., 45., 12., 10., 15., 29.,
       4., 63., 25., 7., 14., 22., 99., 118., 2., 4., 29., 33., 8., 2.,
       63., 92., 0., 3., 29., 31., 33., 16., 47., 65., 5., 12., 65., 61.,
       72., 31., 2., 4., 15., 26., 34., 17., 57., 40., 13., 16., 15.,
       29., 2., 26., 93., 37., 3., 1., 95., 32., 108., 31., 21., 31., 4.,
       2., 57., 87., 119., 30., 1., 0., 0., 0., 0., 26., 4., 1., 0., 0.,
       0., 0., 2., 2., 1., 25., 30., 3., 26., 22., 119., 47., 24., 56.,
       41., 40., 111., 28., 58., 36., 119., 119., 23., 5., 5., 1., 0.,
       11., 22., 9., 0., 0., 0., 0., 1., 1., 5., 119., 113., 19., 20.,
       8., 12., 9., 38., 37., 58., 76., 119., 14., 2., 21., 119., 78.,
       5., 3., 13., 2., 1., 60., 42., 25., 0., 0., 0., 0., 1., 2., 4.,
       19., 30., 26., 38., 16., 42., 16., 31., 36., 43., 25., 9., 4.,
       62., 43., 87., 113., 9., 1., 1., 2., 23., 33., 61., 57., 2., 0.,
       0., 0., 0., 2., 0., 0., 0., 2., 59., 48., 1., 0., 1., 2., 21.,
       32., 92., 114., 7., 1., 7., 4., 68., 43., 34., 38., 39., 21., 38.,
       16., 47., 14., 3., 17., 30., 27., 0., 0., 1., 3., 42., 20., 0.,
       0., 12., 2., 1., 67., 119., 73., 4., 3., 119., 11., 2., 25., 39.,
       38., 58., 79., 21., 7., 12., 8., 6., 119., 104., 20., 0., 0., 1.,
       1., 23., 9., 0., 0., 5., 0., 0., 13., 119., 119., 22., 5., 116.,
       26., 60., 33., 23., 55., 38., 43., 28., 22., 119., 38., 1., 33.,
       33., 3., 0., 0., 2., 3., 5., 1., 0., 0., 0., 0., 1., 33., 119.,
       28., 1., 0., 4., 2., 68., 87., 96., 26., 26., 32., 2., 2., 109.,
       29., 2., 28., 87., 30., 1., 6., 85., 30., 3., 2., 0., 0., 2., 32.,
       113., 30., 3., 1., 0., 0., 0., 19., 113., 41., 2., 4., 2., 0., 5.,
       12., 111., 43., 2., 2., 2., 2., 25., 11., 42., 50., 61., 55., 15.,
       6., 113., 50., 58., 34., 41., 25., 19., 21., 16., 14., 58., 61.,
       58., 66., 53., 11., 95., 31., 47., 21., 25., 11., 9., 13., 49.,
       8., 3., 56., 113., 33., 2., 4., 113., 17., 2., 34., 72., 23., 4.,
       26., 43., 11., 6., 103., 98., 50., 27., 12., 93., 9., 2., 9., 15.,
