%YAML:1.0
---
mat: !!opencv-matrix
   rows: 65
   cols: 128
   dt: f
   data: [ 0., 0., 0., 0., 0., 0., 0., 0., 1., 1., 0., 0., 0., 0., 0.,
       0., 1., 1., 0., 50., 53., 31., 1., 0., 0., 0., 0., 132., 82., 97.,
       52., 10., 6., 1., 0., 0., 0., 0., 0., 2., 132., 36., 1., 10., 10.,
       0., 0., 23., 33., 10., 2., 132., 132., 19., 18., 11., 0., 0., 1.,
       132., 97., 27., 110., 132., 3., 0., 0., 0., 0., 0., 0., 2., 89.,
       33., 6., 7., 11., 1., 0., 25., 27., 37., 7., 41., 130., 70., 103.,
       56., 2., 2., 0., 5., 21., 51., 132., 132., 0., 0., 0., 0., 0., 0.,
       0., 0., 1., 6., 1., 0., 0., 0., 0., 0., 23., 107., 3., 0., 0., 2.,
       13., 12., 9., 78., 4., 6., 8., 15., 13., 13., 0., 1., 0., 2., 3.,
       91., 69., 0., 0., 0., 0., 1., 2., 27., 14., 0., 0., 0., 0., 0.,
       0., 1., 1., 0., 0., 0., 0., 0., 0., 0., 0., 0., 2., 20., 43.,
       153., 19., 41., 16., 0., 72., 67., 54., 60., 21., 58., 30., 7.,
       11., 1., 0., 6., 108., 73., 11., 3., 0., 0., 0., 1., 6., 4., 0.,
       0., 62., 53., 69., 153., 59., 0., 0., 17., 153., 77., 37., 69.,
       17., 16., 2., 70., 44., 2., 0., 2., 84., 108., 2., 7., 0., 0., 0.,
       0., 4., 5., 0., 0., 134., 50., 53., 115., 20., 0., 0., 74., 153.,
       77., 33., 6., 1., 1., 0., 91., 13., 9., 1., 0., 0., 2., 0., 2.,
       0., 0., 0., 0., 0., 0., 0., 0., 0., 131., 41., 0., 0., 15., 3.,
       0., 0., 61., 91., 5., 0., 0., 0., 0., 5., 45., 33., 1., 0., 0.,
       0., 0., 2., 4., 0., 0., 0., 0., 0., 0., 0., 53., 25., 2., 3.,
       131., 30., 0., 21., 88., 131., 22., 20., 71., 3., 2., 131., 131.,
       53., 3., 1., 2., 0., 3., 26., 9., 0., 0., 0., 0., 0., 0., 0., 46.,
       40., 3., 16., 127., 11., 0., 44., 8., 17., 12., 101., 131., 12.,
       26., 131., 15., 2., 0., 5., 18., 8., 75., 35., 2., 0., 0., 0., 0.,
       0., 4., 1., 80., 131., 6., 12., 21., 4., 5., 39., 42., 100., 18.,
       35., 28., 11., 37., 118., 7., 1., 1., 2., 6., 5., 78., 10., 1.,
       0., 0., 0., 0., 0., 4., 0., 0., 4., 23., 2., 0., 0., 0., 0., 0.,
       46., 108., 5., 2., 0., 0., 10., 8., 101., 115., 11., 3., 0., 1.,
       20., 7., 13., 48., 63., 30., 4., 6., 2., 1., 12., 115., 59., 8.,
       0., 1., 84., 15., 55., 115., 24., 39., 14., 27., 78., 16., 46.,
       28., 43., 115., 19., 20., 115., 14., 5., 2., 63., 72., 7., 19.,
       3., 0., 1., 26., 90., 115., 5., 2., 115., 29., 2., 11., 37., 86.,
       14., 25., 86., 16., 0., 0., 78., 115., 15., 19., 115., 7., 0., 0.,
       17., 53., 24., 40., 0., 0., 0., 0., 40., 48., 0., 0., 79., 22.,
       0., 0., 76., 74., 8., 11., 82., 18., 0., 0., 9., 35., 23., 16.,
       11., 0., 0., 0., 1., 12., 30., 33., 64., 53., 33., 34., 8., 0.,
       0., 12., 51., 38., 51., 73., 10., 0., 0., 9., 37., 25., 13., 69.,
       32., 0., 0., 7., 51., 28., 31., 46., 12., 0., 0., 16., 90., 9.,
       11., 115., 33., 5., 1., 43., 115., 27., 17., 96., 24., 3., 1.,
       33., 77., 11., 9., 115., 83., 0., 0., 22., 115., 9., 2., 26., 16.,
       0., 0., 64., 17., 3., 3., 39., 23., 60., 93., 23., 113., 31., 15.,
       41., 14., 53., 99., 32., 52., 18., 20., 115., 29., 20., 103., 56.,
       115., 15., 2., 4., 1., 0., 17., 76., 0., 0., 0., 0., 0., 19., 70.,
       11., 1., 0., 0., 0., 1., 25., 115., 10., 1., 0., 0., 1., 1., 10.,
       115., 38., 5., 0., 0., 0., 0., 0., 21., 42., 0., 0., 42., 63., 3.,
       0., 0., 0., 4., 2., 32., 117., 27., 6., 1., 1., 4., 5., 26., 94.,
       74., 24., 3., 3., 71., 36., 24., 10., 15., 16., 4., 42., 8., 6.,
       91., 96., 26., 48., 8., 5., 117., 34., 61., 37., 31., 39., 5.,
       18., 34., 13., 8., 12., 117., 110., 14., 12., 60., 71., 48., 6.,
       11., 13., 36., 31., 76., 8., 4., 3., 38., 117., 19., 27., 117.,
       12., 2., 1., 42., 106., 7., 31., 60., 4., 0., 0., 81., 117., 65.,
       31., 4., 6., 6., 0., 3., 22., 117., 90., 93., 27., 0., 0., 27.,
       39., 3., 3., 53., 2., 0., 0., 28., 70., 40., 46., 37., 1., 0., 0.,
       1., 20., 40., 39., 0., 0., 0., 0., 1., 3., 35., 24., 0., 32.,
       115., 14., 1., 0., 0., 0., 13., 53., 94., 11., 2., 0., 0., 0.,
       12., 27., 38., 70., 20., 0., 0., 0., 33., 39., 23., 19., 20., 0.,
       0., 0., 11., 49., 98., 25., 41., 53., 14., 2., 115., 79., 67.,
       20., 17., 1., 0., 12., 90., 34., 12., 115., 105., 0., 0., 2.,
       115., 40., 6., 35., 44., 0., 0., 3., 29., 9., 9., 62., 57., 29.,
       16., 19., 115., 15., 4., 32., 26., 7., 12., 55., 55., 30., 4.,
       80., 90., 39., 50., 13., 81., 69., 15., 45., 24., 10., 35., 18.,
       15., 6., 1., 5., 10., 36., 105., 48., 30., 3., 1., 3., 2., 2.,
       86., 103., 2., 1., 0., 2., 4., 27., 115., 51., 6., 3., 1., 1., 2.,
       11., 109., 40., 6., 0., 0., 0., 68., 30., 24., 50., 60., 14., 2.,
       5., 149., 38., 1., 2., 149., 25., 1., 1., 5., 12., 24., 29., 11.,
       0., 0., 0., 0., 57., 75., 21., 0., 0., 0., 0., 67., 57., 17., 3.,
       56., 8., 0., 1., 149., 149., 4., 6., 149., 40., 0., 0., 14., 17.,
       5., 16., 49., 2., 0., 0., 0., 15., 31., 10., 3., 5., 2., 0., 21.,
       33., 2., 0., 13., 0., 0., 0., 139., 149., 16., 13., 149., 10., 0.,
       0., 13., 57., 25., 58., 75., 6., 0., 0., 0., 1., 7., 10., 15.,
       63., 12., 0., 1., 4., 0., 1., 3., 6., 23., 4., 24., 98., 19., 2.,
       35., 2., 23., 3., 3., 43., 64., 58., 25., 3., 33., 2., 0., 0., 3.,
       22., 0., 8., 6., 8., 5., 0., 0., 0., 1., 7., 34., 90., 41., 4.,
       2., 0., 45., 79., 50., 24., 4., 14., 17., 1., 17., 9., 0., 1.,
       17., 46., 29., 1., 1., 24., 11., 33., 23., 0., 0., 0., 17., 16.,
       16., 143., 143., 0., 0., 0., 143., 78., 20., 46., 12., 0., 0., 5.,
       65., 10., 1., 4., 21., 9., 1., 1., 13., 49., 17., 72., 57., 0.,
       0., 0., 70., 5., 4., 143., 143., 0., 1., 20., 143., 13., 3., 14.,
       8., 0., 0., 70., 54., 11., 1., 0., 1., 2., 0., 4., 19., 87., 31.,
       81., 40., 0., 0., 1., 80., 0., 1., 79., 85., 4., 1., 73., 143.,
       11., 16., 3., 1., 0., 0., 85., 11., 17., 18., 1., 0., 0., 0., 1.,
       79., 23., 2., 0., 0., 0., 1., 36., 162., 34., 2., 0., 0., 0., 0.,
       24., 117., 12., 3., 13., 4., 0., 0., 13., 0., 0., 1., 10., 4., 0.,
       0., 0., 50., 122., 113., 13., 0., 4., 5., 32., 162., 112., 44.,
       6., 0., 0., 2., 92., 139., 23., 7., 28., 31., 18., 11., 71., 0.,
       0., 1., 18., 11., 3., 0., 0., 56., 28., 28., 3., 3., 22., 20.,
       110., 162., 77., 9., 2., 1., 1., 28., 162., 92., 69., 13., 7.,
       18., 10., 8., 30., 0., 0., 0., 0., 3., 2., 0., 0., 8., 0., 0., 0.,
       0., 0., 1., 23., 16., 1., 1., 2., 2., 1., 25., 99., 8., 5., 3.,
       4., 2., 1., 6., 12., 0., 0., 0., 0., 0., 0., 0., 0., 1., 8., 79.,
       15., 0., 0., 0., 0., 0., 2., 111., 51., 2., 1., 0., 0., 0., 16.,
       115., 46., 2., 2., 1., 0., 19., 47., 87., 20., 4., 0., 0., 0., 5.,
       33., 115., 34., 20., 24., 14., 0., 83., 31., 112., 51., 12., 18.,
       23., 20., 10., 19., 79., 49., 55., 83., 46., 8., 115., 59., 40.,
       12., 20., 8., 3., 6., 19., 8., 9., 67., 76., 33., 20., 8., 115.,
       19., 6., 28., 32., 14., 13., 31., 27., 14., 8., 99., 87., 44.,
       23., 12., 100., 15., 2., 6., 12., 7., 20., 47., 14., 8., 3., 20.,
       23., 44., 74., 26., 83., 2., 1., 2., 9., 22., 46., 110., 11., 4.,
       1., 5., 22., 85., 115., 35., 12., 2., 0., 0., 0., 2., 81., 100.,
       38., 13., 55., 79., 0., 0., 2., 18., 0., 119., 106., 22., 0., 1.,
       2., 0., 4., 85., 13., 1., 0., 0., 0., 0., 1., 3., 1., 2., 0., 0.,
       0., 0., 22., 19., 30., 119., 3., 3., 11., 16., 28., 112., 43.,
       47., 36., 16., 19., 14., 119., 119., 11., 4., 2., 0., 0., 15.,
       14., 14., 18., 4., 0., 0., 0., 0., 37., 21., 10., 24., 5., 13.,
       57., 67., 25., 9., 8., 41., 20., 19., 119., 89., 117., 14., 21.,
       91., 1., 1., 27., 119., 11., 55., 119., 83., 0., 0., 1., 3., 56.,
       80., 2., 1., 13., 16., 30., 31., 11., 42., 25., 85., 2., 3., 82.,
       25., 8., 0., 17., 119., 4., 1., 19., 23., 33., 21., 27., 58., 0.,
