%YAML:1.0
---
mat: !!opencv-matrix
   rows: 67
   cols: 128
   dt: f
   data: [ 2., 4., 0., 1., 0., 0., 0., 0., 1., 1., 10., 54., 0., 0., 0.,
       1., 2., 2., 49., 129., 17., 8., 3., 2., 5., 14., 120., 75., 26.,
       30., 4., 1., 2., 4., 1., 15., 13., 0., 0., 0., 9., 2., 19., 129.,
       86., 11., 2., 1., 129., 18., 50., 129., 17., 26., 21., 58., 34.,
       7., 16., 9., 41., 129., 33., 27., 2., 3., 0., 5., 26., 12., 0.,
       0., 8., 1., 1., 40., 120., 129., 36., 3., 129., 59., 2., 8., 29.,
       82., 25., 23., 71., 31., 0., 0., 77., 100., 4., 5., 4., 4., 0.,
       0., 1., 3., 1., 0., 1., 1., 0., 0., 45., 70., 8., 0., 79., 41.,
       0., 0., 103., 87., 3., 2., 96., 47., 0., 0., 12., 25., 4., 2., 0.,
       103., 56., 5., 3., 9., 2., 0., 0., 43., 58., 4., 0., 1., 1., 0.,
       2., 22., 23., 2., 0., 3., 2., 0., 1., 1., 0., 0., 0., 6., 5., 0.,
       0., 62., 33., 2., 2., 128., 53., 0., 12., 87., 128., 27., 13.,
       85., 13., 1., 128., 128., 71., 8., 1., 5., 1., 4., 20., 6., 0.,
       0., 0., 3., 4., 1., 0., 85., 70., 3., 3., 88., 25., 0., 25., 14.,
       43., 23., 81., 128., 21., 17., 128., 21., 5., 3., 15., 37., 7.,
       76., 33., 1., 0., 0., 1., 2., 2., 7., 1., 73., 126., 6., 13., 85.,
       10., 3., 31., 45., 128., 26., 26., 17., 12., 51., 128., 15., 8.,
       3., 6., 5., 4., 71., 13., 0., 0., 0., 0., 1., 2., 5., 1., 2., 8.,
       25., 0., 0., 0., 0., 0., 1., 58., 114., 5., 2., 0., 0., 12., 7.,
       99., 114., 9., 4., 1., 2., 16., 5., 12., 60., 73., 34., 5., 6.,
       5., 2., 20., 114., 55., 11., 1., 1., 83., 12., 53., 114., 23.,
       50., 20., 35., 87., 13., 41., 28., 45., 114., 19., 24., 111., 8.,
       3., 2., 84., 87., 11., 24., 5., 1., 1., 19., 80., 114., 5., 4.,
       114., 30., 1., 6., 36., 76., 12., 27., 81., 12., 0., 0., 87.,
       114., 23., 21., 101., 5., 0., 0., 17., 51., 37., 49., 1., 2., 0.,
       0., 43., 41., 0., 0., 86., 18., 0., 0., 56., 56., 14., 18., 65.,
       10., 0., 0., 7., 36., 30., 21., 8., 0., 0., 0., 1., 7., 27., 34.,
       57., 68., 50., 24., 5., 0., 0., 9., 39., 43., 63., 66., 9., 0.,
       0., 5., 32., 30., 17., 60., 24., 0., 0., 4., 36., 29., 35., 42.,
       10., 0., 0., 9., 114., 15., 14., 109., 25., 2., 1., 50., 114.,
       28., 20., 104., 26., 1., 0., 33., 84., 14., 8., 114., 83., 0., 0.,
       23., 114., 10., 4., 28., 18., 0., 0., 52., 25., 4., 6., 48., 21.,
       44., 95., 29., 114., 39., 17., 39., 12., 46., 96., 29., 53., 25.,
       22., 114., 33., 17., 87., 43., 114., 18., 2., 7., 2., 0., 16.,
       64., 0., 0., 0., 0., 0., 18., 92., 14., 1., 0., 0., 1., 1., 30.,
       114., 11., 1., 0., 0., 1., 3., 11., 114., 30., 7., 0., 0., 1., 3.,
       1., 26., 40., 0., 6., 36., 47., 0., 0., 0., 0., 9., 10., 76.,
       112., 0., 1., 6., 4., 44., 68., 53., 12., 0., 2., 12., 21., 13.,
       9., 0., 0., 1., 2., 0., 2., 7., 21., 133., 133., 12., 0., 0., 1.,
       133., 55., 71., 121., 1., 1., 13., 27., 92., 20., 3., 2., 0., 1.,
       40., 85., 11., 3., 0., 0., 0., 1., 1., 11., 35., 7., 60., 133.,
       64., 5., 44., 56., 133., 42., 22., 13., 0., 0., 12., 112., 100.,
       71., 1., 0., 0., 0., 1., 11., 10., 10., 0., 0., 0., 0., 0., 1.,
       14., 6., 0., 6., 29., 26., 84., 87., 105., 84., 6., 0., 1., 6.,
       57., 79., 91., 30., 3., 0., 0., 0., 3., 38., 14., 2., 0., 0., 0.,
       0., 0., 4., 0., 0., 34., 72., 4., 0., 0., 0., 3., 2., 20., 116.,
       34., 9., 1., 1., 5., 6., 21., 91., 76., 32., 2., 4., 73., 34.,
       22., 11., 23., 20., 4., 42., 4., 4., 76., 114., 21., 42., 9., 4.,
       112., 28., 47., 45., 27., 44., 7., 16., 32., 11., 5., 11., 116.,
       116., 19., 12., 44., 58., 48., 9., 12., 16., 58., 34., 68., 9.,
       5., 6., 27., 116., 28., 24., 116., 17., 2., 1., 35., 114., 11.,
       23., 63., 7., 0., 0., 61., 116., 66., 34., 1., 1., 2., 0., 3.,
       22., 116., 115., 86., 34., 0., 0., 20., 37., 3., 3., 43., 4., 0.,
       0., 25., 80., 44., 40., 38., 2., 0., 0., 1., 13., 39., 50., 0.,
       0., 0., 0., 0., 2., 27., 26., 0., 31., 116., 12., 0., 0., 0., 0.,
       11., 51., 99., 13., 2., 0., 0., 0., 11., 27., 48., 66., 16., 0.,
       0., 0., 28., 38., 24., 18., 19., 0., 0., 0., 13., 59., 114., 20.,
       34., 41., 15., 3., 116., 84., 68., 21., 16., 1., 0., 10., 89.,
       30., 19., 111., 96., 0., 0., 1., 116., 36., 9., 29., 43., 0., 0.,
       3., 34., 9., 10., 56., 52., 25., 17., 23., 116., 17., 6., 34.,
       22., 4., 11., 51., 56., 30., 7., 80., 76., 28., 49., 13., 76.,
       67., 18., 44., 21., 7., 31., 17., 17., 4., 1., 5., 7., 34., 116.,
       50., 32., 2., 1., 3., 2., 1., 95., 106., 3., 1., 0., 3., 4., 22.,
       116., 52., 5., 3., 1., 1., 1., 9., 109., 40., 0., 1., 27., 82.,
       10., 0., 0., 0., 45., 49., 43., 60., 5., 0., 0., 1., 28., 19., 4.,
       10., 3., 1., 0., 0., 0., 0., 18., 64., 4., 0., 0., 0., 10., 22.,
       93., 112., 13., 4., 0., 0., 121., 36., 17., 65., 8., 0., 0., 10.,
       53., 9., 60., 121., 8., 0., 0., 3., 0., 0., 82., 121., 16., 1.,
       3., 3., 42., 12., 42., 86., 40., 6., 3., 19., 121., 21., 12., 38.,
       26., 7., 1., 53., 13., 4., 28., 121., 84., 24., 35., 14., 0., 0.,
       16., 53., 22., 13., 96., 89., 24., 1., 5., 10., 46., 17., 57.,
       116., 74., 1., 1., 1., 12., 14., 42., 102., 1., 0., 0., 1., 21.,
       32., 121., 54., 0., 0., 0., 0., 0., 3., 104., 80., 0., 6., 102.,
       22., 0., 0., 0., 0., 0., 3., 119., 53., 1., 1., 0., 0., 0., 14.,
       119., 45., 1., 3., 2., 0., 18., 43., 93., 21., 1., 0., 0., 0., 5.,
       28., 119., 40., 22., 25., 10., 0., 102., 38., 119., 45., 6., 9.,
       19., 24., 14., 14., 61., 41., 44., 63., 47., 13., 108., 51., 35.,
       8., 16., 9., 3., 7., 18., 7., 9., 65., 88., 35., 18., 7., 119.,
       21., 7., 20., 22., 10., 11., 34., 38., 12., 7., 89., 71., 36.,
       19., 13., 77., 13., 2., 5., 9., 6., 17., 43., 13., 8., 2., 21.,
       27., 48., 78., 26., 98., 3., 0., 1., 5., 12., 46., 119., 16., 2.,
       0., 4., 16., 74., 119., 38., 9., 2., 0., 0., 0., 3., 90., 87., 0.,
       0., 0., 4., 57., 90., 1., 0., 85., 13., 0., 11., 144., 111., 3.,
       3., 146., 33., 0., 1., 5., 1., 0., 3., 14., 1., 0., 0., 0., 0.,
       0., 2., 0., 0., 1., 2., 78., 19., 0., 0., 86., 6., 0., 7., 146.,
       84., 2., 4., 146., 26., 0., 1., 12., 7., 2., 10., 24., 1., 0., 0.,
       0., 0., 6., 6., 0., 1., 43., 38., 49., 9., 0., 0., 35., 5., 33.,
       18., 146., 77., 10., 22., 146., 8., 0., 0., 13., 17., 9., 76.,
       28., 0., 0., 0., 0., 0., 13., 15., 0., 2., 29., 35., 127., 15.,
       1., 0., 38., 66., 70., 24., 38., 20., 9., 15., 146., 25., 1., 0.,
       1., 3., 5., 51., 17., 0., 0., 0., 0., 0., 3., 9., 1., 22., 112.,
       57., 7., 4., 3., 0., 1., 47., 119., 58., 0., 1., 2., 0., 16., 26.,
       111., 66., 5., 4., 9., 5., 1., 27., 84., 40., 7., 17., 32., 3.,
       16., 12., 22., 46., 29., 59., 96., 9., 24., 39., 68., 52., 60.,
       43., 26., 3., 119., 26., 23., 26., 6., 6., 23., 38., 16., 4., 5.,
       65., 43., 37., 58., 14., 47., 5., 8., 119., 82., 14., 16., 7.,
       50., 15., 14., 70., 56., 37., 30., 21., 119., 9., 2., 20., 30.,
       19., 11., 24., 33., 16., 8., 73., 70., 35., 13., 6., 32., 4., 1.,
       15., 72., 99., 32., 9., 27., 21., 11., 11., 11., 35., 115., 42.,
       101., 0., 2., 4., 7., 15., 37., 108., 12., 2., 0., 0., 13., 70.,
       72., 16., 8., 1., 0., 34., 62., 38., 3., 6., 52., 7., 0., 67.,
       126., 90., 2., 4., 156., 31., 0., 2., 8., 5., 1., 5., 30., 3., 0.,
       0., 0., 0., 0., 1., 0., 0., 0., 1., 37., 50., 1., 0., 39., 5., 0.,
       17., 156., 143., 2., 3., 156., 30., 0., 5., 34., 10., 1., 9., 50.,
       2., 0., 0., 0., 0., 1., 4., 0., 0., 3., 5., 32., 8., 0., 0., 29.,
       1., 2., 8., 156., 73., 2., 4., 156., 17., 0., 1., 46., 20., 2.,
       21., 55., 2., 0., 0., 0., 0., 6., 8., 0., 1., 31., 32., 42., 6.,
       0., 0., 7., 11., 54., 26., 120., 36., 6., 10., 156., 4., 1., 1.,
