%YAML:1.0
---
mat: !!opencv-matrix
   rows: 113
   cols: 128
   dt: f
   data: [ 0., 1., 57., 36., 0., 0., 0., 0., 1., 9., 112., 106., 4., 1.,
       3., 1., 19., 109., 87., 14., 1., 1., 3., 2., 7., 24., 1., 0., 0.,
       0., 0., 0., 13., 13., 112., 65., 7., 12., 3., 2., 76., 21., 75.,
       91., 11., 15., 78., 39., 83., 104., 31., 30., 12., 24., 83., 27.,
       68., 60., 1., 1., 0., 0., 0., 1., 61., 8., 12., 7., 7., 107., 31.,
       21., 112., 18., 10., 33., 15., 45., 35., 61., 72., 33., 31., 112.,
       39., 46., 59., 47., 112., 29., 5., 2., 0., 0., 6., 42., 39., 1.,
       0., 0., 0., 36., 60., 77., 14., 0., 0., 1., 4., 37., 95., 79., 8.,
       0., 0., 2., 8., 43., 112., 53., 17., 0., 0., 0., 0., 1., 19., 47.,
       0., 0., 0., 44., 39., 0., 0., 0., 33., 0., 0., 119., 99., 0., 0.,
       69., 33., 0., 0., 14., 4., 5., 41., 119., 3., 2., 0., 0., 5.,
       101., 48., 14., 2., 0., 0., 56., 119., 1., 0., 0., 119., 21., 1.,
       55., 113., 1., 0., 66., 87., 16., 18., 3., 0., 1., 2., 66., 0.,
       4., 15., 5., 8., 32., 6., 2., 1., 0., 0., 4., 119., 58., 0., 1.,
       96., 101., 17., 3., 96., 82., 11., 4., 33., 91., 119., 11., 0.,
       1., 11., 10., 26., 53., 65., 28., 12., 0., 1., 8., 0., 0., 0., 0.,
       19., 55., 2., 0., 1., 8., 3., 0., 12., 119., 87., 3., 5., 12.,
       26., 0., 0., 14., 119., 43., 22., 9., 5., 26., 35., 11., 28., 35.,
       8., 0., 2., 41., 12., 1., 1., 12., 1., 1., 6., 108., 95., 12., 7.,
       2., 13., 22., 10., 30., 69., 38., 23., 12., 20., 10., 14., 12.,
       13., 12., 33., 108., 9., 2., 9., 108., 108., 14., 0., 2., 90.,
       35., 31., 96., 47., 30., 31., 48., 33., 9., 10., 39., 44., 106.,
       63., 44., 93., 2., 1., 1., 1., 6., 19., 108., 4., 1., 0., 7., 86.,
       108., 6., 0., 51., 68., 45., 23., 27., 108., 70., 8., 66., 27.,
       53., 94., 21., 18., 70., 96., 98., 4., 1., 2., 0., 1., 4., 99.,
       0., 0., 0., 0., 1., 12., 2., 0., 0., 0., 1., 1., 0., 57., 71., 1.,
       5., 0., 1., 1., 0., 13., 108., 74., 8., 1., 1., 0., 0., 0., 5.,
       39., 2., 33., 93., 13., 0., 0., 0., 0., 1., 12., 107., 48., 2.,
       2., 1., 0., 7., 91., 107., 15., 2., 2., 1., 0., 5., 27., 4., 0.,
       1., 0., 0., 0., 28., 71., 104., 22., 9., 7., 3., 6., 66., 26.,
       84., 45., 12., 36., 67., 40., 97., 107., 46., 25., 43., 79., 50.,
       5., 88., 51., 1., 0., 1., 0., 0., 1., 34., 9., 4., 14., 14., 10.,
       81., 79., 82., 43., 58., 41., 11., 37., 75., 31., 101., 8., 37.,
       98., 49., 30., 39., 90., 100., 3., 0., 1., 1., 0., 1., 45., 2.,
       0., 0., 0., 0., 7., 105., 60., 1., 1., 3., 5., 2., 51., 107., 9.,
       9., 0., 4., 7., 1., 19., 107., 98., 9., 0., 2., 1., 0., 0., 5.,
       34., 0., 0., 3., 18., 2., 0., 0., 0., 0., 0., 70., 56., 0., 0.,
       1., 0., 3., 59., 111., 12., 0., 1., 1., 0., 9., 44., 9., 0., 13.,
       18., 1., 0., 2., 0., 7., 100., 103., 12., 1., 1., 60., 7., 79.,
       111., 38., 20., 45., 65., 55., 79., 86., 16., 27., 103., 64., 30.,
       111., 83., 6., 0., 3., 8., 2., 12., 2., 0., 0., 8., 111., 94., 4.,
       1., 81., 41., 41., 24., 73., 90., 21., 28., 53., 47., 89., 76.,
       41., 38., 11., 15., 111., 71., 6., 3., 2., 3., 2., 10., 0., 0.,
       3., 4., 41., 25., 0., 0., 1., 2., 13., 28., 111., 88., 1., 2.,
       18., 37., 38., 30., 30., 16., 23., 15., 55., 111., 13., 0., 3.,
       12., 8., 1., 0., 15., 4., 3., 3., 123., 46., 3., 2., 123., 27.,
       1., 1., 123., 36., 2., 37., 123., 19., 0., 0., 16., 73., 20., 18.,
       21., 0., 0., 0., 1., 54., 28., 1., 8., 36., 74., 68., 41., 8., 2.,
       37., 53., 48., 21., 11., 123., 63., 12., 60., 43., 2., 0., 0.,
       33., 108., 123., 31., 9., 0., 0., 0., 1., 5., 41., 20., 12., 45.,
       123., 123., 0., 0., 4., 123., 44., 13., 25., 26., 1., 7., 39.,
       61., 1., 0., 0., 0., 1., 31., 43., 0., 0., 0., 0., 0., 4., 5., 9.,
       16., 5., 66., 59., 8., 5., 84., 90., 106., 1., 1., 6., 2., 0.,
       13., 123., 21., 0., 0., 0., 0., 0., 0., 22., 0., 0., 0., 0., 0.,
       1., 0., 0., 0., 0., 0., 3., 77., 28., 11., 2., 35., 30., 26., 46.,
       144., 101., 29., 29., 144., 69., 15., 4., 3., 6., 14., 69., 27.,
       1., 0., 0., 0., 0., 0., 6., 0., 0., 0., 3., 49., 33., 10., 1.,
       27., 8., 5., 54., 144., 134., 37., 23., 144., 31., 5., 12., 10.,
       10., 18., 62., 38., 2., 0., 0., 0., 0., 1., 6., 0., 0., 0., 1.,
       50., 21., 5., 0., 24., 5., 2., 24., 144., 73., 6., 12., 144., 24.,
       2., 6., 16., 11., 5., 34., 51., 2., 0., 0., 0., 0., 1., 5., 0.,
       0., 1., 6., 28., 9., 2., 0., 7., 3., 7., 29., 144., 69., 20., 10.,
       144., 32., 10., 8., 10., 13., 19., 55., 34., 6., 3., 1., 0., 0.,
       0., 6., 33., 0., 0., 0., 58., 46., 4., 17., 108., 2., 0., 0.,
       155., 105., 7., 21., 155., 7., 0., 0., 4., 8., 9., 28., 8., 0.,
       0., 0., 0., 4., 38., 15., 11., 0., 0., 0., 41., 54., 55., 28.,
       62., 13., 2., 4., 155., 114., 11., 18., 155., 38., 2., 2., 20.,
       9., 3., 21., 28., 0., 0., 0., 0., 0., 21., 16., 0., 0., 0., 0.,
       29., 19., 24., 2., 33., 2., 0., 1., 155., 130., 6., 16., 155., 8.,
       0., 0., 28., 30., 5., 46., 41., 3., 2., 1., 0., 0., 4., 7., 0.,
       0., 2., 3., 14., 3., 1., 0., 4., 0., 0., 1., 102., 67., 13., 11.,
       95., 2., 0., 0., 10., 20., 16., 55., 19., 2., 1., 1., 0., 0., 0.,
       2., 0., 0., 0., 1., 6., 1., 3., 0., 2., 5., 11., 75., 87., 1., 0.,
       0., 94., 46., 22., 33., 13., 0., 0., 6., 31., 4., 0., 0., 0., 0.,
       1., 5., 0., 1., 12., 15., 21., 0., 1., 0., 23., 12., 6., 135.,
       159., 1., 0., 1., 159., 45., 7., 37., 40., 1., 0., 13., 58., 8.,
       6., 0., 0., 0., 1., 5., 0., 3., 29., 24., 34., 0., 0., 0., 40.,
       9., 6., 97., 159., 7., 1., 8., 159., 36., 17., 21., 35., 4., 1.,
       27., 40., 45., 56., 11., 2., 0., 0., 0., 3., 19., 30., 28., 36.,
       0., 0., 0., 63., 13., 8., 121., 159., 0., 0., 1., 159., 30., 8.,
       31., 26., 0., 0., 6., 56., 33., 11., 20., 12., 0., 0., 0., 0., 0.,
       0., 2., 58., 49., 13., 2., 54., 5., 4., 16., 135., 135., 19., 41.,
       135., 12., 2., 1., 1., 7., 8., 77., 12., 0., 0., 0., 0., 0., 0.,
       5., 0., 0., 0., 0., 41., 32., 20., 4., 20., 26., 14., 33., 135.,
       104., 13., 17., 135., 121., 14., 12., 13., 9., 7., 41., 42., 7.,
       0., 0., 0., 0., 0., 4., 0., 0., 0., 0., 22., 25., 20., 2., 9., 4.,
       2., 9., 135., 135., 21., 12., 135., 30., 2., 5., 26., 38., 24.,
       65., 74., 4., 0., 0., 0., 0., 0., 7., 0., 0., 0., 0., 8., 14., 8.,
       0., 2., 1., 0., 4., 135., 57., 2., 1., 135., 20., 1., 3., 49.,
       20., 2., 9., 77., 8., 0., 0., 0., 0., 0., 2., 0., 0., 0., 8., 19.,
       0., 0., 0., 9., 3., 1., 55., 138., 1., 1., 4., 138., 13., 1., 13.,
       28., 1., 1., 29., 53., 11., 1., 0., 0., 0., 0., 4., 0., 0., 0.,
       21., 39., 0., 0., 0., 18., 24., 19., 138., 138., 13., 2., 6.,
       138., 106., 18., 22., 16., 3., 2., 32., 45., 23., 10., 0., 0., 0.,
       0., 3., 0., 0., 0., 21., 47., 3., 0., 0., 25., 14., 11., 95.,
       138., 71., 14., 19., 138., 46., 9., 11., 11., 15., 12., 73., 37.,
       15., 23., 0., 0., 0., 0., 2., 0., 0., 0., 40., 50., 1., 0., 0.,
       45., 31., 19., 138., 138., 8., 5., 9., 138., 74., 12., 12., 2.,
       1., 2., 15., 17., 13., 19., 1., 0., 0., 0., 0., 1., 1., 0., 2.,
       55., 136., 7., 1., 136., 33., 1., 1., 31., 136., 31., 20., 114.,
       16., 0., 0., 39., 136., 46., 16., 0., 0., 0., 0., 7., 136., 136.,
       105., 0., 0., 0., 0., 11., 80., 11., 1., 47., 2., 0., 0., 36.,
       136., 44., 23., 136., 14., 0., 0., 2., 49., 46., 34., 19., 3., 0.,
       0., 0., 32., 136., 60., 1., 4., 5., 0., 2., 8., 2., 1., 6., 16.,
       12., 1., 42., 114., 8., 4., 122., 20., 0., 0., 8., 37., 12., 18.,
       49., 12., 0., 0., 0., 0., 3., 5., 0., 6., 6., 0., 0., 0., 0., 0.,
       7., 44., 16., 0., 6., 14., 1., 0., 13., 2., 0., 0., 2., 14., 3.,
       3., 7., 1., 0., 0., 0., 0., 0., 0., 0., 4., 8., 4., 2., 0., 0.,
