%YAML:1.0
---
mat: !!opencv-matrix
   rows: 58
   cols: 128
   dt: f
   data: [ 40., 1., 0., 4., 56., 64., 10., 51., 38., 76., 58., 15., 58.,
       42., 12., 18., 70., 33., 78., 58., 37., 20., 14., 9., 118., 4.,
       2., 3., 3., 1., 0., 10., 21., 0., 0., 36., 118., 17., 1., 20.,
       54., 21., 17., 40., 110., 29., 51., 67., 107., 14., 28., 17., 36.,
       81., 76., 46., 118., 2., 1., 0., 1., 2., 2., 24., 6., 0., 0., 3.,
       81., 75., 2., 3., 50., 64., 30., 10., 51., 118., 35., 11., 102.,
       34., 60., 59., 38., 27., 40., 37., 118., 2., 1., 1., 1., 1., 2.,
       32., 4., 19., 21., 1., 2., 21., 5., 1., 2., 11., 6., 1., 2., 99.,
       89., 1., 19., 5., 10., 3., 0., 28., 118., 59., 40., 1., 0., 0.,
       0., 0., 12., 51., 0., 2., 100., 24., 0., 0., 0., 0., 0., 29., 93.,
       20., 1., 0., 0., 0., 0., 3., 77., 63., 2., 0., 0., 0., 7., 30.,
       77., 12., 0., 0., 0., 0., 14., 33., 119., 65., 8., 2., 0., 1.,
       119., 119., 119., 24., 13., 2., 0., 9., 24., 22., 41., 63., 73.,
       7., 0., 1., 49., 62., 35., 9., 5., 0., 0., 0., 32., 33., 18., 9.,
       19., 8., 59., 78., 119., 15., 5., 9., 18., 1., 16., 119., 30., 4.,
       9., 64., 111., 4., 0., 9., 36., 68., 22., 18., 11., 0., 0., 0.,
       13., 61., 119., 2., 1., 1., 53., 64., 15., 85., 119., 6., 13., 0.,
       16., 61., 3., 17., 19., 30., 119., 9., 0., 2., 39., 61., 28., 22.,
       41., 3., 0., 0., 5., 5., 25., 57., 10., 0., 8., 36., 8., 6., 98.,
       105., 4., 1., 4., 9., 25., 26., 75., 53., 2., 2., 9., 21., 54.,
       122., 18., 7., 1., 1., 3., 3., 12., 25., 122., 122., 10., 4., 2.,
       5., 122., 26., 36., 56., 5., 14., 24., 36., 32., 10., 24., 23.,
       29., 76., 31., 28., 70., 77., 18., 16., 3., 5., 7., 28., 23., 14.,
       39., 11., 7., 103., 41., 16., 122., 55., 9., 4., 5., 20., 9., 29.,
       82., 7., 0., 0., 36., 122., 32., 15., 24., 13., 6., 3., 3., 39.,
       81., 40., 39., 15., 1., 1., 4., 122., 54., 8., 122., 13., 4., 1.,
       2., 45., 69., 98., 65., 8., 30., 9., 0., 26., 20., 18., 1., 7.,
       37., 7., 0., 13., 60., 16., 14., 8., 10., 130., 7., 1., 1., 9.,
       26., 11., 7., 56., 33., 38., 39., 33., 130., 9., 1., 7., 16., 19.,
       8., 11., 39., 3., 1., 35., 26., 0., 0., 0., 15., 16., 7., 53.,
       11., 45., 100., 22., 33., 39., 61., 59., 30., 78., 28., 8., 130.,
       33., 10., 30., 15., 9., 2., 3., 47., 4., 1., 100., 92., 0., 0.,
       0., 0., 1., 2., 1., 3., 51., 72., 36., 15., 1., 3., 5., 99., 130.,
       30., 5., 130., 13., 2., 19., 45., 39., 4., 13., 32., 6., 2., 130.,
       130., 2., 6., 6., 3., 15., 11., 4., 6., 1., 1., 1., 3., 1., 2.,
       4., 128., 50., 7., 3., 78., 6., 1., 28., 70., 37., 21., 23., 30.,
       2., 1., 67., 80., 7., 11., 52., 3., 25., 114., 7., 2., 0., 0., 0.,
       18., 89., 93., 6., 1., 0., 0., 1., 12., 39., 47., 14., 1., 0., 0.,
       0., 7., 39., 37., 1., 0., 0., 0., 0., 41., 20., 58., 18., 81.,
       14., 4., 39., 114., 96., 58., 24., 67., 3., 1., 5., 92., 50., 45.,
       75., 95., 0., 0., 3., 34., 77., 83., 23., 25., 10., 0., 3., 20.,
       0., 0., 1., 103., 69., 39., 56., 114., 15., 1., 14., 63., 39.,
       82., 71., 104., 16., 1., 61., 104., 25., 35., 20., 87., 14., 3.,
       6., 55., 53., 15., 21., 1., 17., 45., 19., 5., 31., 39., 7., 4.,
       28., 42., 4., 2., 20., 106., 32., 11., 22., 15., 3., 8., 33.,
       114., 26., 13., 2., 0., 0., 4., 41., 70., 32., 68., 10., 20., 62.,
       11., 1., 3., 111., 45., 15., 17., 1., 18., 30., 4., 81., 7., 3.,
       3., 21., 60., 90., 40., 9., 82., 27., 8., 10., 2., 6., 20., 19.,
       84., 74., 111., 12., 4., 3., 28., 80., 96., 96., 91., 7., 11., 7.,
       11., 43., 21., 10., 6., 41., 81., 63., 24., 10., 41., 21., 20.,
       19., 6., 9., 38., 70., 10., 14., 21., 75., 12., 7., 111., 102.,
       111., 43., 19., 31., 6., 6., 27., 107., 46., 9., 5., 6., 63., 73.,
       17., 26., 20., 17., 28., 9., 12., 15., 26., 26., 52., 6., 14.,
       111., 16., 14., 21., 23., 111., 21., 8., 15., 2., 3., 4., 111.,
       8., 3., 1., 2., 50., 50., 10., 27., 16., 4., 3., 16., 29., 34.,
       21., 10., 0., 0., 0., 2., 49., 53., 11., 2., 13., 3., 1., 10.,
       69., 110., 42., 24., 122., 23., 0., 1., 8., 7., 12., 37., 35., 6.,
       1., 27., 122., 45., 4., 5., 0., 0., 0., 3., 28., 43., 22., 3., 4.,
       4., 7., 75., 115., 110., 11., 2., 122., 29., 12., 29., 13., 15.,
       9., 24., 68., 4., 0., 1., 76., 122., 56., 16., 0., 0., 0., 2.,
       25., 35., 26., 3., 4., 2., 7., 58., 120., 122., 37., 5., 122.,
       16., 9., 18., 9., 33., 47., 67., 99., 6., 1., 20., 8., 9., 20.,
       26., 0., 0., 0., 1., 19., 19., 19., 4., 9., 2., 6., 34., 122.,
       79., 5., 4., 119., 28., 7., 10., 17., 14., 5., 70., 44., 9., 0.,
       19., 41., 31., 6., 35., 47., 130., 4., 2., 9., 18., 0., 0., 22.,
       35., 15., 50., 130., 0., 0., 0., 118., 35., 19., 20., 45., 15.,
       1., 5., 30., 74., 18., 8., 32., 22., 0., 1., 12., 91., 29., 25.,
       73., 41., 8., 7., 42., 68., 81., 78., 55., 10., 18., 8., 130., 9.,
       4., 14., 31., 26., 2., 10., 19., 29., 11., 3., 94., 95., 2., 5.,
       49., 14., 4., 42., 71., 7., 32., 73., 52., 13., 14., 18., 59.,
       90., 79., 51., 130., 2., 1., 3., 18., 20., 4., 12., 28., 1., 0.,
       0., 74., 96., 2., 6., 41., 43., 13., 3., 25., 69., 26., 7., 36.,
       31., 40., 70., 47., 16., 34., 16., 130., 2., 1., 11., 12., 2., 7.,
       35., 23., 0., 0., 0., 32., 38., 0., 2., 47., 12., 10., 15., 36.,
       14., 53., 96., 78., 13., 7., 10., 56., 97., 64., 28., 139., 38.,
       0., 1., 9., 13., 2., 3., 19., 3., 0., 0., 45., 107., 1., 2., 82.,
       102., 34., 13., 21., 49., 28., 23., 57., 37., 51., 111., 109.,
       28., 28., 20., 139., 39., 1., 10., 14., 2., 5., 34., 42., 4., 0.,
       0., 21., 48., 1., 2., 2., 14., 10., 2., 2., 102., 139., 2., 12.,
       6., 15., 22., 5., 17., 139., 73., 109., 3., 0., 2., 1., 0., 69.,
       139., 29., 4., 2., 0., 2., 6., 0., 7., 0., 13., 25., 7., 0., 5.,
       25., 2., 0., 11., 52., 6., 0., 1., 46., 13., 2., 25., 48., 4., 0.,
       0., 13., 14., 2., 9., 49., 9., 0., 0., 0., 1., 11., 1., 9., 9.,
       8., 27., 36., 41., 4., 1., 9., 31., 115., 69., 19., 16., 28., 25.,
       18., 32., 69., 44., 32., 20., 97., 96., 7., 1., 2., 8., 17., 38.,
       6., 7., 31., 48., 41., 51., 12., 5., 66., 19., 27., 15., 67., 91.,
       50., 15., 7., 2., 14., 36., 59., 94., 115., 59., 72., 33., 34.,
       39., 8., 6., 51., 62., 5., 1., 0., 1., 33., 115., 16., 5., 115.,
       5., 0., 1., 35., 68., 21., 24., 25., 2., 7., 39., 115., 94., 54.,
       8., 44., 36., 19., 22., 17., 31., 92., 44., 0., 0., 0., 0., 10.,
       68., 23., 8., 52., 7., 0., 0., 29., 92., 12., 10., 63., 5., 0.,
       8., 28., 70., 95., 18., 7., 1., 1., 59., 50., 23., 107., 22., 11.,
       34., 70., 75., 12., 5., 3., 8., 17., 35., 50., 75., 26., 55., 15.,
       10., 107., 105., 8., 10., 2., 11., 29., 42., 68., 28., 17., 7.,
       0., 16., 66., 34., 33., 82., 38., 76., 16., 13., 10., 24., 107.,
       107., 6., 1., 7., 50., 66., 49., 61., 14., 33., 19., 0., 8., 104.,
       107., 41., 16., 64., 43., 0., 0., 4., 44., 36., 5., 1., 2., 5.,
       18., 107., 102., 98., 19., 33., 24., 16., 13., 55., 107., 40.,
       13., 104., 48., 3., 2., 8., 65., 50., 7., 16., 9., 0., 0., 3.,
       107., 47., 29., 27., 6., 2., 2., 24., 46., 14., 25., 9., 7., 23.,
       53., 32., 19., 41., 3., 4., 4., 4., 15., 22., 107., 28., 19., 0.,
       0., 0., 0., 0., 41., 42., 22., 108., 21., 10., 2., 1., 60., 32.,
       77., 102., 18., 55., 3., 0., 11., 33., 81., 11., 12., 58., 5., 0.,
       0., 15., 69., 22., 6., 0., 0., 0., 0., 16., 29., 82., 38., 52.,
       38., 23., 23., 114., 89., 52., 7., 22., 1., 9., 46., 39., 64.,
       20., 30., 114., 3., 0., 2., 39., 114., 15., 5., 5., 0., 0., 1.,
       7., 7., 62., 65., 70., 31., 33., 34., 59., 103., 114., 50., 7.,
       2., 14., 34., 65., 88., 43., 17., 69., 18., 28., 16., 46., 56.,
