%YAML:1.0
---
mat: !!opencv-matrix
   rows: 68
   cols: 128
   dt: f
   data: [ 0., 0., 0., 0., 0., 0., 0., 0., 0., 2., 1., 0., 0., 0., 0.,
       0., 7., 17., 1., 1., 0., 0., 0., 0., 1., 3., 1., 6., 5., 0., 1.,
       0., 0., 0., 58., 50., 0., 0., 0., 0., 28., 48., 135., 72., 0., 0.,
       0., 0., 161., 158., 33., 4., 0., 0., 0., 7., 32., 13., 2., 7., 5.,
       2., 9., 6., 0., 0., 107., 110., 2., 1., 1., 0., 142., 20., 78.,
       69., 2., 1., 2., 15., 161., 28., 10., 1., 0., 0., 0., 40., 50.,
       2., 19., 9., 0., 0., 2., 10., 0., 0., 3., 8., 2., 8., 21., 0.,
       107., 10., 0., 2., 1., 3., 20., 26., 161., 100., 66., 10., 0., 0.,
       3., 17., 14., 13., 161., 92., 3., 5., 8., 3., 0., 0., 0., 0., 12.,
       60., 33., 1., 14., 1., 1., 2., 3., 3., 3., 2., 69., 1., 0., 0.,
       0., 0., 0., 8., 3., 0., 0., 0., 0., 0., 0., 0., 0., 0., 1., 36.,
       154., 87., 20., 0., 60., 15., 7., 37., 21., 3., 2., 1., 154., 11.,
       1., 0., 0., 0., 0., 11., 9., 0., 0., 0., 0., 0., 0., 1., 1., 1.,
       1., 53., 154., 31., 23., 1., 81., 15., 4., 27., 26., 33., 24., 3.,
       154., 13., 1., 0., 0., 1., 2., 5., 6., 0., 0., 0., 0., 0., 0., 0.,
       39., 1., 2., 9., 103., 72., 146., 67., 31., 2., 0., 1., 3., 154.,
       154., 32., 114., 2., 0., 0., 0., 32., 126., 69., 1., 0., 0., 0.,
       0., 0., 1., 1., 12., 8., 72., 52., 0., 0., 0., 1., 133., 50., 27.,
       6., 0., 0., 0., 19., 93., 8., 1., 0., 0., 0., 2., 14., 0., 0., 1.,
       0., 0., 0., 6., 4., 36., 1., 7., 11., 2., 3., 8., 12., 133., 26.,
       8., 1., 0., 0., 0., 37., 96., 18., 75., 28., 0., 0., 0., 8., 1.,
       13., 121., 42., 0., 0., 0., 1., 20., 2., 0., 0., 0., 3., 47., 23.,
       133., 93., 41., 2., 0., 0., 42., 42., 16., 34., 133., 65., 4.,
       13., 56., 24., 30., 34., 127., 74., 31., 41., 14., 1., 0., 0., 3.,
       4., 1., 1., 133., 62., 6., 8., 18., 6., 0., 0., 131., 75., 13.,
       11., 7., 1., 16., 26., 95., 49., 35., 4., 0., 1., 124., 81., 17.,
       2., 150., 17., 11., 0., 0., 0., 0., 63., 29., 8., 59., 4., 0., 0.,
       2., 12., 1., 19., 28., 0., 0., 0., 4., 3., 1., 3., 0., 0., 0., 0.,
       3., 2., 97., 74., 73., 5., 1., 4., 38., 28., 16., 44., 150., 52.,
       20., 21., 10., 1., 134., 148., 91., 5., 2., 1., 0., 2., 27., 11.,
       0., 0., 0., 0., 0., 2., 20., 10., 7., 1., 13., 20., 101., 40.,
       55., 8., 15., 11., 150., 91., 29., 12., 150., 23., 5., 2., 21.,
       6., 1., 35., 49., 1., 0., 2., 1., 0., 0., 4., 29., 4., 2., 0.,
       29., 5., 3., 46., 55., 0., 0., 2., 150., 14., 1., 9., 150., 1.,
       0., 0., 23., 1., 0., 19., 31., 2., 1., 3., 3., 0., 0., 1., 2., 0.,
       0., 43., 132., 0., 0., 0., 132., 1., 0., 18., 62., 0., 0., 26.,
       113., 4., 0., 9., 9., 0., 0., 12., 0., 0., 8., 46., 24., 5., 2.,
       0., 9., 0., 0., 68., 132., 0., 0., 1., 132., 21., 4., 16., 45.,
       0., 0., 27., 87., 24., 53., 5., 11., 3., 0., 7., 0., 1., 47., 10.,
       24., 23., 22., 0., 7., 1., 0., 30., 132., 53., 35., 3., 91., 55.,
       21., 4., 19., 12., 97., 22., 12., 32., 132., 5., 0., 4., 81., 2.,
       0., 3., 132., 5., 6., 19., 24., 0., 0., 0., 0., 0., 16., 56., 82.,
       1., 1., 0., 0., 0., 0., 8., 132., 10., 0., 0., 3., 3., 11., 17.,
       132., 2., 0., 0., 5., 19., 84., 52., 39., 0., 1., 0., 0., 36.,
       129., 0., 0., 0., 129., 1., 0., 28., 103., 0., 0., 31., 96., 1.,
       2., 24., 26., 0., 0., 14., 9., 2., 4., 18., 41., 6., 2., 5., 7.,
       1., 0., 70., 129., 0., 0., 0., 129., 16., 4., 32., 82., 0., 0.,
       28., 67., 10., 19., 61., 32., 6., 2., 7., 20., 7., 19., 34., 10.,
       6., 11., 11., 7., 1., 0., 35., 129., 59., 25., 2., 111., 57., 26.,
       11., 40., 28., 91., 21., 13., 25., 129., 27., 25., 25., 21., 1.,
       3., 14., 129., 11., 6., 4., 9., 6., 0., 0., 1., 0., 17., 59., 50.,
       1., 2., 1., 1., 8., 19., 41., 129., 8., 0., 1., 15., 61., 129.,
       57., 35., 1., 0., 8., 61., 29., 32., 1., 0., 0., 9., 119., 141.,
       30., 23., 1., 0., 1., 141., 87., 96., 31., 18., 3., 9., 19., 56.,
       80., 24., 1., 0., 8., 71., 22., 3., 30., 55., 1., 0., 20., 106.,
       2., 56., 20., 12., 3., 61., 13., 3., 23., 141., 60., 9., 0., 0.,
       2., 9., 64., 68., 51., 23., 1., 1., 14., 100., 35., 2., 17., 52.,
       3., 3., 33., 73., 3., 25., 11., 0., 0., 35., 7., 2., 10., 141.,
       141., 42., 0., 0., 0., 1., 9., 22., 141., 141., 0., 0., 2., 24.,
       5., 7., 68., 22., 0., 0., 16., 47., 2., 0., 0., 0., 0., 1., 0.,
       0., 0., 0., 7., 2., 0., 0., 0., 0., 0., 0., 12., 5., 0., 0., 0.,
       0., 0., 1., 7., 1., 0., 0., 0., 0., 0., 0., 0., 0., 40., 25., 0.,
       0., 0., 4., 7., 4., 114., 101., 3., 10., 13., 39., 64., 26., 31.,
       15., 12., 17., 18., 47., 10., 11., 14., 17., 2., 11., 79., 3., 3.,
       4., 114., 54., 2., 0., 0., 95., 17., 5., 114., 56., 9., 20., 70.,
       66., 11., 3., 18., 97., 57., 32., 49., 114., 17., 7., 33., 10.,
       3., 1., 33., 6., 2., 1., 59., 86., 114., 24., 2., 114., 49., 20.,
       37., 17., 64., 67., 23., 37., 15., 20., 63., 52., 4., 30., 95.,
       55., 2., 2., 44., 60., 5., 3., 66., 0., 0., 0., 0., 1., 72., 21.,
       0., 3., 2., 2., 1., 0., 74., 114., 7., 1., 1., 2., 2., 10., 7.,
       101., 78., 13., 1., 0., 2., 105., 20., 7., 24., 129., 0., 0., 3.,
       39., 1., 2., 45., 2., 1., 9., 21., 127., 22., 17., 12., 38., 11.,
       19., 4., 4., 5., 39., 102., 30., 4., 1., 7., 125., 5., 4., 52.,
       94., 0., 0., 7., 63., 1., 0., 46., 14., 9., 11., 38., 129., 8.,
       4., 5., 129., 24., 9., 7., 3., 1., 4., 25., 38., 0., 0., 8., 129.,
       2., 1., 11., 22., 0., 0., 15., 83., 1., 1., 20., 30., 5., 2., 44.,
       129., 4., 1., 8., 129., 10., 1., 4., 6., 1., 1., 22., 44., 1., 0.,
       17., 129., 1., 0., 3., 0., 0., 0., 13., 96., 3., 1., 2., 29., 5.,
       1., 26., 113., 4., 1., 7., 129., 11., 0., 1., 1., 0., 0., 13.,
       33., 3., 0., 20., 129., 0., 0., 1., 16., 32., 7., 2., 4., 3., 6.,
       39., 81., 60., 13., 19., 61., 23., 11., 55., 107., 53., 9., 3.,
       3., 3., 7., 40., 7., 16., 12., 3., 0., 2., 10., 12., 8., 90., 28.,
       1., 0., 0., 0., 0., 164., 142., 37., 14., 11., 1., 2., 123., 89.,
       1., 0., 0., 17., 22., 25., 136., 16., 0., 0., 0., 2., 17., 40.,
       62., 47., 63., 40., 0., 0., 0., 0., 5., 164., 164., 30., 0., 1.,
       2., 1., 41., 150., 4., 0., 0., 16., 25., 30., 47., 28., 1., 1.,
       0., 1., 10., 11., 41., 19., 2., 0., 0., 0., 0., 0., 5., 151., 3.,
       0., 0., 0., 0., 0., 17., 28., 0., 0., 0., 0., 1., 8., 6., 1., 0.,
       0., 0., 0., 0., 2., 3., 126., 2., 0., 0., 92., 26., 1., 18., 90.,
       2., 0., 0., 60., 33., 2., 12., 126., 3., 0., 0., 5., 4., 1., 15.,
       7., 0., 0., 0., 0., 0., 0., 2., 126., 1., 0., 0., 126., 29., 0.,
       19., 113., 4., 0., 6., 100., 20., 1., 10., 126., 15., 0., 3., 13.,
       3., 0., 7., 21., 2., 0., 0., 0., 0., 0., 2., 126., 3., 0., 0.,
       126., 19., 0., 7., 123., 3., 0., 1., 121., 18., 0., 6., 126., 13.,
       6., 8., 20., 4., 0., 10., 14., 6., 7., 9., 1., 0., 0., 0., 126.,
       22., 1., 5., 126., 3., 0., 0., 84., 21., 5., 32., 58., 6., 0., 2.,
       62., 22., 10., 50., 34., 2., 0., 4., 1., 1., 4., 56., 27., 0., 0.,
       0., 0., 0., 5., 19., 44., 2., 0., 0., 2., 4., 44., 59., 137., 45.,
       15., 15., 72., 46., 68., 6., 6., 9., 21., 137., 56., 18., 4., 5.,
       19., 0., 0., 34., 0., 0., 30., 55., 36., 0., 0., 0., 20., 7., 12.,
       64., 137., 19., 9., 10., 137., 21., 5., 6., 5., 4., 9., 60., 29.,
       7., 10., 23., 21., 0., 0., 12., 2., 12., 30., 57., 30., 3., 0.,
       1., 26., 8., 13., 57., 80., 16., 7., 14., 137., 30., 5., 6., 4.,
       1., 3., 24., 18., 7., 9., 137., 53., 0., 0., 0., 19., 21., 9.,
       28., 28., 3., 1., 8., 26., 31., 53., 97., 62., 11., 3., 11., 137.,
       67., 17., 17., 20., 0., 1., 20., 21., 3., 1., 137., 137., 0., 0.,
       5., 0., 0., 13., 101., 5., 0., 52., 77., 5., 0., 0., 5., 2., 1.,
