%YAML:1.0
---
mat: !!opencv-matrix
   rows: 57
   cols: 128
   dt: f
   data: [ 5., 0., 0., 0., 0., 0., 6., 3., 162., 66., 0., 0., 0., 0., 1.,
       3., 162., 105., 0., 0., 0., 0., 0., 0., 15., 7., 0., 0., 0., 0.,
       0., 0., 1., 0., 0., 0., 0., 0., 22., 14., 162., 32., 0., 0., 0.,
       0., 21., 58., 162., 85., 0., 0., 0., 0., 1., 32., 47., 8., 0., 0.,
       0., 0., 0., 2., 0., 0., 0., 0., 0., 0., 149., 101., 45., 0., 0.,
       0., 0., 0., 146., 162., 162., 5., 0., 0., 0., 0., 10., 109., 30.,
       1., 0., 0., 0., 0., 0., 2., 0., 0., 0., 0., 0., 0., 54., 37., 1.,
       0., 0., 0., 0., 0., 20., 18., 2., 0., 0., 0., 0., 0., 1., 3., 0.,
       0., 0., 0., 0., 0., 0., 0., 0., 0., 106., 45., 0., 0., 0., 0.,
       126., 105., 76., 14., 0., 0., 0., 0., 172., 125., 1., 0., 0., 0.,
       0., 0., 28., 4., 0., 0., 0., 0., 2., 2., 0., 0., 11., 6., 0., 2.,
       20., 4., 172., 20., 3., 1., 0., 0., 18., 34., 172., 69., 0., 0.,
       0., 0., 0., 19., 62., 9., 0., 0., 0., 0., 0., 0., 0., 0., 0., 0.,
       0., 0., 134., 50., 56., 1., 0., 0., 0., 0., 121., 138., 172., 7.,
       0., 0., 0., 0., 7., 89., 44., 2., 0., 0., 0., 0., 0., 1., 0., 0.,
       0., 0., 0., 0., 37., 16., 1., 0., 0., 0., 0., 0., 16., 11., 5.,
       0., 0., 0., 0., 0., 1., 3., 0., 0., 0., 0., 0., 0., 0., 0., 0.,
       0., 3., 1., 0., 0., 0., 0., 70., 1., 1., 0., 0., 0., 0., 11.,
       165., 0., 0., 0., 0., 0., 0., 72., 77., 0., 0., 0., 0., 1., 3.,
       22., 1., 0., 0., 0., 0., 0., 0., 0., 131., 0., 0., 0., 0., 0., 0.,
       10., 165., 2., 0., 0., 0., 0., 0., 52., 78., 2., 7., 2., 0., 1.,
       0., 11., 1., 0., 0., 0., 0., 0., 3., 1., 132., 8., 0., 0., 0., 0.,
       2., 9., 165., 107., 39., 1., 0., 0., 0., 10., 31., 30., 165., 36.,
       0., 0., 1., 1., 0., 0., 0., 0., 0., 0., 107., 28., 28., 6., 0.,
       0., 0., 0., 155., 58., 58., 68., 29., 1., 0., 0., 94., 68., 1.,
       12., 80., 14., 0., 2., 79., 24., 19., 1., 2., 1., 0., 0., 0., 3.,
       145., 1., 0., 0., 0., 0., 0., 66., 125., 0., 0., 0., 0., 1., 6.,
       41., 0., 0., 0., 0., 0., 2., 16., 4., 45., 0., 0., 0., 0., 0., 0.,
       5., 145., 21., 4., 0., 0., 0., 0., 47., 117., 18., 60., 10., 0.,
       0., 1., 17., 0., 6., 83., 12., 0., 0., 1., 0., 28., 1., 0., 0.,
       0., 0., 91., 32., 145., 88., 27., 0., 0., 0., 58., 53., 25., 47.,
       145., 32., 2., 9., 40., 11., 17., 32., 145., 39., 12., 17., 6.,
       0., 0., 0., 6., 7., 1., 1., 145., 37., 8., 7., 15., 4., 0., 1.,
       145., 55., 7., 6., 6., 1., 18., 33., 102., 25., 37., 4., 3., 3.,
       81., 57., 12., 2., 9., 26., 88., 33., 4., 15., 13., 18., 40., 18.,
       52., 61., 5., 13., 17., 27., 50., 39., 75., 8., 8., 33., 14., 12.,
       19., 15., 11., 7., 31., 115., 16., 4., 8., 7., 11., 35., 37.,
       118., 22., 14., 118., 48., 18., 25., 16., 61., 35., 42., 60., 24.,
       31., 10., 25., 118., 57., 23., 43., 19., 68., 42., 28., 32., 11.,
       31., 2., 1., 1., 3., 19., 118., 17., 2., 103., 61., 36., 4., 28.,
       118., 43., 25., 45., 89., 72., 4., 42., 90., 30., 28., 14., 3.,
       14., 8., 18., 44., 91., 118., 0., 5., 2., 0., 1., 26., 1., 0., 1.,
       5., 6., 1., 22., 118., 39., 7., 32., 21., 10., 0., 4., 35., 73.,
       114., 6., 1., 0., 0., 1., 2., 20., 40., 10., 29., 104., 20., 6.,
       32., 15., 15., 45., 107., 96., 9., 6., 17., 6., 22., 18., 60.,
       101., 30., 19., 4., 0., 4., 26., 48., 27., 1., 1., 0., 0., 1.,
       50., 7., 16., 59., 29., 46., 20., 29., 112., 27., 16., 34., 31.,
       37., 11., 69., 83., 27., 37., 61., 112., 63., 2., 44., 112., 30.,
       8., 2., 3., 4., 1., 46., 35., 11., 17., 49., 45., 61., 5., 13.,
       102., 41., 48., 95., 24., 22., 9., 15., 112., 30., 52., 112., 38.,
       16., 17., 45., 112., 6., 1., 1., 2., 1., 0., 33., 4., 5., 12.,
       30., 15., 76., 64., 3., 19., 21., 24., 20., 17., 59., 41., 8.,
       112., 13., 13., 9., 8., 15., 33., 55., 96., 1., 0., 1., 1., 0.,
       0., 23., 147., 11., 5., 0., 0., 0., 0., 84., 49., 8., 42., 2., 0.,
       1., 10., 23., 1., 11., 16., 0., 0., 0., 12., 5., 0., 1., 0., 0.,
       0., 0., 8., 4., 147., 75., 52., 2., 0., 3., 55., 51., 25., 60.,
       147., 29., 13., 19., 12., 3., 115., 128., 75., 2., 2., 1., 0., 1.,
       16., 6., 0., 0., 0., 0., 0., 1., 22., 11., 10., 2., 9., 17., 117.,
       44., 64., 11., 18., 8., 147., 89., 32., 15., 147., 25., 5., 1.,
       17., 5., 0., 29., 28., 2., 2., 5., 2., 0., 0., 1., 31., 4., 3.,
       1., 19., 5., 4., 44., 66., 0., 0., 0., 147., 20., 1., 10., 147.,
       1., 0., 0., 21., 1., 0., 14., 16., 1., 1., 5., 8., 0., 0., 0.,
       51., 0., 0., 0., 0., 0., 0., 9., 169., 0., 0., 0., 0., 0., 0.,
       80., 121., 0., 0., 2., 40., 43., 14., 27., 5., 1., 0., 1., 15.,
       41., 74., 5., 94., 4., 0., 0., 0., 0., 0., 10., 169., 63., 5., 0.,
       0., 0., 0., 66., 107., 37., 31., 0., 2., 12., 7., 18., 0., 6., 7.,
       0., 0., 19., 39., 1., 45., 14., 0., 0., 0., 0., 0., 0., 169.,
       169., 33., 0., 0., 0., 0., 2., 17., 169., 169., 0., 0., 0., 0.,
       0., 2., 108., 70., 0., 0., 0., 4., 1., 0., 0., 0., 0., 0., 0., 0.,
       0., 2., 6., 1., 0., 0., 0., 0., 0., 0., 12., 9., 0., 0., 0., 0.,
       0., 1., 18., 4., 0., 0., 0., 0., 0., 0., 0., 0., 30., 116., 1.,
       0., 1., 126., 0., 0., 34., 115., 0., 0., 29., 93., 1., 1., 21.,
       29., 0., 0., 20., 8., 1., 3., 14., 37., 4., 2., 6., 3., 0., 0.,
       65., 126., 0., 0., 0., 126., 15., 3., 39., 95., 0., 0., 23., 72.,
       11., 16., 59., 28., 5., 3., 6., 21., 7., 16., 27., 9., 4., 11.,
       13., 3., 1., 0., 31., 126., 54., 18., 1., 91., 55., 22., 14., 48.,
       38., 83., 13., 14., 34., 126., 33., 30., 23., 18., 1., 5., 36.,
       126., 11., 5., 3., 12., 11., 0., 0., 1., 0., 16., 51., 36., 0.,
       1., 1., 2., 10., 26., 56., 126., 3., 0., 1., 27., 77., 126., 55.,
       29., 0., 0., 11., 111., 32., 37., 0., 0., 0., 1., 22., 115., 17.,
       0., 0., 0., 0., 2., 18., 115., 31., 1., 1., 0., 0., 6., 40., 115.,
       26., 1., 3., 0., 1., 8., 43., 73., 15., 3., 0., 0., 1., 12., 42.,
       115., 30., 23., 40., 5., 3., 87., 41., 96., 39., 5., 26., 29.,
       50., 56., 42., 80., 45., 17., 84., 57., 36., 85., 42., 33., 27.,
       52., 48., 5., 37., 33., 21., 6., 15., 115., 83., 11., 14., 115.,
       34., 5., 25., 23., 23., 13., 46., 70., 35., 17., 90., 51., 70.,
       18., 14., 96., 51., 25., 102., 40., 20., 5., 12., 19., 20., 1.,
       21., 55., 41., 33., 14., 89., 53., 6., 8., 7., 20., 30., 34., 17.,
       15., 19., 61., 38., 69., 29., 6., 21., 21., 31., 45., 21., 15.,
       26., 8., 0., 12., 66., 2., 1., 1., 0., 0., 0., 13., 65., 2., 1.,
       19., 12., 0., 0., 13., 20., 7., 85., 57., 41., 0., 0., 0., 0.,
       13., 166., 61., 4., 0., 8., 19., 46., 6., 6., 4., 5., 3., 9., 29.,
       108., 20., 23., 11., 1., 1., 52., 71., 43., 22., 125., 1., 0., 2.,
       1., 2., 1., 43., 166., 1., 0., 0., 4., 1., 0., 0., 6., 27., 75.,
       7., 20., 3., 3., 4., 56., 86., 22., 11., 100., 11., 2., 19., 134.,
       10., 9., 23., 2., 1., 0., 28., 166., 49., 40., 8., 0., 6., 52.,
       2., 2., 23., 32., 0., 2., 2., 42., 5., 8., 77., 45., 5., 9., 0.,
       15., 22., 112., 20., 36., 17., 47., 0., 0., 10., 145., 27., 40.,
       51., 0., 0., 5., 48., 132., 29., 3., 2., 12., 3., 19., 93., 34.,
       7., 15., 77., 132., 34., 6., 10., 1., 0., 3., 96., 44., 5., 0.,
       0., 0., 1., 5., 14., 1., 1., 6., 47., 132., 22., 8., 5., 12., 13.,
       72., 60., 32., 16., 36., 69., 132., 49., 27., 24., 1., 1., 6.,
       32., 88., 5., 0., 0., 0., 2., 5., 13., 0., 0., 11., 42., 132.,
       39., 23., 0., 7., 7., 45., 26., 14., 39., 132., 11., 132., 18.,
       8., 8., 3., 7., 42., 41., 102., 2., 0., 0., 0., 0., 3., 8., 5.,
       7., 16., 116., 73., 4., 5., 2., 28., 33., 32., 13., 4., 7., 33.,
       34., 132., 16., 8., 6., 2., 6., 32., 71., 60., 1., 0., 0., 0., 0.,
       2., 19., 36., 31., 2., 0., 0., 0., 0., 23., 151., 133., 17., 11.,
