%YAML:1.0
---
mat: !!opencv-matrix
   rows: 77
   cols: 128
   dt: f
   data: [ 0., 0., 5., 1., 0., 0., 0., 0., 5., 1., 3., 0., 0., 0., 0.,
       3., 9., 0., 0., 0., 0., 0., 15., 31., 0., 0., 0., 0., 0., 0., 55.,
       7., 0., 1., 74., 4., 0., 0., 0., 0., 83., 29., 43., 1., 0., 0.,
       0., 11., 159., 8., 0., 0., 0., 0., 59., 159., 16., 0., 0., 0., 0.,
       0., 159., 56., 1., 1., 18., 0., 0., 0., 6., 3., 159., 20., 9., 0.,
       0., 0., 1., 13., 159., 91., 26., 0., 0., 0., 2., 34., 42., 28.,
       117., 0., 0., 0., 24., 14., 0., 0., 0., 0., 0., 0., 14., 2., 44.,
       28., 3., 0., 0., 0., 5., 6., 71., 159., 146., 1., 0., 0., 0., 0.,
       3., 31., 159., 1., 0., 0., 0., 0., 0., 0., 4., 17., 17., 62., 29.,
       0., 18., 1., 2., 9., 15., 83., 50., 27., 162., 2., 0., 0., 0., 5.,
       15., 107., 55., 0., 0., 7., 80., 0., 0., 11., 0., 0., 62., 67.,
       7., 1., 0., 0., 48., 23., 50., 62., 11., 4., 1., 3., 162., 31.,
       5., 1., 0., 0., 0., 16., 58., 0., 0., 10., 129., 0., 0., 3., 0.,
       0., 29., 62., 7., 0., 0., 0., 97., 16., 24., 43., 8., 0., 0., 2.,
       162., 12., 2., 0., 0., 0., 0., 20., 51., 0., 0., 11., 156., 0.,
       0., 3., 0., 0., 20., 35., 4., 8., 2., 0., 111., 14., 15., 20., 2.,
       3., 2., 6., 162., 6., 0., 0., 1., 0., 0., 19., 34., 0., 0., 11.,
       141., 0., 0., 2., 0., 0., 2., 12., 12., 12., 0., 0., 66., 1., 0.,
       3., 13., 18., 3., 10., 162., 5., 0., 0., 67., 8., 1., 8., 5., 0.,
       0., 0., 162., 27., 0., 0., 0., 0., 7., 12., 5., 9., 40., 0., 59.,
       6., 3., 8., 4., 9., 48., 16., 162., 15., 0., 0., 64., 7., 7., 28.,
       9., 0., 0., 0., 162., 34., 0., 1., 0., 0., 0., 0., 0., 6., 162.,
       4., 9., 0., 0., 0., 0., 6., 162., 36., 54., 1., 0., 0., 53., 10.,
       67., 89., 3., 0., 0., 0., 162., 35., 1., 3., 0., 0., 0., 0., 1.,
       2., 40., 1., 0., 0., 0., 0., 4., 6., 39., 1., 0., 0., 0., 0., 42.,
       10., 12., 3., 0., 0., 0., 0., 162., 26., 0., 0., 0., 2., 15., 0.,
       0., 8., 163., 0., 0., 2., 13., 0., 0., 13., 163., 0., 0., 2., 3.,
       0., 0., 13., 163., 1., 0., 0., 0., 0., 0., 11., 163., 0., 1., 34.,
       163., 0., 0., 1., 37., 2., 8., 43., 163., 2., 0., 2., 54., 1.,
       67., 86., 50., 0., 0., 2., 70., 5., 11., 2., 0., 0., 0., 2., 78.,
       5., 2., 12., 33., 0., 1., 5., 18., 16., 54., 17., 46., 2., 4., 7.,
       4., 15., 163., 27., 7., 0., 0., 0., 0., 29., 27., 1., 0., 0., 0.,
       0., 5., 8., 0., 0., 0., 0., 5., 12., 11., 6., 56., 0., 0., 0., 8.,
       9., 3., 17., 163., 0., 0., 0., 0., 0., 0., 28., 21., 0., 0., 0.,
       0., 0., 1., 4., 0., 0., 0., 7., 21., 22., 0., 0., 84., 4., 0., 1.,
       13., 22., 4., 11., 148., 12., 0., 0., 88., 21., 1., 4., 2., 0.,
       0., 0., 148., 39., 0., 0., 0., 0., 1., 15., 12., 6., 28., 0., 69.,
       4., 0., 3., 10., 8., 40., 20., 148., 17., 0., 0., 77., 19., 5.,
       31., 7., 1., 0., 0., 148., 55., 0., 1., 0., 0., 0., 1., 0., 4.,
       148., 19., 9., 0., 0., 0., 0., 3., 148., 61., 51., 1., 0., 0.,
       56., 23., 82., 112., 3., 0., 0., 0., 148., 66., 2., 4., 0., 0.,
       0., 0., 0., 1., 75., 9., 0., 0., 0., 0., 2., 6., 72., 7., 0., 0.,
       0., 0., 42., 19., 25., 6., 0., 0., 0., 0., 148., 45., 0., 0., 0.,
       3., 16., 0., 0., 7., 154., 1., 0., 2., 13., 0., 0., 14., 154., 1.,
       1., 3., 3., 0., 0., 14., 154., 3., 0., 0., 0., 0., 0., 12., 154.,
       1., 2., 44., 154., 1., 0., 1., 39., 2., 8., 62., 154., 0., 0., 2.,
       64., 2., 85., 100., 42., 0., 0., 2., 93., 10., 20., 3., 0., 0.,
       0., 4., 115., 10., 3., 14., 27., 0., 0., 4., 26., 18., 54., 24.,
       41., 0., 0., 5., 10., 15., 154., 31., 6., 0., 0., 0., 0., 35.,
       46., 1., 0., 0., 0., 0., 4., 14., 0., 0., 0., 0., 2., 15., 15.,
       7., 56., 0., 0., 0., 3., 12., 4., 19., 154., 0., 0., 0., 0., 0.,
       0., 36., 34., 0., 0., 0., 0., 0., 1., 6., 0., 0., 22., 18., 2.,
       46., 56., 0., 26., 5., 11., 26., 11., 75., 53., 19., 133., 12.,
       2., 2., 105., 7., 11., 49., 5., 0., 0., 1., 133., 2., 0., 1., 0.,
       0., 69., 48., 4., 7., 5., 0., 41., 21., 44., 78., 9., 12., 5., 5.,
       133., 44., 7., 4., 133., 3., 1., 10., 7., 1., 0., 0., 133., 4.,
       0., 0., 0., 0., 8., 10., 4., 34., 62., 0., 35., 3., 5., 12., 7.,
       52., 66., 29., 133., 7., 1., 1., 131., 7., 12., 65., 6., 0., 0.,
       0., 133., 6., 0., 1., 0., 0., 28., 22., 4., 10., 6., 0., 21., 19.,
       36., 31., 6., 10., 7., 4., 133., 47., 6., 3., 100., 4., 1., 8.,
       4., 1., 0., 0., 133., 8., 0., 0., 0., 0., 10., 9., 1., 46., 114.,
       0., 16., 6., 11., 14., 3., 51., 114., 44., 90., 14., 3., 3., 77.,
       7., 24., 105., 2., 0., 0., 2., 90., 4., 0., 2., 0., 0., 72., 57.,
       5., 22., 18., 0., 31., 39., 83., 87., 10., 26., 13., 7., 114.,
       93., 19., 13., 103., 2., 2., 14., 3., 2., 0., 10., 114., 0., 0.,
       0., 0., 0., 24., 21., 6., 70., 61., 0., 35., 8., 14., 30., 16.,
       105., 58., 28., 114., 15., 2., 4., 114., 7., 14., 69., 3., 0., 0.,
       5., 114., 1., 0., 1., 0., 0., 62., 37., 3., 9., 6., 0., 36., 18.,
       37., 58., 9., 14., 6., 6., 114., 30., 5., 5., 103., 2., 2., 13.,
       2., 0., 0., 3., 114., 0., 0., 0., 0., 0., 0., 5., 26., 19., 28.,
       1., 67., 1., 0., 2., 31., 35., 14., 52., 128., 3., 0., 0., 0., 1.,
       103., 151., 1., 0., 0., 0., 0., 0., 22., 12., 0., 0., 0., 0., 8.,
       83., 112., 10., 133., 8., 0., 0., 20., 151., 30., 23., 151., 43.,
       0., 0., 3., 7., 13., 50., 17., 2., 0., 0., 3., 1., 4., 3., 0., 0.,
       4., 5., 7., 91., 62., 2., 40., 3., 2., 11., 12., 131., 91., 30.,
       151., 30., 1., 2., 9., 16., 20., 64., 30., 4., 0., 0., 15., 4.,
       0., 2., 0., 0., 43., 24., 3., 10., 29., 4., 8., 6., 14., 50., 11.,
       19., 59., 7., 151., 53., 3., 7., 8., 5., 23., 43., 36., 7., 0.,
       0., 22., 9., 1., 6., 0., 0., 2., 3., 13., 111., 47., 0., 110., 2.,
       0., 3., 14., 124., 66., 58., 148., 7., 0., 0., 11., 5., 8., 67.,
       3., 0., 0., 0., 8., 1., 0., 1., 0., 0., 54., 43., 7., 28., 42.,
       1., 80., 25., 21., 59., 13., 39., 55., 29., 148., 55., 2., 2.,
       26., 5., 8., 48., 6., 1., 0., 1., 22., 3., 0., 1., 0., 0., 9., 7.,
       1., 17., 148., 8., 24., 4., 5., 14., 4., 50., 148., 57., 145.,
       17., 3., 3., 37., 17., 50., 148., 4., 1., 0., 1., 42., 12., 1.,
       4., 0., 0., 39., 25., 2., 10., 61., 2., 4., 10., 34., 79., 13.,
       32., 44., 5., 71., 78., 21., 16., 37., 7., 9., 20., 6., 4., 1.,
       3., 54., 3., 0., 1., 1., 16., 138., 15., 0., 0., 0., 0., 9., 78.,
       75., 15., 1., 4., 8., 7., 3., 17., 50., 46., 6., 10., 17., 6., 3.,
       14., 57., 20., 2., 4., 23., 8., 43., 71., 142., 24., 2., 9., 9.,
       30., 142., 142., 91., 15., 3., 10., 8., 23., 56., 19., 24., 32.,
       14., 56., 44., 53., 11., 7., 16., 8., 12., 55., 29., 49., 59., 4.,
       0., 0., 14., 32., 20., 100., 142., 34., 0., 0., 10., 19., 6., 26.,
       131., 15., 1., 2., 16., 36., 17., 28., 21., 4., 0., 6., 59., 24.,
       7., 19., 52., 16., 5., 15., 46., 8., 3., 20., 142., 101., 1., 14.,
       33., 3., 0., 0., 114., 64., 8., 18., 12., 1., 0., 0., 7., 19., 7.,
       31., 50., 0., 0., 0., 1., 1., 2., 0., 0., 15., 45., 20., 0., 1.,
       3., 1., 1., 6., 96., 29., 1., 0., 4., 1., 0., 30., 96., 6., 0.,
       0., 2., 3., 1., 13., 71., 19., 49., 1., 0., 1., 7., 19., 35., 84.,
       37., 5., 2., 8., 105., 34., 78., 70., 91., 9., 2., 5., 28., 51.,
       96., 32., 4., 2., 1., 42., 42., 36., 66., 25., 124., 0., 0., 0.,
       12., 20., 8., 31., 103., 1., 0., 1., 124., 19., 2., 16., 124., 2.,
       0., 5., 107., 11., 2., 18., 18., 1., 1., 56., 124., 9., 1., 2.,
       87., 1., 0., 0., 22., 68., 6., 12., 72., 1., 0., 0., 124., 44.,
       6., 14., 124., 0., 0., 4., 89., 13., 6., 35., 12., 0., 0., 4.,
       124., 23., 8., 6., 123., 20., 8., 7., 11., 0., 0., 6., 93., 11.,
       6., 38., 123., 0., 0., 5., 123., 40., 6., 16., 70., 1., 0., 0.,
