%YAML:1.0
---
mat: !!opencv-matrix
   rows: 145
   cols: 128
   dt: f
   data: [ 0., 0., 0., 0., 0., 0., 0., 0., 7., 0., 0., 0., 0., 0., 0.,
       0., 16., 0., 0., 0., 0., 0., 0., 0., 0., 0., 0., 0., 0., 0., 0.,
       0., 3., 0., 0., 0., 0., 18., 81., 9., 185., 1., 0., 0., 0., 1.,
       29., 45., 199., 1., 0., 0., 0., 0., 0., 14., 10., 0., 0., 0., 0.,
       0., 0., 0., 0., 6., 43., 16., 5., 34., 69., 2., 180., 39., 18.,
       1., 1., 3., 44., 56., 199., 6., 0., 0., 0., 0., 0., 26., 19., 0.,
       0., 0., 0., 0., 0., 0., 3., 5., 18., 17., 41., 68., 6., 0., 199.,
       45., 10., 2., 12., 6., 0., 1., 199., 15., 0., 0., 0., 0., 0., 1.,
       20., 0., 0., 0., 0., 0., 0., 0., 0., 0., 0., 0., 5., 42., 5., 2.,
       36., 0., 0., 0., 3., 26., 6., 15., 102., 0., 0., 0., 0., 0., 0.,
       19., 1., 0., 0., 0., 0., 0., 0., 0., 4., 6., 8., 16., 44., 91.,
       8., 5., 165., 5., 0., 9., 69., 64., 8., 20., 173., 4., 0., 0., 1.,
       0., 0., 36., 5., 0., 0., 0., 0., 0., 0., 1., 2., 12., 92., 94.,
       19., 2., 0., 0., 173., 33., 43., 68., 48., 3., 0., 5., 173., 35.,
       0., 0., 1., 0., 0., 8., 6., 1., 0., 0., 0., 0., 0., 0., 0., 3.,
       75., 55., 30., 12., 1., 0., 160., 78., 59., 22., 5., 1., 0., 0.,
       173., 68., 0., 0., 0., 0., 0., 0., 4., 1., 0., 0., 0., 0., 0., 0.,
       0., 0., 0., 1., 21., 106., 53., 3., 102., 7., 1., 2., 14., 70.,
       6., 8., 158., 9., 0., 0., 0., 0., 1., 5., 5., 0., 0., 0., 0., 0.,
       0., 0., 9., 37., 11., 5., 24., 158., 90., 9., 83., 0., 1., 3.,
       66., 158., 13., 14., 158., 3., 0., 0., 2., 10., 3., 13., 8., 0.,
       0., 0., 0., 0., 0., 0., 13., 42., 56., 62., 29., 19., 1., 9., 43.,
       4., 41., 53., 129., 96., 4., 7., 158., 4., 0., 1., 16., 16., 3.,
       11., 10., 0., 0., 0., 0., 0., 0., 0., 9., 6., 14., 28., 45., 79.,
       32., 18., 27., 14., 25., 21., 33., 50., 16., 3., 158., 8., 0., 2.,
       7., 2., 0., 2., 9., 0., 0., 0., 0., 0., 0., 0., 0., 0., 0., 0.,
       0., 0., 0., 0., 0., 0., 3., 2., 0., 0., 0., 0., 2., 1., 26., 23.,
       0., 0., 2., 3., 11., 1., 9., 39., 11., 3., 25., 52., 0., 0., 1.,
       24., 5., 0., 0., 0., 15., 9., 58., 127., 27., 1., 0., 1., 127.,
       46., 99., 61., 2., 2., 27., 77., 53., 11., 20., 24., 9., 5., 55.,
       116., 0., 0., 17., 97., 15., 6., 4., 3., 35., 8., 15., 127., 96.,
       109., 24., 11., 127., 127., 31., 20., 13., 20., 10., 29., 69.,
       70., 45., 29., 4., 2., 13., 72., 0., 0., 1., 5., 1., 2., 4., 4.,
       1., 1., 1., 13., 61., 71., 31., 10., 71., 98., 6., 1., 28., 70.,
       61., 11., 116., 127., 80., 6., 4., 5., 8., 43., 17., 0., 0., 1.,
       2., 0., 0., 4., 157., 0., 0., 0., 1., 3., 2., 57., 41., 0., 0.,
       0., 63., 50., 5., 22., 93., 2., 0., 0., 75., 18., 0., 8., 35., 0.,
       0., 1., 2., 0., 0., 4., 157., 1., 0., 0., 3., 4., 1., 38., 63.,
       0., 0., 2., 110., 52., 3., 18., 124., 9., 0., 0., 118., 36., 1.,
       2., 33., 1., 0., 0., 1., 1., 1., 8., 157., 19., 0., 1., 4., 4.,
       1., 10., 85., 3., 0., 6., 78., 64., 8., 12., 84., 14., 0., 0.,
       116., 76., 4., 5., 18., 1., 0., 0., 1., 2., 1., 5., 157., 34., 0.,
       0., 0., 2., 1., 6., 112., 10., 0., 0., 42., 62., 8., 12., 30.,
       10., 0., 0., 108., 71., 1., 3., 10., 16., 7., 0., 0., 0., 0., 2.,
       134., 10., 5., 0., 0., 0., 0., 72., 134., 11., 10., 85., 10., 0.,
       0., 114., 24., 2., 5., 134., 19., 0., 0., 20., 22., 12., 4., 0.,
       0., 1., 1., 2., 134., 18., 4., 4., 0., 0., 0., 57., 134., 25.,
       22., 134., 17., 0., 0., 22., 53., 6., 6., 134., 38., 0., 0., 13.,
       27., 4., 0., 1., 9., 15., 1., 1., 134., 68., 11., 12., 1., 0., 0.,
       3., 80., 50., 28., 104., 10., 0., 0., 1., 39., 14., 5., 118., 72.,
       1., 2., 4., 10., 2., 0., 0., 24., 76., 1., 1., 110., 46., 4., 5.,
       1., 4., 1., 1., 54., 40., 10., 27., 6., 0., 0., 0., 37., 13., 1.,
       24., 42., 7., 30., 35., 35., 2., 1., 21., 8., 0., 0., 11., 63.,
       2., 2., 53., 25., 0., 1., 27., 3., 0., 1., 72., 33., 14., 53.,
       23., 32., 1., 1., 5., 1., 12., 39., 71., 60., 2., 1., 13., 8., 0.,
       0., 10., 90., 4., 1., 51., 43., 0., 1., 21., 125., 4., 0., 9.,
       13., 78., 90., 125., 103., 27., 0., 0., 20., 125., 47., 37., 62.,
       2., 0., 4., 10., 1., 0., 4., 120., 5., 0., 22., 64., 1., 0., 5.,
       125., 117., 12., 2., 10., 28., 5., 20., 33., 68., 13., 2., 48.,
       125., 14., 9., 41., 2., 0., 0., 5., 3., 1., 2., 54., 14., 6., 3.,
       48., 10., 0., 4., 65., 107., 95., 8., 3., 0., 0., 2., 1., 121.,
       125., 13., 7., 17., 2., 1., 23., 0., 0., 0., 1., 0., 0., 8., 155.,
       0., 0., 1., 4., 2., 1., 33., 45., 0., 0., 6., 74., 28., 3., 12.,
       77., 2., 0., 0., 87., 29., 2., 3., 34., 0., 0., 0., 1., 2., 1.,
       8., 155., 4., 0., 0., 3., 5., 2., 20., 71., 1., 0., 2., 66., 61.,
       9., 17., 70., 8., 0., 0., 128., 52., 2., 4., 27., 2., 0., 0., 2.,
       1., 0., 7., 155., 41., 0., 0., 1., 3., 2., 13., 121., 9., 0., 0.,
       78., 79., 7., 17., 35., 9., 0., 0., 127., 75., 1., 3., 13., 0.,
       0., 0., 2., 2., 1., 8., 155., 52., 0., 0., 0., 0., 0., 6., 155.,
       32., 0., 0., 55., 59., 2., 6., 7., 2., 0., 0., 90., 79., 3., 5.,
       0., 0., 25., 98., 0., 0., 0., 0., 3., 0., 40., 119., 1., 0., 3.,
       11., 9., 0., 10., 66., 3., 6., 52., 82., 22., 23., 3., 3., 2.,
       10., 68., 77., 14., 3., 52., 119., 1., 5., 11., 46., 42., 9., 10.,
       33., 21., 23., 21., 34., 119., 21., 2., 2., 4., 33., 59., 113.,
       21., 37., 13., 5., 82., 119., 43., 18., 77., 2., 6., 8., 3., 34.,
       35., 119., 17., 1., 1., 2., 19., 108., 92., 53., 119., 57., 55.,
       14., 6., 8., 22., 69., 18., 32., 67., 56., 119., 47., 6., 5.,
       119., 17., 2., 9., 30., 15., 8., 60., 1., 9., 27., 36., 60., 30.,
       20., 4., 3., 13., 44., 23., 30., 11., 11., 12., 5., 16., 34., 9.,
       6., 9., 9., 9., 49., 7., 5., 4., 25., 4., 0., 9., 40., 113., 99.,
       8., 15., 6., 2., 9., 42., 113., 113., 7., 2., 3., 8., 30., 3.,
       18., 86., 91., 44., 25., 9., 8., 72., 11., 0., 2., 35., 20., 3.,
       7., 48., 17., 12., 3., 33., 96., 17., 17., 113., 70., 35., 2., 0.,
       6., 23., 71., 6., 15., 45., 58., 45., 26., 41., 13., 111., 50.,
       1., 3., 35., 4., 3., 12., 42., 10., 0., 0., 2., 61., 93., 54.,
       29., 11., 19., 5., 4., 17., 81., 113., 1., 5., 79., 27., 8., 33.,
       90., 8., 57., 86., 1., 2., 42., 1., 0., 2., 86., 113., 0., 0., 0.,
       1., 34., 27., 10., 27., 8., 4., 6., 68., 74., 13., 0., 1., 44.,
       19., 10., 113., 28., 0., 59., 48., 103., 52., 0., 0., 1., 48.,
       31., 38., 115., 115., 14., 3., 2., 10., 21., 14., 22., 57., 54.,
       41., 19., 19., 4., 6., 19., 15., 31., 21., 36., 70., 5., 30., 85.,
       53., 12., 26., 13., 0., 38., 111., 66., 36., 2., 16., 33., 9.,
       92., 62., 38., 31., 6., 1., 9., 66., 8., 2., 6., 91., 22., 8.,
       38., 69., 10., 64., 5., 0., 3., 33., 20., 2., 28., 40., 3., 0.,
       0., 17., 99., 42., 85., 16., 2., 3., 1., 1., 33., 114., 9., 4.,
       5., 21., 9., 11., 93., 50., 1., 35., 13., 1., 11., 115., 0., 0.,
       15., 115., 58., 1., 3., 20., 1., 6., 23., 106., 115., 0., 0., 0.,
       2., 28., 7., 36., 115., 12., 0., 0., 15., 29., 8., 16., 13., 2.,
       0., 0., 0., 0., 146., 10., 3., 1., 1., 0., 0., 63., 125., 3., 2.,
       73., 75., 0., 0., 40., 21., 0., 0., 89., 85., 0., 0., 10., 29.,
       16., 7., 6., 0., 0., 0., 1., 146., 16., 1., 5., 4., 0., 0., 31.,
       94., 7., 2., 84., 127., 0., 0., 7., 73., 1., 0., 55., 110., 0.,
       0., 16., 36., 15., 3., 4., 0., 0., 0., 0., 146., 62., 4., 8., 3.,
       0., 0., 5., 46., 22., 9., 75., 113., 1., 0., 1., 111., 3., 0.,
       29., 99., 0., 0., 9., 21., 11., 4., 2., 0., 0., 0., 0., 146., 53.,
       2., 4., 1., 0., 0., 0., 29., 15., 7., 49., 65., 2., 0., 0., 90.,
       17., 1., 22., 64., 1., 0., 0., 0., 0., 2., 5., 95., 66., 4., 1.,
       41., 1., 0., 8., 55., 41., 3., 19., 121., 13., 1., 1., 1., 1.,
