%YAML:1.0
---
mat: !!opencv-matrix
   rows: 82
   cols: 128
   dt: f
   data: [ 0., 0., 0., 0., 0., 0., 0., 0., 99., 0., 0., 0., 0., 0., 0.,
       89., 155., 0., 0., 0., 0., 0., 0., 150., 16., 2., 1., 0., 0., 0.,
       0., 9., 12., 2., 0., 0., 0., 0., 0., 1., 155., 11., 0., 0., 0.,
       0., 0., 112., 145., 2., 0., 0., 0., 0., 0., 86., 7., 1., 0., 0.,
       0., 0., 0., 3., 38., 33., 2., 0., 0., 0., 0., 0., 155., 85., 1.,
       0., 0., 0., 0., 7., 155., 25., 0., 0., 0., 0., 0., 10., 4., 0.,
       0., 0., 1., 1., 1., 4., 123., 37., 0., 0., 0., 0., 0., 3., 155.,
       76., 0., 0., 0., 0., 0., 1., 145., 82., 4., 0., 0., 0., 0., 1.,
       3., 8., 3., 1., 1., 0., 0., 1., 26., 6., 2., 2., 0., 0., 0., 23.,
       23., 1., 19., 24., 0., 0., 0., 69., 11., 0., 8., 19., 0., 0., 3.,
       139., 0., 0., 0., 1., 0., 0., 11., 139., 94., 91., 6., 13., 1.,
       0., 0., 7., 139., 9., 12., 26., 2., 0., 0., 139., 49., 1., 1., 1.,
       0., 0., 1., 139., 1., 0., 0., 0., 0., 1., 2., 33., 139., 113., 4.,
       1., 0., 0., 0., 1., 139., 82., 3., 1., 0., 0., 0., 26., 118., 22.,
       1., 0., 0., 0., 0., 21., 4., 2., 0., 0., 0., 0., 0., 1., 110.,
       34., 1., 0., 0., 0., 0., 8., 139., 94., 1., 0., 0., 1., 0., 2.,
       130., 52., 1., 0., 0., 0., 0., 0., 6., 5., 0., 0., 0., 0., 0., 0.,
       47., 1., 1., 9., 2., 0., 0., 9., 118., 2., 1., 28., 11., 0., 0.,
       60., 130., 0., 0., 0., 0., 0., 0., 91., 4., 0., 0., 0., 0., 1.,
       1., 5., 59., 33., 5., 22., 11., 0., 0., 5., 143., 32., 2., 23.,
       10., 0., 0., 61., 122., 15., 0., 0., 0., 0., 0., 44., 3., 3., 0.,
       0., 0., 0., 1., 1., 10., 143., 37., 6., 6., 0., 0., 0., 141.,
       143., 13., 5., 6., 0., 0., 2., 80., 143., 1., 0., 0., 0., 0., 1.,
       2., 18., 2., 1., 0., 0., 0., 0., 6., 143., 22., 3., 0., 0., 0.,
       0., 33., 143., 14., 1., 0., 0., 0., 0., 53., 143., 5., 0., 0., 0.,
       1., 0., 10., 114., 14., 0., 0., 0., 0., 0., 0., 0., 0., 0., 0.,
       2., 54., 142., 5., 0., 0., 0., 0., 0., 34., 142., 12., 0., 0., 0.,
       0., 0., 11., 142., 4., 0., 0., 0., 0., 0., 2., 142., 21., 0., 0.,
       0., 7., 11., 30., 107., 142., 2., 0., 0., 6., 7., 9., 142., 68.,
       1., 0., 0., 0., 0., 1., 142., 2., 0., 0., 0., 0., 0., 5., 30.,
       68., 4., 0., 0., 10., 19., 2., 14., 142., 44., 0., 0., 9., 15.,
       1., 23., 142., 30., 0., 0., 0., 0., 0., 16., 4., 1., 0., 0., 0.,
       0., 2., 3., 58., 8., 0., 0., 7., 14., 1., 2., 142., 43., 0., 0.,
       11., 15., 1., 1., 142., 51., 0., 0., 0., 0., 0., 0., 4., 2., 2.,
       1., 0., 0., 0., 0., 0., 0., 0., 0., 0., 0., 0., 0., 1., 0., 0.,
       0., 0., 0., 7., 10., 0., 0., 0., 0., 0., 0., 140., 127., 1., 0.,
       0., 1., 6., 41., 140., 140., 13., 5., 0., 0., 0., 0., 0., 1.,
       140., 27., 0., 0., 0., 0., 12., 107., 63., 3., 0., 0., 1., 10.,
       129., 140., 0., 0., 0., 0., 10., 100., 65., 37., 13., 2., 0., 0.,
       0., 0., 0., 2., 140., 63., 0., 0., 0., 0., 0., 36., 128., 140.,
       1., 0., 3., 9., 5., 27., 0., 10., 1., 6., 44., 34., 2., 0., 0.,
       0., 0., 0., 0., 0., 0., 0., 10., 19., 0., 0., 0., 0., 0., 0., 15.,
       140., 1., 0., 0., 0., 0., 0., 5., 105., 1., 0., 12., 18., 3., 0.,
       0., 0., 0., 0., 0., 0., 0., 0., 8., 0., 0., 0., 0., 0., 0., 13.,
       28., 0., 0., 0., 0., 0., 0., 131., 10., 0., 3., 15., 10., 0., 0.,
       69., 10., 1., 0., 0., 0., 0., 0., 4., 131., 30., 0., 0., 0., 0.,
       0., 50., 112., 18., 5., 9., 0., 0., 0., 104., 2., 0., 4., 35.,
       28., 0., 0., 6., 37., 1., 0., 0., 0., 0., 0., 121., 131., 109.,
       13., 2., 1., 0., 1., 122., 55., 131., 116., 12., 0., 0., 0., 3.,
       0., 31., 68., 23., 9., 1., 0., 0., 48., 1., 1., 2., 0., 0., 0.,
       131., 14., 16., 17., 53., 11., 1., 2., 52., 1., 120., 131., 50.,
       19., 2., 0., 0., 0., 131., 119., 2., 2., 1., 0., 0., 0., 0., 0.,
       0., 0., 0., 0., 0., 3., 0., 0., 0., 0., 0., 0., 4., 3., 0., 0.,
       1., 0., 0., 6., 70., 1., 1., 9., 6., 2., 9., 37., 71., 16., 2.,
       0., 0., 0., 0., 0., 15., 145., 41., 1., 0., 0., 0., 0., 54., 77.,
       24., 12., 23., 6., 0., 6., 112., 1., 0., 39., 66., 15., 0., 2.,
       16., 32., 1., 4., 3., 0., 0., 1., 145., 145., 145., 73., 17., 0.,
       0., 0., 93., 35., 145., 132., 20., 5., 0., 0., 3., 0., 27., 33.,
       55., 38., 0., 0., 0., 12., 11., 59., 35., 3., 1., 4., 78., 3.,
       44., 87., 68., 7., 7., 0., 6., 8., 145., 73., 8., 3., 4., 1., 0.,
       4., 145., 34., 9., 8., 0., 0., 0., 40., 36., 3., 3., 9., 81., 43.,
       13., 39., 11., 7., 7., 8., 41., 48., 86., 53., 34., 7., 3., 2.,
       20., 50., 25., 7., 4., 1., 0., 3., 37., 80., 13., 121., 99., 3.,
       9., 24., 13., 11., 4., 49., 19., 9., 67., 115., 21., 17., 6.,
       121., 31., 9., 23., 24., 5., 5., 22., 24., 35., 17., 34., 42., 8.,
       6., 7., 121., 121., 40., 24., 18., 0., 0., 0., 63., 64., 66.,
       109., 89., 0., 0., 1., 121., 94., 52., 62., 24., 1., 0., 10., 31.,
       58., 34., 121., 47., 0., 0., 1., 45., 86., 27., 3., 0., 0., 0.,
       1., 23., 75., 57., 14., 0., 0., 0., 0., 20., 87., 71., 19., 0.,
       0., 0., 0., 7., 31., 36., 34., 1., 0., 0., 0., 0., 0., 0., 0.,
       95., 81., 6., 0., 114., 24., 0., 2., 128., 128., 8., 4., 135.,
       44., 0., 0., 2., 8., 9., 6., 13., 0., 0., 0., 66., 61., 12., 13.,
       0., 0., 0., 12., 70., 41., 8., 1., 59., 15., 0., 14., 135., 103.,
       5., 6., 135., 52., 0., 0., 19., 11., 7., 22., 35., 1., 0., 0.,
       18., 28., 16., 18., 0., 0., 0., 5., 58., 48., 9., 0., 16., 1., 0.,
       6., 128., 135., 39., 30., 135., 3., 0., 0., 7., 21., 34., 124.,
       37., 0., 0., 0., 2., 8., 23., 25., 0., 0., 0., 0., 11., 43., 13.,
       1., 2., 0., 0., 0., 23., 99., 33., 15., 48., 0., 0., 0., 0., 8.,
       26., 89., 18., 0., 0., 0., 0., 1., 18., 37., 0., 14., 19., 0., 0.,
       0., 0., 0., 33., 59., 41., 0., 0., 0., 0., 1., 139., 23., 5., 1.,
       0., 0., 4., 92., 39., 9., 39., 16., 3., 2., 25., 87., 0., 16.,
       32., 0., 0., 0., 0., 0., 118., 56., 24., 0., 0., 0., 0., 6., 139.,
       62., 1., 1., 1., 3., 2., 44., 47., 25., 27., 23., 12., 59., 27.,
       10., 4., 14., 15., 0., 0., 2., 9., 2., 139., 29., 6., 0., 0., 0.,
       1., 45., 139., 70., 75., 4., 0., 0., 0., 92., 39., 66., 121., 32.,
       2., 8., 7., 5., 8., 2., 1., 4., 6., 27., 41., 12., 105., 17., 5.,
       1., 3., 11., 20., 74., 41., 44., 139., 25., 9., 44., 39., 18.,
       24., 132., 120., 9., 1., 12., 18., 6., 22., 2., 0., 0., 19., 120.,
       24., 12., 54., 5., 0., 0., 2., 35., 17., 32., 5., 2., 0., 0., 10.,
       94., 31., 8., 0., 0., 0., 0., 4., 29., 16., 0., 19., 36., 5., 4.,
       45., 120., 10., 4., 32., 19., 12., 13., 71., 116., 26., 16., 120.,
       31., 6., 2., 2., 63., 86., 54., 13., 0., 0., 0., 1., 120., 120.,
       15., 8., 55., 36., 16., 26., 18., 29., 19., 8., 3., 8., 14., 54.,
       73., 120., 42., 120., 17., 3., 1., 1., 23., 106., 78., 62., 18.,
       20., 32., 25., 77., 44., 17., 1., 1., 1., 0., 0., 1., 73., 66.,
       0., 0., 1., 15., 5., 11., 81., 47., 12., 9., 21., 79., 20., 25.,
       34., 8., 8., 15., 98., 120., 6., 1., 0., 1., 27., 1., 0., 0., 0.,
       0., 2., 25., 123., 18., 19., 1., 0., 0., 1., 103., 37., 13., 67.,
       30., 27., 47., 24., 53., 1., 1., 5., 12., 65., 123., 6., 1., 48.,
       8., 4., 2., 0., 0., 5., 95., 101., 53., 123., 43., 6., 2., 1.,
       51., 119., 71., 123., 27., 3., 1., 1., 15., 43., 9., 7., 6., 8.,
       78., 23., 24., 19., 27., 50., 8., 0., 0., 1., 28., 30., 17., 37.,
       24., 13., 11., 50., 111., 123., 50., 8., 4., 9., 16., 55., 77.,
       76., 76., 0., 0., 1., 9., 4., 6., 31., 13., 34., 8., 0., 0., 6.,
       123., 27., 5., 13., 27., 2., 2., 23., 123., 16., 14., 7., 66.,
       39., 18., 28., 30., 58., 75., 3., 3., 4., 1., 0., 1., 22., 10.,
       44., 71., 12., 16., 12., 10., 13., 24., 120., 86., 9., 13., 0.,
       1., 78., 63., 49., 14., 0., 0., 0., 25., 63., 18., 3., 0., 0., 0.,
