%YAML:1.0
---
mat: !!opencv-matrix
   rows: 77
   cols: 128
   dt: f
   data: [ 78., 24., 0., 0., 0., 12., 21., 76., 124., 78., 3., 4., 1.,
       3., 10., 50., 124., 15., 1., 3., 1., 1., 7., 84., 46., 2., 0., 0.,
       0., 3., 7., 24., 52., 6., 0., 0., 0., 46., 124., 98., 116., 73.,
       13., 0., 5., 55., 82., 36., 124., 81., 11., 0., 1., 3., 1., 13.,
       46., 5., 0., 0., 0., 0., 0., 0., 100., 50., 9., 0., 2., 13., 50.,
       64., 35., 25., 4., 3., 105., 124., 44., 19., 124., 40., 4., 2.,
       21., 15., 2., 21., 9., 1., 0., 0., 0., 0., 0., 0., 47., 124., 46.,
       1., 1., 8., 11., 8., 41., 103., 7., 5., 98., 55., 2., 1., 7., 19.,
       4., 2., 32., 31., 1., 0., 0., 0., 0., 0., 0., 0., 0., 0., 78., 9.,
       10., 24., 3., 0., 16., 92., 56., 1., 2., 28., 124., 3., 3., 43.,
       4., 0., 0., 9., 29., 1., 0., 9., 0., 0., 0., 0., 0., 0., 0., 0.,
       111., 49., 21., 5., 6., 0., 12., 78., 31., 12., 20., 72., 124.,
       2., 1., 24., 124., 16., 1., 13., 34., 0., 0., 55., 21., 3., 0.,
       0., 0., 0., 0., 5., 41., 124., 124., 22., 1., 0., 0., 1., 64.,
       35., 124., 73., 39., 1., 0., 34., 124., 43., 3., 6., 8., 1., 0.,
       95., 55., 20., 4., 6., 6., 2., 0., 4., 26., 108., 29., 8., 0., 0.,
       1., 6., 109., 63., 25., 14., 2., 0., 0., 62., 110., 124., 35.,
       10., 3., 0., 0., 22., 44., 61., 1., 3., 10., 12., 6., 4., 75.,
       16., 1., 0., 3., 4., 15., 51., 139., 21., 12., 1., 0., 0., 0.,
       83., 79., 72., 15., 1., 0., 0., 0., 4., 4., 6., 0., 0., 0., 0.,
       0., 0., 112., 30., 7., 18., 17., 6., 7., 16., 139., 93., 126.,
       19., 0., 0., 0., 21., 139., 95., 51., 8., 0., 0., 0., 4., 27., 3.,
       0., 0., 0., 0., 0., 1., 31., 34., 12., 7., 18., 11., 17., 18.,
       139., 61., 67., 5., 0., 2., 13., 45., 139., 24., 9., 1., 0., 0.,
       0., 88., 30., 2., 1., 0., 0., 0., 0., 8., 31., 4., 6., 1., 1., 5.,
       27., 79., 69., 5., 3., 2., 0., 7., 48., 136., 139., 45., 53., 17.,
       0., 0., 1., 57., 6., 6., 23., 10., 0., 0., 0., 1., 77., 54., 12.,
       1., 0., 0., 5., 15., 60., 50., 34., 6., 0., 0., 18., 87., 86.,
       14., 5., 7., 1., 0., 23., 126., 56., 4., 2., 2., 0., 0., 1., 58.,
       126., 31., 3., 0., 0., 0., 2., 17., 123., 69., 41., 30., 0., 0.,
       13., 56., 126., 82., 11., 4., 5., 1., 2., 51., 33., 5., 4., 11.,
       16., 8., 5., 12., 78., 43., 2., 0., 0., 0., 0., 8., 126., 77.,
       18., 13., 0., 0., 0., 101., 126., 39., 2., 1., 1., 1., 1., 110.,
       44., 12., 5., 2., 3., 6., 9., 7., 49., 16., 0., 0., 0., 0., 0.,
       2., 105., 126., 7., 0., 0., 0., 1., 39., 126., 126., 6., 0., 0.,
       0., 2., 29., 39., 21., 6., 6., 3., 4., 6., 4., 105., 4., 0., 0.,
       0., 0., 0., 8., 136., 13., 0., 0., 0., 0., 0., 62., 136., 62., 0.,
       0., 0., 0., 0., 42., 35., 17., 0., 0., 0., 0., 0., 4., 136., 1.,
       0., 0., 0., 0., 0., 25., 136., 24., 1., 0., 0., 1., 18., 136.,
       94., 86., 7., 1., 6., 17., 38., 55., 11., 30., 4., 0., 1., 2., 0.,
       0., 136., 9., 0., 0., 0., 0., 0., 27., 136., 89., 8., 0., 0., 0.,
       3., 62., 37., 110., 24., 2., 10., 17., 16., 19., 1., 7., 2., 0.,
       2., 4., 2., 0., 136., 17., 0., 0., 0., 0., 0., 20., 136., 53., 0.,
       0., 0., 0., 1., 31., 100., 20., 1., 0., 0., 2., 57., 69., 1., 3.,
       1., 0., 0., 1., 13., 3., 133., 18., 0., 0., 0., 0., 0., 17., 133.,
       30., 0., 0., 0., 0., 0., 50., 103., 80., 52., 0., 0., 0., 2., 25.,
       2., 9., 26., 0., 0., 0., 1., 5., 133., 32., 0., 0., 0., 0., 0.,
       10., 133., 71., 3., 1., 0., 0., 8., 93., 37., 21., 17., 34., 10.,
       1., 28., 109., 2., 1., 6., 11., 2., 0., 3., 9., 133., 7., 0., 0.,
       0., 0., 0., 18., 133., 128., 15., 1., 0., 0., 1., 28., 81., 54.,
       37., 31., 5., 1., 11., 112., 7., 0., 1., 5., 1., 0., 10., 39.,
       107., 7., 0., 0., 0., 0., 0., 5., 133., 36., 0., 0., 0., 0., 0.,
       19., 133., 20., 0., 0., 0., 0., 1., 77., 21., 1., 0., 0., 0., 0.,
       1., 17., 84., 25., 5., 4., 1., 1., 10., 50., 111., 42., 23., 60.,
       28., 0., 1., 23., 4., 4., 20., 95., 59., 8., 2., 2., 1., 4., 4.,
       4., 8., 6., 0., 0., 103., 112., 38., 9., 0., 0., 1., 10., 49.,
       45., 92., 112., 21., 0., 0., 9., 112., 25., 14., 51., 29., 37.,
       8., 21., 8., 5., 5., 2., 45., 49., 3., 4., 20., 112., 87., 7., 1.,
       2., 1., 1., 100., 91., 86., 32., 0., 0., 1., 35., 112., 45., 15.,
       23., 28., 10., 2., 58., 12., 16., 15., 63., 102., 17., 0., 2.,
       27., 44., 17., 12., 2., 3., 1., 1., 103., 112., 10., 0., 0., 0.,
       0., 3., 19., 111., 75., 50., 2., 0., 0., 3., 4., 22., 44., 106.,
       10., 0., 0., 0., 18., 0., 0., 0., 1., 10., 42., 69., 118., 10.,
       0., 0., 0., 0., 17., 118., 35., 9., 0., 0., 15., 43., 62., 110.,
       0., 0., 0., 0., 48., 90., 36., 9., 15., 0., 0., 0., 0., 19., 118.,
       118., 102., 43., 0., 0., 1., 80., 95., 45., 118., 51., 2., 18.,
       59., 16., 7., 30., 9., 1., 1., 18., 118., 27., 8., 24., 90., 22.,
       5., 3., 1., 15., 31., 95., 55., 5., 0., 0., 43., 118., 54., 35.,
       95., 8., 5., 38., 39., 30., 16., 39., 4., 0., 1., 26., 45., 7.,
       24., 50., 118., 14., 10., 7., 2., 4., 4., 54., 64., 2., 0., 1.,
       49., 80., 27., 30., 2., 0., 1., 7., 35., 53., 16., 19., 1., 0.,
       0., 1., 2., 2., 18., 36., 14., 10., 34., 14., 0., 0., 2., 39.,
       26., 14., 26., 6., 1., 2., 7., 96., 9., 22., 5., 6., 10., 15.,
       24., 25., 12., 71., 0., 0., 1., 3., 11., 2., 18., 7., 15., 19.,
       0., 0., 3., 113., 26., 14., 62., 40., 1., 3., 25., 79., 108., 28.,
       26., 16., 6., 14., 54., 72., 11., 18., 6., 20., 30., 67., 57.,
       18., 68., 35., 40., 21., 0., 2., 17., 71., 69., 24., 23., 32.,
       22., 59., 113., 113., 71., 70., 82., 60., 54., 65., 43., 17., 6.,
       31., 113., 96., 24., 11., 3., 2., 47., 38., 17., 7., 46., 55.,
       71., 51., 51., 95., 113., 94., 39., 17., 8., 24., 1., 11., 92.,
       113., 42., 10., 1., 0., 7., 41., 42., 11., 0., 0., 0., 0., 13.,
       3., 7., 74., 0., 0., 0., 4., 55., 17., 10., 18., 9., 28., 33.,
       67., 2., 2., 4., 30., 113., 103., 21., 8., 0., 0., 4., 40., 37.,
       14., 1., 0., 25., 22., 8., 26., 4., 6., 10., 15., 54., 72., 113.,
       35., 25., 17., 6., 13., 50., 17., 62., 69., 77., 65., 60., 67.,
       2., 1., 1., 9., 89., 113., 48., 12., 8., 86., 31., 12., 24., 7.,
       1., 3., 22., 73., 33., 14., 57., 47., 1., 2., 113., 113., 72.,
       25., 21., 32., 19., 50., 10., 28., 59., 100., 113., 85., 40., 22.,
       1., 35., 20., 11., 34., 14., 0., 0., 1., 113., 26., 6., 14., 21.,
       0., 0., 9., 68., 65., 33., 39., 26., 0., 1., 77., 61., 48., 32.,
       14., 4., 31., 47., 0., 0., 0., 1., 19., 21., 46., 5., 0., 0., 0.,
       1., 20., 42., 27., 3., 1., 0., 0., 1., 13., 16., 48., 13., 0., 0.,
       0., 0., 8., 21., 46., 0., 41., 9., 0., 4., 18., 35., 99., 27.,
       34., 2., 0., 19., 116., 88., 53., 15., 116., 12., 3., 2., 14.,
       38., 116., 96., 5., 4., 4., 3., 71., 114., 116., 5., 35., 68.,
       61., 43., 17., 6., 3., 1., 43., 15., 21., 116., 116., 5., 4., 2.,
       116., 105., 116., 10., 9., 6., 6., 8., 5., 23., 116., 84., 100.,
       26., 11., 1., 9., 15., 30., 15., 3., 19., 28., 17., 3., 8., 13.,
       31., 9., 47., 68., 14., 6., 27., 59., 7., 5., 39., 57., 20., 3.,
       4., 64., 25., 6., 23., 53., 23., 81., 54., 7., 0., 0., 0., 1.,
       48., 53., 79., 81., 40., 48., 35., 39., 79., 6., 1., 15., 45.,
       104., 47., 29., 23., 24., 4., 1., 4., 22., 48., 25., 13., 54.,
       34., 5., 0., 0., 0., 8., 27., 115., 64., 47., 17., 12., 33., 73.,
       115., 32., 8., 10., 30., 92., 115., 82., 43., 32., 5., 0., 0.,
       60., 74., 10., 13., 46., 7., 0., 0., 0., 0., 25., 26., 115., 115.,
       53., 26., 10., 7., 15., 53., 33., 22., 47., 103., 106., 56., 45.,
       20., 50., 2., 0., 3., 40., 60., 9., 18., 7., 0., 0., 0., 0., 0.,
       39., 26., 115., 26., 7., 1., 1., 1., 19., 81., 33., 15., 19., 35.,
