%YAML:1.0
---
mat: !!opencv-matrix
   rows: 141
   cols: 128
   dt: f
   data: [ 112., 15., 0., 0., 12., 78., 30., 38., 103., 31., 0., 0., 49.,
       123., 22., 13., 1., 2., 3., 1., 43., 94., 21., 8., 1., 2., 9., 2.,
       2., 1., 2., 4., 70., 35., 0., 0., 104., 123., 6., 8., 123., 70.,
       6., 6., 32., 97., 10., 24., 13., 3., 8., 26., 99., 123., 8., 5.,
       0., 0., 6., 4., 18., 33., 32., 20., 61., 95., 21., 22., 119.,
       121., 4., 8., 123., 64., 78., 35., 27., 29., 5., 24., 8., 8., 58.,
       104., 64., 42., 20., 13., 1., 0., 0., 3., 13., 11., 53., 48., 38.,
       66., 31., 21., 16., 2., 3., 20., 5., 7., 11., 9., 8., 1., 11.,
       25., 1., 1., 5., 3., 0., 0., 5., 9., 1., 0., 0., 0., 0., 0., 3.,
       3., 1., 21., 42., 0., 0., 0., 0., 0., 4., 25., 37., 2., 1., 0.,
       4., 6., 0., 4., 10., 1., 1., 2., 4., 1., 0., 3., 8., 2., 1., 0.,
       0., 0., 40., 25., 25., 0., 0., 6., 4., 10., 123., 29., 17., 6.,
       3., 14., 73., 100., 11., 5., 15., 41., 40., 90., 82., 17., 9., 6.,
       22., 14., 22., 23., 21., 30., 59., 8., 8., 2., 2., 9., 4., 15.,
       123., 23., 8., 61., 30., 4., 8., 49., 73., 11., 20., 123., 91.,
       21., 10., 21., 123., 5., 6., 37., 107., 25., 21., 91., 74., 79.,
       21., 0., 0., 0., 0., 6., 123., 30., 11., 98., 52., 0., 0., 27.,
       112., 10., 8., 92., 70., 0., 0., 36., 123., 5., 4., 108., 96., 0.,
       0., 42., 30., 99., 131., 20., 0., 0., 1., 3., 16., 87., 131., 27.,
       0., 0., 0., 0., 4., 33., 131., 38., 2., 4., 4., 1., 7., 15., 56.,
       21., 3., 5., 12., 9., 72., 39., 4., 1., 5., 15., 5., 11., 33.,
       77., 105., 51., 36., 17., 3., 8., 126., 131., 71., 9., 3., 4., 6.,
       21., 27., 10., 1., 6., 2., 3., 15., 9., 70., 9., 2., 3., 25., 20.,
       11., 31., 38., 10., 10., 20., 41., 92., 55., 52., 131., 43., 8.,
       3., 3., 11., 34., 131., 48., 8., 1., 2., 4., 10., 44., 53., 34.,
       31., 23., 7., 6., 3., 9., 34., 18., 26., 37., 50., 29., 6., 9.,
       24., 72., 94., 19., 3., 1., 1., 7., 58., 92., 59., 51., 20., 11.,
       8., 17., 44., 0., 14., 126., 126., 1., 0., 0., 0., 0., 26., 126.,
       126., 2., 1., 0., 0., 6., 24., 37., 41., 4., 7., 17., 14., 7., 4.,
       4., 4., 8., 5., 5., 14., 18., 85., 110., 38., 1., 1., 1., 1., 12.,
       76., 126., 83., 29., 14., 3., 5., 115., 126., 81., 13., 3., 3.,
       4., 16., 27., 16., 1., 3., 4., 3., 15., 27., 48., 51., 3., 2., 8.,
       25., 15., 6., 45., 25., 9., 23., 35., 82., 61., 32., 126., 60.,
       32., 7., 4., 14., 37., 100., 102., 86., 27., 6., 2., 2., 10., 45.,
       23., 18., 11., 11., 20., 32., 11., 15., 56., 20., 9., 17., 26.,
       6., 13., 23., 39., 47., 53., 30., 33., 6., 8., 25., 66., 70., 25.,
       5., 1., 2., 2., 39., 12., 11., 19., 27., 10., 17., 25., 19., 3.,
       2., 9., 27., 14., 6., 51., 46., 100., 27., 2., 1., 1., 1., 23.,
       87., 127., 127., 1., 0., 0., 0., 0., 17., 11., 20., 29., 6., 13.,
       23., 51., 17., 9., 22., 36., 83., 61., 34., 46., 22., 127., 78.,
       30., 14., 3., 5., 13., 78., 127., 127., 1., 0., 0., 0., 1., 30.,
       52., 27., 29., 5., 7., 29., 42., 53., 30., 7., 4., 14., 37., 104.,
       127., 60., 81., 13., 3., 3., 5., 17., 117., 127., 42., 45., 4.,
       8., 16., 12., 6., 24., 25., 7., 2., 2., 2., 38., 66., 71., 23.,
       6., 2., 2., 13., 51., 102., 77., 1., 4., 4., 3., 15., 23., 26.,
       15., 6., 5., 7., 5., 6., 15., 7., 5., 10., 4., 3., 4., 21., 31.,
       22., 25., 30., 57., 10., 8., 28., 41., 56., 31., 29., 68., 9., 5.,
       44., 129., 129., 32., 0., 0., 1., 2., 91., 129., 21., 0., 15.,
       11., 34., 11., 25., 17., 2., 6., 37., 96., 19., 12., 120., 66.,
       3., 9., 129., 129., 20., 12., 65., 61., 11., 21., 11., 3., 3.,
       15., 115., 129., 83., 4., 6., 2., 2., 1., 5., 1., 0., 5., 23., 4.,
       1., 5., 102., 42., 40., 29., 129., 53., 10., 8., 14., 17., 33.,
       67., 22., 17., 9., 46., 74., 91., 21., 12., 0., 0., 0., 0., 0.,
       0., 0., 0., 0., 0., 0., 0., 1., 3., 16., 4., 47., 14., 1., 0., 0.,
       1., 21., 43., 36., 20., 5., 2., 21., 64., 11., 22., 2., 1., 4.,
       6., 29., 106., 103., 12., 106., 17., 4., 4., 21., 38., 10., 44.,
       106., 29., 41., 72., 19., 32., 78., 77., 1., 1., 13., 99., 79.,
       61., 27., 8., 8., 9., 37., 51., 56., 89., 60., 5., 64., 28., 8.,
       8., 49., 106., 55., 21., 72., 54., 57., 87., 21., 31., 31., 26.,
       23., 6., 10., 74., 25., 59., 60., 68., 15., 52., 106., 17., 5.,
       20., 48., 7., 8., 12., 82., 99., 71., 58., 33., 2., 59., 77., 78.,
       24., 16., 14., 15., 21., 17., 27., 82., 56., 21., 32., 22., 12.,
       0., 12., 89., 6., 1., 2., 8., 3., 2., 5., 64., 27., 1., 0., 11.,
       13., 0., 10., 35., 6., 0., 3., 19., 5., 0., 4., 31., 7., 0., 4.,
       12., 1., 5., 1., 1., 5., 14., 49., 57., 14., 2., 7., 3., 0., 5.,
       57., 57., 6., 0., 7., 20., 3., 2., 17., 19., 2., 0., 5., 27., 4.,
       1., 9., 12., 1., 35., 83., 46., 56., 22., 18., 28., 27., 21., 39.,
       25., 52., 66., 73., 43., 19., 44., 19., 3., 7., 18., 35., 92.,
       76., 3., 7., 6., 1., 2., 109., 109., 11., 41., 42., 19., 11., 6.,
       9., 109., 109., 14., 22., 15., 70., 93., 59., 70., 32., 95., 109.,
       26., 21., 20., 11., 15., 36., 15., 66., 33., 16., 23., 73., 44.,
       19., 36., 109., 92., 29., 9., 5., 21., 23., 6., 11., 56., 109.,
       94., 10., 11., 3., 109., 80., 15., 19., 14., 2., 9., 24., 33.,
       88., 24., 8., 14., 52., 38., 19., 29., 0., 0., 0., 0., 1., 7.,
       20., 143., 3., 1., 23., 22., 3., 1., 63., 18., 2., 2., 140., 99.,
       18., 9., 8., 0., 0., 6., 30., 8., 7., 23., 0., 60., 2., 0., 0.,
       0., 0., 2., 10., 143., 11., 5., 4., 17., 34., 21., 46., 14., 3.,
       23., 17., 48., 139., 143., 8., 0., 0., 24., 2., 1., 20., 143., 1.,
       46., 23., 4., 0., 0., 0., 0., 0., 143., 108., 82., 29., 0., 3.,
       4., 6., 9., 15., 143., 87., 1., 21., 34., 2., 0., 1., 143., 10.,
       0., 4., 48., 0., 6., 13., 5., 1., 0., 0., 1., 0., 9., 41., 56.,
       22., 0., 0., 0., 0., 0., 8., 68., 37., 0., 0., 1., 0., 0., 5.,
       52., 7., 0., 0., 0., 0., 6., 0., 0., 1., 2., 0., 6., 17., 2., 0.,
       0., 0., 0., 4., 57., 22., 1., 0., 0., 0., 1., 16., 39., 4., 0.,
       0., 0., 2., 9., 11., 6., 0., 69., 17., 0., 0., 1., 0., 5., 30.,
       117., 15., 0., 5., 2., 21., 128., 86., 5., 3., 11., 24., 13.,
       112., 128., 7., 1., 6., 5., 1., 2., 108., 118., 1., 93., 12., 0.,
       0., 0., 0., 1., 24., 128., 18., 2., 48., 35., 3., 8., 40., 14.,
       28., 70., 128., 85., 18., 19., 3., 9., 128., 47., 6., 1., 49.,
       43., 2., 97., 2., 0., 0., 0., 0., 0., 31., 128., 0., 0., 42., 92.,
       0., 0., 46., 2., 5., 6., 80., 128., 0., 0., 0., 32., 97., 9., 5.,
       2., 0., 0., 0., 13., 9., 3., 55., 14., 0., 1., 4., 42., 44., 4.,
       0., 0., 0., 0., 14., 67., 47., 1., 0., 0., 0., 18., 86., 39., 26.,
       13., 15., 18., 28., 28., 65., 3., 1., 0., 3., 1., 9., 57., 16.,
       111., 7., 0., 0., 0., 4., 39., 58., 121., 32., 1., 0., 0., 0.,
       48., 121., 26., 18., 9., 21., 108., 59., 61., 121., 0., 0., 0.,
       0., 0., 24., 108., 18., 57., 17., 5., 0., 0., 5., 111., 121.,
       119., 59., 36., 27., 17., 10., 72., 121., 19., 43., 96., 101.,
       61., 5., 3., 8., 2., 0., 1., 5., 4., 5., 18., 8., 35., 66., 62.,
       16., 7., 1., 8., 30., 24., 75., 112., 38., 11., 3., 6., 14., 4.,
       4., 19., 45., 21., 7., 2., 2., 4., 41., 68., 4., 0., 0., 0., 0.,
       121., 73., 31., 2., 0., 1., 6., 22., 121., 34., 19., 13., 17.,
       93., 75., 36., 11., 4., 7., 24., 60., 121., 31., 13., 8., 35.,
       49., 10., 0., 0., 0., 0., 121., 121., 42., 1., 0., 0., 0., 11.,
       121., 121., 114., 30., 18., 11., 5., 25., 4., 3., 19., 58., 92.,
       36., 4., 6., 15., 14., 10., 1., 5., 2., 0., 12., 84., 51., 9., 0.,
       0., 0., 1., 74., 121., 102., 44., 37., 10., 5., 3., 44., 10., 19.,
       58., 121., 42., 13., 3., 6., 9., 0., 0., 0., 8., 13., 14., 62.,
