%YAML:1.0
---
mat: !!opencv-matrix
   rows: 82
   cols: 128
   dt: f
   data: [ 0., 2., 40., 43., 22., 19., 0., 0., 0., 13., 66., 7., 32.,
       126., 73., 0., 23., 13., 10., 0., 1., 89., 126., 80., 64., 2., 0.,
       0., 0., 0., 27., 118., 1., 10., 78., 126., 83., 18., 3., 1., 13.,
       79., 126., 31., 8., 14., 12., 8., 112., 126., 52., 2., 0., 9.,
       40., 35., 21., 7., 1., 1., 0., 0., 12., 23., 1., 2., 2., 9., 67.,
       126., 65., 1., 14., 9., 9., 9., 9., 42., 126., 75., 119., 21., 3.,
       1., 0., 2., 48., 126., 21., 3., 5., 1., 0., 0., 0., 8., 0., 1.,
       7., 1., 1., 31., 28., 0., 0., 1., 5., 0., 0., 9., 86., 21., 2.,
       2., 9., 0., 0., 0., 17., 30., 1., 1., 9., 3., 0., 0., 0., 1., 11.,
       10., 14., 18., 28., 36., 117., 90., 111., 34., 14., 3., 0., 0.,
       40., 117., 40., 19., 11., 1., 0., 0., 0., 18., 0., 1., 0., 3., 3.,
       0., 0., 0., 0., 0., 10., 85., 13., 28., 117., 48., 11., 35., 117.,
       117., 10., 2., 30., 50., 78., 117., 76., 8., 1., 0., 1., 8., 14.,
       16., 1., 5., 2., 0., 0., 0., 0., 1., 11., 110., 117., 45., 7., 1.,
       18., 12., 27., 89., 31., 24., 36., 75., 117., 40., 7., 3., 1., 2.,
       9., 117., 29., 5., 2., 8., 0., 0., 0., 8., 0., 0., 0., 2., 38.,
       100., 37., 1., 2., 0., 0., 1., 4., 36., 117., 90., 14., 0., 1.,
       4., 0., 0., 18., 104., 2., 0., 1., 13., 0., 0., 0., 3., 3., 2.,
       4., 52., 44., 1., 0., 0., 9., 29., 95., 122., 49., 3., 1., 2.,
       90., 123., 52., 8., 2., 0., 0., 2., 14., 19., 48., 93., 26., 0.,
       0., 0., 3., 1., 0., 12., 109., 40., 0., 0., 20., 15., 11., 29.,
       123., 96., 15., 11., 123., 59., 8., 12., 24., 6., 11., 47., 34.,
       7., 12., 107., 123., 15., 3., 4., 8., 2., 0., 0., 17., 43., 2.,
       1., 4., 1., 0., 1., 35., 123., 123., 25., 58., 3., 0., 1., 19.,
       29., 103., 123., 8., 0., 0., 5., 123., 123., 62., 12., 10., 4.,
       0., 0., 0., 1., 1., 0., 3., 3., 0., 0., 0., 7., 21., 3., 2., 2.,
       0., 0., 1., 5., 17., 11., 0., 0., 0., 0., 1., 33., 34., 1., 0.,
       6., 87., 35., 6., 0., 0., 0., 7., 58., 67., 9., 2., 0., 0., 0.,
       2., 13., 55., 66., 10., 1., 0., 0., 3., 53., 51., 9., 2., 1., 0.,
       0., 14., 21., 79., 109., 117., 12., 2., 2., 118., 118., 61., 18.,
       22., 5., 1., 9., 35., 21., 33., 75., 118., 50., 4., 4., 72., 114.,
       30., 11., 11., 9., 4., 8., 12., 2., 1., 11., 82., 118., 90., 22.,
       118., 6., 1., 1., 10., 24., 78., 118., 33., 1., 0., 1., 97., 118.,
       33., 21., 53., 9., 1., 2., 14., 34., 66., 82., 0., 0., 0., 0., 1.,
       36., 61., 5., 3., 0., 0., 0., 0., 6., 62., 47., 1., 0., 0., 0.,
       2., 40., 32., 8., 1., 0., 0., 0., 2., 12., 55., 23., 0., 2., 17.,
       28., 0., 0., 0., 0., 0., 0., 90., 61., 0., 0., 1., 0., 0., 9.,
       122., 24., 0., 3., 3., 0., 0., 52., 102., 1., 0., 1., 0., 0., 19.,
       15., 27., 110., 77., 5., 0., 0., 76., 9., 86., 95., 19., 2., 30.,
       61., 10., 4., 75., 18., 1., 70., 122., 32., 1., 81., 82., 2., 3.,
       122., 49., 0., 64., 14., 1., 10., 122., 38., 0., 1., 122., 49.,
       1., 5., 66., 15., 5., 30., 65., 19., 0., 0., 0., 26., 47., 18.,
       1., 4., 0., 0., 36., 122., 22., 0., 61., 21., 0., 1., 103., 36.,
       9., 1., 121., 40., 0., 1., 52., 31., 42., 46., 74., 27., 0., 0.,
       0., 0., 2., 18., 1., 0., 0., 1., 40., 23., 0., 0., 0., 0., 1., 3.,
       1., 6., 25., 7., 1., 1., 20., 11., 1., 49., 43., 5., 7., 6., 19.,
       5., 37., 21., 35., 24., 26., 7., 12., 26., 141., 22., 1., 1., 0.,
       0., 2., 19., 32., 3., 0., 0., 5., 16., 106., 112., 79., 7., 0.,
       0., 66., 99., 97., 17., 40., 4., 1., 3., 44., 8., 2., 3., 141.,
       16., 0., 1., 1., 5., 2., 3., 53., 11., 0., 0., 33., 7., 8., 25.,
       141., 40., 0., 2., 141., 27., 8., 5., 56., 7., 0., 16., 55., 3.,
       0., 0., 141., 17., 0., 3., 0., 46., 69., 22., 19., 1., 1., 0.,
       26., 2., 15., 70., 141., 6., 6., 10., 141., 8., 0., 6., 45., 2.,
       3., 33., 34., 6., 0., 8., 141., 13., 2., 2., 140., 6., 1., 1.,
       34., 5., 0., 17., 44., 1., 3., 39., 140., 1., 0., 7., 140., 3.,
       8., 16., 37., 1., 13., 79., 22., 0., 2., 0., 0., 47., 70., 30.,
       140., 3., 0., 5., 54., 1., 0., 5., 57., 3., 0., 33., 140., 22.,
       7., 6., 140., 20., 0., 5., 37., 6., 8., 31., 61., 7., 0., 0., 1.,
       6., 3., 4., 140., 4., 0., 2., 40., 7., 2., 10., 35., 2., 1., 4.,
       64., 102., 94., 17., 82., 5., 0., 0., 5., 17., 104., 110., 34.,
       3., 0., 0., 1., 0., 2., 18., 140., 12., 1., 3., 16., 6., 16., 32.,
       27., 24., 41., 25., 7., 6., 18., 4., 1., 50., 31., 2., 0., 1.,
       22., 11., 1., 3., 19., 6., 0., 0., 1., 3., 0., 0., 1., 6., 1., 1.,
       9., 7., 0., 1., 36., 37., 2., 0., 5., 3., 0., 7., 60., 95., 29.,
       6., 1., 0., 16., 71., 65., 21., 6., 6., 1., 1., 3., 22., 97., 71.,
       12., 1., 1., 1., 11., 40., 110., 111., 89., 32., 7., 5., 80., 92.,
       80., 48., 39., 49., 34., 31., 53., 35., 11., 6., 9., 40., 84.,
       70., 93., 66., 93., 73., 29., 39., 42., 48., 82., 30., 10., 14.,
       57., 111., 111., 63., 82., 17., 2., 2., 4., 29., 111., 111., 9.,
       0., 0., 0., 0., 6., 61., 51., 40., 2., 0., 0., 4., 34., 101., 77.,
       29., 1., 0., 0., 0., 5., 36., 62., 2., 1., 0., 0., 0., 1., 26.,
       20., 1., 1., 0., 0., 0., 1., 1., 3., 1., 0., 0., 10., 36., 13.,
       3., 5., 4., 9., 35., 75., 77., 50., 27., 18., 96., 55., 29., 7.,
       1., 2., 18., 81., 29., 4., 0., 0., 0., 0., 2., 16., 5., 0., 0.,
       19., 54., 12., 0., 3., 7., 27., 72., 112., 112., 61., 27., 16.,
       112., 112., 59., 12., 2., 5., 18., 72., 39., 14., 1., 0., 0., 0.,
       0., 8., 5., 0., 0., 14., 56., 21., 1., 3., 8., 23., 41., 63.,
       109., 112., 84., 32., 112., 61., 17., 3., 2., 12., 68., 112., 29.,
       5., 2., 0., 0., 0., 0., 15., 3., 2., 1., 26., 75., 5., 0., 1.,
       19., 58., 70., 98., 112., 34., 27., 29., 112., 112., 25., 2., 1.,
       1., 12., 65., 14., 9., 5., 0., 0., 0., 0., 2., 13., 38., 66., 56.,
       16., 0., 0., 1., 29., 92., 44., 3., 0., 0., 0., 0., 1., 24., 27.,
       2., 1., 0., 0., 0., 0., 2., 1., 3., 1., 0., 0., 0., 35., 16., 12.,
       33., 73., 61., 47., 29., 64., 70., 106., 101., 52., 17., 15., 27.,
       98., 112., 102., 25., 4., 2., 2., 17., 15., 30., 36., 5., 0., 0.,
       0., 0., 2., 1., 0., 1., 13., 65., 65., 9., 9., 5., 6., 29., 84.,
       112., 110., 37., 98., 33., 45., 73., 48., 41., 72., 104., 59.,
       99., 112., 69., 15., 10., 4., 8., 1., 13., 2., 0., 0., 5., 1., 0.,
       1., 6., 1., 0., 1., 37., 38., 2., 0., 1., 3., 20., 55., 112., 47.,
       5., 53., 18., 11., 25., 29., 90., 82., 45., 13., 1., 0., 0., 123.,
       43., 17., 7., 123., 7., 1., 3., 92., 14., 0., 6., 87., 4., 1.,
       19., 123., 6., 1., 9., 123., 6., 1., 2., 7., 7., 16., 38., 19.,
       0., 0., 2., 123., 4., 0., 3., 123., 7., 0., 2., 123., 9., 3., 6.,
       78., 4., 1., 3., 78., 77., 75., 37., 107., 5., 0., 0., 2., 5.,
       32., 70., 4., 0., 0., 6., 123., 35., 10., 4., 123., 10., 2., 4.,
       77., 31., 42., 55., 55., 32., 56., 24., 13., 14., 35., 19., 4.,
       47., 57., 4., 0., 1., 15., 23., 1., 0., 0., 0., 14., 33., 24., 2.,
       6., 0., 0., 1., 11., 34., 82., 33., 3., 14., 23., 19., 48., 81.,
       37., 7., 2., 44., 55., 4., 2., 14., 65., 6., 0., 0., 0., 0., 64.,
       107., 20., 2., 22., 3., 2., 3., 84., 132., 64., 32., 132., 6., 2.,
       1., 3., 14., 29., 85., 19., 0., 0., 0., 3., 33., 97., 60., 0., 0.,
       0., 18., 90., 48., 12., 4., 28., 3., 3., 39., 132., 93., 5., 6.,
       132., 9., 2., 4., 10., 10., 5., 51., 50., 1., 0., 0., 0., 3., 20.,
       51., 1., 1., 0., 22., 132., 15., 1., 1., 14., 1., 1., 28., 128.,
       93., 16., 11., 132., 10., 1., 2., 8., 23., 12., 58., 78., 6., 6.,
       0., 0., 2., 2., 9., 0., 2., 48., 15., 44., 27., 0., 0., 1., 0.,
       28., 14., 36., 71., 38., 18., 59., 10., 52., 4., 3., 4., 23., 84.,
       18., 7., 99., 9., 0., 0., 0., 5., 55., 99., 37., 1., 0., 3., 4.,
