%YAML:1.0
---
mat: !!opencv-matrix
   rows: 46
   cols: 128
   dt: f
   data: [ 22., 75., 33., 0., 0., 0., 2., 16., 39., 112., 25., 0., 0.,
       0., 4., 20., 80., 111., 4., 0., 0., 0., 3., 25., 73., 21., 0., 0.,
       2., 11., 19., 36., 29., 78., 31., 0., 0., 5., 14., 9., 121., 90.,
       19., 1., 2., 2., 3., 45., 115., 121., 6., 6., 21., 4., 4., 27.,
       121., 56., 0., 0., 0., 0., 0., 9., 24., 4., 0., 0., 0., 27., 72.,
       34., 121., 51., 3., 2., 2., 6., 32., 74., 119., 29., 7., 8., 18.,
       2., 4., 121., 121., 5., 0., 0., 0., 0., 0., 52., 47., 0., 0., 0.,
       0., 2., 15., 24., 64., 1., 0., 0., 0., 1., 22., 84., 111., 2., 0.,
       0., 0., 0., 4., 103., 121., 1., 0., 0., 0., 0., 0., 20., 77., 22.,
       0., 0., 0., 0., 0., 20., 118., 39., 1., 0., 0., 0., 0., 1., 130.,
       24., 0., 0., 0., 0., 0., 0., 130., 2., 0., 0., 0., 0., 0., 3.,
       38., 84., 7., 0., 0., 0., 1., 18., 48., 130., 20., 0., 0., 0., 7.,
       16., 130., 107., 3., 0., 0., 0., 1., 11., 130., 9., 0., 0., 0.,
       0., 0., 2., 71., 29., 0., 0., 0., 0., 2., 49., 71., 14., 1., 0.,
       0., 0., 33., 112., 130., 10., 0., 0., 0., 0., 5., 102., 130., 6.,
       0., 0., 0., 0., 0., 4., 76., 22., 0., 0., 0., 0., 3., 37., 130.,
       7., 0., 0., 0., 0., 1., 28., 130., 8., 0., 0., 0., 0., 0., 19.,
       130., 5., 0., 0., 0., 0., 0., 1., 47., 42., 24., 19., 39., 2., 0.,
       1., 117., 68., 33., 14., 30., 2., 0., 13., 47., 45., 54., 44.,
       67., 4., 0., 9., 69., 83., 35., 4., 3., 0., 1., 19., 119., 6., 0.,
       7., 81., 5., 0., 2., 119., 10., 2., 9., 65., 5., 1., 24., 119.,
       8., 2., 34., 119., 6., 0., 14., 119., 27., 22., 6., 9., 0., 2.,
       41., 106., 6., 0., 1., 30., 39., 22., 41., 113., 39., 10., 14.,
       24., 42., 61., 28., 77., 17., 9., 58., 73., 20., 67., 40., 111.,
       16., 20., 11., 9., 17., 35., 51., 36., 0., 0., 0., 0., 10., 28.,
       68., 19., 1., 0., 0., 0., 15., 92., 44., 15., 1., 0., 0., 1., 8.,
       119., 66., 16., 0., 0., 0., 0., 9., 58., 75., 123., 3., 0., 1.,
       39., 5., 1., 19., 78., 7., 1., 8., 123., 20., 2., 11., 123., 20.,
       1., 6., 91., 5., 0., 0., 123., 6., 1., 6., 72., 4., 0., 10., 123.,
       13., 3., 4., 29., 20., 17., 32., 71., 16., 7., 67., 123., 24., 8.,
       11., 123., 20., 1., 11., 64., 29., 13., 38., 118., 26., 4., 3.,
       44., 55., 38., 20., 62., 22., 10., 12., 12., 17., 22., 42., 40.,
       3., 1., 7., 29., 93., 93., 50., 96., 2., 0., 1., 5., 26., 74.,
       123., 28., 3., 0., 0., 1., 37., 112., 51., 34., 9., 6., 2., 5.,
       10., 33., 52., 47., 12., 5., 0., 0., 3., 17., 28., 49., 9., 2.,
       0., 0., 1., 10., 30., 52., 9., 1., 0., 0., 0., 3., 10., 10., 32.,
       60., 6., 1., 0., 0., 0., 16., 67., 75., 4., 1., 0., 0., 1., 15.,
       73., 77., 5., 2., 1., 0., 1., 16., 52., 46., 14., 2., 0., 0., 0.,
       51., 25., 48., 18., 48., 14., 0., 6., 124., 52., 56., 12., 34.,
       18., 7., 26., 61., 80., 63., 15., 101., 49., 7., 11., 89., 79.,
       37., 26., 69., 8., 0., 1., 101., 4., 0., 1., 88., 20., 1., 7.,
       124., 14., 1., 4., 70., 14., 2., 15., 117., 17., 2., 21., 124.,
       21., 1., 5., 124., 24., 0., 4., 91., 15., 1., 1., 42., 3., 1., 3.,
       28., 27., 27., 31., 96., 20., 5., 9., 25., 26., 24., 39., 55.,
       13., 4., 35., 100., 48., 30., 25., 120., 13., 0., 2., 18., 30.,
       30., 62., 33., 27., 47., 15., 28., 6., 0., 6., 78., 56., 61., 11.,
       21., 9., 4., 18., 34., 81., 69., 13., 49., 23., 4., 7., 43., 72.,
       46., 26., 34., 3., 0., 1., 100., 2., 0., 3., 88., 12., 0., 13.,
       122., 7., 1., 4., 78., 11., 2., 30., 122., 15., 2., 16., 122.,
       21., 2., 9., 122., 18., 1., 8., 102., 7., 0., 2., 58., 3., 1., 4.,
       42., 31., 32., 36., 122., 19., 6., 14., 42., 30., 24., 45., 95.,
       15., 6., 55., 122., 41., 25., 26., 122., 12., 0., 3., 40., 43.,
       30., 52., 4., 2., 3., 13., 28., 19., 26., 16., 74., 20., 8., 11.,
       13., 20., 27., 51., 37., 1., 0., 1., 11., 55., 80., 60., 51., 1.,
       0., 0., 0., 10., 39., 86., 4., 1., 0., 0., 40., 95., 1., 0., 96.,
       25., 0., 0., 5., 19., 5., 5., 48., 10., 0., 0., 11., 57., 12., 6.,
       4., 1., 1., 0., 6., 54., 36., 11., 0., 0., 0., 0., 32., 119., 18.,
       0., 57., 15., 0., 0., 3., 119., 35., 11., 119., 20., 0., 0., 2.,
       22., 40., 42., 10., 0., 1., 0., 3., 105., 101., 18., 0., 0., 1.,
       7., 66., 88., 41., 5., 8., 1., 0., 0., 11., 119., 86., 14., 119.,
       2., 0., 0., 4., 31., 34., 85., 81., 0., 0., 0., 0., 74., 96., 64.,
       0., 0., 3., 7., 10., 7., 56., 41., 0., 0., 0., 0., 18., 99., 92.,
       28., 46., 0., 0., 0., 7., 26., 90., 119., 79., 0., 0., 0., 0.,
       13., 43., 119., 98., 62., 19., 7., 1., 1., 0., 4., 109., 72., 77.,
       53., 0., 0., 0., 1., 5., 73., 118., 82., 0., 0., 0., 1., 37.,
       118., 77., 2., 0., 0., 0., 2., 97., 53., 11., 5., 0., 0., 0., 16.,
       36., 47., 101., 118., 2., 0., 0., 1., 102., 49., 73., 61., 0., 0.,
       0., 28., 107., 85., 17., 0., 0., 0., 0., 34., 46., 8., 11., 54.,
       2., 0., 0., 23., 44., 12., 25., 118., 7., 0., 0., 6., 118., 35.,
       7., 8., 0., 0., 0., 24., 51., 64., 9., 0., 0., 2., 9., 35., 6.,
       2., 20., 80., 5., 1., 0., 4., 66., 4., 5., 45., 3., 0., 0., 35.,
       118., 5., 1., 1., 0., 0., 0., 71., 51., 7., 29., 13., 3., 4., 15.,
       94., 4., 80., 43., 1., 0., 54., 52., 0., 8., 29., 2., 0., 0.,
       114., 114., 2., 1., 1., 0., 0., 0., 78., 114., 5., 17., 18., 0.,
       0., 0., 24., 108., 17., 25., 89., 21., 2., 4., 114., 77., 7.,
       114., 101., 7., 3., 8., 78., 53., 30., 12., 3., 4., 10., 40.,
       114., 58., 24., 4., 0., 0., 0., 1., 30., 87., 66., 5., 16., 73.,
       64., 15., 61., 21., 5., 72., 82., 68., 30., 10., 16., 13., 23.,
       32., 21., 40., 31., 28., 13., 3., 54., 31., 0., 0., 0., 1., 2.,
       17., 114., 14., 13., 43., 17., 0., 0., 0., 20., 45., 11., 9., 5.,
       0., 0., 0., 70., 59., 3., 2., 0., 0., 0., 0., 114., 48., 0., 0.,
       0., 0., 0., 0., 114., 1., 124., 124., 0., 0., 1., 6., 1., 23.,
       123., 36., 0., 0., 2., 12., 5., 25., 8., 0., 0., 2., 60., 30.,
       11., 2., 0., 0., 1., 35., 115., 14., 3., 17., 107., 83., 0., 0.,
       84., 124., 14., 124., 124., 29., 0., 0., 10., 49., 58., 89., 27.,
       49., 29., 5., 4., 2., 11., 4., 1., 19., 94., 77., 23., 1., 1., 2.,
       0., 0., 22., 14., 79., 124., 9., 59., 19., 66., 63., 20., 28.,
       70., 49., 20., 25., 124., 45., 0., 0., 0., 1., 15., 5., 47., 64.,
       3., 0., 0., 2., 0., 1., 5., 79., 39., 1., 0., 0., 6., 1., 11.,
       87., 34., 0., 0., 2., 33., 8., 18., 3., 0., 0., 0., 3., 35., 2.,
       2., 0., 0., 0., 0., 4., 0., 0., 0., 0., 96., 82., 0., 0., 105.,
       62., 0., 0., 131., 99., 0., 1., 131., 91., 0., 0., 5., 9., 0., 1.,
       5., 1., 0., 0., 47., 68., 0., 0., 1., 2., 3., 0., 68., 43., 2.,
       0., 76., 17., 0., 0., 131., 131., 7., 14., 131., 53., 0., 0., 11.,
       11., 5., 43., 23., 2., 0., 0., 38., 49., 4., 7., 1., 10., 102.,
       7., 22., 8., 0., 0., 23., 19., 25., 7., 102., 98., 68., 62., 96.,
       3., 0., 0., 3., 11., 63., 131., 9., 0., 0., 4., 48., 13., 12.,
       20., 2., 10., 49., 1., 0., 0., 5., 5., 43., 84., 14., 1., 1., 1.,
       9., 15., 24., 79., 20., 3., 0., 0., 15., 27., 1., 4., 17., 47.,
       41., 4., 7., 5., 58., 4., 7., 2., 0., 0., 3., 63., 4., 2., 37.,
       20., 17., 33., 13., 10., 0., 0., 17., 18., 94., 75., 2., 0., 0.,
       0., 13., 7., 16., 17., 6., 0., 61., 15., 10., 17., 9., 0., 0.,
       10., 6., 10., 93., 163., 74., 0., 0., 0., 109., 68., 111., 65.,
       33., 23., 14., 8., 19., 2., 1., 0., 6., 61., 85., 6., 60., 24.,
       1., 12., 44., 0., 0., 0., 42., 7., 8., 101., 163., 0., 0., 1.,
       163., 29., 10., 22., 42., 1., 2., 12., 55., 6., 1., 0., 4., 12.,
       18., 4., 58., 26., 0., 2., 39., 2., 0., 0., 36., 4., 0., 4., 163.,
       16., 0., 0., 163., 33., 0., 1., 43., 2., 0., 0., 49., 8., 1., 0.,
