%YAML:1.0
---
mat: !!opencv-matrix
   rows: 47
   cols: 128
   dt: f
   data: [ 2., 6., 30., 52., 42., 0., 0., 1., 30., 113., 75., 29., 10.,
       0., 0., 0., 12., 35., 25., 5., 0., 0., 0., 1., 0., 9., 12., 2.,
       2., 1., 0., 0., 8., 4., 6., 38., 143., 1., 0., 1., 143., 68., 20.,
       30., 100., 1., 0., 19., 69., 40., 60., 62., 50., 4., 3., 17., 51.,
       58., 31., 5., 2., 1., 1., 24., 15., 2., 0., 23., 143., 0., 0., 0.,
       143., 44., 7., 22., 107., 0., 0., 5., 58., 32., 32., 43., 40., 5.,
       6., 38., 43., 45., 51., 2., 2., 1., 3., 52., 8., 2., 0., 16.,
       143., 2., 0., 1., 143., 48., 4., 10., 80., 3., 1., 29., 27., 26.,
       47., 40., 53., 11., 2., 13., 9., 82., 95., 23., 7., 1., 1., 3.,
       49., 122., 63., 0., 0., 0., 0., 0., 11., 48., 123., 4., 2., 2.,
       0., 2., 12., 33., 45., 5., 6., 5., 0., 5., 1., 1., 0., 0., 0., 0.,
       0., 1., 85., 123., 123., 1., 0., 0., 0., 23., 113., 56., 100., 1.,
       0., 0., 5., 123., 43., 27., 13., 0., 0., 5., 35., 123., 3., 1.,
       0., 0., 2., 11., 9., 6., 123., 43., 4., 0., 0., 0., 1., 105.,
       123., 46., 0., 0., 0., 0., 1., 108., 98., 9., 0., 0., 3., 12.,
       13., 34., 1., 0., 0., 0., 14., 35., 3., 1., 112., 60., 9., 2., 1.,
       0., 1., 94., 123., 43., 0., 0., 0., 0., 0., 56., 75., 35., 0., 0.,
       0., 2., 0., 2., 4., 2., 0., 0., 10., 18., 0., 0., 0., 4., 10.,
       27., 3., 11., 17., 0., 8., 14., 37., 35., 4., 6., 3., 1., 11., 8.,
       4., 0., 0., 1., 6., 9., 0., 0., 0., 0., 0., 2., 4., 0., 5., 23.,
       92., 132., 1., 0., 0., 0., 132., 61., 63., 89., 0., 0., 0., 23.,
       76., 35., 2., 0., 0., 5., 20., 47., 1., 2., 0., 0., 0., 21., 36.,
       1., 27., 80., 132., 132., 0., 0., 0., 0., 132., 132., 58., 15.,
       0., 0., 0., 4., 68., 132., 14., 0., 0., 0., 1., 3., 1., 53., 17.,
       0., 0., 4., 8., 0., 41., 56., 38., 51., 9., 0., 0., 4., 132.,
       132., 35., 0., 0., 0., 0., 1., 90., 132., 36., 0., 0., 0., 0., 0.,
       0., 78., 40., 0., 0., 0., 0., 0., 63., 1., 0., 0., 31., 94., 21.,
       59., 126., 0., 0., 0., 21., 126., 29., 59., 126., 0., 0., 0., 0.,
       4., 52., 96., 1., 0., 0., 0., 0., 1., 85., 46., 24., 0., 0., 0.,
       19., 77., 90., 114., 72., 9., 0., 0., 87., 126., 29., 55., 126.,
       28., 0., 0., 6., 10., 14., 61., 15., 0., 0., 0., 0., 0., 49., 28.,
       0., 0., 0., 0., 15., 42., 101., 26., 20., 2., 0., 0., 126., 126.,
       23., 23., 126., 9., 1., 0., 11., 29., 14., 76., 31., 1., 6., 9.,
       0., 1., 7., 8., 0., 0., 5., 9., 18., 6., 6., 0., 1., 0., 2., 6.,
       72., 44., 28., 19., 33., 2., 10., 6., 4., 7., 21., 67., 6., 1.,
       20., 19., 0., 0., 0., 2., 0., 1., 5., 97., 64., 0., 0., 0., 73.,
       32., 19., 76., 27., 0., 0., 11., 96., 23., 2., 0., 0., 0., 0.,
       59., 12., 7., 2., 0., 0., 0., 1., 12., 3., 3., 12., 118., 106.,
       2., 0., 1., 118., 24., 9., 30., 41., 3., 0., 62., 101., 42., 57.,
       19., 0., 0., 0., 38., 4., 60., 51., 2., 0., 0., 0., 0., 21., 15.,
       25., 118., 50., 0., 0., 0., 118., 55., 23., 53., 6., 0., 0., 8.,
       31., 38., 99., 118., 5., 0., 0., 4., 55., 115., 45., 3., 0., 0.,
       0., 2., 44., 16., 10., 97., 56., 0., 0., 3., 118., 53., 10., 63.,
       16., 0., 0., 3., 69., 26., 36., 113., 24., 0., 0., 20., 102., 34.,
       12., 0., 0., 0., 0., 34., 4., 11., 11., 13., 0., 0., 0., 4., 0.,
       8., 86., 51., 1., 1., 0., 0., 0., 53., 119., 11., 1., 1., 0., 0.,
       1., 65., 29., 0., 0., 0., 0., 0., 1., 5., 17., 115., 13., 0., 0.,
       0., 40., 12., 53., 115., 8., 15., 39., 22., 6., 58., 107., 18.,
       6., 119., 79., 8., 30., 119., 43., 0., 1., 46., 10., 2., 6., 29.,
       63., 119., 33., 8., 2., 5., 119., 74., 17., 18., 9., 6., 13., 44.,
       36., 13., 39., 17., 8., 119., 37., 7., 61., 34., 15., 12., 24.,
       119., 17., 16., 1., 64., 43., 22., 31., 63., 3., 1., 24., 119.,
       56., 4., 14., 22., 10., 6., 14., 76., 102., 62., 7., 3., 6., 13.,
       37., 9., 37., 17., 10., 6., 4., 70., 2., 1., 2., 90., 99., 0., 0.,
       0., 100., 7., 27., 95., 40., 5., 7., 51., 24., 8., 26., 7., 30.,
       108., 28., 30., 12., 35., 53., 31., 64., 32., 16., 3., 9., 0., 0.,
       23., 123., 34., 1., 4., 123., 24., 6., 16., 76., 24., 3., 44.,
       43., 10., 39., 74., 41., 45., 7., 10., 15., 10., 10., 72., 123.,
       24., 8., 15., 2., 0., 0., 1., 86., 102., 3., 1., 60., 38., 16.,
       15., 30., 123., 46., 5., 10., 22., 69., 105., 26., 34., 56., 8.,
       25., 4., 14., 43., 114., 42., 29., 36., 0., 0., 1., 4., 17., 19.,
       1., 0., 0., 0., 0., 2., 10., 78., 43., 0., 0., 0., 0., 2., 7.,
       59., 102., 3., 2., 0., 0., 0., 10., 76., 87., 11., 4., 62., 110.,
       0., 0., 0., 19., 20., 7., 74., 110., 0., 0., 0., 28., 15., 12.,
       94., 50., 0., 0., 1., 28., 14., 14., 28., 1., 0., 13., 49., 31.,
       10., 24., 70., 90., 0., 0., 29., 40., 13., 110., 82., 70., 1., 5.,
       10., 12., 63., 67., 109., 35., 7., 55., 22., 14., 28., 110., 69.,
       2., 0., 2., 2., 5., 9., 16., 2., 0., 0., 0., 110., 110., 21.,
       110., 55., 7., 4., 5., 44., 103., 57., 62., 27., 11., 14., 54.,
       11., 47., 109., 110., 5., 0., 0., 1., 1., 3., 79., 17., 0., 0.,
       0., 0., 24., 34., 12., 12., 1., 0., 0., 0., 11., 110., 44., 16.,
       1., 0., 0., 0., 0., 56., 88., 28., 1., 0., 0., 0., 0., 2., 31.,
       59., 53., 29., 27., 49., 1., 0., 1., 104., 59., 49., 30., 42., 1.,
       0., 13., 48., 35., 51., 44., 75., 3., 0., 8., 53., 62., 39., 8.,
       5., 0., 2., 8., 117., 5., 0., 8., 112., 4., 0., 7., 117., 11., 1.,
       11., 98., 5., 0., 26., 111., 10., 4., 49., 117., 3., 0., 12.,
       117., 23., 26., 7., 13., 0., 3., 25., 110., 6., 0., 4., 41., 48.,
       29., 65., 99., 28., 5., 14., 35., 65., 81., 25., 59., 18., 7.,
       62., 81., 40., 74., 31., 73., 16., 23., 11., 11., 27., 38., 44.,
       9., 0., 0., 0., 0., 13., 41., 65., 4., 0., 0., 0., 0., 21., 96.,
       18., 3., 0., 0., 0., 1., 24., 117., 27., 4., 0., 0., 0., 0., 20.,
       66., 36., 42., 11., 6., 7., 6., 28., 61., 30., 119., 42., 2., 1.,
       0., 2., 9., 39., 24., 3., 0., 4., 37., 45., 19., 6., 0., 1., 17.,
       47., 100., 119., 77., 11., 12., 9., 46., 67., 18., 23., 78., 38.,
       119., 86., 20., 5., 1., 1., 24., 73., 67., 11., 0., 0., 2., 15.,
       17., 15., 0., 0., 0., 18., 102., 90., 40., 2., 8., 28., 83., 33.,
       20., 4., 83., 67., 119., 77., 57., 7., 0., 0., 43., 88., 107.,
       21., 0., 0., 0., 2., 10., 22., 0., 0., 0., 1., 88., 65., 10., 2.,
       8., 6., 14., 6., 7., 31., 119., 72., 78., 34., 11., 3., 15., 49.,
       60., 50., 111., 29., 0., 0., 0., 1., 6., 16., 2., 0., 0., 0., 33.,
       36., 11., 3., 53., 5., 2., 6., 28., 20., 14., 34., 64., 72., 13.,
       12., 40., 21., 6., 9., 86., 40., 0., 0., 6., 45., 14., 9., 48.,
       7., 0., 0., 4., 28., 23., 34., 94., 16., 0., 0., 34., 78., 8.,
       13., 91., 20., 1., 1., 49., 128., 17., 15., 128., 31., 0., 0., 1.,
       22., 34., 38., 25., 0., 0., 0., 0., 11., 91., 90., 69., 2., 0.,
       0., 34., 110., 23., 45., 64., 1., 0., 0., 6., 128., 51., 55.,
       128., 10., 0., 0., 2., 58., 23., 65., 77., 4., 0., 0., 0., 0.,
       34., 61., 13., 0., 0., 0., 13., 74., 70., 47., 22., 0., 0., 0.,
       25., 95., 40., 78., 99., 30., 0., 0., 34., 85., 11., 15., 118.,
       26., 0., 0., 0., 0., 5., 16., 5., 15., 20., 99., 80., 0., 0., 1.,
       16., 74., 128., 44., 12., 4., 10., 15., 128., 39., 44., 24., 4.,
       4., 4., 24., 47., 24., 14., 0., 0., 0., 0., 1., 7., 7., 10., 128.,
       128., 0., 0., 3., 89., 25., 45., 32., 13., 0., 2., 128., 106.,
       19., 13., 0., 0., 0., 4., 128., 19., 17., 30., 0., 0., 0., 0., 4.,
       25., 26., 15., 113., 128., 6., 3., 11., 128., 71., 7., 8., 3., 1.,
       2., 68., 71., 32., 22., 0., 0., 0., 0., 21., 0., 15., 40., 0., 0.,
       0., 0., 0., 31., 17., 6., 43., 109., 7., 4., 14., 128., 47., 3.,
       1., 1., 1., 2., 43., 35., 16., 24., 7., 0., 0., 0., 3., 0., 10.,
