%YAML:1.0
---
mat: !!opencv-matrix
   rows: 44
   cols: 128
   dt: f
   data: [ 0., 5., 18., 9., 18., 33., 51., 18., 1., 1., 3., 3., 12., 15.,
       106., 122., 12., 0., 0., 0., 0., 1., 81., 123., 11., 0., 0., 0.,
       0., 8., 24., 123., 0., 2., 1., 0., 2., 67., 123., 27., 19., 8.,
       4., 10., 8., 18., 91., 90., 123., 16., 2., 1., 0., 1., 18., 112.,
       19., 2., 0., 0., 0., 17., 22., 34., 0., 91., 53., 0., 1., 26.,
       19., 0., 10., 34., 16., 3., 6., 47., 62., 25., 107., 29., 6., 0.,
       0., 1., 23., 62., 21., 30., 12., 0., 0., 3., 2., 1., 0., 123.,
       123., 0., 0., 0., 0., 0., 1., 123., 123., 0., 0., 0., 4., 3., 5.,
       118., 79., 0., 0., 0., 2., 5., 1., 58., 45., 0., 0., 0., 0., 0.,
       9., 21., 2., 0., 1., 31., 32., 5., 90., 130., 1., 0., 0., 6., 21.,
       16., 91., 130., 29., 0., 0., 0., 0., 2., 9., 43., 53., 16., 2.,
       0., 0., 2., 16., 6., 1., 0., 0., 16., 100., 35., 47., 12., 0., 0.,
       4., 21., 60., 48., 130., 48., 5., 1., 1., 1., 5., 54., 28., 13.,
       7., 77., 16., 0., 1., 29., 1., 0., 0., 0., 0., 76., 130., 13., 6.,
       0., 0., 0., 2., 120., 130., 47., 53., 0., 0., 41., 12., 3., 36.,
       130., 7., 0., 0., 130., 58., 0., 0., 10., 8., 10., 4., 4., 5.,
       28., 26., 7., 0., 0., 1., 27., 28., 82., 37., 6., 0., 0., 0.,
       130., 55., 6., 14., 15., 0., 0., 0., 130., 59., 0., 0., 0., 3.,
       98., 124., 0., 0., 0., 2., 2., 4., 124., 93., 9., 0., 0., 0., 0.,
       19., 38., 49., 21., 7., 0., 0., 3., 5., 5., 3., 19., 124., 0., 0.,
       1., 14., 31., 13., 0., 0., 1., 31., 35., 36., 120., 10., 0., 0.,
       4., 8., 31., 113., 89., 3., 2., 13., 1., 1., 12., 14., 2., 0.,
       22., 124., 0., 0., 1., 18., 11., 2., 0., 0., 0., 47., 96., 18.,
       3., 0., 0., 0., 7., 124., 100., 88., 6., 0., 1., 21., 3., 41.,
       89., 10., 0., 0., 20., 124., 1., 0., 4., 5., 2., 0., 0., 0., 0.,
       91., 120., 3., 1., 0., 0., 1., 11., 124., 59., 2., 0., 0., 3.,
       45., 26., 61., 19., 0., 0., 0., 22., 124., 4., 1., 1., 0., 0., 1.,
       1., 1., 2., 123., 96., 0., 0., 3., 3., 1., 3., 123., 123., 1., 0.,
       2., 4., 13., 21., 72., 70., 12., 0., 0., 0., 2., 14., 30., 123.,
       13., 5., 12., 27., 5., 2., 94., 89., 6., 5., 47., 108., 14., 3.,
       38., 40., 76., 13., 37., 19., 12., 6., 12., 93., 21., 0., 0., 0.,
       1., 2., 10., 123., 7., 12., 84., 70., 14., 24., 1., 6., 23., 17.,
       44., 84., 13., 2., 2., 4., 123., 61., 5., 4., 2., 0., 1., 36.,
       67., 23., 0., 0., 1., 2., 2., 30., 1., 2., 7., 7., 15., 123., 44.,
       4., 7., 11., 7., 2., 1., 22., 123., 23., 123., 43., 1., 0., 0.,
       4., 57., 51., 75., 29., 1., 0., 0., 0., 0., 11., 12., 2., 0., 0.,
       0., 0., 0., 0., 159., 46., 12., 28., 5., 2., 1., 1., 10., 10.,
       33., 162., 27., 15., 5., 0., 0., 1., 59., 44., 3., 5., 7., 0.,
       26., 3., 0., 0., 0., 0., 0., 0., 162., 35., 7., 15., 9., 30., 29.,
       46., 37., 5., 14., 72., 70., 162., 120., 19., 0., 2., 27., 13.,
       34., 113., 90., 1., 23., 2., 0., 0., 0., 0., 0., 0., 162., 29.,
       0., 1., 11., 5., 4., 11., 80., 5., 0., 6., 162., 60., 12., 6., 0.,
       0., 0., 3., 149., 36., 5., 0., 2., 0., 0., 0., 0., 0., 0., 0.,
       51., 3., 0., 0., 1., 0., 0., 0., 9., 1., 0., 2., 21., 0., 0., 0.,
       0., 0., 0., 1., 16., 0., 0., 0., 3., 7., 82., 148., 12., 0., 0.,
       0., 26., 46., 103., 41., 1., 0., 2., 11., 112., 90., 21., 0., 0.,
       3., 4., 51., 28., 7., 0., 0., 0., 52., 47., 42., 44., 15., 32.,
       108., 11., 0., 0., 17., 105., 74., 16., 5., 0., 0., 1., 17., 148.,
       30., 1., 0., 0., 0., 1., 95., 43., 7., 6., 10., 7., 9., 11., 49.,
       44., 9., 16., 30., 8., 1., 1., 34., 148., 29., 31., 28., 5., 0.,
       0., 25., 148., 34., 7., 3., 0., 0., 0., 27., 26., 20., 44., 55.,
       1., 0., 0., 1., 15., 7., 23., 45., 6., 0., 1., 12., 148., 7., 11.,
       13., 1., 0., 0., 62., 148., 12., 6., 23., 2., 0., 0., 39., 5., 4.,
       17., 65., 2., 0., 0., 0., 66., 28., 19., 8., 0., 1., 10., 63., 9.,
       7., 11., 42., 25., 60., 44., 41., 10., 21., 0., 9., 30., 94., 18.,
       3., 75., 122., 0., 0., 0., 10., 5., 2., 43., 68., 22., 3., 13.,
       50., 17., 8., 63., 43., 39., 46., 6., 3., 26., 62., 6., 3., 4.,
       29., 23., 102., 79., 35., 61., 19., 0., 3., 8., 57., 42., 15., 7.,
       4., 1., 0., 22., 122., 122., 6., 74., 38., 16., 7., 0., 43., 84.,
       31., 8., 14., 23., 55., 11., 9., 44., 79., 10., 1., 0., 15., 12.,
       31., 82., 60., 0., 0., 0., 0., 0., 122., 122., 3., 1., 1., 1., 0.,
       0., 122., 122., 7., 3., 1., 2., 15., 9., 54., 108., 77., 3., 0.,
       2., 71., 20., 14., 25., 24., 1., 2., 77., 9., 0., 4., 50., 19.,
       4., 15., 66., 2., 0., 4., 55., 51., 26., 46., 35., 0., 1., 5.,
       36., 64., 24., 58., 36., 0., 6., 10., 18., 46., 36., 8., 2., 4.,
       31., 32., 70., 54., 75., 17., 5., 4., 31., 27., 52., 77., 68.,
       11., 5., 9., 54., 33., 35., 41., 117., 10., 0., 0., 31., 27., 8.,
       29., 34., 67., 76., 42., 25., 5., 4., 6., 45., 85., 69., 42., 23.,
       4., 4., 22., 55., 34., 42., 26., 23., 3., 8., 88., 91., 12., 0.,
       1., 7., 7., 37., 129., 5., 14., 21., 5., 0., 3., 73., 85., 14.,
       7., 10., 5., 0., 5., 117., 129., 13., 3., 1., 0., 0., 0., 123.,
       129., 12., 0., 0., 0., 0., 0., 66., 129., 20., 2., 0., 1., 39.,
       36., 1., 8., 139., 57., 0., 0., 0., 0., 1., 9., 108., 29., 0., 0.,
       0., 17., 32., 16., 1., 0., 0., 0., 0., 11., 62., 28., 4., 0., 0.,
       0., 33., 139., 20., 10., 117., 40., 0., 0., 0., 20., 31., 18.,
       139., 48., 0., 0., 0., 1., 16., 35., 17., 0., 0., 0., 0., 11.,
       76., 30., 1., 0., 0., 0., 8., 139., 43., 9., 47., 1., 0., 0., 4.,
       132., 75., 51., 139., 21., 2., 0., 0., 1., 10., 86., 38., 19.,
       34., 15., 0., 2., 17., 17., 5., 4., 22., 16., 27., 81., 9., 8.,
       4., 0., 28., 28., 25., 105., 50., 32., 42., 16., 97., 47., 0., 1.,
       14., 50., 6., 13., 139., 97., 0., 0., 0., 0., 1., 2., 23., 2., 0.,
       1., 63., 36., 1., 2., 17., 1., 2., 16., 101., 28., 4., 6., 9., 0.,
       0., 2., 82., 81., 10., 8., 3., 0., 4., 14., 64., 63., 57., 10.,
       2., 1., 5., 8., 80., 109., 24., 5., 1., 2., 112., 77., 74., 47.,
       112., 11., 1., 1., 19., 10., 46., 112., 14., 5., 1., 2., 87., 48.,
       34., 44., 112., 72., 29., 7., 12., 3., 2., 20., 27., 16., 42.,
       54., 112., 38., 3., 8., 112., 109., 50., 15., 32., 8., 2., 10.,
       16., 27., 62., 42., 73., 16., 1., 7., 21., 94., 71., 5., 1., 0.,
       2., 4., 1., 15., 112., 76., 14., 2., 15., 5., 24., 60., 56., 21.,
       4., 0., 6., 47., 13., 19., 44., 12., 1., 0., 19., 85., 5., 0.,
       23., 57., 8., 22., 47., 19., 2., 0., 8., 56., 22., 93., 53., 9.,
       8., 5., 19., 8., 3., 18., 105., 56., 0., 1., 10., 11., 13., 75.,
       67., 4., 107., 9., 2., 10., 18., 19., 37., 34., 29., 3., 3., 34.,
       112., 94., 36., 12., 112., 9., 3., 8., 29., 20., 53., 67., 12.,
       1., 1., 24., 112., 89., 45., 10., 72., 37., 68., 53., 9., 3., 0.,
       3., 25., 9., 72., 112., 105., 4., 2., 3., 112., 58., 72., 41.,
       21., 2., 2., 6., 8., 6., 69., 90., 87., 10., 3., 2., 1., 9., 69.,
       44., 7., 15., 7., 0., 1., 5., 98., 37., 3., 9., 11., 0., 4., 30.,
       112., 20., 1., 3., 12., 0., 0., 3., 97., 28., 2., 3., 9., 0., 1.,
       2., 1., 0., 12., 34., 10., 1., 96., 33., 1., 0., 13., 23., 2.,
       15., 73., 8., 0., 0., 0., 0., 26., 118., 0., 0., 0., 0., 0., 0.,
       39., 84., 0., 0., 0., 0., 7., 52., 14., 0., 99., 17., 0., 0., 10.,
       130., 78., 21., 132., 29., 7., 3., 0., 5., 25., 113., 23., 5.,
       45., 87., 0., 0., 35., 91., 0., 0., 0., 0., 0., 5., 9., 0., 10.,
       0., 3., 28., 11., 102., 132., 13., 103., 30., 91., 132., 15., 36.,
       59., 34., 12., 11., 132., 132., 0., 0., 0., 3., 0., 0., 0., 0.,
       0., 0., 0., 0., 0., 0., 14., 64., 7., 6., 4., 0., 0., 0., 49.,
       132., 7., 4., 1., 0., 0., 0., 18., 39., 0., 0., 0., 0., 2., 81.,
