%YAML:1.0
---
mat: !!opencv-matrix
   rows: 42
   cols: 128
   dt: f
   data: [ 0., 0., 3., 46., 13., 4., 0., 0., 30., 18., 35., 75., 21.,
       31., 10., 11., 46., 9., 3., 11., 13., 5., 12., 52., 7., 0., 0.,
       101., 124., 1., 2., 20., 2., 1., 2., 81., 87., 0., 0., 0., 124.,
       54., 25., 84., 65., 0., 0., 26., 73., 20., 17., 116., 41., 0., 1.,
       24., 20., 0., 0., 124., 124., 6., 11., 117., 1., 1., 0., 13., 28.,
       3., 4., 0., 71., 106., 22., 12., 31., 18., 88., 11., 17., 58.,
       65., 100., 20., 6., 85., 59., 7., 0., 1., 43., 27., 5., 64., 124.,
       0., 0., 0., 0., 0., 0., 2., 0., 1., 2., 0., 0., 0., 10., 107., 8.,
       1., 2., 1., 0., 0., 3., 113., 55., 0., 0., 1., 6., 9., 2., 23.,
       34., 0., 0., 4., 36., 8., 2., 0., 0., 15., 9., 26., 51., 47., 31.,
       7., 9., 45., 13., 1., 21., 27., 10., 13., 53., 5., 2., 0., 124.,
       124., 6., 6., 5., 3., 2., 8., 103., 15., 0., 0., 0., 124., 45.,
       40., 95., 11., 0., 1., 25., 51., 11., 12., 124., 63., 1., 4., 32.,
       0., 0., 0., 124., 124., 14., 59., 112., 3., 2., 2., 17., 2., 0.,
       15., 2., 81., 70., 22., 22., 2., 4., 98., 23., 12., 23., 32.,
       118., 31., 9., 106., 60., 0., 0., 2., 26., 19., 4., 71., 124., 0.,
       0., 0., 0., 0., 0., 8., 1., 1., 1., 0., 0., 0., 6., 120., 11., 0.,
       0., 0., 3., 6., 3., 103., 39., 0., 1., 29., 37., 16., 1., 17.,
       27., 1., 4., 3., 23., 2., 0., 0., 0., 0., 0., 13., 116., 6., 2.,
       1., 0., 7., 0., 3., 33., 3., 3., 1., 1., 3., 0., 0., 0., 0., 0.,
       0., 1., 12., 8., 4., 110., 45., 0., 0., 3., 41., 5., 11., 128.,
       31., 35., 47., 35., 74., 7., 2., 24., 20., 128., 56., 22., 118.,
       9., 0., 0., 0., 4., 2., 15., 22., 14., 5., 95., 128., 0., 0., 4.,
       128., 62., 7., 40., 44., 15., 9., 25., 49., 7., 3., 6., 57., 120.,
       26., 32., 85., 34., 14., 3., 2., 9., 9., 38., 13., 19., 34., 128.,
       128., 0., 0., 0., 128., 128., 10., 33., 42., 1., 0., 0., 44., 35.,
       6., 13., 53., 39., 8., 1., 7., 66., 28., 6., 15., 37., 7., 1., 0.,
       20., 107., 19., 0., 0., 0., 0., 0., 31., 125., 8., 0., 0., 0., 0.,
       4., 51., 48., 2., 0., 0., 0., 0., 2., 6., 2., 1., 1., 0., 0., 0.,
       28., 55., 103., 45., 53., 54., 12., 20., 27., 99., 125., 71., 30.,
       35., 14., 13., 125., 125., 77., 13., 4., 5., 3., 16., 38., 12.,
       0., 0., 1., 0., 0., 1., 16., 1., 0., 0., 35., 123., 84., 54., 20.,
       6., 3., 8., 22., 125., 125., 57., 125., 14., 2., 2., 3., 25., 84.,
       125., 38., 1., 0., 0., 0., 0., 0., 11., 0., 1., 6., 1., 0., 13.,
       37., 6., 0., 0., 22., 19., 0., 14., 81., 9., 4., 3., 94., 25., 0.,
       4., 37., 29., 3., 15., 88., 1., 0., 0., 0., 3., 0., 5., 30., 13.,
       1., 0., 0., 0., 0., 4., 60., 57., 6., 1., 0., 0., 2., 32., 120.,
       65., 9., 2., 0., 0., 3., 28., 85., 93., 13., 2., 0., 0., 6., 14.,
       120., 98., 20., 13., 0., 0., 95., 69., 120., 58., 23., 39., 8.,
       7., 52., 47., 48., 41., 47., 120., 14., 14., 42., 30., 18., 35.,
       40., 90., 31., 19., 53., 27., 31., 27., 34., 120., 64., 27., 120.,
       31., 16., 4., 5., 52., 68., 107., 51., 1., 0., 0., 25., 120., 50.,
       38., 20., 1., 0., 0., 1., 41., 90., 79., 36., 4., 0., 0., 0., 25.,
       62., 66., 14., 0., 0., 0., 0., 12., 71., 63., 4., 0., 0., 0., 0.,
       8., 18., 17., 0., 0., 1., 1., 0., 1., 15., 14., 40., 101., 60.,
       27., 6., 0., 0., 1., 20., 64., 71., 11., 0., 0., 0., 0., 11., 21.,
       16., 2., 0., 0., 0., 0., 0., 6., 12., 1., 0., 1., 1., 0., 78.,
       25., 14., 36., 34., 24., 44., 40., 115., 48., 39., 53., 19., 3.,
       1., 17., 55., 36., 73., 115., 9., 0., 0., 5., 26., 109., 76., 30.,
       1., 0., 0., 0., 4., 1., 0., 7., 39., 115., 81., 13., 102., 15.,
       6., 33., 37., 72., 87., 52., 38., 24., 25., 115., 95., 107., 42.,
       11., 115., 86., 32., 58., 27., 21., 20., 23., 0., 0., 0., 0., 0.,
       23., 23., 0., 0., 0., 0., 0., 6., 53., 58., 4., 3., 0., 0., 0.,
       8., 115., 92., 6., 19., 2., 0., 6., 14., 77., 89., 20., 46., 95.,
       7., 5., 60., 39., 8., 23., 123., 123., 2., 1., 3., 4., 2., 5.,
       23., 29., 2., 24., 67., 9., 1., 0., 80., 9., 0., 9., 29., 2., 0.,
       4., 27., 13., 3., 13., 76., 95., 20., 25., 123., 52., 5., 8., 4.,
       24., 13., 46., 68., 16., 9., 103., 46., 0., 0., 13., 106., 2., 2.,
       18., 12., 0., 0., 42., 13., 39., 38., 24., 31., 44., 9., 3., 102.,
       123., 50., 13., 3., 11., 6., 21., 47., 32., 25., 53., 5., 0., 1.,
       121., 44., 1., 8., 21., 7., 0., 0., 74., 25., 4., 9., 1., 10.,
       123., 69., 26., 64., 22., 12., 1., 3., 49., 57., 123., 43., 4.,
       1., 12., 2., 0., 2., 123., 1., 2., 10., 45., 18., 3., 1., 15., 0.,
       0., 22., 118., 19., 0., 0., 0., 8., 4., 45., 118., 29., 2., 10.,
       20., 37., 12., 22., 38., 23., 7., 14., 98., 96., 35., 3., 11.,
       44., 7., 3., 11., 13., 13., 47., 118., 61., 11., 1., 5., 104., 6.,
       14., 32., 36., 15., 32., 118., 20., 1., 0., 41., 75., 12., 48.,
       118., 70., 38., 2., 24., 102., 30., 7., 23., 33., 12., 11., 25.,
       50., 19., 40., 63., 118., 22., 2., 18., 53., 9., 3., 21., 62.,
       21., 7., 76., 62., 15., 4., 9., 65., 5., 1., 4., 52., 51., 6.,
       43., 9., 0., 0., 2., 114., 22., 25., 56., 118., 2., 0., 5., 80.,
       20., 5., 40., 45., 39., 9., 17., 72., 56., 3., 7., 51., 38., 19.,
       10., 20., 8., 2., 10., 39., 0., 0., 3., 9., 26., 16., 27., 54.,
       9., 1., 10., 89., 118., 17., 15., 119., 16., 3., 12., 31., 34.,
       22., 25., 1., 0., 3., 14., 22., 41., 47., 3., 20., 0., 0., 9.,
       17., 26., 62., 29., 60., 22., 5., 116., 138., 65., 15., 14., 138.,
       49., 4., 19., 23., 18., 34., 62., 38., 0., 0., 0., 0., 18., 95.,
       54., 0., 0., 0., 1., 9., 85., 84., 1., 15., 2., 0., 12., 61.,
       138., 138., 26., 138., 5., 0., 1., 5., 45., 96., 138., 75., 0.,
       0., 0., 0., 0., 4., 54., 0., 0., 0., 0., 0., 11., 17., 0., 0., 0.,
       0., 0., 3., 61., 39., 1., 16., 0., 0., 0., 2., 20., 16., 12., 9.,
       0., 0., 0., 0., 0., 0., 3., 96., 0., 0., 0., 29., 33., 4., 21.,
       43., 7., 0., 7., 117., 95., 11., 17., 127., 11., 1., 9., 26., 9.,
       3., 25., 7., 26., 41., 41., 47., 5., 0., 1., 121., 0., 0., 0.,
       36., 18., 1., 20., 33., 8., 4., 14., 127., 74., 7., 12., 127.,
       25., 3., 5., 57., 25., 4., 26., 10., 4., 50., 71., 127., 66., 11.,
       2., 59., 0., 0., 0., 28., 12., 2., 38., 14., 3., 1., 3., 127.,
       93., 14., 16., 127., 19., 1., 4., 51., 21., 13., 44., 21., 2., 0.,
       5., 127., 76., 38., 12., 4., 0., 0., 0., 8., 8., 3., 17., 1., 1.,
       0., 1., 54., 85., 29., 5., 33., 8., 1., 1., 17., 32., 52., 65.,
       24., 4., 0., 0., 69., 91., 9., 13., 99., 56., 19., 19., 31., 2.,
       0., 5., 53., 28., 42., 58., 35., 5., 0., 4., 57., 78., 43., 14.,
       5., 2., 0., 3., 20., 16., 5., 7., 0., 0., 0., 0., 130., 72., 34.,
       8., 9., 0., 6., 47., 63., 12., 12., 72., 130., 7., 1., 16., 130.,
       54., 16., 22., 14., 3., 1., 10., 47., 6., 5., 46., 22., 0., 0.,
       1., 130., 14., 1., 7., 15., 13., 65., 81., 57., 15., 4., 65.,
       130., 8., 3., 10., 130., 36., 5., 15., 22., 4., 3., 39., 32., 5.,
       1., 57., 89., 0., 0., 1., 23., 1., 1., 10., 24., 18., 16., 28.,
       30., 17., 7., 70., 130., 4., 0., 11., 130., 62., 6., 15., 13., 2.,
       0., 16., 13., 9., 1., 61., 100., 0., 0., 0., 0., 0., 1., 3., 0.,
       0., 0., 0., 0., 6., 39., 39., 0., 0., 0., 0., 4., 52., 50., 9.,
       0., 0., 0., 0., 2., 11., 1., 0., 0., 0., 0., 0., 0., 2., 15., 34.,
       17., 0., 0., 0., 12., 25., 90., 131., 131., 22., 4., 5., 131.,
       131., 110., 58., 12., 7., 4., 19., 53., 30., 1., 0., 0., 0., 0.,
       0., 8., 11., 82., 101., 16., 2., 1., 6., 34., 17., 30., 49., 131.,
       131., 104., 40., 131., 20., 3., 7., 12., 41., 120., 131., 72., 9.,
       1., 1., 0., 0., 0., 15., 75., 42., 35., 55., 1., 0., 5., 32., 83.,
       12., 2., 1., 0., 9., 36., 55., 12., 6., 1., 0., 0., 4., 52., 44.,
