%YAML:1.0
---
mat: !!opencv-matrix
   rows: 57
   cols: 128
   dt: f
   data: [ 5., 2., 21., 3., 0., 0., 0., 3., 3., 0., 6., 3., 0., 3., 29.,
       21., 2., 1., 0., 0., 0., 10., 30., 9., 6., 1., 0., 0., 0., 5.,
       14., 7., 41., 3., 0., 0., 0., 0., 0., 10., 131., 3., 0., 0., 10.,
       50., 109., 131., 27., 0., 0., 0., 60., 131., 122., 70., 15., 0.,
       0., 0., 59., 70., 53., 41., 61., 6., 0., 0., 0., 0., 0., 3., 131.,
       105., 35., 17., 26., 14., 7., 18., 82., 53., 51., 87., 131., 69.,
       9., 22., 51., 28., 20., 11., 85., 94., 12., 24., 15., 10., 0., 0.,
       0., 0., 0., 1., 38., 98., 76., 15., 1., 0., 0., 0., 8., 63., 118.,
       75., 9., 0., 0., 0., 9., 55., 106., 24., 8., 11., 1., 2., 2., 1.,
       12., 4., 0., 0., 19., 21., 67., 11., 4., 1., 0., 3., 26., 34.,
       29., 2., 0., 3., 8., 33., 54., 19., 1., 0., 1., 1., 1., 43., 69.,
       3., 69., 4., 4., 1., 1., 3., 22., 71., 88., 11., 0., 0., 43., 57.,
       56., 46., 126., 11., 0., 0., 8., 30., 109., 82., 7., 0., 0., 0.,
       11., 119., 126., 14., 124., 7., 0., 0., 1., 1., 10., 39., 119.,
       8., 0., 1., 50., 93., 8., 20., 126., 71., 1., 1., 15., 41., 10.,
       26., 42., 18., 2., 45., 57., 77., 14., 5., 39., 6., 0., 0., 3.,
       12., 41., 37., 66., 35., 11., 11., 30., 34., 3., 8., 126., 108.,
       8., 18., 31., 18., 1., 2., 46., 55., 5., 102., 105., 7., 0., 0.,
       3., 1., 0., 0., 0., 2., 15., 18., 14., 4., 0., 0., 1., 12., 15.,
       12., 25., 5., 0., 0., 0., 18., 47., 63., 44., 5., 0., 0., 0., 33.,
       40., 43., 37., 3., 0., 0., 8., 79., 79., 71., 57., 2., 0., 0.,
       43., 118., 41., 28., 118., 25., 16., 8., 9., 60., 47., 100., 56.,
       18., 31., 26., 28., 118., 39., 22., 48., 43., 17., 36., 97., 118.,
       17., 9., 44., 56., 52., 37., 37., 118., 33., 9., 94., 47., 118.,
       78., 14., 33., 19., 12., 5., 12., 118., 82., 13., 12., 0., 1., 4.,
       37., 83., 111., 32., 3., 0., 0., 3., 39., 116., 54., 7., 2., 0.,
       0., 6., 4., 59., 48., 3., 1., 0., 0., 6., 10., 20., 5., 0., 0.,
       0., 0., 22., 44., 2., 0., 5., 80., 19., 4., 21., 21., 1., 2., 95.,
       28., 7., 8., 102., 52., 0., 0., 21., 5., 5., 70., 38., 37., 12.,
       31., 29., 30., 14., 20., 59., 60., 3., 0., 6., 64., 47., 8., 31.,
       6., 3., 2., 118., 101., 31., 12., 118., 29., 1., 0., 24., 13., 7.,
       57., 22., 27., 11., 36., 80., 39., 11., 14., 28., 118., 94., 0.,
       4., 4., 2., 1., 13., 118., 46., 4., 61., 118., 6., 3., 106., 72.,
       12., 2., 16., 93., 9., 7., 15., 35., 37., 78., 84., 4., 1., 2.,
       0., 37., 29., 0., 0., 1., 3., 1., 15., 118., 9., 0., 2., 13., 0.,
       0., 12., 118., 14., 4., 42., 88., 1., 0., 1., 12., 47., 57., 42.,
       37., 0., 0., 10., 0., 0., 0., 1., 5., 38., 111., 48., 3., 0., 5.,
       36., 64., 60., 39., 86., 7., 0., 1., 111., 42., 2., 6., 3., 2.,
       0., 0., 85., 26., 0., 1., 51., 10., 5., 13., 24., 16., 23., 86.,
       32., 16., 5., 97., 111., 16., 4., 6., 111., 37., 2., 15., 98.,
       57., 2., 10., 1., 1., 0., 0., 99., 111., 2., 1., 13., 15., 48.,
       98., 55., 8., 7., 7., 45., 4., 18., 111., 38., 1., 0., 44., 111.,
       47., 6., 14., 33., 29., 2., 56., 5., 7., 2., 17., 99., 111., 2.,
       2., 13., 4., 7., 33., 111., 23., 0., 4., 61., 1., 5., 21., 21.,
       4., 1., 57., 51., 80., 13., 18., 33., 2., 0., 13., 14., 20., 2.,
       36., 104., 2., 0., 0., 6., 5., 21., 95., 21., 1., 1., 12., 84.,
       11., 5., 18., 2., 0., 1., 114., 52., 21., 16., 4., 7., 63., 52.,
       71., 41., 7., 5., 2., 9., 90., 56., 28., 53., 1., 11., 47., 14.,
       1., 0., 67., 68., 51., 36., 53., 5., 0., 0., 86., 91., 114., 50.,
       13., 3., 16., 9., 15., 19., 47., 21., 22., 32., 39., 12., 3.,
       118., 2., 3., 22., 23., 0., 0., 41., 89., 26., 10., 92., 53., 0.,
       0., 12., 125., 71., 4., 4., 4., 28., 20., 46., 25., 15., 3., 10.,
       84., 83., 26., 30., 102., 11., 0., 7., 41., 6., 0., 3., 24., 41.,
       2., 18., 77., 18., 4., 1., 105., 125., 4., 2., 4., 4., 4., 4.,
       47., 102., 9., 7., 57., 29., 7., 25., 25., 21., 0., 1., 16., 4.,
       1., 6., 117., 70., 0., 0., 0., 20., 14., 52., 26., 9., 3., 1., 1.,
       141., 78., 19., 1., 3., 5., 3., 1., 101., 122., 1., 46., 0., 0.,
       2., 11., 6., 5., 21., 141., 10., 0., 0., 6., 11., 12., 126., 38.,
       37., 13., 13., 102., 58., 30., 37., 10., 81., 37., 11., 24., 61.,
       61., 3., 45., 1., 0., 0., 8., 10., 8., 15., 141., 43., 1., 2.,
       11., 4., 1., 15., 66., 28., 4., 15., 141., 78., 5., 4., 27., 54.,
       27., 8., 31., 35., 14., 4., 20., 1., 0., 0., 10., 12., 6., 7.,
       141., 51., 1., 0., 1., 1., 1., 10., 61., 30., 12., 11., 31., 74.,
       10., 8., 10., 13., 16., 6., 9., 113., 24., 3., 3., 0., 1., 1., 0.,
       2., 82., 74., 1., 0., 3., 4., 5., 55., 113., 14., 5., 0., 0., 0.,
       2., 24., 89., 48., 2., 0., 0., 0., 0., 19., 81., 22., 50., 8.,
       23., 33., 26., 24., 34., 88., 34., 7., 88., 65., 24., 63., 54.,
       13., 113., 14., 10., 11., 5., 48., 89., 93., 5., 9., 14., 8., 25.,
       70., 113., 56., 43., 113., 49., 8., 17., 49., 11., 2., 36., 20.,
       63., 50., 29., 93., 45., 5., 113., 103., 58., 52., 5., 9., 6.,
       10., 9., 85., 88., 68., 29., 6., 10., 5., 1., 61., 57., 2., 0.,
       0., 7., 1., 3., 25., 91., 37., 4., 0., 5., 2., 9., 77., 68., 17.,
       1., 0., 1., 1., 4., 46., 71., 19., 1., 0., 0., 0., 28., 4., 0.,
       0., 0., 0., 2., 10., 24., 1., 0., 1., 15., 26., 82., 49., 5., 1.,
       5., 42., 42., 38., 68., 40., 58., 6., 11., 19., 3., 3., 21., 70.,
       124., 22., 0., 0., 0., 0., 0., 9., 124., 29., 8., 5., 11., 54.,
       82., 83., 5., 3., 8., 35., 76., 124., 124., 29., 5., 0., 7., 42.,
       50., 36., 35., 34., 123., 31., 3., 0., 0., 0., 0., 4., 124., 124.,
       124., 14., 2., 3., 7., 14., 7., 49., 124., 85., 55., 24., 16., 5.,
       7., 10., 5., 10., 32., 63., 52., 10., 6., 15., 8., 0., 0., 0., 0.,
       0., 3., 84., 92., 0., 0., 0., 0., 0., 3., 76., 113., 1., 0., 0.,
       0., 0., 6., 20., 5., 0., 0., 1., 3., 3., 4., 29., 43., 8., 7.,
       39., 29., 3., 51., 13., 2., 0., 0., 24., 56., 62., 37., 15., 11.,
       27., 28., 7., 13., 17., 0., 0., 0., 17., 26., 2., 0., 0., 56.,
       74., 40., 5., 3., 28., 35., 23., 123., 50., 6., 3., 7., 32., 88.,
       89., 12., 5., 5., 31., 123., 102., 49., 14., 0., 0., 0., 24.,
       123., 13., 0., 0., 73., 71., 7., 0., 0., 6., 29., 37., 123., 73.,
       123., 57., 6., 6., 11., 49., 8., 13., 123., 123., 123., 22., 2.,
       2., 0., 0., 9., 53., 105., 1., 0., 0., 10., 18., 13., 2., 0., 0.,
       0., 0., 3., 15., 118., 73., 0., 0., 0., 0., 0., 0., 101., 66., 1.,
       0., 0., 0., 0., 0., 11., 14., 2., 0., 0., 0., 8., 2., 0., 0., 1.,
       23., 102., 22., 2., 2., 2., 1., 6., 26., 110., 22., 3., 1., 1.,
       1., 4., 34., 75., 22., 0., 0., 0., 1., 5., 38., 52., 9., 114.,
       68., 5., 15., 13., 27., 86., 30., 35., 11., 6., 95., 114., 50.,
       88., 16., 114., 10., 5., 16., 18., 66., 56., 59., 2., 2., 4., 2.,
       32., 83., 92., 68., 75., 114., 57., 46., 9., 1., 1., 1., 59., 36.,
       47., 114., 64., 2., 1., 1., 114., 84., 86., 37., 4., 9., 8., 10.,
       2., 63., 114., 47., 44., 14., 20., 14., 6., 28., 21., 4., 0., 0.,
       0., 0., 7., 19., 22., 16., 0., 0., 0., 0., 9., 40., 78., 17., 2.,
       0., 0., 0., 0., 30., 94., 26., 3., 0., 0., 0., 0., 0., 0., 0., 0.,
       1., 22., 8., 85., 6., 0., 0., 0., 2., 11., 25., 120., 32., 4.,
       11., 22., 12., 3., 45., 3., 3., 2., 33., 120., 36., 2., 2., 34.,
       7., 0., 0., 0., 32., 82., 58., 78., 7., 0., 0., 0., 105., 67.,
       23., 120., 50., 4., 10., 27., 27., 10., 47., 5., 5., 3., 30.,
       120., 66., 2., 3., 69., 116., 1., 0., 0., 21., 38., 19., 23., 94.,
       3., 0., 0., 120., 68., 19., 97., 31., 9., 9., 20., 47., 39., 65.,
       4., 6., 7., 32., 120., 53., 2., 4., 4., 43., 20., 3., 7., 49.,
       54., 5., 4., 120., 29., 1., 16., 40., 10., 0., 25., 105., 20., 7.,
