%YAML:1.0
---
mat: !!opencv-matrix
   rows: 63
   cols: 128
   dt: f
   data: [ 3., 0., 0., 5., 2., 0., 4., 31., 5., 2., 1., 2., 1., 0., 23.,
       126., 59., 4., 1., 7., 14., 2., 19., 126., 12., 2., 0., 54., 126.,
       17., 11., 21., 6., 1., 3., 17., 1., 0., 22., 121., 26., 38., 74.,
       47., 0., 0., 9., 106., 126., 71., 27., 27., 51., 0., 3., 27., 10.,
       2., 0., 99., 126., 0., 0., 4., 15., 20., 53., 79., 0., 0., 4.,
       28., 86., 16., 40., 95., 0., 0., 1., 22., 126., 31., 8., 39., 86.,
       0., 0., 34., 12., 1., 0., 66., 126., 4., 3., 26., 2., 4., 21.,
       12., 0., 0., 0., 0., 100., 19., 3., 6., 0., 0., 0., 21., 115.,
       38., 22., 32., 66., 3., 1., 22., 8., 2., 4., 21., 73., 12., 18.,
       29., 31., 0., 5., 28., 19., 0., 0., 5., 158., 1., 0., 3., 9., 3.,
       0., 35., 74., 4., 3., 33., 101., 46., 14., 12., 3., 3., 7., 99.,
       25., 15., 44., 23., 53., 1., 2., 2., 0., 0., 1., 6., 158., 15.,
       4., 10., 10., 7., 1., 35., 72., 9., 7., 158., 136., 49., 2., 12.,
       2., 2., 7., 158., 30., 2., 0., 0., 38., 13., 0., 0., 1., 2., 0.,
       2., 158., 140., 73., 43., 2., 0., 0., 5., 19., 26., 68., 158.,
       38., 1., 0., 1., 5., 0., 1., 68., 9., 0., 0., 6., 2., 5., 1., 2.,
       8., 2., 0., 1., 8., 44., 32., 7., 0., 0., 0., 2., 5., 6., 25.,
       30., 0., 0., 0., 4., 6., 0., 0., 2., 0., 0., 0., 12., 31., 1., 1.,
       55., 29., 1., 0., 3., 155., 3., 1., 4., 44., 4., 0., 6., 28., 0.,
       0., 7., 155., 10., 0., 2., 5., 0., 0., 4., 17., 1., 0., 27., 43.,
       2., 0., 24., 27., 1., 1., 3., 155., 5., 0., 1., 39., 11., 0., 10.,
       41., 1., 0., 6., 155., 105., 24., 9., 8., 0., 0., 12., 14., 18.,
       49., 108., 46., 2., 1., 6., 9., 1., 1., 7., 155., 2., 0., 10.,
       30., 6., 0., 18., 55., 12., 6., 55., 105., 48., 23., 12., 15., 9.,
       6., 118., 24., 9., 40., 30., 42., 2., 0., 0., 0., 1., 1., 2.,
       155., 7., 1., 7., 17., 12., 1., 11., 30., 3., 2., 91., 82., 50.,
       9., 7., 3., 2., 3., 115., 17., 1., 1., 2., 1., 1., 8., 33., 33.,
       1., 0., 0., 119., 1., 0., 0., 1., 1., 1., 16., 157., 1., 0., 14.,
       35., 5., 0., 18., 24., 8., 4., 45., 83., 31., 13., 7., 1., 1., 4.,
       5., 1., 1., 1., 2., 157., 6., 0., 0., 0., 1., 1., 6., 157., 3.,
       0., 4., 40., 26., 2., 18., 18., 3., 2., 52., 99., 72., 15., 9.,
       2., 4., 1., 0., 0., 1., 1., 2., 157., 11., 0., 0., 0., 1., 0.,
       11., 157., 60., 23., 66., 17., 7., 1., 15., 8., 4., 8., 157., 87.,
       16., 1., 2., 3., 2., 0., 0., 2., 3., 1., 2., 44., 41., 4., 0., 0.,
       0., 0., 1., 53., 101., 92., 68., 1., 0., 0., 0., 0., 1., 21.,
       124., 11., 0., 0., 1., 8., 1., 0., 0., 2., 24., 49., 34., 1., 2.,
       1., 0., 2., 35., 58., 2., 0., 0., 0., 1., 2., 18., 25., 1., 0.,
       0., 1., 2., 4., 2., 0., 0., 54., 8., 6., 70., 16., 21., 23., 59.,
       106., 19., 6., 24., 16., 62., 121., 55., 11., 0., 0., 5., 108.,
       167., 87., 11., 1., 0., 0., 3., 30., 15., 1., 1., 51., 10., 7.,
       132., 32., 0., 0., 11., 167., 24., 4., 20., 48., 8., 5., 19., 47.,
       0., 0., 30., 167., 31., 5., 6., 0., 0., 1., 14., 53., 2., 0., 1.,
       55., 2., 1., 52., 28., 0., 0., 2., 167., 2., 0., 1., 48., 5., 0.,
       10., 40., 0., 0., 4., 167., 23., 1., 3., 4., 0., 0., 5., 38., 4.,
       2., 31., 40., 4., 2., 30., 4., 0., 0., 4., 167., 26., 1., 2., 43.,
       0., 0., 4., 44., 5., 0., 7., 167., 3., 0., 1., 29., 0., 0., 2.,
       52., 2., 1., 53., 55., 2., 0., 1., 0., 0., 1., 13., 167., 32., 5.,
       5., 48., 1., 0., 27., 47., 8., 6., 16., 167., 26., 5., 20., 34.,
       0., 0., 11., 51., 11., 7., 131., 30., 15., 1., 1., 1., 0., 0., 3.,
       108., 166., 88., 11., 11., 0., 0., 4., 16., 61., 123., 56., 105.,
       19., 6., 24., 17., 22., 24., 58., 54., 8., 6., 68., 4., 2., 0.,
       0., 0., 0., 1., 2., 2., 18., 25., 1., 0., 0., 0., 1., 1., 34.,
       58., 2., 1., 2., 1., 0., 2., 24., 49., 33., 8., 1., 0., 0., 15.,
       11., 8., 11., 45., 59., 46., 24., 3., 7., 4., 4., 57., 95., 65.,
       12., 13., 4., 1., 1., 10., 47., 98., 19., 0., 0., 0., 0., 32.,
       54., 18., 2., 51., 66., 62., 100., 26., 3., 1., 4., 45., 41., 14.,
       62., 129., 11., 2., 2., 129., 28., 7., 17., 72., 33., 14., 21.,
       8., 0., 0., 1., 129., 63., 22., 34., 49., 82., 49., 26., 1., 1.,
       1., 0., 80., 45., 52., 113., 49., 0., 0., 3., 129., 7., 2., 17.,
       35., 35., 4., 35., 13., 0., 0., 55., 71., 91., 33., 19., 1., 11.,
       8., 1., 2., 22., 24., 2., 70., 16., 19., 9., 2., 14., 4., 2.,
       129., 61., 30., 48., 16., 2., 0., 9., 7., 3., 12., 129., 46., 3.,
       0., 1., 4., 0., 0., 2., 95., 67., 23., 20., 9., 0., 0., 1., 6.,
       22., 52., 51., 1., 0., 0., 1., 1., 40., 78., 6., 0., 0., 0., 0.,
       4., 31., 23., 0., 17., 7., 3., 16., 138., 26., 6., 26., 46., 12.,
       16., 64., 9., 11., 14., 48., 120., 16., 9., 14., 23., 45., 73.,
       44., 5., 0., 0., 5., 121., 93., 31., 6., 18., 4., 1., 30., 108.,
       37., 3., 5., 70., 10., 8., 112., 37., 2., 1., 4., 138., 12., 3.,
       9., 67., 5., 1., 18., 15., 0., 0., 16., 138., 8., 1., 3., 18., 5.,
       3., 65., 125., 6., 0., 2., 88., 3., 1., 45., 37., 0., 0., 4.,
       138., 1., 0., 0., 49., 12., 0., 16., 11., 0., 0., 1., 138., 55.,
       13., 7., 11., 0., 0., 2., 88., 37., 10., 19., 14., 1., 0., 2., 4.,
       30., 54., 46., 1., 1., 1., 1., 2., 39., 60., 5., 0., 0., 0., 0.,
       2., 20., 20., 0., 40., 1., 1., 13., 141., 11., 3., 52., 61., 11.,
       9., 97., 16., 15., 14., 55., 128., 17., 6., 23., 21., 51., 83.,
       46., 7., 0., 0., 7., 100., 101., 43., 6., 15., 1., 1., 39., 87.,
       27., 7., 26., 69., 8., 6., 130., 34., 0., 0., 10., 141., 11., 2.,
       12., 62., 5., 2., 21., 19., 0., 0., 25., 141., 9., 1., 3., 3., 0.,
       0., 68., 101., 14., 1., 1., 77., 2., 1., 41., 21., 0., 0., 4.,
       141., 0., 0., 0., 61., 5., 0., 14., 14., 0., 0., 4., 141., 21.,
       2., 2., 0., 0., 3., 2., 2., 30., 119., 19., 5., 0., 1., 1., 11.,
       63., 49., 19., 10., 0., 0., 0., 1., 29., 81., 53., 2., 0., 0., 0.,
       1., 29., 58., 44., 0., 2., 106., 69., 24., 20., 44., 12., 58.,
       14., 54., 64., 42., 41., 15., 15., 119., 19., 2., 3., 5., 68.,
       54., 63., 40., 8., 2., 3., 9., 86., 73., 119., 0., 7., 32., 23.,
       38., 102., 92., 0., 76., 6., 22., 19., 17., 46., 66., 19., 119.,
       27., 16., 41., 12., 7., 5., 26., 66., 112., 42., 58., 22., 10.,
       11., 23., 0., 42., 114., 24., 10., 30., 35., 0., 22., 20., 36.,
       70., 42., 26., 15., 3., 61., 72., 78., 47., 14., 0., 0., 3., 25.,
       77., 58., 53., 16., 0., 0., 0., 0., 0., 7., 11., 2., 2., 12., 4.,
       12., 0., 4., 2., 0., 4., 8., 18., 27., 0., 0., 0., 3., 32., 67.,
       80., 11., 0., 0., 0., 15., 66., 26., 6., 47., 15., 0., 0., 0.,
       34., 66., 57., 61., 3., 0., 0., 1., 118., 54., 25., 118., 42., 3.,
       0., 21., 66., 34., 85., 19., 12., 3., 1., 101., 118., 13., 9.,
       96., 103., 2., 0., 3., 36., 8., 10., 34., 80., 11., 0., 4., 118.,
       57., 15., 84., 87., 16., 8., 28., 42., 64., 31., 12., 103., 18.,
       9., 67., 118., 3., 2., 35., 23., 2., 1., 8., 102., 12., 10., 25.,
       105., 29., 8., 15., 7., 9., 8., 7., 79., 63., 65., 64., 16., 15.,
       3., 4., 89., 57., 44., 29., 7., 0., 0., 46., 26., 1., 1., 50.,
       42., 4., 2., 27., 3., 1., 0., 40., 58., 28., 82., 117., 26., 1.,
       13., 42., 2., 4., 98., 5., 3., 0., 42., 129., 5., 3., 5., 129.,
       41., 5., 13., 15., 34., 9., 11., 31., 19., 12., 79., 64., 61.,
       25., 17., 129., 50., 9., 26., 79., 0., 1., 10., 10., 2., 0., 35.,
       129., 2., 1., 10., 67., 101., 58., 41., 7., 1., 0., 1., 72., 24.,
       44., 129., 35., 1., 0., 2., 129., 46., 17., 29., 78., 1., 0., 13.,
       7., 2., 6., 25., 129., 14., 14., 32., 1., 14., 21., 6., 0., 1.,
       1., 0., 22., 26., 16., 15., 1., 0., 0., 0., 39., 88., 88., 18.,
       8., 0., 0., 0., 2., 23., 67., 32., 17., 2., 5., 7., 46., 4., 0.,
