%YAML:1.0
---
mat: !!opencv-matrix
   rows: 29
   cols: 128
   dt: f
   data: [ 13., 15., 0., 1., 63., 104., 6., 1., 120., 103., 0., 1., 27.,
       15., 0., 0., 32., 19., 7., 28., 11., 0., 0., 0., 1., 2., 8., 51.,
       78., 13., 0., 0., 10., 1., 0., 5., 120., 25., 2., 8., 120., 32.,
       3., 10., 93., 7., 0., 10., 62., 21., 31., 117., 10., 0., 0., 1.,
       15., 9., 23., 27., 37., 31., 3., 9., 7., 1., 1., 32., 120., 8.,
       4., 11., 120., 6., 3., 22., 74., 17., 8., 74., 50., 52., 27.,
       119., 85., 28., 2., 5., 95., 79., 8., 6., 4., 17., 6., 12., 3.,
       1., 3., 21., 43., 12., 21., 21., 16., 0., 0., 1., 21., 27., 24.,
       80., 25., 16., 2., 6., 120., 120., 6., 12., 120., 57., 1., 0.,
       10., 17., 4., 33., 1., 3., 9., 55., 70., 2., 12., 10., 44., 49.,
       35., 50., 56., 2., 0., 0., 9., 5., 12., 56., 117., 8., 5., 11.,
       6., 4., 19., 28., 22., 20., 42., 27., 4., 2., 2., 32., 117., 19.,
       1., 2., 117., 35., 6., 18., 112., 24., 2., 17., 60., 8., 3., 19.,
       117., 38., 8., 33., 58., 2., 0., 1., 4., 9., 93., 91., 1., 6.,
       16., 37., 117., 12., 0., 0., 43., 80., 48., 37., 113., 16., 0.,
       4., 90., 25., 35., 80., 55., 2., 0., 72., 117., 2., 0., 1., 3.,
       6., 7., 90., 4., 34., 22., 10., 48., 13., 2., 3., 12., 8., 16.,
       7., 91., 71., 14., 19., 111., 8., 10., 4., 2., 7., 8., 117., 54.,
       12., 0., 0., 0., 1., 0., 41., 0., 3., 1., 44., 46., 9., 0., 0.,
       1., 4., 7., 117., 99., 8., 8., 4., 87., 62., 16., 28., 15., 9.,
       15., 7., 53., 14., 3., 5., 5., 33., 16., 9., 4., 7., 12., 98.,
       113., 1., 0., 1., 51., 2., 0., 83., 85., 23., 33., 84., 108., 11.,
       0., 5., 44., 83., 47., 42., 117., 8., 0., 0., 1., 8., 17., 41.,
       7., 11., 104., 87., 46., 1., 0., 1., 117., 27., 8., 34., 57., 6.,
       3., 24., 117., 18., 2., 25., 117., 29., 5., 22., 117., 13., 1.,
       2., 3., 1., 3., 40., 25., 17., 31., 20., 5., 5., 27., 37., 117.,
       5., 4., 7., 12., 7., 12., 67., 50., 1., 0., 1., 49., 48., 37.,
       58., 69., 3., 13., 7., 1., 1., 6., 57., 4., 1., 2., 15., 102.,
       49., 4., 3., 124., 18., 4., 10., 18., 18., 6., 27., 34., 8., 8.,
       46., 55., 84., 13., 9., 70., 33., 13., 15., 7., 22., 20., 38., 5.,
       4., 13., 75., 124., 29., 2., 4., 124., 56., 23., 29., 25., 14.,
       3., 39., 47., 11., 10., 76., 124., 54., 22., 11., 107., 45., 14.,
       21., 16., 11., 34., 42., 8., 3., 1., 9., 124., 37., 0., 3., 124.,
       43., 3., 5., 38., 14., 1., 23., 71., 7., 0., 0., 25., 72., 73.,
       11., 16., 1., 0., 0., 2., 12., 107., 60., 2., 6., 6., 51., 124.,
       40., 13., 2., 124., 79., 13., 28., 33., 14., 29., 42., 79., 18.,
       0., 0., 0., 0., 5., 12., 1., 3., 1., 0., 0., 0., 5., 3., 95., 1.,
       0., 1., 94., 34., 7., 31., 89., 8., 4., 40., 91., 40., 4., 22.,
       116., 31., 4., 13., 20., 13., 4., 33., 40., 2., 0., 0., 0., 1.,
       1., 6., 115., 21., 9., 43., 90., 13., 2., 24., 92., 20., 12., 89.,
       99., 54., 11., 26., 116., 41., 11., 22., 16., 16., 12., 60., 41.,
       1., 0., 0., 0., 1., 5., 11., 116., 22., 4., 27., 104., 7., 2.,
       24., 105., 6., 2., 14., 45., 91., 103., 37., 89., 8., 1., 3., 5.,
       16., 95., 116., 20., 0., 0., 0., 0., 0., 5., 20., 116., 22., 3.,
       22., 53., 32., 57., 65., 93., 5., 0., 0., 0., 3., 20., 33., 4.,
       3., 0., 0., 0., 1., 17., 12., 6., 1., 0., 0., 0., 0., 1., 5., 67.,
       53., 15., 7., 37., 18., 1., 5., 52., 8., 1., 13., 54., 44., 4.,
       34., 15., 6., 9., 38., 67., 74., 65., 48., 73., 30., 9., 3., 2.,
       2., 21., 107., 73., 18., 2., 32., 44., 11., 36., 70., 95., 16.,
       7., 40., 41., 15., 2., 10., 21., 16., 39., 42., 42., 66., 61.,
       16., 53., 56., 22., 3., 1., 5., 55., 80., 2., 1., 1., 13., 77.,
       95., 30., 11., 70., 9., 11., 41., 48., 63., 40., 30., 12., 64.,
       107., 91., 50., 55., 63., 24., 46., 107., 72., 1., 0., 1., 41.,
       71., 0., 0., 0., 0., 4., 55., 11., 0., 0., 0., 0., 5., 23., 89.,
       60., 6., 1., 10., 46., 42., 36., 86., 107., 34., 30., 51., 59.,
       5., 0., 0., 65., 82., 36., 1., 0., 1., 125., 52., 3., 8., 125.,
       7., 1., 12., 42., 23., 3., 20., 61., 26., 8., 32., 57., 28., 4.,
       12., 93., 21., 1., 0., 0., 0., 1., 11., 18., 1., 0., 2., 125.,
       66., 4., 6., 125., 11., 1., 11., 53., 37., 6., 22., 73., 26., 8.,
       36., 76., 73., 11., 23., 125., 24., 1., 1., 0., 1., 2., 21., 12.,
       5., 4., 42., 125., 21., 1., 2., 125., 39., 7., 31., 56., 21., 4.,
       16., 61., 27., 12., 59., 77., 55., 44., 31., 125., 29., 2., 1.,
       0., 1., 11., 41., 11., 5., 1., 14., 125., 22., 0., 1., 125., 39.,
       2., 9., 40., 15., 6., 12., 39., 4., 0., 0., 7., 36., 86., 31.,
       17., 1., 0., 0., 0., 0., 23., 45., 15., 1., 2., 1., 0., 4., 48.,
       27., 1., 6., 23., 12., 29., 69., 96., 17., 5., 17., 9., 17., 22.,
       39., 133., 133., 2., 1., 0., 0., 2., 9., 81., 130., 38., 8., 7.,
       30., 24., 0., 1., 5., 18., 56., 133., 133., 73., 3., 10., 6.,
       133., 133., 71., 8., 2., 1., 17., 20., 30., 11., 0., 1., 9., 6.,
       6., 4., 31., 9., 0., 8., 63., 13., 0., 0., 47., 13., 11., 38.,
       133., 90., 43., 50., 133., 40., 7., 4., 6., 6., 19., 129., 46.,
       9., 11., 19., 4., 0., 0., 3., 14., 3., 0., 0., 6., 10., 1., 0.,
       3., 0., 0., 0., 12., 55., 46., 29., 39., 2., 1., 0., 0., 2., 18.,
       67., 5., 2., 7., 11., 1., 0., 0., 1., 3., 0., 0., 34., 41., 15.,
       7., 6., 0., 0., 2., 122., 90., 14., 6., 1., 80., 26., 16., 48.,
       27., 4., 11., 46., 55., 5., 3., 12., 87., 12., 2., 25., 4., 0.,
       0., 63., 122., 4., 0., 2., 73., 2., 1., 92., 87., 12., 54., 40.,
       62., 4., 2., 11., 8., 36., 105., 99., 40., 4., 5., 60., 100., 13.,
       5., 40., 4., 0., 1., 28., 122., 13., 0., 1., 122., 10., 0., 7.,
       116., 13., 8., 19., 77., 6., 1., 3., 4., 75., 52., 18., 7., 1.,
       2., 23., 22., 65., 94., 45., 3., 1., 18., 122., 50., 1., 0., 4.,
       122., 9., 2., 23., 36., 2., 2., 40., 98., 5., 0., 0., 0., 5., 9.,
       24., 1., 0., 0., 2., 3., 7., 35., 9., 38., 87., 102., 11., 1., 1.,
       2., 5., 24., 70., 94., 136., 24., 0., 0., 0., 107., 134., 63.,
       31., 2., 0., 0., 0., 20., 12., 1., 2., 1., 1., 0., 0., 56., 33.,
       6., 4., 9., 22., 30., 25., 66., 32., 14., 58., 136., 46., 7., 16.,
       136., 91., 8., 12., 27., 9., 3., 16., 76., 11., 1., 1., 0., 2.,
       1., 1., 24., 1., 1., 1., 4., 42., 67., 74., 34., 1., 0., 0., 69.,
       136., 83., 65., 136., 5., 0., 0., 10., 59., 78., 116., 60., 6.,
       6., 2., 0., 0., 0., 9., 4., 0., 1., 2., 1., 30., 40., 31., 6., 1.,
       3., 2., 1., 33., 38., 30., 10., 1., 3., 2., 1., 19., 45., 33., 6.,
       4., 8., 0., 0., 0., 0., 5., 12., 9., 6., 25., 132., 51., 4., 7.,
       132., 58., 11., 14., 25., 15., 5., 25., 33., 19., 51., 28., 3.,
       0., 0., 0., 20., 20., 15., 3., 0., 0., 1., 3., 14., 3., 0., 5.,
       132., 49., 2., 3., 132., 23., 2., 10., 72., 23., 3., 20., 65.,
       22., 37., 36., 56., 47., 5., 14., 110., 26., 9., 1., 1., 2., 2.,
       22., 6., 0., 0., 0., 132., 73., 4., 4., 132., 8., 1., 6., 68.,
       45., 8., 27., 73., 25., 7., 44., 96., 47., 5., 10., 132., 42., 2.,
       3., 3., 3., 2., 13., 1., 0., 0., 9., 106., 34., 1., 1., 113., 18.,
       3., 13., 56., 25., 4., 13., 54., 16., 6., 41., 68., 52., 7., 13.,
       110., 29., 4., 6., 3., 5., 4., 19., 0., 2., 38., 93., 4., 3., 2.,
       0., 32., 62., 73., 38., 1., 2., 0., 0., 15., 11., 1., 0., 1., 5.,
       7., 2., 0., 0., 1., 1., 3., 10., 3., 0., 14., 15., 100., 134.,
       12., 2., 2., 22., 134., 105., 68., 53., 0., 0., 1., 66., 71., 26.,
       48., 20., 2., 1., 1., 5., 5., 13., 8., 1., 5., 6., 2., 0., 12.,
       3., 10., 95., 23., 13., 61., 134., 93., 18., 66., 67., 1., 1., 8.,
       134., 62., 62., 101., 67., 3., 3., 8., 28., 68., 41., 27., 3., 0.,
       2., 3., 13., 3., 4., 11., 67., 41., 20., 77., 59., 34., 30., 49.,
