%YAML:1.0
---
mat: !!opencv-matrix
   rows: 87
   cols: 128
   dt: f
   data: [ 26., 0., 0., 0., 0., 0., 0., 19., 38., 0., 0., 0., 0., 7.,
       56., 110., 49., 0., 0., 0., 0., 16., 56., 92., 25., 0., 0., 0.,
       5., 16., 31., 74., 101., 2., 0., 0., 0., 0., 0., 10., 130., 5.,
       1., 1., 0., 22., 49., 105., 30., 8., 9., 3., 0., 58., 130., 123.,
       14., 5., 2., 2., 71., 35., 28., 93., 106., 8., 0., 0., 0., 0., 0.,
       0., 130., 80., 25., 22., 0., 2., 4., 9., 31., 102., 106., 66., 0.,
       6., 20., 16., 11., 83., 26., 28., 82., 5., 3., 10., 35., 17., 0.,
       0., 0., 0., 0., 1., 71., 130., 52., 15., 0., 0., 0., 0., 28., 94.,
       65., 39., 0., 0., 0., 0., 20., 83., 33., 19., 8., 0., 0., 0., 62.,
       0., 0., 0., 0., 0., 0., 89., 101., 3., 5., 0., 14., 30., 16.,
       115., 2., 1., 3., 0., 61., 112., 63., 49., 1., 0., 0., 3., 13.,
       17., 63., 115., 115., 20., 6., 4., 0., 0., 0., 112., 94., 47.,
       112., 57., 2., 10., 2., 69., 64., 94., 55., 11., 7., 41., 62.,
       26., 8., 6., 2., 74., 71., 9., 41., 37., 81., 102., 26., 5., 0.,
       0., 0., 8., 74., 57., 70., 62., 0., 0., 0., 12., 115., 73., 24.,
       35., 6., 0., 0., 20., 13., 8., 9., 115., 54., 0., 0., 2., 41.,
       12., 1., 0., 0., 0., 0., 27., 78., 15., 2., 0., 0., 0., 0., 35.,
       56., 56., 27., 15., 1., 0., 0., 6., 11., 5., 13., 34., 7., 0., 0.,
       7., 35., 29., 0., 0., 0., 0., 1., 6., 78., 44., 0., 0., 0., 0.,
       1., 12., 57., 8., 0., 0., 1., 15., 26., 58., 13., 6., 0., 0., 6.,
       36., 13., 5., 61., 7., 0., 0., 0., 3., 29., 91., 86., 14., 0., 0.,
       0., 34., 91., 61., 116., 18., 0., 0., 6., 34., 29., 79., 13., 2.,
       0., 0., 54., 116., 10., 8., 116., 95., 0., 0., 0., 3., 11., 30.,
       95., 59., 2., 11., 3., 41., 116., 57., 66., 27., 64., 39., 8.,
       11., 55., 98., 8., 35., 38., 8., 74., 78., 2., 6., 68., 96., 0.,
       0., 0., 0., 0., 0., 107., 116., 13., 29., 18., 1., 6., 3., 2.,
       52., 62., 92., 74., 3., 3., 1., 1., 116., 58., 16., 16., 4., 0.,
       0., 11., 2., 14., 13., 0., 0., 5., 44., 9., 6., 13., 3., 0., 0.,
       41., 120., 2., 4., 9., 44., 64., 12., 52., 74., 0., 0., 0., 106.,
       71., 17., 15., 3., 31., 56., 53., 8., 0., 0., 1., 23., 27., 69.,
       120., 34., 0., 0., 4., 39., 55., 93., 71., 21., 66., 49., 11., 8.,
       4., 1., 3., 47., 50., 90., 93., 7., 0., 12., 74., 54., 0., 0., 0.,
       0., 83., 59., 95., 27., 0., 0., 0., 22., 120., 65., 89., 73., 2.,
       7., 3., 31., 5., 4., 90., 120., 11., 16., 11., 0., 0., 2., 31.,
       47., 0., 0., 0., 0., 24., 82., 57., 11., 0., 0., 0., 2., 13., 37.,
       120., 101., 0., 0., 0., 2., 0., 0., 45., 101., 0., 0., 0., 0.,
       131., 29., 0., 0., 0., 0., 0., 39., 142., 125., 6., 0., 0., 0.,
       22., 142., 21., 55., 17., 10., 14., 15., 47., 74., 10., 10., 12.,
       19., 34., 40., 32., 18., 112., 49., 0., 0., 0., 0., 0., 2., 142.,
       142., 5., 0., 0., 0., 0., 6., 59., 105., 58., 30., 4., 0., 0., 1.,
       4., 15., 63., 67., 12., 0., 0., 1., 124., 1., 0., 0., 0., 0., 0.,
       12., 142., 7., 0., 0., 0., 0., 0., 34., 69., 15., 9., 18., 5., 0.,
       0., 3., 0., 0., 3., 45., 17., 0., 0., 0., 112., 0., 0., 0., 0.,
       0., 0., 23., 142., 0., 0., 0., 0., 0., 3., 80., 27., 1., 0., 2.,
       8., 10., 19., 18., 0., 0., 0., 6., 30., 18., 6., 0., 66., 0., 0.,
       0., 0., 1., 43., 113., 45., 0., 0., 0., 2., 15., 31., 78., 14.,
       0., 0., 0., 1., 4., 59., 74., 0., 0., 0., 1., 6., 30., 105., 9.,
       43., 21., 17., 2., 3., 7., 113., 113., 32., 8., 4., 9., 98., 59.,
       46., 78., 113., 5., 0., 2., 26., 12., 27., 91., 8., 1., 0., 35.,
       93., 30., 44., 13., 39., 113., 113., 11., 3., 1., 7., 10., 31.,
       90., 49., 61., 79., 4., 2., 3., 113., 102., 34., 12., 22., 1., 0.,
       2., 7., 15., 57., 33., 78., 36., 0., 0., 82., 97., 28., 1., 0.,
       0., 0., 0., 55., 59., 23., 9., 1., 0., 2., 9., 10., 58., 52., 2.,
       0., 5., 7., 5., 0., 8., 94., 26., 5., 4., 1., 0., 10., 0., 0., 0.,
       0., 0., 0., 2., 143., 0., 0., 0., 0., 0., 0., 42., 103., 0., 0.,
       7., 39., 4., 1., 20., 0., 0., 0., 39., 143., 4., 0., 0., 25., 2.,
       0., 0., 0., 0., 0., 10., 143., 17., 1., 0., 0., 0., 5., 143., 59.,
       6., 6., 14., 37., 63., 34., 61., 0., 0., 1., 25., 131., 111., 6.,
       0., 42., 6., 0., 0., 0., 0., 0., 3., 143., 79., 5., 1., 0., 0.,
       1., 32., 53., 34., 36., 79., 33., 18., 6., 11., 0., 0., 14., 128.,
       98., 33., 2., 0., 45., 0., 0., 0., 0., 0., 0., 7., 143., 4., 1.,
       1., 0., 2., 3., 65., 35., 3., 2., 17., 44., 49., 8., 19., 0., 0.,
       1., 18., 104., 65., 0., 0., 74., 148., 81., 7., 1., 0., 0., 0.,
       44., 107., 56., 40., 13., 0., 2., 6., 47., 148., 133., 6., 3., 2.,
       3., 2., 0., 13., 148., 64., 25., 16., 0., 0., 148., 37., 1., 0.,
       0., 0., 0., 6., 148., 25., 4., 1., 1., 4., 13., 50., 6., 15., 31.,
       9., 8., 34., 29., 12., 0., 1., 43., 19., 18., 18., 5., 0., 148.,
       4., 0., 0., 0., 0., 0., 4., 148., 59., 16., 4., 1., 1., 1., 6.,
       5., 15., 40., 39., 8., 7., 2., 2., 0., 0., 11., 26., 17., 4., 1.,
       0., 148., 1., 0., 0., 0., 0., 0., 5., 106., 12., 3., 0., 0., 0.,
       0., 3., 5., 7., 9., 5., 1., 0., 0., 0., 0., 0., 1., 10., 10., 0.,
       0., 0., 25., 0., 0., 0., 28., 21., 4., 10., 99., 0., 0., 1., 1.,
       0., 49., 120., 9., 0., 10., 20., 9., 9., 137., 40., 0., 0., 30.,
       21., 7., 18., 128., 1., 60., 1., 0., 0., 103., 12., 0., 4., 137.,
       4., 0., 3., 6., 6., 2., 36., 40., 1., 15., 49., 51., 75., 17.,
       13., 0., 0., 43., 61., 61., 39., 11., 0., 57., 4., 0., 4., 116.,
       1., 0., 0., 137., 36., 1., 7., 7., 3., 0., 2., 42., 12., 15., 87.,
       53., 50., 18., 2., 0., 0., 12., 56., 57., 49., 58., 0., 25., 7.,
       4., 20., 43., 0., 0., 1., 126., 114., 36., 0., 2., 2., 0., 0.,
       13., 42., 137., 8., 11., 29., 17., 0., 0., 0., 114., 23., 4., 23.,
       50., 0., 0., 5., 2., 0., 2., 16., 4., 2., 11., 0., 0., 0., 2.,
       17., 37., 47., 56., 16., 9., 11., 8., 12., 51., 106., 2., 2., 6.,
       38., 96., 50., 26., 9., 34., 108., 14., 0., 0., 1., 2., 11., 83.,
       13., 2., 1., 1., 14., 60., 102., 21., 20., 21., 36., 53., 59.,
       42., 20., 1., 2., 10., 63., 73., 16., 0., 0., 126., 126., 11., 0.,
       0., 0., 0., 4., 126., 57., 76., 36., 2., 3., 3., 20., 3., 14.,
       82., 91., 62., 19., 3., 2., 0., 1., 3., 11., 49., 18., 0., 0.,
       76., 126., 38., 0., 0., 0., 0., 0., 26., 113., 126., 39., 0., 0.,
       0., 1., 0., 126., 126., 19., 1., 0., 0., 0., 0., 48., 29., 4., 6.,
       3., 0., 0., 70., 0., 0., 0., 0., 0., 48., 125., 19., 0., 0., 0.,
       0., 39., 125., 103., 0., 0., 0., 0., 0., 19., 125., 125., 0., 0.,
       2., 3., 1., 1., 14., 56., 125., 4., 0., 0., 0., 0., 10., 125.,
       125., 16., 2., 3., 2., 44., 89., 53., 2., 1., 2., 15., 59., 109.,
       82., 11., 0., 0., 6., 19., 34., 15., 2., 1., 35., 12., 6., 0., 0.,
       0., 7., 122., 70., 85., 64., 16., 2., 2., 3., 16., 19., 19., 37.,
       59., 55., 38., 26., 18., 1., 1., 2., 13., 70., 88., 19., 3., 3.,
       4., 21., 8., 0., 0., 0., 5., 4., 32., 55., 6., 0., 0., 0., 0.,
       36., 106., 52., 10., 3., 7., 9., 12., 3., 15., 32., 53., 94., 37.,
       7., 3., 19., 3., 0., 0., 0., 0., 0., 3., 153., 34., 2., 3., 3.,
       3., 2., 45., 39., 10., 3., 37., 153., 56., 4., 14., 0., 0., 6.,
       38., 87., 61., 9., 0., 29., 3., 0., 0., 0., 0., 0., 1., 153., 36.,
       2., 2., 5., 2., 1., 18., 61., 11., 3., 30., 153., 62., 2., 8., 0.,
       0., 5., 31., 138., 79., 1., 0., 32., 0., 0., 0., 0., 0., 0., 0.,
       153., 15., 0., 0., 2., 1., 1., 7., 79., 7., 0., 1., 81., 99., 26.,
       12., 0., 0., 0., 5., 153., 148., 8., 0., 7., 0., 0., 0., 0., 0.,
       0., 0., 90., 0., 0., 0., 0., 0., 0., 2., 24., 0., 0., 0., 9., 12.,
       8., 8., 0., 0., 0., 0., 68., 27., 2., 0., 60., 12., 0., 0., 0.,
       0., 10., 32., 96., 15., 4., 4., 10., 33., 24., 45., 7., 0., 0.,
