%YAML:1.0
---
mat: !!opencv-matrix
   rows: 84
   cols: 128
   dt: f
   data: [ 19., 58., 95., 24., 2., 0., 3., 8., 61., 133., 28., 0., 0.,
       0., 4., 35., 15., 37., 10., 0., 0., 8., 15., 28., 42., 0., 0., 0.,
       0., 2., 4., 57., 16., 38., 25., 19., 13., 18., 45., 23., 46.,
       133., 69., 2., 4., 21., 22., 19., 133., 133., 31., 0., 1., 3., 3.,
       38., 54., 2., 0., 0., 3., 5., 6., 87., 4., 0., 0., 0., 0., 16.,
       101., 63., 31., 10., 3., 1., 5., 97., 107., 104., 133., 25., 1.,
       0., 1., 17., 28., 133., 68., 3., 1., 3., 16., 8., 4., 60., 21.,
       0., 0., 0., 0., 2., 44., 61., 19., 0., 0., 0., 0., 12., 74., 93.,
       97., 20., 1., 0., 0., 2., 22., 109., 27., 26., 11., 7., 7., 0.,
       0., 9., 28., 40., 64., 1., 0., 0., 0., 10., 59., 85., 21., 0., 0.,
       0., 0., 2., 79., 29., 0., 0., 0., 0., 0., 10., 42., 10., 0., 0.,
       0., 0., 0., 18., 26., 78., 151., 28., 2., 3., 16., 7., 151., 151.,
       49., 0., 0., 0., 1., 17., 110., 24., 2., 4., 0., 0., 0., 18., 81.,
       28., 0., 0., 0., 0., 0., 2., 43., 14., 22., 6., 10., 74., 151.,
       43., 151., 38., 2., 0., 1., 8., 18., 59., 119., 20., 2., 5., 1.,
       1., 0., 5., 79., 28., 0., 0., 0., 0., 0., 5., 14., 3., 0., 1.,
       65., 59., 19., 8., 151., 74., 0., 1., 17., 11., 2., 8., 89., 59.,
       1., 0., 0., 0., 0., 1., 58., 19., 0., 0., 0., 0., 0., 9., 17., 1.,
       3., 1., 6., 19., 71., 113., 28., 3., 2., 0., 38., 98., 86., 32.,
       133., 5., 0., 0., 2., 7., 12., 91., 54., 3., 2., 2., 0., 0., 0.,
       14., 59., 12., 0., 4., 18., 3., 1., 30., 47., 4., 0., 19., 130.,
       16., 2., 7., 133., 29., 0., 2., 8., 1., 1., 15., 70., 16., 0., 0.,
       0., 0., 0., 7., 30., 133., 68., 20., 11., 1., 0., 3., 56., 19.,
       45., 65., 71., 0., 0., 7., 133., 18., 1., 2., 4., 0., 0., 20.,
       92., 11., 0., 0., 0., 0., 0., 19., 1., 115., 88., 4., 0., 42.,
       66., 5., 83., 73., 89., 16., 1., 0., 35., 50., 133., 17., 1., 0.,
       0., 0., 1., 64., 62., 1., 0., 0., 0., 0., 0., 42., 17., 17., 23.,
       4., 0., 1., 70., 76., 99., 42., 21., 0., 0., 0., 7., 65., 62.,
       58., 10., 0., 0., 0., 0., 2., 64., 9., 0., 0., 0., 0., 0., 8., 4.,
       8., 110., 39., 1., 0., 21., 27., 16., 55., 127., 24., 2., 4., 19.,
       17., 127., 127., 65., 1., 0., 0., 3., 9., 114., 20., 0., 0., 0.,
       0., 0., 4., 40., 2., 41., 54., 7., 0., 22., 111., 22., 9., 32.,
       8., 9., 57., 127., 72., 127., 34., 6., 0., 3., 17., 28., 57.,
       123., 16., 0., 0., 0., 0., 0., 2., 127., 47., 2., 8., 4., 1., 2.,
       51., 30., 12., 3., 6., 46., 26., 13., 20., 127., 40., 1., 3., 27.,
       10., 2., 5., 95., 32., 0., 0., 0., 0., 0., 1., 0., 6., 100., 65.,
       23., 0., 0., 0., 9., 32., 116., 25., 3., 1., 1., 4., 2., 7., 116.,
       47., 0., 1., 12., 6., 0., 0., 105., 28., 2., 4., 19., 1., 5., 4.,
       16., 49., 116., 18., 1., 1., 116., 36., 43., 17., 40., 9., 9.,
       60., 26., 11., 24., 5., 0., 1., 72., 58., 0., 1., 12., 12., 19.,
       22., 72., 4., 9., 14., 4., 8., 116., 34., 1., 1., 90., 116., 20.,
       2., 63., 32., 3., 9., 20., 114., 97., 11., 0., 0., 4., 6., 0., 4.,
       79., 116., 17., 2., 2., 1., 14., 16., 2., 6., 35., 24., 0., 0.,
       0., 32., 11., 1., 34., 115., 26., 0., 0., 63., 113., 27., 8., 61.,
       40., 0., 5., 6., 116., 75., 2., 9., 37., 37., 0., 0., 0., 20.,
       37., 5., 52., 66., 8., 2., 29., 85., 55., 3., 21., 76., 8., 14.,
       54., 8., 1., 9., 95., 106., 10., 48., 18., 0., 6., 39., 57., 3.,
       5., 0., 0., 21., 111., 11., 8., 16., 111., 8., 1., 24., 84., 4.,
       6., 108., 45., 7., 12., 16., 3., 7., 54., 111., 2., 5., 3., 25.,
       66., 61., 42., 8., 3., 0., 0., 1., 103., 93., 13., 11., 111., 59.,
       5., 1., 57., 75., 17., 20., 46., 46., 44., 24., 0., 0., 15., 59.,
       0., 0., 7., 20., 9., 5., 55., 111., 10., 0., 0., 0., 7., 68., 24.,
       22., 14., 5., 0., 0., 6., 100., 111., 54., 10., 4., 1., 0., 0.,
       0., 81., 111., 0., 0., 0., 0., 0., 0., 27., 95., 0., 0., 11., 55.,
       13., 10., 61., 105., 10., 8., 48., 29., 13., 1., 26., 115., 9.,
       43., 76., 1., 0., 7., 35., 50., 20., 59., 7., 0., 0., 36., 31.,
       6., 1., 0., 0., 6., 72., 19., 65., 57., 81., 8., 11., 24., 85.,
       8., 17., 115., 27., 12., 11., 9., 20., 45., 99., 104., 53., 49.,
       1., 2., 21., 48., 42., 54., 1., 0., 0., 0., 62., 68., 25., 23.,
       115., 52., 4., 1., 60., 86., 28., 36., 48., 37., 20., 16., 9., 6.,
       18., 115., 5., 0., 0., 2., 7., 10., 62., 115., 8., 0., 0., 0., 2.,
       32., 24., 42., 14., 3., 0., 0., 3., 77., 115., 70., 9., 3., 0.,
       0., 0., 0., 74., 115., 0., 0., 0., 0., 0., 0., 22., 98., 112.,
       13., 10., 33., 18., 0., 0., 35., 36., 10., 55., 57., 1., 0., 11.,
       38., 14., 48., 61., 3., 0., 20., 46., 37., 109., 58., 12., 0., 0.,
       4., 6., 40., 112., 3., 4., 26., 36., 25., 4., 67., 112., 39., 12.,
       26., 19., 18., 9., 72., 59., 18., 9., 13., 19., 36., 45., 64.,
       112., 2., 0., 1., 2., 7., 8., 89., 44., 0., 0., 0., 14., 65., 17.,
       78., 54., 108., 15., 1., 15., 112., 37., 6., 104., 100., 48., 13.,
       4., 5., 22., 49., 112., 3., 1., 1., 0., 0., 0., 71., 33., 1., 0.,
       0., 0., 8., 5., 28., 20., 4., 1., 0., 0., 57., 95., 29., 53., 11.,
       1., 0., 0., 7., 97., 112., 75., 1., 0., 0., 0., 0., 1., 74., 100.,
       32., 30., 4., 5., 5., 8., 37., 76., 42., 51., 4., 0., 0., 0., 66.,
       74., 27., 6., 2., 0., 0., 3., 36., 19., 0., 0., 0., 0., 1., 9.,
       77., 49., 6., 9., 8., 26., 29., 51., 78., 88., 27., 75., 81., 7.,
       7., 3., 74., 114., 83., 41., 20., 1., 0., 2., 45., 39., 43., 46.,
       1., 0., 2., 16., 81., 4., 0., 2., 2., 4., 75., 114., 27., 29., 4.,
       11., 27., 13., 114., 114., 64., 114., 26., 25., 19., 19., 14.,
       25., 114., 49., 88., 111., 26., 14., 12., 12., 6., 12., 0., 0.,
       0., 0., 10., 29., 47., 3., 0., 0., 0., 0., 50., 114., 43., 5., 0.,
       0., 1., 11., 63., 85., 37., 19., 10., 1., 2., 11., 41., 68., 18.,
       55., 31., 9., 8., 4., 1., 25., 44., 22., 21., 36., 10., 0., 0.,
       30., 58., 98., 94., 26., 0., 0., 0., 5., 26., 119., 32., 0., 0.,
       0., 0., 0., 11., 119., 41., 17., 19., 23., 1., 1., 5., 97., 31.,
       45., 21., 1., 2., 16., 51., 119., 35., 16., 1., 1., 3., 56., 79.,
       119., 10., 0., 0., 0., 0., 1., 32., 95., 3., 2., 3., 18., 25.,
       23., 76., 92., 89., 16., 2., 1., 48., 38., 21., 119., 94., 37.,
       1., 1., 3., 14., 37., 119., 5., 0., 0., 0., 0., 0., 34., 44., 2.,
       0., 0., 1., 9., 21., 69., 22., 9., 2., 0., 0., 38., 93., 41., 87.,
       18., 3., 0., 0., 3., 60., 119., 119., 4., 0., 0., 0., 0., 0., 47.,
       3., 2., 0., 0., 47., 118., 10., 2., 118., 55., 0., 0., 17., 76.,
       17., 19., 106., 32., 0., 0., 0., 2., 10., 38., 1., 0., 0., 0., 0.,
       1., 22., 45., 11., 19., 1., 0., 20., 95., 12., 6., 49., 43., 8.,
       4., 99., 118., 22., 16., 118., 118., 5., 1., 6., 8., 6., 38., 30.,
       4., 0., 0., 0., 0., 14., 66., 87., 97., 1., 0., 7., 24., 7., 8.,
       21., 8., 1., 1., 44., 118., 80., 24., 118., 12., 1., 0., 3., 36.,
       82., 118., 30., 0., 0., 0., 0., 0., 8., 63., 118., 100., 1., 3.,
       28., 13., 3., 8., 81., 24., 0., 0., 0., 18., 49., 30., 5., 0., 0.,
       0., 0., 5., 78., 75., 2., 0., 0., 0., 0., 3., 38., 24., 3., 12.,
       29., 5., 0., 0., 0., 0., 1., 15., 66., 31., 0., 0., 0., 0., 2.,
       69., 86., 10., 0., 0., 0., 0., 0., 14., 52., 42., 5., 0., 0., 0.,
       0., 12., 63., 29., 9., 0., 0., 0., 9., 16., 101., 119., 62., 1.,
       0., 2., 119., 119., 98., 44., 5., 1., 0., 8., 22., 32., 17., 105.,
       65., 0., 0., 0., 1., 14., 43., 63., 22., 0., 0., 0., 40., 14.,
       23., 119., 119., 10., 2., 30., 119., 28., 9., 14., 11., 5., 2.,
       92., 26., 10., 7., 85., 115., 1., 0., 3., 3., 3., 11., 94., 63.,
       0., 0., 1., 112., 23., 14., 99., 50., 0., 0., 21., 119., 24., 4.,
       5., 4., 0., 0., 24., 3., 4., 3., 18., 95., 30., 0., 0., 0., 0.,
