%YAML:1.0
---
mat: !!opencv-matrix
   rows: 61
   cols: 128
   dt: f
   data: [ 0., 0., 2., 13., 12., 0., 0., 0., 17., 9., 9., 87., 92., 1.,
       0., 1., 147., 26., 8., 16., 9., 0., 0., 29., 53., 3., 6., 6., 6.,
       18., 20., 22., 0., 0., 1., 15., 36., 5., 0., 0., 39., 22., 10.,
       102., 147., 20., 2., 4., 147., 78., 8., 13., 10., 4., 2., 24.,
       67., 22., 49., 24., 10., 14., 8., 12., 0., 0., 0., 1., 41., 12.,
       0., 0., 28., 8., 2., 11., 147., 94., 15., 25., 147., 50., 4., 3.,
       8., 18., 15., 112., 56., 16., 14., 17., 39., 56., 9., 22., 0., 0.,
       1., 2., 28., 2., 1., 0., 15., 13., 3., 16., 147., 16., 1., 2.,
       147., 118., 10., 6., 17., 4., 1., 11., 33., 49., 37., 21., 15.,
       2., 1., 4., 2., 0., 0., 0., 0., 0., 0., 3., 22., 0., 0., 0., 1.,
       20., 94., 96., 1., 0., 0., 0., 5., 53., 142., 40., 2., 0., 0., 0.,
       6., 53., 113., 9., 25., 0., 0., 0., 0., 0., 0., 9., 142., 30., 5.,
       6., 9., 28., 72., 142., 31., 11., 7., 40., 142., 142., 107., 57.,
       7., 0., 0., 6., 48., 21., 15., 2., 28., 2., 0., 0., 0., 0., 0.,
       1., 142., 142., 50., 26., 7., 3., 2., 17., 24., 48., 68., 142.,
       142., 15., 2., 5., 12., 0., 0., 18., 36., 2., 0., 4., 0., 0., 0.,
       0., 0., 0., 0., 0., 3., 4., 3., 1., 0., 0., 0., 0., 1., 2., 4.,
       12., 3., 0., 0., 0., 2., 0., 0., 1., 2., 0., 0., 0., 45., 21., 2.,
       2., 1., 1., 0., 16., 4., 2., 7., 61., 101., 14., 1., 4., 32., 4.,
       3., 28., 111., 42., 5., 18., 8., 10., 2., 5., 93., 79., 7., 4.,
       73., 9., 6., 32., 23., 0., 0., 10., 20., 14., 26., 126., 126., 8.,
       1., 3., 126., 44., 16., 54., 64., 26., 4., 19., 12., 0., 0., 1.,
       126., 83., 12., 5., 50., 27., 4., 16., 43., 17., 2., 2., 19., 2.,
       1., 31., 126., 99., 17., 44., 126., 7., 1., 10., 68., 18., 14.,
       126., 9., 0., 0., 12., 126., 11., 1., 4., 25., 35., 13., 3., 7.,
       17., 43., 8., 13., 4., 7., 11., 59., 54., 37., 41., 30., 1., 1.,
       9., 37., 24., 29., 66., 0., 0., 0., 9., 95., 61., 41., 0., 43.,
       85., 23., 9., 16., 28., 5., 2., 56., 121., 44., 21., 14., 1., 0.,
       0., 31., 113., 48., 5., 2., 1., 0., 2., 13., 10., 6., 2., 4., 4.,
       2., 5., 16., 32., 10., 2., 16., 76., 59., 20., 27., 94., 38., 12.,
       31., 103., 48., 16., 121., 121., 25., 1., 6., 12., 4., 57., 34.,
       14., 5., 10., 6., 8., 11., 38., 62., 12., 1., 0., 2., 19., 61.,
       106., 23., 5., 1., 1., 116., 121., 55., 33., 121., 121., 6., 0.,
       32., 52., 15., 44., 15., 106., 41., 36., 14., 2., 4., 5., 20.,
       29., 20., 2., 1., 0., 2., 30., 4., 22., 20., 37., 119., 29., 2.,
       3., 58., 69., 7., 19., 55., 27., 19., 34., 7., 54., 42., 7., 15.,
       39., 9., 3., 1., 0., 0., 7., 31., 32., 31., 24., 14., 16., 13.,
       14., 102., 78., 13., 12., 38., 18., 25., 45., 82., 12., 14., 68.,
       26., 1., 0., 1., 23., 45., 36., 89., 7., 11., 26., 39., 16., 8.,
       12., 10., 21., 8., 29., 128., 128., 30., 3., 4., 128., 30., 25.,
       51., 35., 2., 1., 73., 36., 7., 20., 18., 23., 23., 4., 35., 1.,
       1., 12., 40., 50., 46., 7., 1., 32., 4., 10., 104., 128., 101.,
       8., 5., 128., 107., 64., 12., 17., 15., 7., 13., 19., 51., 104.,
       80., 23., 1., 0., 1., 3., 0., 1., 22., 43., 16., 6., 5., 3., 0.,
       0., 30., 128., 61., 23., 15., 42., 27., 14., 5., 54., 55., 20.,
       10., 61., 21., 8., 22., 76., 8., 1., 8., 17., 10., 20., 14., 17.,
       2., 1., 11., 43., 7., 3., 39., 54., 20., 9., 19., 133., 10., 0.,
       2., 2., 1., 2., 90., 37., 3., 0., 0., 0., 1., 7., 29., 40., 65.,
       74., 52., 4., 2., 1., 11., 82., 55., 10., 51., 70., 27., 22., 29.,
       133., 64., 2., 9., 8., 2., 9., 65., 59., 9., 1., 4., 4., 1., 5.,
       22., 98., 15., 16., 23., 7., 14., 17., 133., 97., 10., 1., 11.,
       30., 30., 104., 133., 125., 7., 1., 2., 3., 2., 70., 133., 23.,
       11., 6., 16., 13., 1., 1., 10., 88., 2., 4., 21., 14., 10., 8.,
       98., 133., 7., 4., 11., 13., 3., 4., 96., 45., 4., 1., 1., 4., 4.,
       8., 53., 2., 1., 12., 26., 36., 22., 2., 5., 16., 128., 12., 0.,
       1., 4., 4., 1., 13., 124., 37., 0., 0., 0., 0., 1., 6., 39., 28.,
       3., 3., 12., 1., 1., 0., 1., 7., 5., 16., 75., 4., 0., 7., 96.,
       17., 1., 11., 52., 17., 11., 18., 128., 128., 6., 9., 32., 8., 8.,
       111., 128., 60., 1., 0., 2., 1., 9., 15., 15., 5., 4., 10., 13.,
       13., 3., 1., 7., 27., 40., 21., 37., 15., 9., 49., 61., 63., 19.,
       17., 72., 25., 29., 128., 128., 36., 1., 1., 14., 14., 43., 33.,
       94., 16., 1., 0., 1., 2., 2., 0., 13., 13., 30., 89., 10., 0., 0.,
       58., 128., 32., 21., 51., 8., 5., 11., 65., 128., 11., 2., 7.,
       23., 12., 10., 15., 128., 21., 5., 9., 10., 1., 0., 62., 32., 2.,
       29., 65., 1., 0., 1., 93., 49., 25., 53., 36., 0., 0., 1., 138.,
       38., 6., 17., 10., 0., 0., 4., 52., 11., 30., 14., 1., 0., 0., 6.,
       29., 22., 2., 21., 77., 30., 11., 41., 72., 44., 26., 48., 21.,
       43., 22., 44., 138., 54., 8., 13., 3., 4., 8., 61., 44., 11., 19.,
       19., 11., 4., 23., 62., 76., 3., 0., 1., 67., 24., 10., 32., 84.,
       17., 2., 7., 13., 74., 69., 96., 138., 53., 9., 4., 1., 7., 31.,
       138., 26., 16., 35., 11., 12., 4., 19., 62., 92., 4., 0., 6., 69.,
       2., 0., 2., 106., 25., 3., 14., 21., 10., 10., 37., 100., 66., 6.,
       4., 2., 2., 11., 133., 22., 4., 6., 6., 24., 9., 24., 61., 1.,
       111., 34., 8., 22., 30., 0., 0., 3., 128., 41., 8., 8., 3., 0.,
       0., 41., 54., 16., 24., 21., 5., 3., 15., 33., 4., 3., 10., 19.,
       69., 22., 16., 1., 88., 60., 22., 46., 31., 0., 0., 19., 128.,
       66., 23., 47., 14., 11., 6., 128., 128., 31., 5., 3., 1., 4., 15.,
       59., 24., 16., 33., 9., 4., 3., 18., 29., 39., 41., 5., 28., 64.,
       17., 6., 78., 53., 9., 5., 12., 18., 76., 54., 128., 92., 63., 6.,
       8., 9., 31., 49., 119., 88., 63., 7., 3., 1., 1., 9., 10., 8., 1.,
       0., 3., 69., 33., 4., 23., 93., 6., 0., 1., 59., 19., 8., 14.,
       123., 20., 2., 11., 21., 8., 8., 85., 88., 19., 1., 1., 4., 4.,
       9., 42., 26., 8., 6., 41., 10., 6., 31., 25., 17., 18., 28., 67.,
       9., 0., 5., 113., 15., 1., 9., 20., 2., 9., 61., 58., 72., 10.,
       3., 2., 8., 30., 41., 18., 29., 24., 19., 16., 11., 9., 8., 43.,
       25., 82., 55., 17., 33., 21., 5., 147., 18., 9., 11., 4., 2., 36.,
       108., 47., 14., 1., 1., 14., 15., 123., 105., 96., 4., 1., 2., 1.,
       11., 20., 24., 48., 2., 3., 3., 21., 103., 83., 23., 147., 34.,
       1., 0., 7., 21., 16., 34., 123., 22., 1., 1., 21., 13., 7., 15.,
       111., 11., 1., 0., 0., 0., 0., 4., 37., 8., 15., 12., 41., 13.,
       2., 3., 147., 96., 4., 3., 18., 8., 1., 5., 130., 65., 0., 1.,
       10., 4., 1., 5., 1., 0., 2., 145., 145., 0., 0., 1., 3., 1., 8.,
       98., 60., 1., 1., 3., 145., 8., 2., 15., 23., 1., 4., 50., 116.,
       8., 0., 0., 0., 0., 0., 16., 7., 10., 45., 145., 100., 1., 0., 0.,
       21., 12., 5., 41., 77., 16., 1., 2., 145., 21., 3., 9., 8., 3.,
       1., 24., 126., 10., 0., 0., 0., 0., 0., 8., 34., 18., 21., 18.,
       1., 1., 5., 40., 37., 7., 0., 1., 39., 100., 23., 37., 145., 4.,
       0., 1., 7., 34., 19., 77., 82., 2., 0., 0., 0., 0., 2., 56., 37.,
       10., 4., 0., 0., 0., 5., 60., 23., 10., 5., 0., 2., 26., 24., 55.,
       43., 4., 4., 1., 1., 12., 30., 125., 19., 17., 14., 1., 0., 0.,
       2., 39., 79., 30., 0., 0., 0., 0., 0., 1., 30., 21., 26., 30.,
       25., 12., 1., 0., 47., 90., 24., 13., 33., 28., 9., 13., 123.,
       123., 3., 1., 3., 1., 2., 30., 87., 35., 2., 5., 3., 0., 0., 2.,
       34., 31., 36., 123., 64., 9., 3., 3., 123., 59., 34., 31., 16.,
       7., 11., 72., 123., 45., 0., 0., 2., 1., 5., 87., 91., 30., 0.,
       2., 6., 7., 2., 4., 36., 5., 1., 22., 56., 69., 82., 21., 123.,
       42., 6., 9., 14., 22., 46., 42., 123., 104., 10., 7., 1., 0., 0.,
       4., 74., 20., 0., 0., 29., 39., 1., 4., 57., 25., 0., 3., 30.,
