%YAML:1.0
---
mat: !!opencv-matrix
   rows: 109
   cols: 128
   dt: f
   data: [ 55., 29., 11., 2., 1., 1., 13., 28., 105., 104., 11., 1., 1.,
       1., 22., 33., 124., 127., 1., 0., 0., 3., 3., 2., 9., 4., 0., 0.,
       1., 10., 4., 1., 127., 18., 2., 3., 15., 4., 6., 65., 77., 43.,
       12., 33., 67., 6., 11., 35., 127., 120., 6., 5., 3., 1., 1., 21.,
       45., 16., 0., 0., 2., 10., 1., 1., 75., 10., 22., 10., 11., 3.,
       6., 108., 65., 12., 16., 16., 69., 17., 38., 126., 127., 8., 0.,
       1., 2., 2., 16., 127., 41., 17., 0., 0., 0., 1., 0., 5., 51., 26.,
       82., 35., 0., 0., 0., 23., 127., 18., 16., 4., 0., 0., 5., 127.,
       51., 1., 0., 0., 0., 0., 3., 69., 13., 9., 1., 0., 0., 0., 0., 1.,
       2., 0., 0., 0., 95., 28., 1., 1., 117., 12., 0., 0., 136., 65.,
       0., 4., 136., 47., 11., 29., 6., 2., 0., 4., 6., 1., 2., 41., 10.,
       1., 2., 38., 1., 6., 12., 6., 66., 21., 1., 1., 51., 25., 1., 7.,
       136., 78., 0., 2., 136., 83., 6., 6., 20., 5., 1., 48., 18., 2.,
       1., 4., 20., 3., 4., 82., 0., 5., 39., 19., 20., 15., 26., 1.,
       22., 1., 5., 18., 136., 136., 31., 8., 136., 46., 0., 0., 16.,
       60., 10., 37., 40., 25., 0., 0., 22., 10., 2., 14., 0., 0., 0.,
       0., 0., 12., 40., 2., 1., 0., 0., 0., 17., 121., 32., 3., 51.,
       48., 0., 0., 17., 136., 13., 2., 26., 92., 5., 1., 5., 10., 3.,
       0., 21., 8., 0., 0., 31., 56., 2., 1., 27., 88., 8., 3., 95., 55.,
       0., 0., 50., 136., 18., 2., 3., 0., 0., 0., 1., 14., 30., 1., 0.,
       0., 0., 0., 33., 6., 6., 25., 31., 8., 0., 2., 22., 40., 8., 75.,
       151., 22., 0., 0., 151., 151., 24., 13., 27., 1., 5., 24., 17.,
       28., 36., 0., 0., 5., 33., 16., 11., 1., 14., 90., 11., 4., 3.,
       11., 34., 3., 2., 59., 151., 63., 6., 8., 151., 23., 0., 4., 46.,
       11., 3., 21., 54., 6., 0., 0., 2., 12., 22., 11., 2., 0., 2., 22.,
       9., 3., 6., 62., 20., 4., 0., 27., 151., 24., 8., 17., 151., 27.,
       0., 12., 61., 2., 0., 4., 58., 8., 1., 3., 4., 0., 0., 1., 31.,
       14., 28., 42., 18., 4., 1., 6., 104., 92., 18., 17., 8., 5., 4.,
       44., 76., 38., 0., 0., 0., 0., 0., 26., 4., 7., 0., 0., 0., 0.,
       0., 0., 15., 16., 22., 114., 34., 0., 0., 1., 151., 67., 16., 27.,
       6., 0., 0., 38., 144., 22., 0., 0., 0., 0., 0., 31., 4., 10., 0.,
       0., 0., 0., 0., 0., 32., 32., 64., 151., 5., 0., 0., 9., 151.,
       85., 17., 14., 0., 0., 0., 49., 146., 20., 1., 0., 0., 0., 0.,
       12., 4., 8., 0., 0., 0., 0., 0., 0., 26., 3., 22., 31., 2., 3.,
       47., 151., 151., 4., 1., 1., 0., 0., 4., 151., 51., 9., 0., 0.,
       0., 0., 0., 28., 3., 9., 0., 0., 0., 0., 0., 0., 120., 99., 16.,
       0., 0., 6., 53., 84., 52., 63., 52., 1., 0., 0., 12., 43., 111.,
       46., 3., 0., 0., 0., 0., 8., 11., 2., 0., 0., 0., 0., 1., 14.,
       32., 67., 37., 10., 28., 26., 23., 17., 129., 127., 69., 4., 8.,
       7., 1., 40., 129., 24., 2., 0., 0., 0., 0., 89., 17., 0., 0., 0.,
       0., 0., 1., 19., 26., 11., 20., 15., 23., 20., 17., 33., 129.,
       105., 8., 4., 13., 13., 21., 44., 129., 129., 3., 0., 0., 1., 1.,
       25., 12., 1., 0., 0., 0., 1., 3., 14., 35., 3., 5., 6., 3., 11.,
       32., 120., 55., 21., 5., 5., 16., 49., 42., 64., 129., 34., 2.,
       1., 5., 5., 8., 111., 11., 0., 0., 0., 5., 4., 2., 9., 18., 37.,
       11., 12., 19., 7., 40., 46., 69., 138., 44., 20., 16., 3., 3., 7.,
       123., 97., 1., 0., 0., 0., 0., 14., 8., 0., 0., 0., 0., 0., 1.,
       37., 14., 16., 42., 26., 45., 14., 12., 15., 138., 38., 12., 17.,
       35., 26., 24., 49., 138., 60., 0., 0., 0., 0., 0., 35., 31., 1.,
       0., 0., 0., 0., 0., 26., 9., 17., 37., 5., 2., 40., 124., 24.,
       52., 5., 7., 2., 2., 5., 68., 138., 138., 4., 0., 0., 0., 0., 15.,
       138., 18., 0., 0., 0., 0., 0., 0., 12., 2., 0., 0., 0., 0., 40.,
       138., 32., 4., 0., 0., 0., 0., 5., 123., 138., 6., 0., 0., 0., 0.,
       0., 16., 76., 0., 0., 0., 0., 0., 0., 0., 1., 17., 30., 51., 37.,
       3., 9., 18., 23., 36., 69., 53., 13., 3., 6., 18., 10., 63., 85.,
       55., 4., 1., 0., 16., 45., 51., 125., 10., 3., 2., 1., 3., 10.,
       9., 22., 18., 3., 10., 38., 29., 27., 48., 53., 10., 17., 58.,
       45., 8., 6., 125., 74., 3., 3., 25., 10., 8., 36., 83., 91., 16.,
       18., 64., 20., 6., 25., 13., 83., 33., 7., 18., 67., 4., 1., 51.,
       39., 32., 11., 54., 44., 10., 43., 125., 19., 17., 15., 18., 12.,
       6., 92., 98., 24., 18., 14., 41., 27., 16., 95., 4., 20., 17.,
       11., 68., 122., 2., 1., 102., 61., 41., 9., 26., 18., 3., 16.,
       84., 43., 71., 87., 1., 0., 0., 17., 125., 45., 29., 29., 0., 0.,
       0., 34., 19., 73., 16., 10., 3., 6., 11., 3., 23., 149., 47., 14.,
       4., 0., 1., 1., 6., 144., 11., 0., 0., 0., 0., 0., 0., 10., 11.,
       0., 0., 0., 0., 0., 17., 90., 43., 30., 10., 2., 2., 1., 26.,
       149., 79., 113., 45., 0., 0., 1., 149., 149., 21., 6., 1., 0., 0.,
       3., 24., 32., 11., 0., 0., 0., 0., 0., 0., 20., 32., 23., 19.,
       47., 35., 0., 76., 18., 20., 70., 52., 26., 11., 49., 149., 50.,
       3., 4., 2., 1., 2., 88., 51., 22., 6., 0., 0., 0., 0., 2., 2., 3.,
       20., 45., 36., 26., 14., 1., 52., 16., 11., 10., 17., 14., 13.,
       50., 149., 110., 9., 1., 0., 0., 1., 39., 41., 35., 2., 0., 0.,
       0., 0., 0., 1., 8., 9., 28., 128., 28., 7., 1., 31., 43., 28.,
       12., 7., 2., 6., 11., 20., 34., 103., 14., 2., 5., 7., 15., 6.,
       4., 57., 38., 0., 0., 17., 22., 18., 5., 5., 19., 128., 81., 3.,
       5., 128., 23., 9., 8., 20., 18., 30., 64., 22., 6., 11., 3., 5.,
       57., 102., 37., 14., 11., 34., 6., 7., 18., 20., 31., 6., 0., 0.,
       0., 94., 128., 58., 5., 116., 17., 0., 0., 5., 127., 117., 42.,
       65., 21., 2., 0., 5., 67., 47., 22., 2., 3., 15., 5., 12., 109.,
       70., 4., 0., 0., 0., 0., 0., 69., 35., 0., 4., 1., 0., 0., 0.,
       128., 114., 5., 19., 7., 16., 5., 25., 90., 65., 14., 4., 20.,
       42., 5., 8., 33., 32., 6., 11., 3., 2., 21., 59., 46., 116., 50.,
       15., 31., 5., 7., 17., 28., 116., 61., 16., 17., 11., 2., 21.,
       37., 56., 21., 55., 64., 33., 3., 6., 18., 4., 10., 63., 4., 3.,
       19., 116., 12., 4., 34., 110., 49., 9., 20., 74., 9., 1., 13.,
       29., 10., 12., 61., 74., 16., 1., 6., 71., 13., 10., 10., 4., 8.,
       16., 72., 38., 19., 19., 90., 116., 3., 1., 8., 72., 81., 18.,
       41., 59., 4., 6., 29., 26., 13., 8., 48., 49., 14., 69., 111.,
       64., 2., 2., 20., 9., 4., 27., 116., 10., 27., 44., 73., 29., 3.,
       3., 6., 75., 49., 20., 13., 12., 3., 11., 116., 29., 31., 46., 2.,
       0., 2., 53., 116., 13., 17., 15., 42., 25., 7., 36., 72., 3., 1.,
       2., 42., 51., 27., 73., 24., 0., 1., 4., 74., 112., 42., 53., 12.,
       109., 17., 4., 21., 42., 23., 22., 36., 65., 9., 0., 2., 28., 65.,
       46., 36., 27., 4., 11., 112., 104., 6., 11., 9., 52., 15., 26.,
       108., 53., 31., 18., 12., 90., 43., 1., 2., 47., 79., 33., 16.,
       112., 94., 1., 3., 70., 29., 1., 3., 8., 2., 13., 69., 112., 20.,
       4., 5., 108., 25., 3., 11., 39., 20., 10., 27., 36., 32., 5., 5.,
       51., 82., 21., 8., 86., 63., 44., 46., 32., 20., 15., 9., 0., 3.,
       13., 30., 46., 70., 24., 1., 9., 30., 15., 10., 14., 18., 14.,
       13., 5., 28., 79., 80., 17., 22., 8., 2., 11., 12., 85., 112.,
       15., 7., 4., 6., 4., 94., 58., 34., 78., 6., 0., 0., 105., 148.,
       46., 7., 8., 0., 0., 0., 28., 36., 15., 0., 0., 0., 0., 0., 0.,
       3., 14., 0., 0., 0., 0., 0., 20., 22., 28., 65., 90., 22., 10.,
       12., 148., 89., 4., 11., 22., 6., 5., 51., 118., 37., 9., 0., 0.,
       0., 0., 2., 0., 6., 13., 0., 0., 0., 0., 0., 16., 2., 9., 15.,
       33., 41., 25., 24., 148., 80., 18., 1., 2., 9., 10., 67., 93.,
       133., 10., 0., 0., 0., 0., 1., 4., 8., 7., 0., 0., 0., 0., 0.,
       34., 22., 13., 22., 35., 10., 12., 17., 54., 95., 115., 39., 35.,
