%YAML:1.0
---
mat: !!opencv-matrix
   rows: 15
   cols: 128
   dt: f
   data: [ 86., 0., 0., 0., 0., 0., 0., 11., 103., 1., 0., 0., 0., 0.,
       4., 45., 114., 5., 0., 0., 0., 0., 8., 41., 86., 5., 0., 0., 0.,
       0., 4., 23., 122., 6., 0., 0., 0., 0., 0., 7., 122., 7., 1., 2.,
       0., 2., 36., 122., 58., 6., 5., 12., 5., 16., 100., 122., 64., 3.,
       0., 1., 8., 9., 40., 100., 122., 11., 0., 0., 0., 0., 0., 1.,
       122., 92., 27., 17., 0., 1., 3., 13., 98., 88., 62., 63., 5., 6.,
       9., 11., 107., 73., 21., 13., 21., 3., 3., 9., 90., 3., 0., 0.,
       0., 0., 0., 3., 112., 64., 12., 2., 0., 0., 0., 0., 95., 59., 19.,
       6., 0., 0., 0., 1., 57., 63., 16., 3., 0., 0., 0., 1., 119., 1.,
       0., 0., 0., 0., 0., 5., 101., 3., 2., 4., 3., 3., 8., 19., 22.,
       6., 12., 13., 9., 12., 65., 33., 13., 4., 4., 3., 3., 35., 96.,
       12., 122., 3., 0., 0., 0., 0., 0., 4., 122., 10., 0., 0., 0., 1.,
       21., 112., 23., 8., 1., 0., 0., 2., 122., 122., 6., 2., 1., 1.,
       1., 13., 122., 48., 122., 2., 0., 0., 0., 0., 0., 12., 122., 99.,
       3., 0., 0., 0., 2., 23., 94., 122., 13., 0., 0., 0., 12., 28.,
       47., 24., 5., 4., 4., 9., 22., 22., 112., 0., 0., 0., 0., 0., 0.,
       29., 106., 14., 0., 0., 0., 0., 4., 98., 122., 22., 1., 0., 0.,
       0., 2., 78., 60., 6., 4., 12., 6., 9., 4., 20., 38., 0., 0., 0.,
       1., 10., 37., 60., 31., 2., 0., 0., 4., 16., 48., 68., 88., 11.,
       1., 0., 1., 3., 27., 104., 44., 31., 46., 19., 8., 23., 27., 16.,
       108., 11., 14., 36., 18., 24., 28., 35., 121., 7., 0., 13., 102.,
       28., 28., 40., 121., 9., 1., 4., 18., 9., 37., 107., 17., 2., 3.,
       9., 96., 68., 49., 24., 121., 62., 25., 37., 4., 0., 0., 2., 121.,
       56., 35., 39., 91., 2., 0., 3., 121., 121., 60., 9., 18., 2., 1.,
       10., 16., 24., 93., 54., 100., 6., 1., 3., 67., 36., 6., 2., 0.,
       0., 0., 4., 46., 57., 27., 9., 1., 0., 0., 2., 40., 79., 38., 1.,
       0., 0., 0., 2., 6., 18., 69., 15., 2., 0., 0., 1., 11., 23., 30.,
       44., 65., 36., 19., 9., 55., 24., 70., 49., 17., 33., 64., 94.,
       113., 87., 6., 3., 22., 14., 16., 56., 50., 40., 5., 3., 110.,
       79., 0., 0., 38., 16., 1., 16., 113., 69., 31., 17., 113., 38.,
       1., 2., 4., 15., 74., 113., 42., 39., 54., 25., 64., 53., 43.,
       48., 21., 60., 113., 34., 61., 30., 9., 8., 6., 1., 0., 4., 113.,
       80., 54., 28., 113., 33., 2., 1., 4., 8., 48., 76., 30., 23., 17.,
       16., 61., 110., 21., 7., 8., 14., 20., 8., 10., 66., 89., 32., 0.,
       0., 20., 12., 9., 26., 38., 3., 8., 2., 25., 15., 1., 4., 40.,
       17., 4., 3., 39., 29., 1., 3., 1., 3., 0., 0., 28., 22., 1., 5.,
       7., 1., 2., 2., 8., 16., 5., 16., 71., 43., 2., 4., 13., 20., 36.,
       85., 48., 15., 8., 9., 4., 4., 13., 86., 112., 90., 2., 2., 12.,
       29., 4., 2., 112., 112., 7., 11., 26., 108., 49., 4., 2., 7.,
       112., 46., 52., 65., 21., 7., 10., 38., 30., 7., 61., 90., 1., 4.,
       45., 98., 0., 0., 81., 112., 0., 0., 34., 52., 5., 6., 2., 21.,
       79., 44., 7., 5., 92., 32., 35., 17., 20., 26., 25., 42., 13.,
       11., 71., 96., 2., 0., 63., 104., 1., 0., 14., 35., 1., 0., 92.,
       112., 6., 7., 1., 2., 16., 14., 12., 5., 10., 1., 1., 0., 7., 10.,
       48., 86., 19., 4., 1., 0., 0., 0., 35., 109., 20., 2., 0., 0., 0.,
       2., 23., 50., 0., 0., 2., 9., 42., 35., 7., 0., 1., 17., 52., 26.,
       28., 6., 3., 2., 18., 88., 55., 10., 3., 5., 7., 4., 20., 22., 1.,
       3., 11., 6., 19., 6., 1., 0., 0., 2., 114., 47., 7., 1., 46., 4.,
       10., 11., 87., 50., 40., 37., 69., 57., 17., 8., 11., 108., 91.,
       35., 82., 37., 15., 23., 38., 7., 7., 16., 1., 1., 0., 2., 121.,
       33., 5., 0., 121., 25., 0., 4., 120., 16., 9., 15., 62., 5., 11.,
       23., 119., 64., 30., 14., 7., 14., 105., 78., 37., 4., 4., 4., 1.,
       0., 0., 3., 121., 15., 1., 0., 121., 24., 0., 2., 121., 6., 0.,
       1., 77., 8., 3., 25., 121., 12., 0., 2., 15., 18., 39., 56., 89.,
       10., 46., 18., 60., 0., 0., 0., 0., 3., 28., 73., 116., 8., 1.,
       0., 0., 2., 19., 91., 105., 26., 40., 40., 13., 14., 11., 27.,
       14., 14., 21., 69., 25., 12., 13., 7., 94., 23., 10., 15., 16.,
       13., 37., 70., 116., 22., 5., 7., 19., 15., 39., 116., 46., 15.,
       19., 31., 105., 77., 41., 61., 18., 11., 7., 17., 42., 32., 40.,
       41., 107., 115., 35., 16., 6., 0., 0., 1., 116., 116., 73., 16.,
       9., 1., 0., 4., 28., 76., 116., 89., 59., 4., 1., 4., 24., 101.,
       44., 16., 26., 21., 7., 4., 101., 22., 2., 0., 0., 0., 0., 6.,
       86., 37., 10., 0., 0., 0., 0., 10., 21., 18., 27., 7., 4., 1., 0.,
       4., 1., 27., 51., 17., 19., 1., 0., 0., 73., 20., 14., 4., 0., 1.,
       15., 53., 18., 15., 17., 17., 14., 38., 93., 37., 4., 13., 17.,
       10., 13., 98., 66., 1., 22., 6., 44., 11., 9., 33., 7., 20., 118.,
       13., 0., 2., 5., 1., 4., 28., 108., 24., 7., 54., 114., 34., 27.,
       23., 94., 33., 6., 20., 79., 101., 28., 14., 86., 8., 0., 10.,
       105., 63., 2., 9., 118., 32., 9., 1., 3., 3., 0., 22., 93., 26.,
       58., 34., 88., 67., 9., 24., 67., 10., 48., 118., 64., 16., 8.,
       27., 80., 12., 3., 72., 88., 3., 1., 8., 48., 31., 16., 0., 0.,
       5., 57., 44., 8., 22., 105., 38., 10., 36., 27., 1., 2., 0., 66.,
       67., 7., 6., 9., 21., 12., 9., 5., 19., 7., 7., 52., 22., 9., 0.,
       0., 0., 0., 0., 0., 2., 88., 0., 0., 0., 2., 4., 3., 25., 10., 0.,
       0., 0., 21., 34., 5., 7., 0., 0., 0., 0., 1., 2., 0., 0., 40., 0.,
       0., 0., 0., 0., 0., 8., 180., 7., 0., 0., 5., 20., 18., 140., 60.,
       2., 0., 2., 128., 173., 32., 51., 0., 0., 0., 0., 13., 9., 0., 0.,
       27., 3., 0., 0., 0., 0., 0., 0., 180., 103., 0., 7., 13., 4., 2.,
       18., 115., 39., 0., 46., 180., 32., 4., 9., 0., 0., 0., 4., 41.,
       2., 0., 0., 6., 1., 0., 0., 0., 0., 0., 0., 180., 54., 0., 3., 2.,
       0., 0., 0., 45., 22., 0., 19., 94., 0., 0., 0., 0., 0., 0., 2.,
       16., 0., 0., 0., 90., 27., 0., 0., 0., 2., 19., 67., 52., 27., 4.,
       0., 0., 9., 108., 59., 4., 5., 5., 0., 9., 107., 108., 9., 13.,
       1., 0., 0., 3., 34., 27., 36., 108., 36., 0., 0., 16., 57., 27.,
       34., 108., 66., 49., 21., 28., 8., 14., 44., 70., 75., 51., 11.,
       37., 108., 20., 8., 90., 14., 1., 6., 55., 81., 10., 23., 81.,
       65., 12., 24., 75., 27., 3., 9., 76., 108., 30., 12., 43., 24.,
       8., 20., 106., 44., 59., 55., 29., 14., 9., 30., 50., 40., 17.,
       75., 56., 7., 6., 9., 45., 44., 37., 25., 11., 0., 1., 32., 44.,
       64., 18., 2., 5., 11., 34., 101., 17., 13., 49., 22., 27., 33.,
       21., 35., 18., 7., 10., 17., 4., 1., 40., 92., 0., 21., 49., 51.,
       64., 4., 0., 0., 14., 33., 106., 24., 0., 0., 1., 13., 64., 27.,
       27., 5., 0., 2., 5., 12., 90., 10., 0., 0., 0., 0., 1., 40., 22.,
       8., 22., 27., 123., 55., 3., 13., 123., 22., 27., 4., 7., 13.,
       15., 123., 96., 3., 1., 0., 17., 50., 24., 66., 123., 3., 0., 0.,
       0., 1., 4., 79., 16., 2., 2., 48., 123., 54., 12., 8., 123., 33.,
       1., 0., 13., 20., 12., 38., 123., 5., 0., 0., 62., 44., 1., 25.,
       123., 12., 1., 0., 1., 1., 2., 52., 3., 0., 6., 30., 51., 9., 13.,
       25., 123., 3., 4., 2., 5., 4., 15., 80., 98., 5., 2., 4., 55.,
       12., 0., 11., 123., 24., 1., 0., 2., 1., 0., 4., 13., 20., 60.,
       30., 9., 34., 27., 1., 2., 0., 62., 84., 32., 37., 5., 4., 4., 0.,
       5., 30., 45., 39., 48., 19., 0., 0., 0., 0., 9., 49., 35., 6.,
       38., 41., 19., 21., 19., 69., 39., 2., 52., 5., 2., 7., 117.,
       117., 12., 10., 117., 6., 0., 5., 70., 48., 57., 61., 19., 8., 0.,
       12., 106., 61., 32., 14., 77., 19., 7., 32., 33., 31., 36., 49.,
       66., 14., 3., 105., 117., 29., 1., 7., 117., 80., 6., 11., 100.,
       16., 0., 1., 14., 11., 5., 16., 117., 53., 16., 9., 2., 12., 35.,
       29., 54., 50., 27., 10., 5., 8., 4., 67., 92., 86., 8., 1., 21.,
