%YAML:1.0
---
mat: !!opencv-matrix
   rows: 59
   cols: 128
   dt: f
   data: [ 25., 41., 8., 5., 18., 5., 3., 4., 96., 14., 4., 10., 86.,
       11., 1., 1., 172., 46., 0., 0., 2., 0., 0., 0., 29., 4., 0., 0.,
       0., 0., 2., 1., 14., 30., 37., 9., 4., 1., 16., 6., 86., 14., 21.,
       30., 38., 3., 36., 28., 172., 36., 0., 1., 2., 0., 7., 52., 56.,
       4., 0., 0., 0., 0., 2., 3., 1., 4., 8., 2., 1., 3., 172., 68.,
       14., 1., 4., 5., 1., 0., 172., 144., 115., 1., 0., 0., 0., 0.,
       101., 172., 23., 0., 0., 0., 0., 0., 2., 15., 0., 0., 0., 0., 0.,
       0., 105., 21., 0., 0., 0., 0., 0., 0., 83., 21., 0., 0., 0., 0.,
       0., 0., 23., 16., 0., 0., 0., 0., 0., 0., 1., 2., 1., 23., 100.,
       0., 0., 0., 0., 0., 2., 22., 82., 0., 0., 0., 0., 1., 2., 19.,
       23., 0., 0., 0., 0., 1., 1., 2., 0., 0., 0., 0., 0., 0., 0., 71.,
       171., 0., 0., 7., 20., 0., 12., 147., 171., 0., 1., 5., 6., 0.,
       125., 171., 96., 0., 0., 0., 0., 1., 24., 12., 1., 0., 0., 0., 0.,
       1., 0., 5., 21., 16., 10., 37., 66., 2., 78., 31., 40., 15., 28.,
       33., 19., 10., 171., 54., 8., 0., 2., 2., 0., 42., 54., 2., 0.,
       0., 0., 0., 0., 5., 0., 7., 49., 34., 8., 4., 9., 0., 97., 3., 9.,
       26., 23., 2., 3., 15., 171., 0., 0., 1., 1., 0., 0., 52., 31., 0.,
       0., 0., 0., 0., 0., 4., 1., 1., 12., 20., 13., 16., 49., 4., 89.,
       14., 7., 14., 32., 19., 11., 1., 185., 44., 0., 0., 2., 1., 0.,
       0., 32., 3., 0., 0., 0., 0., 0., 0., 1., 6., 61., 50., 6., 2.,
       46., 4., 82., 14., 22., 29., 20., 3., 60., 26., 185., 34., 1., 2.,
       2., 0., 10., 49., 52., 4., 0., 0., 0., 0., 0., 2., 0., 1., 7., 3.,
       1., 1., 185., 30., 14., 1., 3., 2., 1., 1., 185., 89., 127., 1.,
       0., 0., 0., 0., 114., 185., 22., 0., 0., 0., 0., 0., 0., 12., 2.,
       1., 0., 0., 0., 0., 63., 7., 1., 1., 8., 5., 0., 0., 64., 8., 1.,
       9., 11., 2., 0., 0., 20., 15., 1., 1., 0., 0., 0., 0., 0., 2., 0.,
       7., 76., 0., 0., 0., 0., 0., 0., 9., 70., 0., 0., 0., 0., 0., 0.,
       14., 22., 0., 0., 0., 0., 0., 0., 2., 1., 0., 0., 0., 0., 0., 0.,
       36., 181., 9., 1., 2., 6., 3., 13., 99., 181., 1., 1., 4., 2., 0.,
       123., 181., 117., 0., 0., 0., 0., 2., 20., 13., 2., 7., 4., 0.,
       0., 0., 13., 4., 34., 3., 7., 28., 33., 20., 88., 25., 56., 10.,
       28., 29., 14., 10., 181., 50., 10., 1., 2., 1., 0., 43., 47., 3.,
       1., 5., 14., 6., 0., 4., 32., 4., 3., 4., 22., 25., 8., 15., 104.,
       1., 1., 11., 66., 27., 2., 15., 181., 1., 0., 0., 1., 0., 0., 46.,
       25., 1., 2., 0., 0., 1., 0., 2., 0., 3., 152., 14., 0., 0., 0.,
       0., 6., 54., 152., 10., 0., 0., 0., 0., 56., 131., 55., 0., 1.,
       0., 0., 0., 9., 7., 0., 0., 11., 2., 0., 0., 6., 7., 98., 5., 1.,
       0., 22., 12., 55., 44., 85., 13., 6., 2., 41., 26., 152., 97.,
       10., 0., 0., 0., 7., 45., 43., 6., 0., 0., 11., 3., 0., 2., 5.,
       7., 3., 2., 1., 1., 152., 60., 14., 2., 1., 2., 1., 2., 152.,
       110., 109., 7., 4., 1., 0., 0., 76., 152., 22., 2., 0., 0., 11.,
       3., 0., 12., 45., 84., 24., 24., 21., 2., 36., 14., 33., 30., 6.,
       28., 20., 1., 50., 17., 28., 51., 31., 28., 12., 0., 12., 11.,
       18., 14., 0., 0., 8., 2., 0., 1., 0., 0., 18., 13., 0., 1., 8.,
       0., 0., 8., 62., 4., 0., 1., 11., 0., 0., 15., 20., 0., 0., 1.,
       14., 0., 0., 1., 4., 1., 0., 1., 12., 0., 0., 0., 59., 148., 75.,
       0., 0., 0., 11., 77., 148., 65., 13., 1., 0., 0., 90., 148., 90.,
       3., 1., 0., 0., 1., 11., 13., 42., 39., 15., 9., 1., 0., 0., 0.,
       4., 97., 148., 1., 0., 0., 71., 24., 38., 33., 46., 11., 4., 12.,
       148., 48., 9., 1., 2., 3., 1., 37., 32., 4., 21., 16., 19., 55.,
       15., 4., 0., 2., 1., 62., 148., 0., 0., 0., 92., 9., 5., 13., 20.,
       0., 0., 9., 148., 11., 17., 20., 8., 4., 1., 26., 10., 4., 123.,
       58., 9., 11., 11., 1., 2., 2., 0., 0., 71., 100., 0., 0., 30.,
       86., 41., 14., 76., 77., 0., 0., 49., 28., 53., 71., 25., 4., 7.,
       68., 14., 1., 0., 2., 6., 37., 98., 83., 0., 0., 0., 0., 66., 37.,
       0., 0., 26., 5., 12., 4., 130., 110., 5., 5., 130., 44., 13., 3.,
       23., 14., 4., 91., 38., 18., 0., 0., 0., 5., 6., 45., 0., 0., 0.,
       0., 25., 20., 1., 0., 7., 1., 0., 0., 80., 130., 48., 2., 110.,
       113., 0., 0., 13., 130., 29., 8., 44., 130., 0., 0., 0., 4., 0.,
       0., 0., 0., 0., 0., 0., 4., 1., 0., 0., 0., 0., 0., 4., 48., 8.,
       0., 7., 16., 0., 0., 25., 130., 7., 0., 30., 105., 0., 0., 2.,
       50., 22., 7., 13., 3., 1., 2., 2., 0., 0., 1., 3., 0., 1., 75.,
       112., 0., 0., 1., 132., 5., 1., 48., 65., 0., 0., 47., 61., 1.,
       0., 0., 0., 0., 0., 21., 11., 26., 132., 40., 3., 0., 0., 0., 27.,
       6., 76., 132., 77., 0., 0., 8., 132., 22., 7., 45., 22., 0., 0.,
       50., 49., 4., 0., 0., 0., 0., 0., 10., 5., 13., 89., 38., 33.,
       58., 68., 19., 35., 2., 52., 89., 27., 36., 18., 132., 132., 10.,
       2., 6., 0., 0., 15., 132., 28., 2., 0., 0., 0., 0., 0., 14., 28.,
       1., 0., 80., 84., 23., 23., 23., 97., 0., 0., 18., 31., 11., 3.,
       132., 25., 0., 0., 0., 0., 0., 4., 81., 1., 0., 0., 0., 0., 0.,
       0., 4., 2., 13., 5., 3., 65., 96., 0., 0., 67., 133., 4., 1., 34.,
       35., 0., 0., 27., 67., 2., 0., 0., 0., 0., 0., 1., 4., 0., 0., 0.,
       0., 0., 0., 0., 1., 0., 3., 63., 65., 0., 0., 28., 120., 9., 20.,
       133., 84., 0., 0., 91., 133., 16., 4., 8., 0., 0., 5., 22., 22.,
       1., 0., 0., 0., 0., 1., 0., 12., 18., 108., 32., 5., 0., 0., 39.,
       12., 3., 133., 133., 24., 19., 9., 133., 65., 2., 7., 14., 5., 6.,
       32., 56., 10., 0., 0., 0., 0., 0., 6., 24., 42., 85., 78., 5., 3.,
       3., 23., 23., 4., 2., 39., 37., 64., 77., 66., 133., 72., 0., 0.,
       32., 47., 16., 3., 60., 34., 0., 0., 0., 0., 0., 0., 19., 17.,
       17., 14., 58., 58., 10., 11., 133., 34., 0., 1., 90., 132., 2.,
       2., 138., 87., 0., 0., 0., 3., 0., 3., 21., 3., 0., 0., 0., 0.,
       3., 6., 56., 31., 5., 4., 22., 30., 9., 35., 67., 10., 1., 0.,
       115., 138., 25., 22., 138., 57., 0., 0., 5., 23., 16., 51., 62.,
       6., 0., 0., 0., 0., 3., 12., 65., 1., 1., 2., 1., 10., 80., 97.,
       18., 0., 0., 0., 19., 138., 138., 54., 86., 1., 0., 0., 1., 24.,
       110., 138., 27., 1., 2., 1., 0., 0., 1., 18., 1., 0., 0., 0., 0.,
       3., 65., 25., 0., 0., 0., 0., 0., 3., 33., 15., 0., 0., 0., 0.,
       0., 1., 18., 10., 0., 0., 0., 0., 0., 0., 0., 1., 0., 0., 0., 2.,
       0., 1., 2., 0., 0., 2., 19., 13., 1., 0., 1., 0., 0., 11., 16.,
       1., 0., 0., 0., 0., 0., 1., 1., 0., 0., 0., 0., 0., 0., 1., 6.,
       46., 19., 0., 1., 0., 8., 33., 111., 126., 45., 0., 0., 0., 58.,
       126., 103., 21., 1., 0., 0., 0., 3., 38., 71., 15., 0., 0., 0.,
       0., 0., 1., 5., 100., 92., 0., 0., 0., 78., 20., 13., 126., 126.,
       0., 0., 10., 126., 69., 30., 43., 7., 1., 0., 21., 6., 43., 76.,
       103., 8., 1., 3., 1., 0., 0., 1., 114., 126., 0., 0., 0., 126.,
       8., 0., 113., 113., 0., 0., 23., 126., 14., 11., 25., 23., 7., 2.,
       32., 8., 5., 8., 30., 21., 6., 13., 10., 45., 12., 5., 3., 21.,
       4., 7., 18., 38., 2., 4., 12., 61., 29., 8., 7., 181., 0., 0., 0.,
       11., 3., 1., 21., 52., 0., 0., 0., 0., 1., 2., 4., 63., 39., 4.,
       3., 26., 3., 4., 11., 57., 11., 5., 19., 100., 16., 4., 6., 181.,
       0., 0., 2., 17., 1., 0., 24., 63., 0., 0., 0., 0., 1., 3., 4.,
       23., 31., 22., 4., 21., 5., 31., 6., 61., 16., 26., 33., 37., 2.,
       36., 18., 181., 1., 1., 3., 7., 0., 6., 61., 54., 0., 0., 0., 0.,
       1., 2., 5., 1., 4., 4., 0., 3., 14., 181., 6., 12., 1., 4., 5.,
       0., 2., 181., 52., 103., 0., 0., 1., 0., 0., 79., 146., 16., 0.,
       0., 0., 0., 1., 2., 8., 1., 2., 179., 15., 3., 3., 7., 5., 21.,
       44., 179., 3., 2., 7., 5., 1., 159., 127., 65., 0., 0., 1., 0.,
       1., 19., 7., 1., 10., 12., 3., 0., 0., 27., 1., 10., 3., 15., 23.,
