%YAML:1.0
---
mat: !!opencv-matrix
   rows: 34
   cols: 128
   dt: f
   data: [ 0., 0., 158., 23., 3., 0., 0., 0., 51., 75., 158., 8., 0., 0.,
       0., 0., 158., 116., 21., 0., 0., 0., 0., 0., 15., 3., 0., 0., 2.,
       0., 0., 0., 0., 0., 11., 4., 17., 5., 51., 6., 108., 18., 7., 0.,
       0., 0., 64., 41., 158., 41., 0., 0., 0., 0., 8., 46., 35., 4., 0.,
       0., 1., 0., 0., 2., 0., 0., 0., 0., 2., 3., 158., 41., 13., 0.,
       0., 0., 0., 0., 158., 111., 99., 1., 0., 0., 0., 0., 79., 158.,
       16., 0., 0., 0., 1., 0., 0., 9., 6., 10., 1., 0., 0., 0., 57.,
       11., 1., 1., 6., 9., 2., 0., 51., 12., 2., 17., 21., 7., 1., 0.,
       14., 12., 2., 5., 0., 0., 0., 0., 0., 1., 0., 3., 46., 8., 0., 0.,
       0., 0., 0., 10., 56., 0., 0., 0., 1., 0., 0., 11., 16., 0., 0.,
       0., 1., 0., 0., 1., 1., 0., 0., 0., 2., 0., 0., 11., 156., 118.,
       45., 0., 0., 0., 14., 110., 156., 3., 0., 0., 0., 0., 96., 156.,
       87., 0., 0., 0., 0., 1., 14., 11., 4., 14., 8., 1., 0., 0., 0.,
       1., 27., 73., 156., 0., 0., 0., 116., 41., 66., 4., 3., 0., 0.,
       12., 156., 48., 8., 0., 0., 0., 0., 38., 36., 3., 1., 7., 18.,
       14., 2., 2., 0., 0., 0., 20., 113., 9., 13., 0., 128., 0., 0., 0.,
       1., 4., 14., 31., 156., 1., 0., 0., 0., 0., 0., 50., 18., 2., 8.,
       2., 0., 2., 1., 2., 14., 3., 2., 2., 2., 0., 0., 0., 3., 0., 1.,
       82., 104., 0., 0., 1., 133., 3., 0., 55., 64., 0., 0., 51., 64.,
       1., 0., 0., 0., 0., 0., 27., 9., 26., 133., 40., 2., 2., 0., 0.,
       25., 6., 87., 133., 63., 1., 0., 10., 133., 21., 8., 46., 19., 0.,
       0., 55., 53., 4., 0., 0., 0., 0., 0., 12., 4., 9., 82., 37., 34.,
       75., 70., 17., 33., 2., 52., 76., 23., 38., 20., 133., 126., 8.,
       2., 5., 0., 0., 19., 133., 28., 2., 0., 0., 0., 0., 0., 15., 24.,
       1., 0., 90., 83., 21., 17., 25., 92., 0., 0., 16., 25., 9., 3.,
       133., 21., 0., 0., 0., 0., 0., 5., 75., 1., 0., 0., 0., 0., 0.,
       0., 4., 2., 15., 5., 2., 64., 99., 0., 0., 66., 132., 3., 0., 31.,
       32., 0., 0., 24., 68., 3., 0., 0., 0., 0., 0., 0., 3., 1., 0., 0.,
       0., 0., 0., 0., 1., 0., 4., 67., 68., 0., 0., 27., 121., 12., 20.,
       132., 79., 0., 0., 94., 132., 18., 4., 6., 0., 0., 5., 24., 20.,
       1., 0., 0., 0., 0., 2., 0., 9., 17., 114., 37., 5., 1., 0., 44.,
       11., 3., 132., 132., 18., 23., 8., 132., 63., 2., 6., 11., 4., 7.,
       28., 54., 11., 0., 0., 0., 0., 0., 6., 24., 34., 79., 83., 6., 1.,
       5., 25., 21., 4., 1., 37., 38., 59., 87., 65., 132., 73., 0., 0.,
       31., 46., 16., 3., 60., 36., 0., 0., 0., 0., 0., 0., 26., 28.,
       19., 5., 21., 14., 18., 38., 57., 9., 4., 8., 157., 55., 9., 6.,
       157., 18., 0., 1., 16., 4., 0., 3., 33., 1., 0., 0., 0., 0., 7.,
       4., 41., 35., 11., 6., 25., 12., 20., 79., 54., 19., 5., 13.,
       157., 73., 17., 22., 157., 39., 2., 4., 34., 9., 8., 40., 52., 1.,
       0., 0., 0., 0., 10., 9., 47., 11., 0., 0., 10., 19., 66., 65.,
       16., 2., 0., 0., 104., 157., 123., 44., 137., 2., 1., 0., 9., 30.,
       107., 157., 23., 0., 4., 1., 0., 0., 4., 17., 0., 0., 1., 0., 0.,
       3., 24., 9., 0., 0., 1., 1., 0., 13., 26., 5., 1., 0., 1., 0., 0.,
       2., 21., 14., 0., 0., 4., 1., 0., 0., 0., 1., 0., 0., 0., 1., 0.,
       1., 6., 0., 0., 2., 21., 15., 1., 1., 3., 0., 0., 14., 24., 2.,
       0., 0., 1., 0., 0., 2., 9., 2., 0., 0., 1., 0., 0., 1., 7., 20.,
       20., 0., 2., 0., 10., 29., 107., 154., 125., 1., 1., 1., 117.,
       154., 123., 40., 12., 1., 0., 2., 11., 24., 73., 43., 30., 4., 0.,
       0., 0., 1., 9., 21., 63., 0., 0., 0., 47., 7., 8., 84., 154., 7.,
       3., 14., 154., 48., 24., 25., 41., 11., 5., 45., 19., 11., 40.,
       89., 45., 21., 8., 4., 0., 1., 4., 17., 69., 0., 0., 0., 54., 4.,
       0., 50., 154., 1., 1., 6., 154., 29., 14., 13., 22., 12., 6., 29.,
       7., 8., 17., 33., 32., 30., 10., 4., 16., 27., 39., 53., 16., 7.,
       9., 5., 68., 50., 38., 56., 16., 29., 40., 5., 38., 10., 3., 4.,
       0., 87., 120., 8., 10., 4., 3., 2., 0., 37., 120., 64., 46., 33.,
       21., 44., 80., 1., 2., 17., 120., 40., 12., 35., 65., 0., 0., 22.,
       89., 19., 39., 91., 5., 2., 4., 11., 52., 36., 22., 21., 1., 2.,
       10., 13., 40., 2., 0., 20., 120., 4., 5., 60., 99., 78., 42., 24.,
       77., 6., 11., 29., 74., 36., 112., 78., 4., 3., 9., 78., 100., 7.,
       5., 8., 1., 0., 0., 73., 23., 6., 3., 52., 120., 2., 1., 28., 41.,
       27., 6., 14., 30., 8., 14., 85., 21., 2., 5., 2., 2., 4., 25.,
       120., 16., 0., 0., 2., 3., 0., 1., 51., 0., 5., 49., 51., 6., 1.,
       2., 0., 4., 63., 71., 10., 0., 0., 1., 0., 1., 12., 31., 12., 0.,
       0., 2., 0., 0., 15., 27., 1., 0., 0., 2., 0., 13., 18., 57., 140.,
       140., 1., 1., 2., 140., 140., 84., 36., 19., 1., 1., 10., 41.,
       28., 60., 66., 53., 7., 0., 0., 0., 88., 107., 30., 21., 1., 0.,
       0., 33., 1., 1., 47., 140., 5., 3., 13., 140., 15., 11., 11., 32.,
       11., 5., 65., 31., 8., 45., 92., 42., 38., 8., 6., 2., 21., 26.,
       35., 16., 6., 43., 18., 45., 3., 0., 43., 140., 0., 0., 4., 140.,
       31., 15., 10., 12., 7., 5., 26., 10., 9., 24., 43., 39., 34., 10.,
       4., 18., 21., 10., 5., 5., 3., 15., 16., 49., 109., 4., 0., 23.,
       39., 0., 0., 15., 76., 53., 50., 12., 1., 0., 0., 34., 17., 14.,
       109., 70., 4., 1., 12., 107., 40., 2., 6., 3., 0., 0., 26., 15.,
       47., 8., 1., 81., 109., 1., 2., 79., 72., 52., 27., 15., 28., 23.,
       40., 75., 2., 7., 44., 45., 65., 35., 48., 109., 1., 0., 1., 1.,
       1., 1., 58., 21., 6., 0., 0., 83., 109., 2., 1., 109., 76., 4.,
       7., 51., 65., 5., 15., 109., 27., 6., 33., 97., 12., 4., 15.,
       109., 0., 0., 0., 1., 0., 0., 15., 30., 11., 0., 0., 39., 48., 0.,
       0., 12., 36., 13., 6., 97., 87., 0., 0., 109., 37., 30., 24., 19.,
       2., 0., 6., 109., 1., 0., 0., 0., 0., 0., 7., 3., 13., 108., 95.,
       56., 0., 0., 0., 90., 123., 101., 8., 2., 0., 0., 0., 29., 20.,
       16., 27., 18., 19., 6., 0., 0., 9., 78., 19., 13., 37., 9., 0.,
       19., 5., 9., 32., 142., 15., 4., 6., 142., 36., 10., 5., 7., 4.,
       3., 19., 86., 11., 56., 44., 8., 19., 9., 1., 0., 2., 64., 74.,
       31., 53., 17., 1., 13., 0., 0., 5., 142., 19., 5., 8., 142., 3.,
       1., 4., 7., 9., 6., 28., 63., 3., 38., 58., 35., 57., 51., 6., 0.,
       2., 57., 51., 10., 10., 87., 21., 12., 2., 1., 10., 139., 1., 0.,
       1., 142., 17., 5., 1., 1., 1., 1., 4., 51., 11., 41., 19., 28.,
       21., 17., 3., 0., 1., 39., 26., 31., 20., 34., 2., 18., 3., 2.,
       99., 35., 0., 1., 31., 25., 2., 1., 23., 93., 17., 14., 55., 133.,
       1., 0., 4., 37., 5., 1., 14., 35., 0., 0., 28., 58., 0., 0., 3.,
       42., 39., 19., 62., 7., 4., 38., 37., 42., 25., 29., 100., 78.,
       24., 13., 13., 133., 11., 1., 23., 26., 2., 0., 5., 37., 1., 0.,
       56., 105., 0., 0., 3., 12., 2., 1., 3., 8., 19., 95., 82., 32.,
       2., 3., 12., 133., 117., 35., 4., 133., 8., 0., 8., 41., 14., 1.,
       4., 45., 2., 0., 54., 133., 0., 0., 5., 14., 0., 0., 1., 16., 2.,
       1., 17., 20., 1., 0., 2., 133., 12., 0., 0., 133., 8., 0., 1.,
       59., 4., 0., 1., 42., 2., 0., 6., 105., 31., 5., 6., 8., 7., 22.,
       80., 146., 2., 1., 2., 146., 90., 43., 27., 30., 2., 1., 9., 37.,
       19., 35., 62., 43., 7., 0., 0., 0., 44., 66., 28., 21., 2., 7.,
       3., 17., 1., 0., 25., 146., 5., 2., 5., 146., 14., 6., 7., 48.,
       11., 5., 39., 36., 8., 22., 56., 38., 53., 11., 8., 5., 13., 12.,
       16., 10., 6., 36., 24., 23., 3., 0., 31., 146., 0., 0., 1., 146.,
       43., 14., 11., 33., 2., 10., 26., 19., 15., 36., 53., 27., 33.,
       42., 8., 45., 23., 13., 11., 9., 16., 9., 17., 26., 0., 0., 8.,
       146., 2., 0., 4., 146., 1., 0., 1., 23., 1., 14., 57., 24., 0.,
       1., 14., 57., 34., 60., 21., 79., 7., 2., 15., 43., 20., 6., 15.,
       0., 0., 0., 3., 16., 2., 0., 0., 30., 0., 0., 8., 137., 14., 0.,
