%YAML:1.0
---
mat: !!opencv-matrix
   rows: 39
   cols: 128
   dt: f
   data: [ 13., 2., 1., 3., 2., 0., 0., 1., 3., 0., 1., 92., 102., 0.,
       0., 1., 132., 3., 0., 54., 68., 0., 0., 64., 67., 1., 0., 0., 0.,
       0., 0., 24., 7., 24., 134., 47., 3., 0., 1., 0., 31., 10., 63.,
       134., 60., 0., 1., 10., 134., 24., 5., 41., 17., 0., 0., 70., 41.,
       1., 0., 0., 0., 0., 0., 15., 3., 9., 90., 35., 42., 69., 63., 13.,
       33., 3., 42., 89., 23., 24., 30., 134., 134., 10., 2., 4., 0., 0.,
       23., 134., 24., 1., 0., 0., 0., 0., 0., 9., 21., 1., 1., 90., 82.,
       23., 14., 32., 82., 0., 0., 10., 18., 6., 5., 134., 14., 0., 0.,
       0., 0., 0., 7., 67., 1., 0., 0., 0., 0., 0., 0., 2., 4., 30., 10.,
       6., 54., 115., 0., 0., 61., 133., 3., 0., 16., 25., 0., 0., 16.,
       51., 2., 0., 0., 0., 0., 0., 0., 2., 1., 0., 0., 0., 0., 0., 1.,
       1., 0., 1., 72., 94., 0., 0., 32., 133., 23., 9., 133., 87., 0.,
       0., 78., 133., 32., 2., 5., 0., 0., 3., 17., 19., 0., 0., 0., 0.,
       0., 1., 0., 6., 7., 72., 50., 11., 0., 0., 37., 15., 6., 100.,
       133., 29., 11., 7., 133., 78., 5., 3., 18., 3., 5., 23., 53., 15.,
       0., 0., 0., 0., 0., 4., 14., 29., 83., 103., 8., 2., 2., 16., 18.,
       3., 2., 57., 36., 54., 71., 67., 133., 81., 0., 0., 26., 53., 20.,
       5., 61., 48., 0., 0., 0., 0., 0., 0., 19., 26., 21., 15., 36.,
       16., 4., 12., 71., 19., 2., 12., 149., 51., 2., 2., 149., 61., 0.,
       1., 9., 1., 0., 1., 28., 3., 0., 0., 0., 0., 3., 4., 40., 21., 4.,
       7., 23., 16., 6., 32., 57., 18., 0., 6., 149., 109., 13., 16.,
       149., 59., 0., 2., 28., 15., 8., 35., 62., 3., 0., 0., 0., 0., 6.,
       11., 37., 1., 1., 2., 3., 19., 82., 77., 17., 0., 0., 0., 66.,
       149., 131., 51., 138., 2., 0., 0., 7., 35., 116., 149., 29., 0.,
       0., 0., 0., 0., 8., 29., 0., 0., 0., 0., 0., 5., 57., 14., 0., 0.,
       0., 0., 0., 11., 54., 11., 0., 0., 0., 0., 0., 2., 36., 22., 0.,
       0., 0., 0., 0., 0., 2., 4., 0., 1., 7., 3., 0., 0., 0., 0., 0.,
       3., 39., 21., 0., 0., 0., 0., 0., 21., 38., 2., 0., 0., 0., 0.,
       0., 4., 11., 0., 0., 0., 0., 0., 0., 1., 11., 32., 23., 0., 0.,
       0., 12., 33., 108., 139., 102., 0., 0., 0., 101., 139., 125., 40.,
       5., 0., 0., 1., 7., 43., 96., 36., 3., 0., 0., 0., 0., 1., 6.,
       45., 86., 0., 0., 0., 63., 9., 6., 139., 139., 1., 0., 24., 139.,
       48., 14., 32., 25., 3., 1., 54., 9., 21., 32., 77., 21., 5., 8.,
       4., 0., 0., 1., 42., 112., 0., 0., 0., 76., 1., 0., 64., 139., 0.,
       0., 28., 139., 17., 5., 14., 15., 9., 8., 52., 15., 7., 5., 19.,
       17., 12., 7., 10., 0., 4., 65., 59., 7., 0., 0., 0., 5., 73.,
       105., 12., 0., 0., 0., 0., 2., 20., 49., 10., 1., 0., 0., 0., 0.,
       17., 44., 2., 0., 0., 0., 0., 10., 13., 47., 142., 142., 0., 0.,
       1., 142., 142., 82., 40., 17., 0., 0., 6., 62., 33., 49., 47.,
       41., 8., 0., 1., 0., 66., 91., 32., 26., 2., 0., 0., 29., 1., 0.,
       56., 142., 5., 0., 12., 142., 12., 7., 10., 30., 7., 2., 67., 47.,
       10., 43., 68., 29., 32., 7., 8., 1., 14., 18., 38., 18., 6., 34.,
       13., 33., 0., 0., 30., 142., 4., 0., 10., 142., 23., 10., 4., 11.,
       6., 3., 42., 16., 9., 22., 33., 32., 29., 7., 6., 11., 18., 8.,
       6., 6., 3., 12., 11., 31., 24., 0., 1., 112., 54., 0., 0., 79.,
       112., 38., 6., 14., 5., 1., 1., 4., 12., 62., 112., 27., 3., 1.,
       4., 99., 20., 7., 53., 18., 0., 0., 31., 20., 6., 0., 0., 112.,
       71., 2., 3., 93., 55., 20., 5., 49., 31., 22., 69., 28., 6., 28.,
       50., 55., 66., 32., 56., 85., 2., 1., 11., 4., 5., 3., 112., 21.,
       0., 0., 0., 112., 52., 0., 1., 112., 40., 6., 19., 87., 29., 3.,
       13., 91., 12., 6., 64., 70., 9., 3., 55., 90., 0., 0., 1., 2., 1.,
       0., 69., 14., 0., 0., 0., 106., 21., 0., 1., 31., 32., 25., 16.,
       108., 16., 0., 2., 112., 14., 18., 20., 5., 0., 0., 64., 43., 0.,
       0., 0., 0., 0., 0., 26., 1., 1., 122., 99., 0., 2., 78., 47.,
       111., 78., 117., 25., 0., 1., 60., 122., 122., 60., 4., 0., 0.,
       0., 0., 39., 1., 1., 0., 0., 0., 0., 0., 0., 2., 2., 22., 25.,
       16., 17., 122., 68., 49., 73., 55., 10., 1., 5., 48., 87., 122.,
       113., 11., 0., 0., 0., 1., 17., 18., 3., 0., 0., 0., 0., 0., 0.,
       0., 2., 15., 26., 14., 23., 122., 35., 42., 9., 9., 3., 3., 46.,
       90., 58., 122., 11., 1., 0., 0., 2., 12., 98., 31., 1., 0., 0.,
       0., 0., 0., 2., 0., 0., 0., 1., 15., 41., 62., 18., 32., 0., 0.,
       0., 17., 57., 33., 63., 75., 2., 0., 0., 0., 0., 4., 79., 15., 4.,
       0., 0., 0., 0., 0., 1., 38., 18., 0., 0., 55., 138., 2., 2., 58.,
       61., 25., 16., 39., 53., 5., 8., 138., 18., 10., 10., 11., 4., 1.,
       4., 36., 2., 0., 0., 0., 0., 0., 0., 83., 46., 0., 0., 55., 85.,
       1., 0., 36., 32., 30., 13., 138., 138., 2., 3., 138., 55., 15.,
       5., 9., 10., 2., 9., 51., 5., 0., 0., 0., 0., 0., 0., 123., 90.,
       0., 0., 26., 28., 0., 0., 27., 8., 0., 1., 99., 138., 32., 19.,
       138., 4., 0., 0., 8., 53., 43., 107., 41., 2., 0., 0., 0., 0., 0.,
       5., 99., 78., 0., 0., 33., 30., 0., 0., 39., 31., 0., 0., 3., 43.,
       22., 5., 15., 0., 0., 0., 0., 14., 34., 47., 8., 2., 0., 0., 0.,
       0., 0., 4., 0., 0., 0., 2., 4., 0., 0., 0., 0., 3., 18., 49., 9.,
       0., 0., 0., 8., 37., 37., 20., 3., 0., 0., 0., 4., 4., 1., 15.,
       106., 0., 0., 0., 0., 0., 0., 21., 21., 0., 0., 0., 14., 17., 28.,
       135., 111., 0., 0., 1., 135., 105., 42., 56., 13., 0., 0., 3.,
       35., 8., 0., 26., 135., 0., 0., 1., 0., 0., 0., 74., 68., 0., 0.,
       0., 32., 3., 2., 135., 135., 33., 20., 15., 135., 11., 2., 12.,
       18., 11., 8., 34., 53., 1., 0., 35., 135., 0., 0., 4., 6., 4., 2.,
       117., 62., 0., 0., 5., 30., 10., 4., 47., 71., 30., 21., 27.,
       135., 20., 1., 11., 35., 11., 3., 5., 45., 3., 0., 38., 123., 0.,
       0., 5., 14., 2., 2., 108., 37., 0., 0., 22., 24., 2., 1., 32.,
       83., 14., 14., 62., 131., 1., 0., 6., 44., 6., 2., 17., 37., 1.,
       0., 30., 54., 0., 0., 3., 34., 31., 20., 82., 11., 3., 36., 45.,
       42., 27., 35., 88., 71., 30., 20., 18., 131., 7., 3., 25., 32.,
       4., 0., 5., 45., 0., 0., 53., 105., 0., 0., 4., 16., 1., 1., 4.,
       9., 12., 74., 107., 24., 2., 3., 9., 131., 111., 43., 7., 131.,
       8., 1., 7., 52., 18., 1., 6., 54., 3., 1., 50., 131., 1., 0., 6.,
       20., 0., 0., 0., 10., 1., 1., 24., 14., 1., 0., 2., 131., 7., 0.,
       0., 131., 8., 0., 2., 69., 5., 0., 1., 46., 2., 0., 5., 93., 36.,
       7., 8., 42., 12., 1., 3., 100., 2., 0., 4., 72., 13., 7., 11.,
       26., 3., 0., 6., 184., 0., 0., 1., 5., 1., 0., 22., 45., 0., 0.,
       0., 0., 2., 1., 4., 15., 23., 15., 10., 119., 1., 0., 4., 90.,
       28., 43., 12., 2., 0., 0., 4., 184., 9., 2., 1., 0., 0., 0., 16.,
       53., 0., 0., 0., 1., 3., 1., 3., 0., 7., 13., 7., 141., 1., 0.,
       0., 143., 15., 28., 2., 0., 0., 0., 6., 184., 4., 1., 0., 0., 0.,
       0., 22., 49., 0., 0., 0., 0., 1., 2., 3., 0., 0., 0., 3., 108.,
       1., 0., 0., 137., 0., 0., 0., 0., 1., 1., 12., 184., 0., 0., 0.,
       0., 0., 0., 29., 32., 0., 0., 0., 0., 0., 2., 5., 13., 11., 25.,
       87., 150., 0., 0., 0., 150., 95., 40., 24., 21., 1., 0., 2., 29.,
       17., 33., 57., 41., 10., 1., 1., 0., 39., 59., 21., 18., 2., 10.,
       4., 27., 1., 0., 14., 150., 13., 0., 7., 150., 17., 6., 6., 37.,
       14., 4., 36., 33., 9., 19., 46., 31., 47., 14., 9., 5., 14., 9.,
       11., 8., 4., 33., 24., 24., 1., 0., 15., 150., 4., 0., 3., 150.,
       40., 13., 6., 29., 4., 9., 31., 20., 15., 32., 45., 23., 28., 42.,
       10., 46., 22., 12., 9., 8., 15., 8., 15., 25., 0., 0., 8., 150.,
       1., 0., 2., 150., 1., 0., 1., 19., 1., 11., 52., 28., 0., 1., 12.,
       55., 28., 52., 22., 73., 7., 2., 14., 41., 17., 5., 11., 17., 1.,
       0., 5., 25., 14., 6., 3., 156., 1., 0., 1., 5., 1., 0., 16., 112.,
