%YAML:1.0
---
mat: !!opencv-matrix
   rows: 40
   cols: 128
   dt: f
   data: [ 5., 27., 6., 3., 57., 117., 0., 0., 62., 130., 3., 0., 19.,
       28., 0., 0., 14., 59., 3., 0., 0., 0., 0., 0., 0., 2., 1., 0., 0.,
       0., 0., 0., 0., 1., 0., 3., 81., 79., 0., 0., 33., 130., 23., 18.,
       130., 67., 0., 1., 110., 130., 24., 2., 4., 0., 0., 7., 17., 13.,
       0., 0., 0., 0., 0., 1., 0., 8., 18., 106., 54., 5., 0., 1., 54.,
       11., 4., 103., 130., 24., 25., 11., 130., 68., 2., 2., 9., 6., 8.,
       21., 39., 13., 0., 0., 0., 0., 0., 3., 29., 30., 83., 77., 5., 3.,
       4., 27., 24., 7., 2., 29., 35., 67., 74., 70., 130., 85., 0., 0.,
       35., 51., 13., 2., 54., 41., 0., 0., 0., 0., 0., 0., 40., 46.,
       20., 4., 25., 18., 20., 51., 66., 11., 4., 4., 141., 68., 9., 6.,
       141., 26., 0., 0., 8., 4., 0., 4., 33., 1., 0., 0., 0., 0., 9.,
       7., 66., 47., 14., 5., 19., 16., 24., 118., 51., 12., 2., 3.,
       141., 119., 28., 29., 141., 25., 0., 0., 19., 13., 14., 57., 56.,
       1., 0., 0., 0., 0., 11., 16., 64., 20., 0., 0., 5., 16., 100.,
       93., 13., 3., 0., 0., 50., 141., 141., 46., 80., 1., 0., 0., 3.,
       21., 121., 141., 17., 0., 0., 0., 0., 0., 9., 23., 0., 0., 0., 0.,
       0., 2., 44., 14., 0., 0., 0., 0., 0., 5., 30., 6., 0., 0., 0., 0.,
       0., 1., 20., 9., 0., 0., 0., 0., 0., 0., 2., 1., 0., 2., 4., 1.,
       0., 0., 0., 0., 0., 2., 23., 8., 0., 0., 0., 0., 0., 9., 20., 1.,
       0., 0., 0., 0., 0., 2., 6., 0., 0., 0., 0., 0., 0., 2., 12., 29.,
       16., 0., 0., 0., 6., 27., 129., 131., 64., 0., 0., 0., 63., 131.,
       131., 27., 6., 1., 0., 1., 5., 29., 113., 35., 19., 2., 0., 0.,
       0., 2., 10., 48., 73., 0., 0., 0., 50., 11., 15., 131., 131., 0.,
       0., 9., 131., 64., 40., 35., 25., 6., 1., 26., 13., 19., 75.,
       120., 77., 14., 5., 1., 0., 0., 4., 45., 101., 0., 0., 0., 77.,
       4., 0., 77., 131., 0., 0., 10., 131., 21., 23., 24., 24., 30., 5.,
       36., 3., 6., 23., 53., 42., 42., 15., 6., 0., 8., 61., 44., 3.,
       0., 0., 0., 3., 58., 69., 6., 0., 0., 0., 0., 0., 13., 51., 7.,
       0., 0., 0., 0., 0., 16., 23., 0., 0., 0., 0., 0., 19., 21., 55.,
       118., 118., 0., 0., 3., 118., 118., 71., 26., 13., 1., 0., 8.,
       16., 31., 116., 84., 68., 7., 0., 0., 0., 118., 118., 19., 13.,
       0., 0., 0., 56., 2., 0., 76., 118., 0., 0., 11., 118., 16., 26.,
       29., 22., 20., 4., 41., 8., 7., 63., 118., 65., 38., 16., 4., 3.,
       68., 50., 31., 15., 7., 64., 16., 67., 5., 0., 41., 108., 0., 0.,
       9., 115., 31., 36., 26., 17., 21., 11., 24., 5., 10., 25., 50.,
       47., 37., 12., 4., 20., 31., 9., 2., 1., 3., 43., 27., 14., 31.,
       42., 62., 21., 4., 3., 3., 91., 49., 38., 54., 18., 13., 19., 9.,
       39., 8., 4., 7., 1., 52., 89., 10., 7., 6., 5., 2., 0., 22., 92.,
       46., 50., 25., 16., 42., 92., 2., 0., 22., 120., 45., 14., 34.,
       58., 0., 0., 26., 75., 24., 46., 117., 7., 1., 2., 12., 67., 36.,
       22., 18., 0., 1., 5., 18., 37., 3., 1., 26., 120., 10., 3., 52.,
       88., 79., 53., 30., 62., 12., 10., 36., 82., 31., 104., 78., 3.,
       4., 12., 113., 98., 5., 3., 4., 0., 0., 0., 81., 19., 9., 4., 64.,
       120., 1., 2., 22., 43., 24., 6., 11., 19., 10., 14., 116., 18.,
       0., 2., 1., 2., 4., 27., 120., 14., 0., 0., 0., 0., 0., 1., 42.,
       2., 4., 126., 59., 0., 0., 26., 37., 91., 73., 97., 13., 0., 0.,
       14., 90., 112., 65., 5., 0., 0., 0., 0., 15., 1., 1., 0., 0., 0.,
       0., 0., 0., 4., 5., 41., 42., 25., 20., 60., 45., 52., 98., 108.,
       19., 1., 5., 16., 45., 126., 126., 21., 0., 0., 0., 1., 9., 21.,
       3., 0., 0., 0., 0., 0., 1., 0., 1., 22., 42., 18., 25., 126., 48.,
       49., 11., 14., 6., 4., 57., 117., 70., 126., 14., 2., 0., 0., 2.,
       16., 125., 36., 0., 0., 0., 0., 0., 0., 4., 0., 0., 0., 2., 16.,
       47., 83., 29., 37., 0., 0., 0., 21., 77., 42., 72., 94., 2., 0.,
       0., 0., 0., 6., 98., 15., 2., 0., 0., 0., 0., 0., 2., 30., 23.,
       0., 0., 110., 57., 0., 0., 76., 111., 37., 6., 15., 6., 1., 1.,
       4., 14., 59., 111., 28., 4., 1., 4., 99., 22., 7., 53., 19., 1.,
       0., 31., 24., 5., 0., 0., 111., 78., 0., 2., 91., 56., 20., 5.,
       53., 38., 17., 65., 31., 7., 27., 50., 55., 66., 34., 54., 92.,
       2., 1., 11., 5., 6., 4., 111., 30., 0., 0., 0., 111., 52., 0., 1.,
       111., 39., 6., 15., 94., 37., 2., 13., 91., 16., 7., 63., 70., 8.,
       3., 48., 98., 0., 0., 1., 3., 1., 0., 67., 25., 0., 0., 0., 88.,
       21., 0., 0., 21., 28., 24., 15., 111., 24., 0., 1., 111., 18.,
       21., 20., 5., 0., 0., 55., 51., 0., 0., 0., 0., 0., 0., 28., 0.,
       0., 0., 0., 119., 31., 1., 1., 22., 11., 0., 0., 64., 34., 40.,
       33., 68., 119., 0., 0., 2., 17., 12., 7., 37., 72., 0., 0., 1.,
       1., 0., 0., 2., 0., 0., 0., 119., 20., 0., 1., 96., 1., 0., 0.,
       83., 40., 20., 41., 33., 57., 1., 1., 47., 119., 13., 10., 66.,
       119., 0., 0., 7., 9., 0., 0., 2., 0., 0., 0., 119., 17., 0., 0.,
       119., 8., 0., 0., 97., 15., 2., 8., 62., 9., 1., 5., 86., 119.,
       5., 7., 37., 119., 1., 2., 57., 56., 0., 0., 0., 0., 0., 1., 119.,
       10., 0., 0., 92., 43., 15., 5., 93., 5., 0., 0., 35., 28., 54.,
       61., 41., 17., 4., 5., 4., 25., 3., 27., 67., 37., 24., 3., 6.,
       0., 0., 1., 125., 10., 0., 2., 116., 2., 0., 1., 45., 4., 16.,
       83., 22., 2., 6., 27., 41., 44., 65., 32., 12., 0., 5., 22., 42.,
       33., 10., 62., 14., 0., 0., 9., 125., 3., 0., 4., 125., 8., 4.,
       17., 49., 1., 1., 26., 45., 6., 4., 125., 68., 2., 2., 22., 64.,
       0., 0., 32., 22., 1., 0., 125., 12., 2., 0., 14., 125., 2., 0.,
       1., 113., 40., 23., 45., 36., 2., 0., 6., 57., 6., 11., 104., 24.,
       0., 0., 99., 64., 0., 0., 2., 1., 0., 0., 121., 1., 2., 3., 29.,
       125., 0., 0., 0., 40., 34., 40., 25., 27., 0., 0., 30., 91., 4.,
       7., 9., 0., 0., 0., 125., 20., 0., 0., 0., 0., 0., 0., 34., 3.,
       13., 111., 75., 35., 1., 0., 0., 74., 111., 85., 4., 1., 0., 0.,
       1., 24., 19., 26., 39., 26., 25., 8., 0., 0., 11., 115., 25., 15.,
       46., 13., 0., 15., 5., 9., 26., 128., 19., 4., 4., 128., 30., 9.,
       4., 2., 4., 3., 12., 71., 11., 73., 48., 10., 29., 15., 1., 0.,
       2., 80., 85., 45., 84., 24., 1., 18., 1., 0., 23., 118., 3., 0.,
       0., 128., 6., 3., 10., 12., 7., 2., 9., 38., 4., 70., 87., 54.,
       68., 60., 6., 0., 1., 91., 74., 10., 12., 109., 26., 17., 1., 0.,
       12., 92., 0., 0., 0., 128., 14., 6., 2., 2., 3., 2., 6., 35., 7.,
       34., 20., 40., 43., 35., 5., 0., 2., 42., 32., 44., 25., 49., 6.,
       14., 2., 2., 106., 37., 0., 0., 22., 26., 2., 1., 31., 79., 17.,
       17., 55., 131., 1., 0., 6., 35., 6., 2., 17., 29., 0., 0., 34.,
       70., 0., 0., 4., 35., 32., 19., 81., 11., 4., 36., 46., 49., 27.,
       30., 90., 72., 31., 18., 17., 131., 10., 0., 24., 30., 3., 0., 4.,
       40., 1., 0., 56., 121., 0., 0., 5., 17., 2., 1., 4., 10., 14.,
       71., 105., 32., 2., 3., 9., 131., 109., 37., 7., 131., 8., 0., 9.,
       52., 15., 1., 5., 56., 2., 0., 47., 131., 1., 0., 10., 20., 0.,
       0., 1., 12., 1., 1., 23., 20., 1., 0., 2., 131., 7., 0., 1., 131.,
       7., 0., 2., 64., 7., 0., 2., 45., 1., 0., 4., 83., 40., 10., 11.,
       55., 11., 0., 1., 40., 2., 2., 18., 76., 5., 1., 24., 34., 11.,
       3., 10., 199., 3., 0., 4., 3., 1., 0., 12., 46., 0., 0., 0., 0.,
       0., 2., 4., 91., 7., 2., 4., 52., 4., 2., 21., 108., 3., 3., 24.,
       60., 33., 6., 15., 199., 0., 0., 1., 5., 3., 1., 25., 54., 0., 0.,
       0., 0., 0., 3., 8., 94., 9., 1., 2., 49., 3., 3., 15., 110., 4.,
       3., 18., 42., 41., 11., 17., 199., 1., 0., 2., 5., 4., 2., 28.,
       50., 0., 0., 0., 0., 0., 3., 9., 79., 8., 2., 2., 38., 3., 2.,
       25., 93., 7., 4., 13., 69., 17., 5., 15., 199., 1., 0., 1., 8.,
       1., 0., 22., 36., 0., 0., 0., 0., 0., 1., 7., 8., 4., 13., 69.,
