%YAML:1.0
---
mat: !!opencv-matrix
   rows: 88
   cols: 128
   dt: f
   data: [ 0., 0., 0., 0., 4., 72., 4., 1., 0., 0., 0., 0., 1., 80., 60.,
       38., 0., 0., 0., 0., 0., 0., 16., 19., 0., 0., 0., 0., 0., 0., 0.,
       0., 16., 0., 0., 0., 3., 11., 3., 11., 148., 3., 0., 0., 0., 9.,
       76., 155., 24., 0., 0., 0., 0., 46., 130., 96., 0., 0., 0., 0.,
       0., 7., 5., 0., 35., 4., 0., 0., 2., 11., 1., 3., 155., 54., 0.,
       0., 0., 2., 7., 39., 146., 13., 0., 0., 0., 93., 54., 26., 0., 0.,
       0., 9., 15., 54., 24., 0., 19., 1., 0., 0., 0., 4., 5., 7., 155.,
       35., 0., 0., 0., 0., 1., 40., 155., 16., 0., 3., 8., 15., 8., 20.,
       0., 0., 0., 140., 155., 22., 5., 0., 0., 0., 0., 0., 0., 0., 0.,
       0., 0., 0., 0., 0., 0., 0., 1., 43., 0., 0., 0., 0., 0., 0., 33.,
       148., 0., 0., 0., 0., 0., 41., 93., 110., 25., 2., 0., 0., 0., 0.,
       0., 7., 131., 8., 0., 0., 0., 0., 3., 148., 36., 2., 0., 0., 0.,
       0., 28., 148., 0., 0., 0., 0., 2., 69., 42., 52., 36., 5., 0., 0.,
       0., 0., 0., 9., 148., 30., 0., 0., 0., 3., 38., 148., 118., 22.,
       0., 1., 1., 14., 38., 72., 4., 4., 4., 13., 10., 9., 3., 5., 1.,
       0., 0., 0., 0., 0., 0., 3., 10., 0., 0., 0., 0., 27., 105., 104.,
       8., 3., 0., 0., 1., 148., 138., 27., 1., 2., 1., 5., 13., 86., 4.,
       0., 7., 0., 0., 0., 0., 0., 0., 1., 142., 0., 0., 0., 0., 0., 1.,
       67., 100., 0., 0., 0., 0., 3., 60., 78., 1., 0., 1., 2., 2., 16.,
       102., 3., 24., 2., 0., 0., 0., 0., 0., 2., 142., 42., 1., 0., 0.,
       0., 0., 38., 142., 54., 6., 0., 0., 0., 1., 23., 3., 6., 4., 5.,
       15., 10., 5., 3., 13., 17., 0., 0., 0., 0., 0., 0., 142., 142.,
       13., 0., 0., 0., 0., 3., 142., 142., 14., 0., 0., 0., 35., 108.,
       7., 9., 4., 0., 2., 8., 142., 60., 0., 2., 0., 0., 0., 0., 0., 0.,
       27., 32., 2., 0., 0., 0., 0., 2., 91., 12., 0., 0., 0., 0., 20.,
       87., 4., 0., 0., 0., 0., 3., 142., 60., 2., 4., 3., 2., 2., 1.,
       2., 1., 51., 22., 1., 0., 2., 1., 1., 7., 26., 4., 0., 2., 33.,
       68., 60., 21., 0., 0., 0., 0., 7., 79., 88., 1., 1., 3., 2., 7.,
       6., 1., 0., 1., 135., 17., 1., 1., 1., 0., 1., 14., 159., 3., 0.,
       0., 0., 36., 116., 125., 7., 0., 0., 0., 0., 159., 159., 20., 3.,
       1., 1., 4., 1., 1., 2., 5., 134., 22., 0., 0., 0., 0., 1., 11.,
       159., 86., 0., 0., 0., 1., 9., 40., 55., 8., 0., 0., 0., 37., 72.,
       18., 4., 2., 0., 0., 0., 19., 3., 2., 70., 9., 0., 0., 0., 0., 0.,
       31., 159., 37., 0., 0., 0., 0., 0., 86., 76., 6., 1., 0., 0., 3.,
       6., 17., 14., 4., 0., 0., 0., 0., 2., 9., 144., 1., 0., 0., 0.,
       0., 1., 84., 79., 0., 0., 0., 0., 69., 67., 95., 0., 0., 0., 0.,
       0., 144., 86., 1., 28., 2., 0., 0., 0., 0., 3., 12., 144., 11.,
       0., 0., 0., 0., 0., 129., 100., 3., 0., 0., 0., 21., 28., 109.,
       0., 0., 0., 0., 0., 104., 43., 0., 26., 7., 0., 0., 0., 0., 0.,
       8., 144., 64., 0., 0., 0., 0., 0., 49., 144., 21., 0., 0., 0., 9.,
       7., 24., 0., 0., 0., 0., 0., 35., 13., 0., 21., 0., 0., 0., 0.,
       0., 3., 83., 144., 3., 0., 0., 0., 0., 0., 144., 63., 2., 0., 0.,
       0., 2., 1., 58., 0., 0., 0., 0., 0., 11., 3., 0., 2., 3., 0., 0.,
       0., 0., 0., 0., 161., 28., 0., 0., 0., 0., 0., 14., 163., 50., 0.,
       0., 0., 1., 2., 49., 8., 1., 0., 0., 0., 14., 5., 6., 2., 2., 0.,
       0., 0., 0., 0., 2., 135., 30., 0., 0., 0., 0., 4., 45., 163., 69.,
       0., 0., 0., 0., 1., 59., 27., 2., 0., 0., 0., 9., 3., 4., 6., 0.,
       0., 0., 0., 0., 17., 61., 66., 0., 0., 0., 0., 0., 39., 163.,
       128., 1., 0., 0., 0., 0., 20., 163., 10., 0., 0., 0., 0., 4., 1.,
       8., 45., 0., 0., 0., 0., 0., 22., 97., 163., 1., 0., 0., 0., 0.,
       4., 163., 17., 5., 1., 0., 0., 0., 3., 42., 0., 2., 0., 0., 0.,
       0., 0., 0., 93., 156., 6., 0., 0., 0., 0., 0., 36., 156., 38., 0.,
       0., 0., 2., 2., 2., 40., 6., 0., 0., 0., 9., 3., 0., 0., 0., 0.,
       0., 0., 10., 1., 4., 79., 15., 0., 0., 0., 0., 0., 33., 156., 75.,
       0., 0., 0., 0., 1., 138., 156., 13., 0., 0., 0., 1., 4., 12., 5.,
       0., 0., 0., 0., 3., 1., 0., 3., 2., 0., 0., 0., 0., 0., 149., 39.,
       2., 0., 0., 0., 0., 19., 156., 77., 0., 0., 0., 0., 0., 46., 26.,
       8., 4., 1., 0., 0., 0., 2., 2., 1., 0., 0., 0., 0., 0., 2., 101.,
       14., 0., 0., 0., 0., 0., 25., 156., 152., 0., 0., 0., 0., 0., 7.,
       28., 45., 6., 1., 0., 0., 0., 0., 0., 0., 6., 1., 0., 2., 13., 0.,
       12., 1., 5., 0., 0., 0., 10., 31., 21., 0., 1., 1., 0., 0., 118.,
       117., 2., 0., 0., 0., 0., 1., 147., 28., 0., 0., 0., 0., 2., 3.,
       6., 0., 117., 1., 0., 0., 0., 0., 3., 24., 147., 2., 0., 0., 0.,
       0., 47., 145., 27., 1., 1., 1., 0., 4., 147., 39., 0., 0., 0., 0.,
       3., 1., 0., 0., 127., 15., 0., 0., 1., 0., 0., 1., 147., 122.,
       31., 0., 0., 0., 0., 4., 31., 35., 136., 5., 0., 1., 2., 2., 0.,
       0., 0., 0., 2., 0., 1., 0., 23., 23., 1., 0., 0., 0., 1., 1., 36.,
       128., 107., 0., 0., 0., 0., 0., 1., 22., 147., 2., 0., 0., 1., 0.,
       0., 0., 0., 0., 16., 25., 2., 0., 28., 1., 0., 0., 1., 2., 2.,
       11., 26., 0., 0., 0., 0., 6., 78., 49., 0., 0., 0., 0., 0., 27.,
       110., 3., 0., 0., 0., 0., 22., 93., 9., 0., 106., 5., 0., 0., 2.,
       26., 23., 17., 144., 18., 0., 0., 0., 7., 100., 112., 26., 8., 3.,
       0., 0., 66., 144., 25., 0., 0., 4., 10., 55., 58., 12., 0., 54.,
       10., 13., 10., 5., 33., 38., 13., 144., 144., 37., 1., 0., 2., 4.,
       14., 28., 139., 65., 2., 0., 3., 13., 3., 0., 0., 10., 46., 70.,
       2., 0., 0., 3., 6., 31., 38., 6., 1., 0., 0., 18., 144., 74., 21.,
       11., 2., 1., 0., 16., 144., 85., 33., 0., 0., 0., 0., 17., 26.,
       48., 58., 34., 0., 0., 0., 130., 21., 7., 5., 3., 0., 0., 44.,
       62., 1., 1., 39., 87., 6., 3., 52., 130., 36., 6., 35., 43., 0.,
       0., 17., 43., 30., 35., 11., 2., 0., 0., 1., 130., 59., 11., 11.,
       4., 0., 0., 44., 80., 13., 13., 130., 130., 2., 1., 29., 130.,
       43., 9., 29., 36., 0., 0., 20., 25., 11., 0., 0., 1., 4., 4., 2.,
       106., 130., 81., 16., 1., 0., 0., 2., 69., 40., 109., 128., 28.,
       0., 0., 13., 126., 42., 11., 8., 4., 0., 0., 13., 1., 1., 0., 0.,
       0., 4., 9., 1., 9., 16., 13., 0., 0., 0., 5., 12., 93., 8., 15.,
       1., 0., 0., 0., 61., 66., 9., 1., 0., 0., 0., 0., 29., 41., 34.,
       6., 3., 1., 0., 2., 2., 58., 97., 73., 68., 46., 0., 3., 2., 7.,
       8., 12., 67., 63., 1., 12., 20., 31., 96., 22., 4., 2., 5., 28.,
       38., 9., 7., 7., 12., 10., 1., 0., 4., 70., 23., 31., 13., 4., 4.,
       40., 86., 38., 8., 5., 20., 26., 33., 94., 65., 82., 24., 3., 3.,
       12., 31., 56., 90., 13., 0., 0., 1., 4., 7., 25., 22., 120., 20.,
       1., 4., 9., 4., 41., 84., 47., 17., 2., 29., 66., 33., 108., 56.,
       82., 42., 5., 6., 9., 9., 78., 77., 39., 1., 0., 0., 0., 1., 93.,
       120., 16., 1., 0., 0., 0., 1., 120., 120., 3., 0., 3., 3., 2., 7.,
       120., 87., 1., 0., 7., 10., 9., 17., 106., 50., 0., 0., 69., 97.,
       38., 21., 4., 0., 23., 21., 34., 30., 2., 3., 2., 1., 84., 103.,
       75., 4., 1., 2., 6., 17., 24., 30., 124., 34., 13., 12., 8., 5.,
       0., 4., 28., 8., 30., 124., 124., 0., 17., 7., 7., 17., 54., 124.,
       79., 3., 124., 37., 20., 3., 9., 25., 24., 65., 42., 15., 37., 8.,
       4., 93., 62., 26., 0., 35., 124., 41., 8., 43., 43., 0., 9., 11.,
       84., 124., 101., 55., 21., 0., 78., 106., 71., 10., 17., 7., 3.,
       6., 23., 44., 124., 11., 2., 15., 17., 4., 7., 8., 35., 4., 0.,
       0., 0., 1., 0., 2., 15., 15., 8., 13., 3., 0., 1., 10., 12., 1.,
       3., 14., 13., 3., 29., 14., 20., 0., 0., 1., 4., 5., 5., 0., 0.,
       0., 0., 0., 1., 8., 28., 0., 0., 0., 0., 0., 4., 61., 123., 0.,
       0., 17., 31., 8., 3., 133., 46., 16., 3., 74., 78., 20., 17., 24.,
       27., 3., 0., 0., 0., 0., 2., 18., 108., 10., 1., 4., 1., 0., 16.,
