%YAML:1.0
---
mat: !!opencv-matrix
   rows: 81
   cols: 128
   dt: f
   data: [ 39., 32., 9., 11., 23., 22., 31., 57., 58., 18., 4., 7., 53.,
       51., 42., 33., 170., 13., 0., 1., 16., 9., 2., 13., 29., 1., 0.,
       1., 26., 0., 0., 0., 30., 108., 34., 13., 5., 10., 49., 30., 72.,
       71., 47., 48., 36., 25., 24., 18., 170., 26., 3., 10., 13., 4.,
       0., 8., 36., 2., 0., 1., 30., 0., 0., 0., 82., 42., 12., 30., 17.,
       20., 56., 56., 93., 20., 9., 18., 82., 94., 54., 41., 170., 11.,
       1., 3., 21., 14., 2., 13., 39., 1., 0., 0., 29., 1., 0., 1., 56.,
       82., 29., 17., 2., 7., 71., 9., 67., 55., 61., 63., 43., 10., 33.,
       9., 170., 10., 3., 11., 12., 1., 4., 20., 32., 1., 0., 0., 19.,
       3., 0., 1., 6., 22., 5., 0., 0., 0., 0., 0., 0., 24., 15., 0., 0.,
       0., 0., 0., 4., 11., 2., 0., 0., 0., 0., 0., 1., 0., 0., 0., 1.,
       0., 0., 0., 16., 106., 43., 0., 2., 26., 47., 34., 36., 159.,
       136., 0., 1., 16., 40., 18., 159., 159., 24., 1., 5., 2., 1., 3.,
       19., 2., 0., 4., 28., 0., 0., 0., 53., 32., 9., 13., 32., 38.,
       63., 95., 103., 29., 6., 6., 72., 83., 76., 53., 159., 26., 1.,
       1., 19., 10., 2., 38., 29., 0., 0., 4., 37., 0., 0., 1., 41.,
       108., 29., 13., 5., 8., 33., 22., 100., 52., 37., 47., 48., 16.,
       11., 15., 159., 6., 1., 6., 13., 1., 0., 26., 15., 0., 0., 3.,
       26., 0., 0., 1., 33., 41., 18., 10., 3., 9., 52., 57., 98., 35.,
       13., 12., 17., 43., 40., 41., 169., 35., 1., 1., 8., 6., 2., 4.,
       11., 1., 0., 0., 9., 1., 0., 0., 49., 103., 48., 19., 2., 3.,
       102., 29., 100., 89., 54., 50., 27., 19., 64., 28., 169., 39., 4.,
       9., 9., 4., 7., 30., 24., 2., 0., 0., 8., 4., 0., 1., 5., 6., 2.,
       0., 0., 9., 169., 22., 21., 8., 9., 4., 0., 22., 169., 56., 136.,
       2., 1., 1., 4., 4., 91., 158., 12., 0., 0., 0., 12., 5., 1., 7.,
       9., 1., 0., 0., 0., 1., 29., 5., 7., 2., 0., 0., 0., 2., 49., 7.,
       12., 2., 0., 0., 8., 1., 17., 20., 1., 0., 0., 0., 18., 2., 0.,
       1., 44., 8., 5., 5., 5., 19., 49., 55., 34., 36., 13., 2., 3.,
       31., 55., 23., 63., 46., 16., 8., 6., 7., 18., 19., 64., 4., 7.,
       9., 13., 10., 4., 81., 91., 54., 28., 5., 1., 24., 36., 20., 88.,
       29., 25., 9., 8., 25., 47., 50., 41., 13., 10., 11., 37., 51.,
       44., 56., 117., 2., 5., 2., 2., 3., 1., 117., 13., 9., 4., 0., 0.,
       117., 117., 5., 93., 55., 29., 9., 3., 72., 57., 17., 97., 20.,
       33., 32., 23., 9., 7., 106., 102., 0., 0., 2., 3., 1., 1., 117.,
       0., 0., 0., 0., 0., 97., 53., 1., 2., 3., 3., 0., 0., 117., 117.,
       11., 57., 2., 4., 0., 0., 23., 69., 117., 28., 0., 0., 2., 6., 0.,
       0., 45., 1., 0., 3., 12., 3., 3., 68., 114., 0., 0., 0., 0., 0.,
       18., 115., 54., 1., 0., 0., 0., 0., 0., 5., 10., 0., 0., 0., 0.,
       0., 0., 0., 0., 53., 15., 5., 5., 12., 22., 90., 131., 25., 2.,
       3., 6., 65., 127., 122., 59., 104., 9., 0., 0., 2., 9., 13., 44.,
       7., 1., 0., 0., 0., 0., 0., 0., 98., 64., 14., 6., 11., 30., 21.,
       53., 45., 10., 7., 13., 45., 97., 101., 49., 131., 33., 0., 2.,
       20., 61., 33., 55., 98., 8., 0., 0., 0., 0., 0., 45., 50., 12.,
       3., 3., 20., 51., 52., 37., 45., 27., 25., 26., 24., 14., 22.,
       84., 42., 1., 1., 9., 22., 15., 51., 131., 49., 0., 2., 6., 0.,
       0., 4., 131., 0., 0., 0., 0., 0., 0., 0., 0., 0., 1., 26., 25.,
       0., 0., 0., 0., 2., 73., 122., 59., 0., 1., 0., 2., 1., 122.,
       120., 0., 0., 4., 2., 1., 0., 1., 2., 0., 0., 0., 0., 0., 10., 9.,
       92., 87., 0., 0., 0., 2., 92., 44., 90., 85., 0., 2., 17., 62.,
       10., 122., 77., 11., 14., 19., 31., 24., 10., 32., 7., 0., 0., 0.,
       0., 0., 107., 78., 52., 13., 0., 0., 11., 70., 109., 52., 45.,
       25., 15., 10., 30., 72., 29., 28., 105., 60., 20., 9., 6., 12.,
       13., 58., 5., 0., 0., 0., 1., 1., 82., 122., 66., 0., 0., 0., 3.,
       16., 23., 112., 122., 60., 22., 7., 10., 12., 67., 29., 33., 34.,
       13., 2., 4., 43., 13., 0., 2., 2., 4., 60., 73., 45., 113., 17.,
       5., 2., 2., 5., 26., 120., 18., 9., 7., 8., 37., 72., 69., 56.,
       59., 26., 0., 0., 4., 27., 37., 14., 43., 6., 14., 10., 13., 41.,
       74., 73., 79., 55., 13., 2., 5., 53., 77., 46., 113., 47., 18.,
       8., 10., 16., 36., 40., 24., 10., 3., 10., 31., 57., 55., 39.,
       117., 50., 25., 3., 2., 30., 25., 47., 47., 19., 20., 7., 15.,
       63., 77., 55., 73., 31., 16., 6., 20., 39., 59., 34., 44., 14.,
       18., 15., 13., 3., 3., 120., 33., 16., 4., 0., 0., 120., 36., 12.,
       112., 40., 25., 15., 9., 20., 18., 51., 24., 5., 13., 27., 47.,
       25., 17., 116., 49., 1., 1., 1., 1., 1., 2., 120., 6., 9., 162.,
       13., 4., 0., 0., 3., 8., 19., 162., 11., 9., 4., 2., 4., 86.,
       112., 95., 4., 4., 1., 0., 4., 40., 30., 5., 0., 0., 0., 2., 2.,
       22., 42., 34., 43., 10., 1., 0., 3., 41., 39., 54., 73., 22., 5.,
       2., 6., 162., 28., 13., 17., 7., 1., 0., 30., 85., 7., 4., 0., 0.,
       0., 0., 9., 22., 68., 67., 43., 9., 0., 0., 0., 91., 44., 54.,
       89., 21., 0., 0., 1., 162., 21., 6., 7., 1., 0., 0., 26., 58., 7.,
       9., 0., 0., 0., 0., 4., 44., 72., 44., 9., 3., 2., 1., 1., 136.,
       30., 38., 40., 19., 2., 0., 4., 162., 11., 2., 1., 0., 0., 0.,
       19., 28., 6., 9., 0., 0., 0., 0., 1., 15., 29., 24., 40., 10., 0.,
       0., 2., 24., 35., 42., 52., 15., 3., 1., 4., 182., 21., 13., 22.,
       7., 1., 0., 19., 94., 5., 2., 0., 0., 0., 0., 10., 19., 62., 80.,
       46., 9., 0., 0., 0., 56., 51., 59., 84., 20., 1., 0., 0., 182.,
       25., 10., 15., 3., 0., 0., 21., 91., 7., 6., 0., 0., 0., 0., 6.,
       53., 89., 56., 7., 2., 4., 2., 1., 115., 45., 55., 51., 23., 2.,
       0., 2., 182., 17., 4., 4., 2., 0., 0., 22., 66., 8., 9., 0., 0.,
       0., 0., 3., 20., 33., 13., 12., 10., 8., 2., 7., 148., 25., 36.,
       23., 8., 3., 1., 8., 182., 10., 2., 1., 0., 0., 0., 23., 35., 7.,
       12., 1., 0., 0., 0., 1., 0., 1., 9., 26., 14., 7., 8., 3., 9.,
       21., 30., 27., 25., 91., 25., 0., 11., 16., 16., 25., 14., 53.,
       109., 65., 19., 15., 4., 1., 41., 74., 22., 46., 3., 2., 8., 34.,
       109., 36., 5., 2., 109., 48., 29., 36., 71., 28., 4., 20., 65.,
       47., 27., 52., 109., 37., 6., 8., 72., 62., 41., 31., 35., 33.,
       3., 4., 1., 0., 0., 0., 96., 84., 8., 2., 53., 56., 42., 15., 89.,
       81., 34., 19., 14., 34., 47., 75., 61., 14., 109., 53., 9., 38.,
       44., 22., 5., 2., 109., 76., 0., 0., 0., 0., 16., 48., 15., 2.,
       0., 1., 2., 1., 19., 81., 109., 42., 0., 1., 2., 1., 0., 1., 109.,
       88., 0., 0., 0., 0., 0., 0., 93., 47., 0., 4., 119., 12., 0., 1.,
       1., 0., 1., 4., 119., 19., 0., 1., 2., 2., 12., 46., 119., 21.,
       0., 2., 2., 0., 21., 53., 22., 0., 0., 0., 0., 0., 11., 5., 90.,
       16., 34., 63., 61., 32., 57., 12., 113., 14., 26., 44., 43., 88.,
       96., 45., 63., 19., 45., 62., 39., 17., 119., 56., 7., 1., 1., 0.,
       0., 1., 44., 33., 10., 16., 87., 40., 19., 15., 105., 17., 10.,
       21., 66., 32., 28., 61., 97., 13., 3., 53., 119., 33., 25., 37.,
       119., 19., 6., 1., 1., 0., 3., 24., 31., 27., 79., 84., 14., 7.,
       4., 10., 32., 115., 82., 16., 9., 12., 14., 22., 31., 33., 3., 2.,
       15., 24., 50., 41., 18., 3., 10., 1., 0., 0., 6., 26., 0., 0., 0.,
       0., 0., 0., 1., 2., 11., 0., 0., 0., 0., 1., 3., 4., 40., 1., 0.,
       0., 0., 0., 0., 24., 45., 24., 0., 0., 0., 0., 0., 12., 13., 17.,
       8., 2., 1., 3., 18., 36., 82., 11., 4., 7., 14., 18., 17., 29.,
       136., 47., 0., 0., 1., 0., 0., 85., 110., 60., 0., 0., 0., 0., 0.,
       55., 23., 25., 15., 2., 0., 1., 9., 31., 74., 15., 7., 7., 6., 1.,
       3., 106., 136., 53., 0., 0., 0., 0., 2., 101., 109., 60., 0., 0.,
       0., 0., 1., 37., 11., 1., 0., 0., 0., 1., 136., 80., 43., 3., 0.,
       0., 0., 0., 136., 136., 51., 18., 0., 0., 0., 0., 136., 136., 33.,
