%YAML:1.0
---
mat: !!opencv-matrix
   rows: 47
   cols: 128
   dt: f
   data: [ 73., 65., 24., 2., 4., 9., 11., 36., 46., 43., 6., 11., 40.,
       3., 6., 17., 8., 2., 1., 65., 113., 11., 4., 10., 104., 6., 1.,
       8., 19., 2., 3., 73., 68., 36., 17., 24., 37., 21., 21., 83.,
       112., 113., 34., 19., 45., 27., 13., 20., 21., 9., 6., 12., 113.,
       113., 32., 12., 113., 4., 0., 1., 9., 24., 21., 70., 64., 2., 0.,
       3., 13., 67., 59., 74., 68., 29., 39., 9., 33., 112., 54., 30.,
       24., 85., 74., 10., 32., 75., 17., 6., 54., 34., 9., 0., 6., 29.,
       32., 66., 86., 6., 0., 0., 5., 10., 6., 34., 3., 4., 4., 29.,
       113., 70., 7., 4., 36., 57., 18., 18., 50., 18., 7., 19., 29.,
       79., 29., 6., 7., 5., 19., 27., 4., 7., 33., 70., 5., 0., 0., 0.,
       18., 27., 38., 30., 74., 36., 3., 3., 17., 8., 16., 32., 64., 26.,
       12., 42., 88., 22., 3., 5., 11., 2., 12., 103., 24., 22., 56.,
       112., 7., 0., 0., 7., 112., 44., 17., 23., 31., 37., 4., 29., 77.,
       19., 10., 34., 51., 82., 23., 55., 76., 24., 11., 18., 1., 0., 7.,
       71., 24., 13., 27., 44., 3., 1., 24., 112., 88., 18., 3., 38.,
       58., 16., 10., 112., 58., 63., 36., 112., 85., 33., 17., 27., 57.,
       71., 60., 75., 2., 0., 1., 11., 9., 19., 6., 3., 1., 1., 21.,
       112., 3., 6., 13., 51., 56., 12., 5., 34., 8., 7., 54., 73., 86.,
       31., 18., 25., 8., 7., 85., 108., 3., 2., 29., 44., 56., 19., 0.,
       0., 87., 66., 1., 2., 90., 35., 2., 4., 19., 27., 28., 13., 86.,
       17., 1., 5., 13., 32., 40., 22., 93., 15., 0., 0., 0., 0., 2.,
       15., 52., 13., 0., 0., 101., 111., 9., 9., 111., 39., 0., 1., 20.,
       45., 19., 37., 68., 32., 3., 12., 72., 82., 16., 15., 111., 37.,
       1., 1., 2., 5., 6., 15., 77., 13., 0., 1., 53., 111., 12., 18.,
       89., 84., 9., 3., 71., 66., 11., 22., 47., 57., 13., 5., 35., 65.,
       26., 28., 111., 43., 4., 2., 3., 11., 15., 23., 100., 51., 0., 3.,
       68., 28., 2., 3., 82., 10., 1., 2., 111., 50., 16., 37., 86., 8.,
       2., 2., 6., 52., 41., 64., 37., 25., 5., 2., 6., 39., 38., 43.,
       19., 15., 11., 30., 58., 15., 3., 5., 81., 44., 8., 19., 60., 9.,
       1., 2., 68., 36., 9., 32., 76., 18., 3., 6., 67., 21., 2., 7.,
       73., 36., 2., 2., 27., 4., 1., 4., 115., 62., 2., 11., 115., 22.,
       1., 4., 71., 51., 1., 8., 115., 18., 2., 9., 115., 106., 1., 12.,
       115., 22., 2., 19., 75., 19., 4., 7., 10., 2., 0., 6., 94., 54.,
       6., 5., 115., 7., 0., 0., 63., 40., 8., 33., 96., 7., 0., 0.,
       115., 41., 1., 7., 106., 13., 1., 6., 20., 28., 18., 19., 13., 6.,
       3., 4., 35., 50., 13., 4., 88., 6., 1., 4., 42., 33., 6., 30.,
       57., 4., 0., 0., 106., 99., 9., 25., 89., 14., 1., 2., 24., 24.,
       9., 40., 27., 25., 11., 41., 48., 2., 1., 9., 115., 38., 9., 60.,
       69., 1., 0., 12., 77., 24., 9., 69., 65., 1., 1., 9., 79., 25.,
       3., 17., 29., 2., 1., 24., 36., 34., 10., 37., 78., 7., 3., 25.,
       115., 13., 1., 40., 84., 1., 0., 42., 83., 19., 9., 84., 115., 0.,
       0., 14., 90., 46., 8., 11., 8., 1., 0., 16., 68., 9., 2., 41.,
       115., 10., 4., 24., 115., 52., 1., 38., 89., 7., 3., 33., 98.,
       20., 1., 65., 115., 1., 0., 9., 115., 17., 2., 13., 12., 0., 0.,
       15., 43., 7., 3., 23., 89., 11., 3., 18., 89., 6., 3., 10., 52.,
       13., 6., 66., 45., 4., 1., 18., 101., 25., 13., 37., 66., 10., 9.,
       24., 14., 4., 5., 26., 35., 10., 2., 11., 89., 19., 3., 6., 117.,
       20., 3., 10., 54., 18., 4., 14., 74., 32., 6., 25., 75., 26., 2.,
       7., 94., 35., 2., 1., 1., 0., 0., 2., 59., 18., 4., 30., 100.,
       29., 1., 4., 117., 44., 6., 19., 61., 26., 2., 9., 117., 13., 2.,
       13., 117., 53., 2., 7., 117., 9., 0., 0., 3., 1., 1., 10., 89.,
       2., 0., 1., 104., 58., 2., 13., 117., 19., 2., 13., 77., 33., 3.,
       19., 94., 7., 2., 25., 104., 40., 17., 23., 117., 0., 0., 0., 2.,
       2., 4., 34., 54., 2., 0., 1., 99., 18., 3., 15., 117., 7., 0., 1.,
       67., 18., 7., 26., 48., 7., 1., 9., 23., 45., 23., 24., 93., 5.,
       0., 2., 1., 3., 5., 34., 133., 13., 4., 9., 40., 5., 3., 15., 58.,
       8., 2., 27., 127., 34., 3., 11., 137., 37., 2., 4., 11., 9., 3.,
       21., 28., 16., 9., 17., 5., 0., 0., 0., 123., 24., 5., 14., 32.,
       9., 5., 26., 58., 20., 7., 59., 137., 28., 2., 7., 137., 56., 6.,
       11., 12., 4., 1., 14., 45., 9., 2., 3., 12., 1., 0., 3., 137.,
       23., 4., 14., 33., 12., 2., 29., 75., 4., 1., 22., 137., 44., 4.,
       15., 137., 5., 0., 2., 25., 6., 1., 48., 40., 0., 0., 0., 9., 5.,
       4., 18., 119., 9., 2., 12., 32., 11., 2., 26., 45., 5., 2., 44.,
       101., 29., 9., 22., 137., 0., 0., 2., 10., 3., 3., 67., 22., 0.,
       0., 0., 1., 3., 9., 18., 2., 2., 2., 24., 60., 11., 0., 0., 8.,
       9., 52., 111., 111., 72., 37., 8., 114., 56., 34., 15., 2., 8.,
       26., 33., 34., 10., 3., 8., 11., 7., 2., 2., 1., 0., 0., 16., 70.,
       14., 0., 1., 4., 8., 51., 114., 114., 85., 43., 8., 114., 63.,
       49., 23., 3., 9., 32., 42., 55., 6., 1., 8., 40., 5., 1., 5., 0.,
       0., 0., 9., 69., 18., 1., 0., 3., 4., 32., 65., 114., 114., 74.,
       13., 114., 48., 37., 9., 2., 12., 70., 98., 50., 9., 0., 1., 39.,
       17., 2., 11., 0., 0., 0., 5., 46., 13., 2., 2., 1., 4., 35., 57.,
       106., 75., 73., 7., 68., 52., 44., 8., 2., 8., 86., 82., 35., 10.,
       0., 0., 6., 8., 11., 23., 3., 32., 71., 53., 13., 0., 0., 0., 4.,
       50., 84., 8., 1., 0., 0., 0., 1., 34., 45., 2., 0., 1., 0., 0.,
       1., 9., 11., 0., 0., 2., 2., 0., 51., 34., 33., 81., 111., 24.,
       18., 34., 56., 69., 111., 105., 62., 15., 7., 21., 74., 111.,
       111., 57., 12., 2., 3., 8., 26., 102., 111., 44., 6., 0., 1., 1.,
       8., 1., 2., 3., 36., 68., 94., 33., 17., 3., 3., 18., 60., 111.,
       111., 29., 64., 18., 7., 41., 43., 78., 111., 39., 96., 46., 27.,
       43., 33., 41., 75., 35., 0., 5., 39., 11., 9., 14., 10., 0., 1.,
       19., 48., 2., 1., 24., 30., 0., 2., 12., 8., 1., 1., 40., 68., 3.,
       6., 3., 4., 2., 1., 30., 100., 13., 18., 16., 87., 20., 12., 14.,
       23., 37., 58., 15., 10., 7., 62., 126., 22., 47., 126., 53., 0.,
       2., 9., 29., 8., 27., 34., 10., 0., 0., 10., 107., 13., 4., 8.,
       2., 4., 6., 16., 29., 126., 87., 21., 14., 7., 88., 126., 64.,
       36., 60., 126., 71., 8., 22., 18., 13., 15., 52., 81., 5., 0., 0.,
       0., 12., 10., 40., 5., 8., 3., 1., 9., 20., 25., 4., 6., 2., 1.,
       11., 52., 126., 126., 23., 88., 5., 1., 2., 4., 20., 126., 126.,
       37., 0., 0., 0., 0., 0., 4., 99., 19., 27., 1., 0., 0., 0., 1.,
       1., 34., 4., 0., 0., 0., 4., 18., 21., 22., 0., 0., 0., 0., 0.,
       20., 71., 11., 0., 0., 0., 0., 0., 1., 62., 20., 4., 29., 9., 0.,
       0., 6., 106., 10., 41., 79., 6., 0., 0., 0., 9., 2., 97., 41., 0.,
       0., 0., 0., 0., 1., 58., 16., 0., 0., 0., 0., 0., 7., 21., 125.,
       65., 0., 1., 6., 24., 15., 48., 125., 82., 8., 19., 17., 12.,
       125., 125., 89., 6., 1., 2., 4., 18., 18., 66., 27., 0., 0., 0.,
       0., 0., 22., 42., 70., 19., 7., 6., 54., 125., 33., 60., 25., 17.,
       7., 79., 125., 67., 125., 23., 6., 2., 1., 10., 54., 125., 18.,
       17., 35., 6., 0., 0., 0., 3., 15., 34., 19., 16., 85., 22., 14.,
       16., 125., 104., 12., 3., 6., 6., 16., 26., 31., 6., 4., 7., 3.,
       1., 9., 20., 1., 0., 14., 29., 2., 0., 0., 0., 0., 0., 0., 28.,
       47., 0., 0., 0., 0., 0., 11., 30., 53., 2., 0., 0., 0., 3., 18.,
       7., 16., 23., 1., 0., 0., 1., 3., 1., 1., 18., 14., 3., 0., 0.,
       0., 63., 72., 1., 0., 0., 3., 13., 105., 117., 92., 9., 1., 1.,
       63., 108., 117., 35., 6., 3., 1., 5., 10., 16., 67., 66., 2., 1.,
       1., 1., 0., 0., 3., 40., 81., 11., 0., 0., 10., 6., 13., 42.,
       117., 117., 9., 8., 117., 79., 34., 42., 44., 39., 11., 30., 18.,
       19., 55., 117., 61., 13., 24., 14., 0., 42., 68., 11., 14., 5.,
