%YAML:1.0
---
mat: !!opencv-matrix
   rows: 67
   cols: 128
   dt: f
   data: [ 18., 16., 5., 18., 17., 8., 36., 48., 97., 144., 0., 0., 0.,
       0., 24., 60., 144., 139., 0., 0., 0., 0., 0., 16., 27., 6., 0.,
       0., 0., 0., 0., 6., 18., 1., 1., 2., 1., 21., 144., 62., 91., 6.,
       0., 0., 0., 20., 119., 79., 144., 28., 0., 0., 0., 1., 10., 41.,
       58., 4., 0., 0., 0., 0., 0., 10., 0., 0., 0., 0., 0., 54., 144.,
       4., 11., 1., 0., 0., 0., 106., 144., 22., 134., 4., 0., 0., 0.,
       21., 97., 89., 53., 1., 0., 0., 0., 0., 1., 17., 0., 0., 0., 0.,
       0., 2., 9., 7., 0., 0., 0., 0., 0., 18., 32., 6., 5., 0., 0., 0.,
       0., 13., 47., 20., 8., 0., 0., 0., 0., 0., 4., 18., 0., 5., 17.,
       3., 0., 0., 0., 0., 0., 6., 48., 10., 0., 0., 0., 0., 2., 16.,
       56., 7., 0., 0., 0., 0., 5., 19., 7., 0., 0., 0., 0., 0., 0., 3.,
       149., 126., 3., 0., 0., 0., 9., 21., 151., 84., 0., 0., 0., 0.,
       119., 80., 122., 12., 0., 0., 0., 11., 49., 17., 2., 0., 0., 0.,
       0., 8., 7., 39., 99., 151., 15., 0., 0., 0., 87., 78., 123., 25.,
       0., 0., 0., 2., 151., 29., 13., 2., 0., 0., 0., 34., 45., 7., 1.,
       0., 0., 0., 0., 8., 20., 51., 20., 66., 13., 14., 7., 5., 120.,
       93., 33., 1., 1., 2., 2., 2., 151., 41., 1., 0., 0., 0., 0., 6.,
       24., 8., 1., 0., 0., 0., 0., 1., 44., 16., 14., 33., 1., 0., 0.,
       4., 35., 28., 44., 10., 0., 0., 0., 1., 1., 45., 42., 1., 0., 0.,
       0., 0., 0., 20., 6., 0., 0., 0., 0., 0., 55., 8., 9., 64., 6., 0.,
       0., 21., 21., 43., 135., 141., 14., 0., 0., 2., 117., 141., 81.,
       14., 0., 0., 0., 2., 22., 39., 6., 0., 0., 0., 0., 0., 19., 2.,
       15., 141., 48., 3., 0., 7., 106., 34., 42., 141., 29., 3., 2.,
       20., 141., 48., 6., 6., 0., 0., 0., 67., 39., 23., 9., 0., 0., 0.,
       0., 3., 2., 0., 2., 47., 105., 86., 15., 2., 135., 14., 7., 24.,
       16., 85., 50., 26., 141., 30., 0., 0., 0., 1., 3., 28., 13., 14.,
       10., 0., 0., 0., 0., 1., 0., 14., 90., 17., 1., 0., 5., 2., 4.,
       31., 98., 17., 1., 0., 4., 2., 2., 25., 102., 14., 3., 1., 1., 4.,
       4., 31., 77., 10., 0., 0., 0., 2., 6., 17., 113., 43., 69., 32.,
       2., 1., 114., 67., 79., 28., 15., 17., 4., 10., 26., 20., 98.,
       31., 101., 52., 3., 4., 93., 57., 90., 22., 9., 5., 2., 3., 6.,
       1., 2., 5., 114., 84., 43., 8., 114., 4., 1., 2., 20., 23., 40.,
       78., 42., 1., 1., 4., 114., 100., 30., 12., 110., 4., 2., 2., 12.,
       28., 50., 41., 1., 0., 0., 0., 7., 55., 89., 6., 18., 0., 0., 0.,
       1., 8., 91., 79., 5., 0., 0., 0., 6., 65., 62., 17., 8., 0., 0.,
       0., 0., 16., 101., 42., 9., 26., 16., 103., 22., 10., 2., 1., 53.,
       74., 27., 3., 0., 0., 1., 1., 135., 41., 4., 0., 0., 0., 0., 3.,
       32., 6., 1., 0., 0., 0., 0., 1., 8., 9., 12., 14., 19., 129., 80.,
       22., 65., 35., 13., 3., 8., 96., 64., 30., 135., 63., 2., 0., 1.,
       11., 4., 28., 43., 14., 0., 0., 0., 0., 0., 1., 57., 91., 102.,
       16., 6., 27., 25., 13., 60., 39., 3., 2., 20., 133., 69., 73.,
       135., 2., 0., 0., 2., 23., 29., 135., 25., 6., 0., 0., 0., 0., 0.,
       9., 135., 68., 17., 2., 0., 8., 2., 4., 135., 37., 1., 1., 2., 3.,
       14., 84., 10., 2., 0., 0., 0., 1., 9., 66., 3., 2., 0., 0., 0.,
       0., 0., 2., 70., 34., 77., 112., 6., 1., 0., 28., 122., 80., 11.,
       8., 1., 1., 0., 53., 22., 9., 0., 0., 25., 11., 0., 2., 26., 4.,
       0., 1., 14., 7., 0., 0., 41., 74., 19., 24., 13., 3., 122., 66.,
       122., 122., 14., 0., 0., 1., 44., 99., 66., 16., 0., 0., 25., 12.,
       0., 6., 35., 2., 0., 0., 11., 7., 1., 1., 2., 1., 53., 83., 8.,
       8., 122., 60., 122., 64., 45., 75., 5., 6., 55., 71., 81., 24.,
       1., 0., 15., 12., 1., 12., 24., 0., 0., 0., 9., 9., 1., 9., 16.,
       12., 122., 101., 9., 3., 4., 11., 122., 72., 27., 49., 1., 0., 0.,
       76., 78., 25., 0., 0., 3., 10., 2., 19., 8., 0., 0., 0., 3., 9.,
       3., 10., 0., 3., 43., 12., 1., 0., 0., 0., 3., 4., 20., 125., 78.,
       1., 0., 0., 133., 44., 14., 50., 29., 2., 0., 1., 40., 12., 4.,
       63., 56., 3., 0., 0., 0., 1., 30., 44., 29., 6., 0., 0., 23., 9.,
       28., 133., 133., 14., 0., 1., 133., 54., 11., 53., 30., 1., 0.,
       5., 45., 11., 4., 101., 112., 0., 0., 2., 0., 0., 27., 23., 34.,
       7., 0., 0., 26., 2., 3., 32., 133., 44., 10., 23., 133., 12., 2.,
       15., 36., 12., 8., 75., 44., 8., 2., 70., 133., 0., 0., 3., 0.,
       0., 23., 37., 19., 0., 0., 0., 24., 36., 31., 97., 66., 10., 7.,
       13., 86., 48., 11., 17., 16., 3., 6., 35., 18., 3., 2., 35., 97.,
       21., 7., 4., 0., 0., 19., 31., 1., 0., 0., 0., 1., 8., 88., 22.,
       1., 0., 0., 0., 0., 4., 63., 61., 20., 0., 0., 0., 1., 0., 4.,
       117., 98., 0., 0., 1., 9., 6., 47., 117., 31., 0., 0., 1., 117.,
       41., 110., 56., 4., 4., 7., 30., 11., 8., 55., 117., 106., 18.,
       10., 13., 3., 1., 4., 117., 79., 5., 1., 0., 23., 4., 3., 117.,
       66., 12., 9., 8., 117., 69., 64., 22., 6., 3., 3., 17., 31., 25.,
       34., 65., 97., 77., 26., 9., 0., 0., 0., 12., 32., 113., 36., 0.,
       1., 1., 1., 16., 37., 18., 11., 1., 38., 40., 33., 16., 25., 5.,
       5., 4., 117., 74., 10., 1., 8., 39., 19., 13., 4., 6., 1., 1.,
       36., 117., 21., 1., 6., 44., 18., 9., 31., 85., 11., 1., 8., 4.,
       6., 12., 50., 119., 30., 11., 32., 18., 15., 4., 11., 16., 23.,
       13., 112., 13., 17., 2., 2., 0., 0., 37., 12., 110., 119., 4., 8.,
       9., 0., 0., 75., 42., 44., 9., 31., 65., 56., 40., 20., 2., 3.,
       5., 119., 114., 50., 39., 119., 3., 2., 1., 10., 9., 5., 115.,
       76., 29., 33., 0., 1., 3., 0., 11., 119., 44., 15., 6., 9., 4.,
       15., 61., 11., 7., 9., 14., 70., 50., 88., 86., 39., 0., 0., 0.,
       2., 7., 28., 119., 112., 1., 0., 2., 17., 18., 0., 26., 119., 1.,
       0., 0., 0., 0., 18., 104., 5., 1., 0., 0., 0., 1., 48., 42., 2.,
       0., 0., 0., 0., 0., 6., 17., 0., 0., 0., 2., 19., 18., 16., 2.,
       4., 2., 10., 65., 107., 117., 35., 7., 120., 12., 14., 24., 12.,
       26., 40., 75., 37., 0., 0., 0., 14., 21., 15., 22., 0., 0., 0.,
       10., 33., 15., 16., 1., 3., 5., 60., 120., 119., 81., 26., 4.,
       120., 61., 70., 34., 11., 19., 31., 39., 72., 4., 0., 1., 17.,
       14., 7., 15., 0., 0., 0., 4., 48., 24., 10., 1., 3., 4., 19., 77.,
       120., 120., 40., 7., 120., 34., 26., 19., 8., 25., 49., 79., 81.,
       2., 0., 1., 19., 11., 3., 21., 0., 0., 0., 3., 41., 18., 13., 0.,
       2., 3., 13., 57., 120., 83., 32., 8., 120., 26., 18., 14., 6.,
       14., 39., 85., 56., 1., 0., 0., 22., 15., 5., 24., 3., 47., 113.,
       23., 3., 0., 0., 0., 1., 49., 82., 11., 4., 0., 0., 0., 0., 14.,
       37., 12., 7., 0., 0., 0., 0., 1., 2., 12., 15., 0., 0., 0., 30.,
       49., 56., 58., 56., 54., 34., 16., 47., 107., 113., 85., 30., 13.,
       13., 13., 84., 113., 113., 46., 5., 2., 2., 7., 7., 45., 89., 51.,
       5., 0., 0., 0., 5., 1., 5., 3., 15., 113., 97., 8., 18., 5., 5.,
       25., 42., 113., 113., 23., 96., 28., 20., 56., 32., 73., 100.,
       47., 46., 71., 64., 85., 34., 54., 31., 8., 0., 14., 34., 5., 4.,
       14., 9., 0., 0., 6., 25., 6., 4., 40., 37., 0., 0., 1., 10., 8.,
       14., 71., 55., 2., 6., 2., 4., 7., 26., 108., 51., 5., 68., 23.,
       30., 76., 8., 3., 1., 13., 73., 41., 27., 57., 38., 6., 2., 20.,
       0., 1., 14., 123., 81., 19., 1., 0., 65., 10., 1., 50., 10., 5.,
       1., 11., 33., 42., 15., 21., 28., 9., 2., 5., 123., 79., 22., 18.,
       23., 44., 12., 18., 9., 0., 1., 17., 81., 123., 10., 5., 38., 14.,
       1., 1., 10., 73., 9., 4., 17., 3., 1., 10., 19., 24., 123., 25.,
       123., 20., 2., 1., 8., 11., 58., 70., 25., 8., 1., 0., 84., 123.,
       19., 8., 1., 2., 1., 0., 14., 123., 50., 1., 0., 0., 0., 0., 0.,
       34., 123., 17., 10., 2., 0., 0., 0., 6., 123., 46., 4., 1., 0.,
       0., 2., 58., 79., 25., 0., 0., 0., 0., 0., 83., 123., 2., 35.,
