%YAML:1.0
---
mat: !!opencv-matrix
   rows: 62
   cols: 128
   dt: f
   data: [ 0., 52., 85., 1., 0., 0., 0., 0., 0., 13., 81., 129., 11., 0.,
       0., 0., 100., 26., 18., 129., 20., 0., 0., 14., 127., 41., 15.,
       14., 1., 0., 0., 11., 0., 38., 106., 18., 2., 0., 0., 0., 14.,
       18., 74., 129., 58., 3., 2., 4., 129., 67., 30., 72., 9., 1., 1.,
       26., 82., 36., 37., 80., 7., 0., 0., 8., 0., 38., 69., 13., 7.,
       1., 0., 0., 15., 14., 21., 58., 79., 49., 39., 30., 129., 42.,
       17., 13., 7., 8., 25., 77., 19., 22., 45., 129., 17., 0., 0., 1.,
       0., 39., 53., 0., 0., 0., 0., 0., 1., 59., 36., 0., 1., 4., 7.,
       3., 7., 49., 29., 33., 6., 1., 4., 7., 20., 6., 16., 129., 31.,
       0., 0., 3., 24., 4., 0., 0., 0., 2., 54., 19., 0., 2., 6., 5., 2.,
       2., 79., 13., 5., 7., 5., 1., 0., 0., 62., 38., 0., 0., 0., 0.,
       0., 0., 67., 30., 94., 2., 0., 0., 7., 14., 32., 40., 13., 21.,
       29., 54., 93., 61., 27., 6., 126., 65., 25., 14., 9., 7., 17.,
       46., 15., 0., 0., 0., 0., 0., 67., 75., 126., 1., 0., 0., 3., 21.,
       25., 72., 14., 3., 1., 4., 84., 126., 45., 23., 126., 10., 1., 1.,
       17., 61., 31., 113., 55., 0., 0., 0., 0., 0., 60., 108., 126., 5.,
       0., 0., 2., 11., 11., 56., 13., 0., 0., 0., 52., 126., 24., 20.,
       126., 3., 0., 0., 28., 81., 13., 47., 101., 3., 0., 0., 0., 0.,
       16., 57., 0., 0., 0., 8., 54., 71., 3., 0., 9., 9., 25., 82.,
       117., 96., 27., 11., 125., 34., 19., 13., 2., 8., 19., 51., 48.,
       1., 0., 0., 8., 19., 8., 19., 0., 0., 0., 6., 83., 58., 0., 0.,
       5., 7., 24., 98., 125., 106., 29., 9., 125., 70., 32., 26., 7.,
       11., 24., 48., 87., 11., 0., 5., 28., 4., 1., 7., 0., 0., 0., 40.,
       95., 8., 0., 0., 3., 3., 14., 66., 125., 92., 32., 11., 125., 70.,
       25., 13., 9., 17., 37., 73., 71., 39., 4., 12., 24., 0., 0., 4.,
       0., 0., 3., 77., 33., 1., 0., 0., 0., 2., 11., 53., 102., 53.,
       38., 5., 53., 39., 18., 9., 5., 12., 63., 70., 36., 26., 18., 3.,
       3., 0., 1., 12., 4., 0., 1., 10., 35., 25., 17., 4., 3., 9., 59.,
       69., 61., 41., 17., 7., 91., 55., 44., 6., 1., 3., 13., 53., 32.,
       2., 0., 0., 0., 0., 5., 79., 25., 0., 0., 4., 73., 30., 4., 14.,
       8., 17., 38., 78., 125., 64., 23., 11., 125., 85., 32., 11., 3.,
       4., 16., 73., 91., 5., 0., 0., 0., 0., 0., 51., 25., 5., 2., 11.,
       93., 7., 0., 6., 8., 14., 26., 54., 125., 61., 33., 26., 125.,
       98., 26., 8., 4., 7., 25., 106., 86., 47., 0., 0., 0., 0., 0., 9.,
       7., 17., 8., 24., 56., 1., 0., 0., 4., 12., 22., 57., 125., 32.,
       22., 16., 125., 96., 23., 9., 6., 6., 24., 81., 50., 68., 2., 0.,
       0., 0., 0., 6., 0., 0., 0., 0., 31., 22., 24., 2., 22., 1., 0.,
       1., 160., 41., 1., 5., 160., 2., 0., 1., 27., 6., 1., 48., 28.,
       0., 0., 8., 18., 21., 8., 15., 0., 0., 2., 7., 58., 10., 7., 2.,
       35., 1., 1., 30., 160., 16., 0., 1., 160., 4., 1., 5., 34., 2.,
       0., 9., 50., 2., 0., 10., 85., 2., 0., 2., 0., 1., 9., 16., 63.,
       0., 0., 0., 40., 1., 0., 23., 160., 8., 0., 5., 160., 11., 0., 2.,
       27., 2., 0., 17., 45., 5., 1., 10., 96., 1., 0., 2., 0., 0., 22.,
       27., 33., 0., 0., 0., 26., 3., 1., 40., 160., 3., 0., 2., 160.,
       40., 3., 2., 17., 1., 0., 4., 21., 18., 11., 30., 56., 2., 0., 0.,
       44., 2., 0., 0., 26., 25., 13., 24., 28., 2., 0., 2., 160., 52.,
       2., 2., 160., 7., 0., 1., 16., 3., 1., 29., 28., 0., 0., 0., 0.,
       0., 21., 23., 88., 4., 0., 0., 48., 9., 1., 7., 31., 5., 0., 4.,
       160., 23., 0., 1., 160., 21., 0., 3., 36., 2., 0., 10., 62., 1.,
       0., 0., 0., 1., 8., 11., 94., 7., 0., 1., 44., 4., 0., 7., 30.,
       3., 0., 1., 160., 21., 1., 3., 160., 27., 0., 0., 40., 3., 1.,
       14., 63., 15., 9., 2., 0., 0., 2., 4., 25., 21., 8., 10., 22., 1.,
       0., 11., 15., 6., 2., 34., 160., 8., 0., 0., 160., 58., 0., 6.,
       36., 2., 0., 1., 38., 29., 23., 2., 0., 0., 0., 0., 2., 0., 0.,
       0., 0., 0., 0., 1., 137., 5., 1., 6., 8., 2., 1., 50., 105., 6.,
       2., 46., 137., 83., 18., 37., 57., 3., 1., 4., 38., 37., 36.,
       137., 11., 4., 0., 0., 0., 0., 0., 2., 137., 39., 7., 15., 18.,
       0., 0., 45., 87., 16., 13., 88., 137., 6., 3., 20., 105., 18.,
       10., 7., 15., 2., 2., 33., 21., 11., 0., 0., 0., 0., 0., 1., 137.,
       118., 42., 43., 9., 0., 0., 5., 24., 85., 124., 137., 43., 1., 1.,
       4., 25., 101., 95., 5., 1., 0., 0., 7., 3., 0., 0., 0., 0., 0.,
       0., 0., 20., 3., 2., 9., 5., 0., 0., 2., 8., 17., 12., 28., 11.,
       0., 0., 0., 9., 28., 20., 0., 0., 0., 0., 0., 55., 111., 110., 4.,
       1., 1., 1., 3., 60., 86., 60., 55., 16., 0., 0., 2., 71., 94.,
       54., 19., 3., 0., 0., 1., 16., 6., 0., 0., 2., 1., 1., 2., 110.,
       20., 17., 4., 4., 21., 117., 83., 115., 23., 10., 108., 90., 32.,
       25., 35., 123., 52., 9., 26., 16., 4., 12., 30., 49., 6., 0., 0.,
       2., 2., 1., 4., 10., 23., 2., 0., 1., 17., 123., 50., 13., 3., 0.,
       7., 23., 91., 123., 37., 97., 6., 0., 1., 2., 11., 117., 123.,
       24., 2., 0., 0., 2., 3., 2., 19., 9., 123., 10., 0., 0., 0., 2.,
       3., 15., 76., 1., 0., 0., 2., 21., 7., 9., 11., 0., 0., 0., 0.,
       19., 15., 1., 1., 0., 0., 3., 3., 2., 3., 117., 2., 0., 0., 5.,
       32., 15., 51., 52., 2., 0., 0., 65., 124., 14., 18., 124., 4., 0.,
       0., 5., 12., 7., 62., 16., 0., 0., 0., 1., 13., 42., 48., 81.,
       11., 2., 3., 13., 15., 34., 117., 34., 5., 0., 20., 124., 98.,
       16., 25., 124., 19., 0., 5., 31., 14., 9., 35., 83., 3., 0., 0.,
       2., 7., 14., 31., 84., 42., 8., 8., 15., 15., 10., 21., 39., 11.,
       2., 16., 81., 113., 105., 15., 116., 11., 10., 14., 12., 39., 95.,
       59., 82., 31., 5., 2., 2., 1., 1., 5., 56., 21., 1., 1., 21., 33.,
       14., 15., 45., 21., 15., 67., 39., 12., 14., 6., 9., 58., 70.,
       79., 36., 12., 10., 2., 16., 111., 25., 3., 0., 0., 0., 1., 0.,
       0., 0., 0., 10., 123., 32., 3., 47., 14., 11., 1., 5., 44., 63.,
       94., 33., 11., 16., 7., 51., 30., 10., 54., 22., 41., 12., 13.,
       50., 24., 1., 1., 1., 0., 1., 4., 73., 43., 8., 2., 13., 37.,
       104., 55., 107., 15., 11., 17., 85., 105., 110., 15., 39., 15.,
       1., 12., 15., 15., 12., 25., 73., 48., 10., 9., 2., 7., 10., 25.,
       82., 8., 0., 0., 27., 12., 9., 28., 123., 35., 0., 3., 123., 113.,
       17., 22., 38., 7., 0., 11., 13., 18., 28., 108., 98., 10., 1., 1.,
       1., 17., 39., 46., 15., 0., 0., 0., 2., 8., 7., 53., 123., 8., 0.,
       0., 47., 123., 15., 15., 68., 4., 0., 0., 6., 47., 17., 38., 106.,
       4., 0., 0., 2., 19., 90., 12., 1., 0., 0., 5., 5., 34., 106., 13.,
       1., 0., 0., 4., 1., 15., 112., 19., 3., 1., 1., 1., 2., 23., 96.,
       15., 0., 1., 1., 0., 6., 19., 112., 31., 52., 32., 2., 1., 112.,
       64., 79., 22., 14., 18., 4., 11., 25., 11., 101., 36., 112., 61.,
       3., 5., 87., 54., 91., 20., 12., 7., 1., 4., 6., 1., 1., 3., 88.,
       73., 57., 9., 112., 4., 1., 1., 16., 18., 49., 90., 38., 1., 0.,
       2., 112., 112., 40., 15., 83., 3., 1., 1., 15., 30., 71., 53., 3.,
       0., 0., 0., 4., 36., 89., 11., 13., 0., 0., 0., 1., 5., 80., 83.,
       5., 0., 0., 0., 4., 58., 70., 17., 2., 0., 0., 0., 1., 16., 110.,
       26., 41., 20., 118., 104., 8., 11., 8., 3., 139., 42., 15., 15.,
       1., 6., 3., 25., 30., 1., 0., 0., 1., 16., 8., 22., 7., 2., 2.,
       8., 47., 21., 2., 9., 64., 33., 30., 32., 14., 14., 136., 46.,
       139., 82., 2., 1., 0., 3., 30., 76., 58., 5., 0., 0., 1., 17.,
       12., 21., 7., 0., 0., 2., 32., 47., 7., 12., 7., 6., 106., 81.,
       7., 18., 139., 36., 139., 68., 38., 40., 5., 4., 38., 53., 86.,
       9., 0., 0., 4., 9., 4., 10., 8., 1., 1., 8., 56., 8., 1., 5., 22.,
       16., 107., 81., 20., 9., 29., 9., 139., 84., 24., 16., 0., 0.,
       13., 36., 84., 22., 0., 2., 6., 1., 0., 5., 5., 3., 0., 3., 56.,
