%YAML:1.0
---
mat: !!opencv-matrix
   rows: 47
   cols: 128
   dt: f
   data: [ 0., 0., 0., 0., 8., 0., 0., 0., 17., 1., 0., 0., 89., 3., 0.,
       0., 100., 8., 0., 0., 9., 0., 0., 0., 9., 2., 1., 2., 1., 0., 0.,
       0., 0., 0., 0., 0., 27., 9., 1., 0., 61., 3., 0., 0., 168., 109.,
       7., 6., 168., 36., 1., 0., 39., 17., 6., 17., 36., 15., 13., 10.,
       2., 0., 0., 0., 0., 0., 0., 0., 6., 26., 7., 0., 12., 0., 0., 0.,
       137., 168., 58., 14., 144., 23., 19., 2., 37., 105., 55., 60.,
       14., 20., 92., 5., 1., 0., 0., 0., 0., 0., 0., 1., 9., 4., 1., 0.,
       0., 0., 0., 5., 168., 71., 4., 0., 1., 1., 6., 8., 168., 30., 5.,
       1., 0., 3., 26., 3., 4., 0., 2., 1., 0., 0., 3., 16., 12., 42.,
       14., 3., 2., 1., 2., 7., 11., 78., 11., 3., 41., 5., 2., 2., 2.,
       6., 5., 133., 39., 0., 0., 0., 0., 0., 1., 147., 0., 0., 0., 33.,
       20., 12., 9., 3., 21., 25., 33., 147., 66., 21., 1., 6., 147.,
       101., 33., 39., 4., 2., 1., 101., 91., 10., 0., 0., 0., 0., 0.,
       118., 0., 0., 0., 93., 29., 1., 0., 0., 58., 6., 6., 147., 61.,
       0., 0., 145., 147., 36., 5., 13., 1., 0., 0., 147., 30., 11., 0.,
       0., 0., 0., 0., 1., 0., 0., 0., 4., 1., 0., 0., 0., 17., 0., 0.,
       8., 2., 0., 0., 78., 14., 0., 0., 0., 0., 0., 0., 52., 0., 0., 0.,
       0., 0., 0., 0., 0., 0., 1., 21., 19., 49., 18., 39., 0., 90., 32.,
       31., 1., 1., 8., 29., 11., 165., 59., 11., 0., 0., 0., 0., 4.,
       17., 4., 1., 0., 0., 0., 0., 0., 1., 5., 48., 5., 7., 40., 165.,
       4., 74., 1., 12., 15., 46., 101., 96., 15., 165., 1., 0., 1., 4.,
       4., 2., 28., 27., 0., 0., 0., 0., 0., 0., 4., 1., 27., 165., 9.,
       6., 10., 9., 1., 80., 23., 111., 58., 40., 14., 2., 2., 165., 6.,
       2., 3., 4., 1., 0., 21., 32., 0., 0., 0., 0., 0., 0., 5., 0., 2.,
       16., 2., 43., 51., 14., 0., 91., 17., 20., 2., 1., 3., 15., 8.,
       165., 61., 3., 0., 0., 0., 0., 10., 26., 7., 0., 0., 0., 0., 0.,
       2., 9., 2., 3., 7., 33., 51., 46., 52., 152., 4., 0., 1., 14.,
       27., 18., 23., 230., 20., 0., 0., 0., 0., 4., 24., 44., 1., 0.,
       0., 0., 2., 21., 23., 13., 15., 40., 51., 26., 13., 9., 9., 148.,
       23., 2., 14., 22., 17., 20., 21., 230., 32., 1., 1., 1., 0., 4.,
       33., 82., 4., 12., 8., 1., 3., 20., 16., 19., 5., 9., 8., 1., 1.,
       47., 48., 74., 3., 0., 3., 7., 10., 73., 53., 230., 22., 4., 1.,
       0., 0., 6., 58., 43., 14., 33., 20., 0., 0., 0., 0., 3., 0., 0.,
       0., 0., 0., 3., 4., 1., 0., 0., 0., 0., 0., 3., 1., 5., 0., 0.,
       0., 0., 0., 0., 1., 0., 0., 0., 0., 0., 0., 0., 0., 18., 6., 30.,
       107., 104., 47., 0., 3., 137., 14., 1., 8., 38., 21., 6., 23.,
       16., 10., 9., 8., 101., 47., 10., 17., 46., 28., 47., 16., 4., 2.,
       5., 31., 42., 6., 37., 77., 9., 0., 0., 2., 137., 20., 4., 9.,
       37., 5., 1., 8., 20., 6., 13., 29., 137., 15., 1., 0., 61., 23.,
       51., 13., 21., 1., 1., 1., 33., 5., 0., 2., 10., 4., 41., 13.,
       104., 57., 43., 25., 9., 0., 40., 16., 5., 7., 28., 72., 103.,
       12., 68., 4., 49., 1., 0., 2., 15., 6., 85., 47., 3., 1., 0., 0.,
       0., 1., 137., 57., 3., 4., 4., 1., 0., 1., 137., 27., 0., 0., 2.,
       3., 2., 5., 137., 17., 10., 0., 0., 0., 0., 1., 137., 58., 0., 0.,
       134., 58., 8., 0., 0., 0., 2., 3., 134., 27., 0., 0., 2., 3., 0.,
       1., 134., 40., 3., 5., 4., 1., 1., 1., 134., 70., 5., 1., 0., 0.,
       15., 7., 92., 52., 44., 1., 0., 1., 103., 12., 70., 7., 5., 7.,
       28., 70., 9., 0., 36., 16., 107., 59., 42., 25., 11., 4., 33.,
       12., 33., 6., 1., 2., 21., 1., 1., 2., 65., 24., 46., 13., 134.,
       22., 1., 0., 17., 6., 13., 27., 39., 7., 2., 4., 134., 28., 4.,
       9., 12., 0., 0., 1., 43., 8., 35., 86., 4., 2., 4., 25., 54., 32.,
       51., 19., 95., 48., 10., 17., 15., 12., 11., 8., 39., 25., 6.,
       21., 133., 17., 1., 5., 107., 55., 0., 4., 22., 7., 22., 94., 0.,
       0., 0., 0., 0., 0., 0., 0., 5., 0., 0., 0., 0., 16., 10., 8., 10.,
       0., 0., 0., 0., 1., 3., 10., 0., 0., 0., 0., 0., 0., 1., 0., 0.,
       0., 0., 4., 9., 5., 0., 0., 24., 4., 0., 16., 96., 80., 19., 15.,
       126., 18., 2., 2., 9., 16., 35., 68., 8., 5., 4., 6., 138., 96.,
       36., 19., 0., 0., 0., 27., 32., 17., 1., 0., 11., 18., 9., 61.,
       105., 32., 24., 4., 94., 67., 62., 25., 11., 12., 29., 23., 10.,
       26., 97., 86., 138., 72., 8., 6., 0., 0., 0., 6., 19., 138., 131.,
       1., 3., 19., 9., 14., 23., 138., 138., 3., 2., 12., 24., 48., 19.,
       137., 93., 2., 0., 9., 44., 29., 20., 44., 15., 0., 49., 11., 10.,
       32., 82., 57., 13., 35., 27., 5., 3., 12., 94., 67., 10., 30.,
       70., 6., 10., 3., 12., 11., 41., 120., 23., 32., 35., 8., 9., 6.,
       65., 85., 60., 29., 17., 45., 62., 55., 17., 11., 71., 16., 6.,
       22., 103., 31., 3., 19., 120., 14., 10., 5., 16., 36., 31., 73.,
       34., 48., 27., 11., 20., 48., 119., 75., 46., 24., 13., 83., 89.,
       43., 11., 16., 58., 26., 31., 39., 68., 29., 4., 14., 120., 100.,
       33., 34., 13., 5., 5., 6., 22., 89., 120., 72., 15., 7., 34., 24.,
       2., 11., 10., 14., 91., 63., 22., 2., 4., 18., 27., 16., 8., 2.,
       0., 0., 15., 61., 39., 22., 1., 0., 0., 0., 0., 7., 57., 47., 3.,
       0., 0., 0., 1., 0., 0., 0., 2., 9., 13., 10., 38., 32., 2., 0.,
       1., 14., 21., 5., 63., 81., 76., 9., 1., 5., 2., 59., 79., 13.,
       27., 43., 12., 4., 9., 112., 38., 15., 1., 2., 32., 19., 13., 25.,
       29., 15., 3., 17., 54., 39., 29., 20., 115., 63., 30., 8., 12.,
       5., 3., 115., 35., 20., 63., 88., 85., 11., 15., 115., 41., 24.,
       1., 6., 69., 4., 0., 3., 35., 22., 3., 13., 62., 28., 6., 9., 77.,
       115., 78., 9., 18., 10., 27., 51., 13., 42., 115., 53., 6., 1.,
       108., 36., 45., 20., 2., 20., 37., 0., 0., 6., 46., 25., 5., 21.,
       48., 25., 9., 15., 115., 62., 18., 10., 26., 9., 34., 80., 22.,
       23., 112., 26., 1., 3., 115., 52., 20., 10., 7., 10., 79., 34.,
       62., 95., 3., 4., 2., 31., 120., 91., 12., 10., 23., 22., 17., 9.,
       32., 34., 17., 71., 12., 3., 3., 13., 45., 51., 11., 16., 20.,
       112., 93., 30., 58., 27., 3., 5., 18., 8., 35., 106., 120., 105.,
       2., 9., 113., 3., 1., 7., 48., 38., 14., 71., 10., 5., 3., 3.,
       68., 71., 20., 33., 1., 31., 120., 75., 19., 1., 0., 0., 49., 7.,
       72., 120., 22., 0., 0., 3., 120., 6., 2., 8., 53., 4., 2., 12.,
       9., 9., 17., 21., 120., 6., 1., 3., 2., 3., 15., 20., 45., 3., 5.,
       2., 44., 5., 1., 3., 9., 3., 20., 10., 100., 32., 27., 24., 22.,
       1., 9., 13., 2., 2., 10., 39., 87., 5., 13., 0., 1., 3., 19., 47.,
       8., 1., 9., 15., 1., 1., 3., 17., 6., 4., 77., 52., 2., 2., 1.,
       0., 4., 81., 95., 13., 20., 0., 0., 0., 6., 35., 29., 33., 2., 2.,
       1., 8., 8., 4., 37., 108., 19., 27., 23., 39., 65., 21., 67., 93.,
       77., 66., 17., 17., 33., 99., 59., 24., 29., 5., 1., 4., 21., 77.,
       102., 49., 56., 25., 22., 34., 10., 8., 12., 102., 54., 15., 5.,
       11., 101., 108., 53., 52., 89., 28., 9., 60., 48., 46., 29., 47.,
       69., 79., 8., 28., 36., 26., 10., 15., 67., 108., 35., 20., 0.,
       1., 2., 11., 50., 108., 53., 66., 26., 69., 29., 17., 2., 4., 83.,
       64., 40., 62., 27., 6., 22., 26., 65., 30., 11., 12., 22., 14.,
       28., 6., 10., 10., 55., 32., 25., 48., 38., 56., 24., 9., 21.,
       28., 60., 31., 44., 61., 13., 7., 21., 46., 91., 75., 3., 6., 2.,
       13., 107., 107., 21., 8., 45., 34., 37., 31., 63., 22., 6., 18.,
       35., 22., 17., 65., 93., 22., 17., 75., 107., 107., 44., 64., 37.,
       10., 5., 20., 15., 19., 17., 72., 97., 36., 37., 21., 41., 107.,
       85., 25., 8., 0., 0., 3., 44., 91., 66., 24., 84., 46., 18., 16.,
       81., 15., 94., 54., 18., 20., 22., 52., 10., 3., 91., 107., 7.,
       6., 6., 8., 15., 41., 8., 5., 1., 0., 0., 1., 6., 60., 96., 6.,
       1., 1., 1., 4., 2., 4., 93., 30., 0., 1., 13., 18., 3., 1., 22.,
