%YAML:1.0
---
mat: !!opencv-matrix
   rows: 57
   cols: 128
   dt: f
   data: [ 95., 22., 0., 1., 50., 69., 20., 28., 72., 9., 15., 14., 8.,
       72., 106., 87., 77., 35., 22., 5., 0., 1., 19., 83., 2., 4., 2.,
       4., 0., 0., 0., 1., 30., 1., 0., 12., 38., 68., 104., 63., 30.,
       29., 98., 131., 123., 6., 26., 45., 131., 131., 110., 50., 11.,
       2., 3., 17., 26., 23., 4., 35., 36., 5., 0., 0., 4., 0., 0., 8.,
       100., 22., 13., 8., 18., 6., 7., 64., 131., 119., 23., 33., 131.,
       35., 7., 9., 13., 15., 14., 69., 21., 5., 0., 2., 11., 3., 0., 0.,
       0., 0., 0., 0., 19., 19., 0., 0., 0., 0., 0., 0., 34., 58., 3.,
       1., 1., 0., 0., 0., 0., 3., 2., 2., 0., 0., 0., 0., 0., 0., 0.,
       0., 0., 0., 0., 0., 0., 0., 0., 0., 1., 11., 4., 2., 1., 0., 0.,
       0., 32., 104., 5., 1., 0., 0., 0., 0., 13., 18., 1., 3., 1., 0.,
       0., 0., 1., 2., 0., 0., 12., 7., 0., 0., 16., 28., 17., 49., 131.,
       47., 6., 9., 131., 131., 23., 26., 17., 7., 7., 46., 69., 27.,
       39., 19., 12., 0., 0., 3., 43., 14., 0., 0., 18., 22., 2., 16.,
       17., 4., 1., 10., 131., 131., 107., 48., 131., 8., 21., 38., 38.,
       35., 90., 131., 29., 61., 90., 88., 69., 12., 0., 10., 5., 0., 0.,
       0., 0., 2., 2., 8., 1., 0., 1., 26., 58., 40., 29., 7., 3., 41.,
       94., 109., 99., 15., 17., 14., 16., 75., 33., 15., 86., 52., 1.,
       1., 107., 36., 3., 10., 51., 12., 3., 19., 46., 6., 3., 15., 136.,
       61., 3., 22., 108., 5., 2., 2., 13., 8., 2., 64., 1., 0., 0., 0.,
       0., 0., 0., 0., 111., 38., 5., 8., 54., 16., 5., 27., 68., 16.,
       1., 12., 136., 46., 3., 13., 136., 43., 0., 4., 25., 8., 2., 35.,
       19., 1., 0., 0., 0., 0., 0., 1., 136., 17., 1., 6., 54., 18., 4.,
       33., 54., 3., 0., 1., 136., 135., 44., 39., 136., 8., 0., 1., 12.,
       26., 41., 136., 33., 0., 0., 0., 0., 0., 0., 16., 56., 4., 2., 6.,
       16., 27., 42., 80., 20., 4., 32., 17., 7., 50., 58., 37., 19.,
       22., 16., 1., 0., 7., 43., 83., 7., 3., 1., 1., 0., 0., 0., 10.,
       0., 0., 0., 8., 4., 0., 0., 0., 0., 5., 40., 87., 18., 17., 6.,
       0., 8., 53., 62., 31., 7., 11., 45., 12., 8., 20., 46., 85., 34.,
       1., 10., 13., 0., 0., 0., 15., 24., 0., 0., 0., 12., 20., 39.,
       138., 138., 3., 0., 1., 138., 118., 51., 50., 41., 1., 0., 3.,
       50., 16., 7., 59., 135., 6., 1., 8., 0., 0., 0., 5., 22., 0., 0.,
       0., 35., 7., 3., 63., 138., 16., 0., 9., 138., 22., 3., 18., 65.,
       10., 1., 38., 54., 12., 4., 38., 109., 29., 5., 16., 0., 0., 0.,
       4., 2., 0., 0., 0., 42., 10., 3., 94., 92., 6., 3., 8., 138., 27.,
       3., 20., 44., 5., 2., 25., 42., 11., 5., 37., 104., 19., 3., 16.,
       5., 44., 98., 31., 10., 1., 0., 0., 6., 84., 109., 15., 2., 1.,
       0., 0., 2., 82., 109., 9., 1., 1., 0., 0., 7., 52., 7., 0., 0.,
       0., 0., 1., 57., 34., 31., 27., 109., 43., 0., 13., 109., 79.,
       55., 19., 43., 35., 11., 20., 59., 107., 56., 15., 36., 71., 9.,
       9., 109., 95., 3., 0., 1., 1., 0., 5., 34., 0., 0., 0., 77., 94.,
       39., 59., 109., 12., 6., 13., 33., 59., 91., 70., 55., 6., 6.,
       34., 42., 41., 51., 75., 109., 4., 0., 0., 1., 1., 4., 78., 12.,
       1., 0., 0., 1., 20., 34., 20., 7., 2., 0., 0., 1., 24., 106., 26.,
       3., 0., 0., 1., 1., 19., 109., 56., 8., 0., 0., 0., 0., 0., 12.,
       48., 11., 34., 38., 30., 33., 7., 19., 14., 67., 76., 89., 37.,
       19., 0., 0., 2., 28., 21., 27., 58., 8., 1., 0., 1., 0., 8., 94.,
       38., 2., 0., 0., 0., 18., 31., 12., 54., 119., 11., 11., 7., 119.,
       26., 6., 39., 96., 3., 0., 18., 72., 8., 12., 119., 110., 0., 1.,
       9., 19., 15., 66., 58., 70., 25., 8., 15., 10., 14., 4., 12., 69.,
       105., 65., 18., 119., 22., 0., 8., 48., 69., 66., 50., 48., 20.,
       1., 25., 119., 72., 18., 14., 36., 22., 9., 27., 112., 40., 37.,
       14., 0., 0., 0., 1., 4., 54., 33., 1., 4., 0., 0., 1., 7., 51.,
       81., 20., 2., 0., 0., 0., 9., 88., 54., 8., 1., 1., 1., 1., 7.,
       47., 114., 6., 5., 41., 106., 2., 1., 1., 1., 2., 5., 36., 121.,
       4., 0., 0., 0., 1., 7., 53., 94., 3., 1., 1., 1., 1., 16., 33.,
       9., 0., 0., 0., 0., 0., 37., 31., 69., 20., 102., 24., 15., 48.,
       121., 77., 107., 17., 44., 11., 9., 31., 93., 50., 59., 6., 64.,
       56., 13., 23., 121., 43., 6., 0., 2., 2., 0., 3., 59., 12., 5.,
       51., 121., 16., 6., 27., 121., 47., 14., 12., 68., 13., 9., 65.,
       121., 36., 22., 36., 98., 19., 1., 7., 121., 12., 0., 2., 5., 1.,
       0., 2., 29., 32., 5., 22., 43., 16., 18., 24., 46., 17., 10., 7.,
       20., 20., 27., 49., 76., 24., 18., 22., 17., 8., 19., 12., 121.,
       10., 0., 1., 1., 0., 2., 9., 11., 14., 9., 82., 30., 2., 3., 15.,
       53., 44., 33., 33., 10., 2., 5., 93., 23., 86., 101., 32., 8., 1.,
       0., 11., 15., 65., 6., 0., 0., 0., 0., 0., 11., 62., 59., 110.,
       39., 1., 0., 1., 115., 115., 38., 42., 35., 26., 2., 10., 102.,
       74., 42., 30., 63., 94., 12., 28., 115., 71., 3., 0., 0., 1., 2.,
       18., 45., 51., 29., 41., 34., 11., 26., 64., 115., 54., 35., 11.,
       20., 14., 17., 92., 91., 18., 26., 9., 33., 47., 13., 53., 80.,
       10., 27., 16., 1., 1., 2., 37., 10., 2., 2., 3., 25., 27., 41.,
       100., 45., 46., 63., 8., 24., 18., 9., 40., 115., 44., 29., 3.,
       2., 0., 0., 51., 20., 7., 18., 32., 33., 18., 2., 5., 45., 2., 0.,
       0., 6., 17., 30., 65., 133., 7., 0., 0., 0., 0., 20., 85., 45.,
       3., 0., 0., 0., 12., 110., 71., 26., 1., 0., 0., 0., 8., 91., 60.,
       3., 0., 0., 0., 0., 45., 133., 63., 127., 15., 0., 0., 0., 12.,
       119., 94., 133., 24., 0., 0., 0., 8., 68., 69., 24., 0., 0., 0.,
       0., 13., 80., 68., 0., 0., 0., 0., 0., 14., 133., 62., 13., 1.,
       0., 0., 0., 46., 133., 64., 77., 2., 0., 0., 0., 8., 79., 133.,
       15., 0., 0., 0., 0., 18., 53., 42., 0., 0., 0., 0., 0., 0., 26.,
       51., 0., 0., 0., 0., 0., 2., 55., 61., 0., 0., 0., 0., 0., 0.,
       24., 57., 0., 0., 0., 0., 0., 1., 9., 9., 78., 79., 27., 2., 0.,
       0., 0., 3., 65., 66., 32., 0., 0., 0., 0., 11., 51., 43., 14., 0.,
       0., 0., 0., 12., 5., 10., 1., 0., 0., 0., 0., 0., 111., 72., 37.,
       5., 0., 0., 0., 8., 65., 65., 132., 36., 0., 0., 0., 6., 73.,
       132., 84., 3., 0., 0., 0., 5., 20., 64., 1., 0., 0., 0., 0., 0.,
       22., 73., 132., 16., 0., 0., 0., 0., 97., 95., 132., 27., 0., 0.,
       0., 6., 132., 75., 15., 1., 0., 0., 0., 28., 50., 71., 0., 0., 0.,
       0., 0., 1., 16., 60., 69., 7., 0., 0., 3., 9., 132., 86., 9., 0.,
       0., 0., 0., 28., 132., 77., 0., 0., 0., 0., 0., 8., 22., 63., 0.,
       0., 0., 0., 0., 0., 26., 6., 3., 8., 31., 30., 22., 24., 37., 12.,
       9., 35., 63., 24., 11., 11., 64., 31., 4., 21., 45., 7., 3., 34.,
       28., 5., 1., 1., 59., 72., 9., 21., 96., 7., 0., 1., 44., 36.,
       18., 21., 23., 10., 15., 64., 129., 49., 9., 3., 129., 22., 12.,
       28., 24., 2., 2., 64., 35., 3., 1., 22., 129., 17., 3., 30., 89.,
       54., 15., 28., 47., 6., 7., 3., 23., 4., 8., 47., 129., 52., 34.,
       11., 129., 31., 11., 19., 20., 22., 26., 31., 23., 11., 14., 119.,
       115., 7., 5., 2., 9., 13., 9., 9., 5., 30., 86., 8., 1., 1., 4.,
       11., 12., 48., 128., 16., 19., 11., 5., 8., 2., 52., 129., 13.,
       1., 3., 6., 34., 15., 42., 121., 3., 15., 40., 122., 3., 1., 3.,
       6., 33., 2., 51., 129., 13., 19., 10., 5., 7., 12., 47., 128.,
       17., 1., 1., 4., 12., 5., 30., 86., 8., 10., 14., 9., 9., 115.,
       7., 6., 2., 23., 11., 14., 118., 21., 23., 27., 30., 129., 32.,
       11., 18., 129., 52., 34., 11., 22., 4., 8., 46., 47., 6., 6., 3.,
       90., 55., 14., 27., 129., 18., 3., 29., 35., 3., 1., 21., 24., 2.,
       2., 62., 129., 23., 12., 28., 129., 50., 9., 3., 23., 10., 15.,
       63., 44., 37., 19., 21., 95., 7., 0., 1., 60., 73., 9., 21., 28.,
       5., 1., 1., 45., 7., 3., 34., 65., 31., 4., 20., 64., 23., 11.,
