%YAML:1.0
---
mat: !!opencv-matrix
   rows: 38
   cols: 128
   dt: f
   data: [ 0., 2., 31., 11., 0., 0., 0., 0., 64., 66., 127., 32., 8., 2.,
       4., 3., 54., 37., 49., 103., 93., 3., 4., 7., 128., 56., 28., 23.,
       30., 1., 0., 10., 16., 8., 8., 1., 0., 0., 0., 0., 136., 43., 21.,
       7., 21., 3., 1., 29., 111., 12., 5., 37., 136., 40., 8., 35.,
       136., 23., 7., 33., 35., 5., 4., 35., 16., 2., 0., 0., 0., 0., 0.,
       7., 136., 24., 2., 11., 22., 3., 1., 63., 94., 21., 8., 67., 124.,
       27., 7., 36., 100., 22., 4., 20., 49., 6., 2., 43., 2., 0., 0.,
       0., 0., 0., 0., 5., 105., 3., 1., 15., 20., 2., 1., 53., 53., 39.,
       16., 65., 70., 17., 4., 21., 53., 41., 7., 32., 42., 1., 1., 17.,
       95., 1., 0., 3., 20., 11., 3., 31., 30., 20., 2., 19., 121., 30.,
       3., 6., 121., 54., 2., 5., 22., 7., 3., 20., 6., 2., 0., 7., 33.,
       18., 2., 3., 119., 1., 0., 5., 39., 14., 2., 29., 48., 9., 1.,
       35., 121., 51., 3., 11., 121., 28., 1., 8., 29., 9., 4., 37., 14.,
       3., 0., 19., 78., 13., 2., 3., 110., 0., 0., 1., 23., 22., 4.,
       39., 20., 5., 3., 17., 114., 121., 26., 36., 111., 20., 3., 8.,
       32., 20., 20., 120., 6., 1., 1., 31., 121., 12., 1., 7., 63., 4.,
       1., 14., 25., 2., 2., 26., 24., 16., 11., 98., 103., 14., 3., 7.,
       117., 44., 9., 16., 35., 8., 2., 24., 5., 1., 1., 56., 121., 14.,
       0., 2., 48., 7., 0., 0., 29., 64., 8., 8., 42., 2., 1., 0., 19.,
       61., 32., 48., 62., 7., 1., 1., 34., 58., 12., 56., 36., 24., 7.,
       12., 55., 80., 26., 16., 77., 2., 0., 1., 21., 40., 17., 56., 16.,
       25., 30., 63., 98., 58., 27., 17., 123., 101., 28., 14., 15., 35.,
       7., 21., 36., 7., 1., 9., 74., 110., 30., 12., 6., 0., 0., 1.,
       26., 36., 33., 57., 19., 5., 4., 21., 123., 123., 17., 14., 123.,
       17., 4., 5., 17., 36., 15., 56., 56., 2., 0., 6., 102., 97., 14.,
       23., 0., 0., 0., 0., 6., 22., 26., 28., 3., 0., 0., 0., 93., 123.,
       8., 4., 123., 0., 0., 0., 20., 43., 9., 41., 79., 1., 0., 0., 26.,
       89., 19., 21., 10., 56., 108., 8., 4., 1., 0., 2., 11., 78., 122.,
       6., 2., 0., 0., 1., 15., 62., 97., 11., 5., 1., 0., 1., 57., 48.,
       10., 0., 0., 0., 0., 1., 68., 22., 32., 30., 108., 11., 3., 32.,
       122., 72., 51., 22., 49., 7., 2., 25., 122., 34., 28., 21., 76.,
       25., 2., 15., 122., 30., 3., 0., 1., 1., 0., 5., 51., 22., 6.,
       40., 101., 8., 3., 21., 122., 34., 21., 17., 37., 7., 4., 56.,
       122., 32., 36., 63., 37., 4., 1., 4., 122., 9., 1., 1., 1., 0.,
       0., 4., 23., 11., 1., 4., 13., 8., 49., 51., 12., 3., 5., 3., 3.,
       22., 91., 46., 86., 4., 8., 8., 2., 20., 63., 44., 122., 2., 0.,
       0., 0., 0., 2., 34., 9., 10., 12., 78., 21., 1., 2., 10., 55.,
       38., 24., 30., 9., 1., 4., 84., 20., 86., 88., 29., 6., 0., 0.,
       11., 13., 111., 8., 0., 0., 0., 0., 0., 7., 59., 58., 101., 24.,
       1., 0., 1., 110., 113., 39., 45., 30., 19., 2., 8., 83., 81., 49.,
       35., 75., 88., 10., 21., 113., 93., 5., 0., 0., 2., 2., 18., 45.,
       56., 27., 46., 30., 10., 17., 55., 113., 52., 28., 15., 19., 15.,
       19., 111., 89., 15., 24., 11., 40., 60., 14., 49., 99., 11., 1.,
       0., 0., 3., 4., 45., 16., 2., 2., 2., 11., 13., 27., 113., 32.,
       31., 68., 10., 16., 13., 11., 45., 87., 50., 47., 7., 2., 0., 1.,
       32., 32., 64., 10., 1., 0., 0., 0., 3., 96., 16., 0., 0., 0., 0.,
       0., 53., 117., 24., 1., 0., 0., 0., 0., 66., 126., 27., 0., 0.,
       0., 0., 0., 30., 39., 23., 0., 0., 0., 0., 0., 18., 54., 126.,
       15., 0., 0., 0., 0., 6., 77., 126., 32., 0., 0., 0., 0., 19.,
       126., 116., 4., 0., 0., 0., 0., 23., 68., 10., 0., 0., 0., 0., 0.,
       26., 83., 35., 2., 0., 0., 0., 1., 104., 115., 32., 3., 0., 0.,
       0., 0., 126., 126., 20., 0., 0., 0., 0., 0., 108., 79., 16., 1.,
       0., 0., 0., 0., 3., 66., 0., 0., 0., 0., 0., 1., 94., 113., 0.,
       0., 0., 0., 0., 0., 83., 126., 3., 0., 0., 0., 0., 0., 23., 45.,
       2., 1., 0., 0., 0., 0., 1., 119., 35., 7., 0., 0., 0., 0., 5.,
       125., 84., 4., 0., 0., 0., 0., 0., 83., 67., 4., 0., 0., 0., 0.,
       5., 19., 7., 1., 0., 0., 0., 0., 6., 85., 90., 49., 0., 0., 0.,
       0., 0., 54., 125., 123., 0., 0., 0., 0., 1., 125., 125., 19., 0.,
       0., 0., 0., 2., 31., 57., 3., 0., 0., 0., 0., 1., 35., 107., 88.,
       0., 0., 0., 0., 2., 125., 74., 48., 0., 0., 0., 0., 34., 125.,
       79., 3., 0., 0., 0., 0., 32., 71., 67., 1., 0., 0., 0., 0., 0.,
       87., 18., 3., 0., 0., 0., 3., 44., 125., 17., 0., 0., 0., 0., 0.,
       42., 118., 51., 0., 0., 0., 0., 0., 7., 30., 36., 0., 0., 0., 0.,
       0., 0., 20., 53., 113., 10., 1., 1., 1., 6., 4., 44., 128., 15.,
       9., 2., 1., 2., 15., 54., 124., 4., 2., 1., 1., 4., 11., 35., 80.,
       18., 13., 4., 1., 2., 128., 25., 20., 9., 23., 18., 7., 68., 41.,
       26., 45., 39., 128., 21., 5., 17., 128., 56., 40., 11., 29., 10.,
       3., 40., 72., 14., 12., 12., 110., 37., 3., 16., 128., 28., 4.,
       22., 50., 15., 3., 22., 44., 6., 3., 55., 128., 18., 5., 34.,
       128., 52., 21., 12., 26., 7., 4., 55., 72., 24., 23., 55., 90.,
       5., 0., 2., 76., 60., 4., 16., 37., 5., 7., 10., 38., 10., 2.,
       17., 53., 25., 12., 30., 42., 10., 14., 8., 22., 13., 13., 38.,
       56., 8., 14., 21., 25., 14., 7., 9., 1., 3., 30., 9., 6., 24., 5.,
       4., 1., 2., 18., 19., 37., 112., 17., 1., 8., 29., 63., 16., 12.,
       49., 91., 62., 20., 68., 58., 1., 0., 0., 31., 70., 6., 13., 63.,
       24., 14., 23., 16., 14., 77., 19., 32., 25., 22., 42., 25., 29.,
       14., 15., 53., 37., 48., 112., 112., 36., 27., 53., 65., 5., 2.,
       12., 110., 112., 9., 16., 18., 8., 16., 90., 44., 30., 112., 25.,
       3., 2., 10., 71., 67., 43., 35., 29., 51., 25., 4., 53., 112.,
       16., 11., 18., 78., 73., 8., 14., 79., 41., 34., 19., 15., 13.,
       5., 7., 9., 73., 14., 5., 1., 0., 0., 26., 72., 36., 2., 6., 30.,
       25., 11., 78., 80., 2., 10., 5., 44., 42., 7., 33., 112., 60., 6.,
       74., 37., 24., 77., 9., 0., 0., 61., 116., 39., 18., 26., 33., 7.,
       4., 65., 38., 7., 6., 35., 116., 21., 18., 116., 40., 1., 0., 1.,
       10., 6., 15., 23., 116., 33., 24., 112., 44., 11., 8., 116., 110.,
       20., 11., 38., 36., 25., 76., 81., 29., 33., 53., 37., 35., 4.,
       10., 91., 29., 7., 4., 5., 6., 2., 9., 96., 44., 4., 4., 25., 21.,
       14., 86., 56., 23., 46., 30., 13., 32., 23., 57., 80., 33., 97.,
       76., 7., 6., 7., 55., 63., 40., 47., 21., 13., 2., 0., 16., 61.,
       4., 1., 0., 2., 7., 7., 116., 7., 1., 2., 4., 34., 71., 9., 15.,
       43., 49., 15., 8., 18., 19., 9., 50., 14., 44., 16., 11., 26.,
       30., 18., 10., 6., 16., 100., 25., 0., 0., 0., 0., 7., 38., 115.,
       16., 1., 0., 0., 0., 5., 31., 115., 15., 3., 0., 0., 0., 10., 30.,
       98., 13., 5., 3., 1., 1., 7., 11., 115., 65., 11., 52., 38., 7.,
       115., 62., 89., 29., 21., 29., 10., 28., 76., 42., 66., 36., 115.,
       28., 2., 10., 115., 61., 25., 11., 29., 18., 3., 8., 37., 11., 1.,
       4., 48., 103., 57., 30., 115., 57., 5., 13., 73., 67., 13., 19.,
       66., 28., 5., 22., 115., 27., 5., 22., 90., 41., 23., 20., 13.,
       6., 5., 21., 32., 56., 16., 21., 51., 9., 4., 9., 33., 43., 6.,
       22., 84., 20., 28., 24., 31., 23., 2., 4., 16., 11., 40., 70.,
       10., 1., 2., 1., 1., 7., 84., 47., 0., 2., 8., 44., 39., 24., 38.,
       10., 10., 26., 25., 45., 34., 13., 3., 1., 43., 13., 8., 91., 84.,
       19., 1., 5., 61., 10., 2., 8., 42., 49., 25., 15., 8., 12., 14.,
       88., 120., 34., 2., 2., 120., 76., 25., 41., 63., 47., 8., 19.,
       79., 6., 0., 2., 120., 120., 12., 26., 120., 5., 0., 0., 5., 20.,
       31., 76., 4., 3., 2., 9., 114., 120., 12., 6., 120., 6., 0., 1.,
       37., 114., 25., 53., 77., 3., 0., 2., 84., 98., 14., 40., 62., 0.,
       0., 0., 4., 14., 10., 88., 4., 3., 1., 2., 25., 43., 14., 26.,
