%YAML:1.0
---
mat: !!opencv-matrix
   rows: 63
   cols: 128
   dt: f
   data: [ 105., 40., 6., 11., 15., 4., 1., 9., 30., 4., 1., 27., 114.,
       47., 9., 5., 97., 7., 4., 15., 37., 27., 27., 89., 42., 0., 0.,
       17., 114., 4., 1., 24., 114., 8., 1., 8., 19., 22., 11., 44., 40.,
       14., 19., 111., 88., 29., 7., 8., 114., 50., 21., 29., 21., 13.,
       16., 54., 25., 4., 3., 62., 114., 2., 1., 11., 71., 0., 0., 10.,
       22., 7., 3., 53., 17., 4., 5., 32., 112., 76., 27., 29., 114.,
       11., 3., 16., 38., 14., 25., 107., 26., 2., 1., 79., 114., 2., 1.,
       15., 42., 0., 0., 21., 28., 1., 1., 46., 24., 25., 20., 79., 53.,
       9., 5., 9., 65., 38., 6., 21., 50., 2., 5., 27., 29., 0., 0., 44.,
       114., 2., 1., 18., 24., 28., 1., 0., 46., 76., 13., 3., 87., 32.,
       7., 4., 12., 35., 25., 31., 32., 31., 7., 3., 69., 30., 0., 2.,
       49., 21., 6., 2., 40., 22., 0., 1., 96., 100., 1., 4., 30., 25.,
       6., 0., 15., 42., 38., 57., 109., 47., 11., 8., 82., 109., 29.,
       11., 31., 22., 3., 11., 12., 20., 20., 12., 78., 83., 3., 1.,
       109., 109., 1., 2., 25., 19., 1., 1., 36., 30., 2., 10., 84.,
       109., 22., 12., 100., 67., 38., 23., 21., 39., 23., 41., 23., 57.,
       11., 1., 24., 108., 7., 1., 91., 69., 1., 2., 25., 50., 8., 9.,
       55., 87., 1., 8., 65., 33., 1., 0., 29., 44., 30., 37., 101., 66.,
       5., 4., 77., 97., 8., 1., 13., 10., 1., 2., 0., 30., 123., 14.,
       1., 0., 0., 0., 5., 19., 91., 57., 23., 4., 0., 0., 1., 61., 87.,
       57., 34., 5., 0., 0., 19., 39., 59., 47., 21., 0., 1., 1., 14.,
       62., 109., 12., 31., 79., 2., 1., 123., 88., 41., 5., 48., 32.,
       3., 5., 22., 55., 18., 20., 123., 76., 4., 9., 54., 52., 12., 19.,
       21., 14., 14., 17., 39., 10., 3., 1., 51., 123., 20., 10., 123.,
       21., 1., 0., 23., 65., 30., 78., 40., 2., 0., 0., 87., 123., 48.,
       47., 21., 3., 0., 0., 2., 45., 95., 86., 24., 2., 0., 0., 8., 71.,
       34., 15., 26., 1., 0., 0., 1., 27., 63., 92., 6., 0., 0., 0., 3.,
       42., 48., 23., 0., 0., 0., 0., 0., 8., 65., 23., 2., 62., 80.,
       18., 4., 0., 0., 0., 18., 73., 89., 13., 0., 0., 0., 0., 9., 26.,
       36., 40., 3., 0., 0., 0., 3., 28., 37., 11., 3., 3., 0., 0., 8.,
       47., 37., 50., 46., 11., 3., 8., 118., 81., 44., 47., 14., 7., 1.,
       10., 64., 39., 39., 118., 106., 0., 0., 0., 109., 118., 44., 42.,
       18., 0., 0., 0., 14., 2., 0., 5., 45., 62., 25., 53., 118., 7.,
       2., 14., 37., 43., 14., 50., 46., 12., 2., 68., 118., 62., 14.,
       4., 118., 90., 4., 12., 26., 30., 11., 4., 2., 0., 0., 0., 6.,
       59., 81., 18., 21., 0., 0., 1., 9., 46., 90., 47., 4., 0., 0., 2.,
       19., 106., 94., 6., 31., 14., 2., 2., 2., 90., 70., 11., 0., 28.,
       117., 6., 0., 0., 0., 0., 4., 22., 117., 6., 1., 1., 0., 0., 2.,
       55., 109., 6., 3., 1., 0., 0., 1., 27., 70., 6., 1., 0., 0., 0.,
       18., 57., 114., 16., 8., 24., 8., 8., 117., 76., 67., 5., 14.,
       26., 9., 18., 22., 61., 69., 13., 79., 80., 8., 7., 70., 77., 56.,
       5., 19., 6., 1., 7., 39., 6., 1., 0., 11., 115., 56., 86., 117.,
       20., 1., 0., 12., 79., 44., 70., 63., 5., 2., 1., 117., 117., 13.,
       22., 117., 10., 2., 0., 38., 41., 17., 73., 5., 0., 0., 0., 0.,
       33., 43., 54., 26., 0., 0., 0., 1., 28., 61., 60., 15., 1., 0.,
       0., 19., 60., 31., 21., 13., 0., 0., 0., 6., 25., 43., 59., 66.,
       9., 19., 89., 12., 0., 0., 30., 82., 66., 67., 66., 5., 0., 0.,
       5., 37., 25., 20., 32., 4., 0., 0., 2., 1., 17., 23., 9., 2., 0.,
       0., 0., 21., 2., 2., 88., 75., 50., 5., 17., 120., 16., 6., 46.,
       27., 20., 3., 25., 73., 37., 46., 120., 74., 0., 0., 3., 55.,
       112., 68., 44., 4., 0., 0., 0., 2., 0., 0., 1., 29., 120., 27.,
       3., 92., 13., 8., 34., 31., 91., 32., 23., 42., 21., 10., 120.,
       120., 53., 10., 2., 70., 62., 47., 71., 19., 11., 5., 4., 0., 0.,
       0., 1., 11., 40., 7., 0., 1., 0., 0., 3., 7., 102., 50., 1., 2.,
       1., 0., 3., 16., 120., 81., 1., 18., 3., 3., 7., 36., 102., 40.,
       14., 107., 11., 1., 6., 18., 12., 2., 13., 30., 15., 2., 19.,
       121., 50., 6., 12., 96., 68., 3., 8., 12., 3., 2., 22., 8., 3.,
       0., 0., 0., 0., 0., 1., 143., 19., 2., 6., 31., 7., 3., 34., 46.,
       11., 2., 28., 143., 8., 0., 8., 143., 40., 2., 13., 42., 1., 0.,
       13., 48., 1., 0., 0., 0., 0., 0., 5., 90., 49., 5., 5., 36., 16.,
       6., 33., 45., 13., 1., 5., 143., 71., 1., 11., 143., 19., 0., 2.,
       42., 23., 1., 24., 78., 7., 0., 0., 0., 0., 0., 3., 96., 21., 3.,
       8., 41., 8., 2., 14., 57., 5., 0., 0., 134., 71., 1., 8., 143.,
       32., 0., 0., 57., 28., 0., 6., 89., 14., 0., 0., 0., 0., 0., 0.,
       0., 0., 0., 0., 86., 13., 0., 0., 55., 26., 0., 7., 144., 29., 0.,
       1., 139., 69., 1., 9., 55., 4., 0., 0., 40., 7., 2., 16., 98.,
       20., 3., 8., 0., 0., 0., 4., 76., 6., 0., 0., 41., 22., 1., 27.,
       144., 16., 0., 2., 144., 69., 1., 12., 45., 12., 1., 6., 36., 15.,
       6., 34., 89., 49., 5., 6., 0., 0., 0., 5., 48., 1., 0., 0., 42.,
       1., 0., 14., 144., 38., 2., 14., 144., 7., 0., 8., 46., 10., 2.,
       31., 30., 7., 4., 37., 144., 18., 1., 6., 0., 0., 0., 1., 9., 3.,
       0., 0., 12., 4., 3., 23., 97., 66., 3., 8., 121., 49., 5., 11.,
       31., 14., 2., 20., 18., 11., 2., 13., 108., 10., 1., 7., 6., 49.,
       105., 6., 1., 0., 0., 1., 7., 54., 121., 3., 1., 0., 0., 1., 12.,
       66., 93., 2., 1., 1., 0., 0., 25., 35., 6., 0., 0., 0., 0., 2.,
       58., 31., 59., 30., 99., 12., 4., 27., 121., 79., 84., 19., 40.,
       9., 4., 24., 115., 48., 43., 8., 51., 36., 6., 15., 121., 36., 2.,
       0., 1., 1., 0., 1., 66., 19., 5., 42., 121., 7., 2., 22., 121.,
       40., 15., 15., 51., 5., 2., 46., 121., 36., 28., 54., 49., 9., 1.,
       4., 121., 10., 1., 1., 1., 0., 0., 1., 32., 16., 2., 7., 35., 23.,
       48., 42., 37., 8., 5., 2., 7., 10., 87., 63., 79., 9., 10., 11.,
       3., 15., 62., 40., 121., 4., 0., 0., 0., 0., 3., 25., 5., 11.,
       11., 71., 17., 0., 0., 0., 15., 31., 45., 93., 39., 11., 2., 3.,
       49., 80., 38., 11., 48., 67., 6., 8., 115., 88., 5., 0., 2., 5.,
       2., 9., 18., 37., 21., 115., 81., 4., 2., 1., 107., 39., 37., 74.,
       46., 11., 11., 115., 73., 12., 1., 2., 48., 80., 18., 98., 115.,
       5., 0., 0., 3., 11., 8., 77., 40., 30., 17., 91., 71., 39., 8.,
       12., 115., 45., 13., 28., 20., 15., 12., 92., 64., 6., 2., 6.,
       22., 6., 7., 89., 56., 1., 0., 0., 0., 1., 1., 61., 40., 72., 17.,
       8., 17., 25., 7., 31., 108., 2., 2., 1., 4., 9., 7., 115., 37.,
       6., 9., 1., 0., 0., 1., 64., 17., 11., 18., 1., 0., 0., 0., 9.,
       0., 5., 15., 17., 68., 25., 3., 1., 7., 45., 70., 30., 15., 77.,
       34., 4., 103., 118., 23., 1., 1., 33., 25., 14., 46., 43., 0., 0.,
       0., 0., 0., 1., 4., 7., 19., 82., 118., 23., 2., 3., 118., 78.,
       38., 38., 30., 38., 21., 28., 118., 22., 0., 0., 11., 59., 34.,
       31., 103., 29., 0., 0., 0., 0., 0., 5., 2., 40., 30., 42., 118.,
       45., 2., 2., 118., 118., 28., 36., 72., 34., 12., 21., 118., 94.,
       3., 2., 10., 9., 2., 17., 73., 15., 4., 2., 0., 0., 0., 9., 13.,
       83., 26., 21., 34., 21., 6., 3., 81., 39., 18., 13., 34., 62.,
       45., 23., 118., 39., 3., 4., 1., 1., 2., 10., 28., 8., 33., 38.,
       3., 0., 0., 2., 35., 26., 8., 18., 42., 0., 0., 0., 41., 34., 52.,
       16., 3., 1., 0., 0., 0., 16., 47., 21., 17., 2., 0., 0., 0., 6.,
       33., 36., 12., 8., 2., 0., 24., 72., 27., 56., 59., 6., 1., 1.,
       26., 67., 111., 111., 54., 7., 1., 4., 102., 111., 97., 55., 34.,
       5., 1., 11., 20., 43., 71., 111., 87., 19., 2., 3., 17., 17., 2.,
       8., 46., 109., 89., 16., 24., 13., 4., 28., 72., 108., 80., 48.,
       111., 21., 5., 5., 30., 41., 39., 111., 21., 7., 5., 9., 75.,
       111., 66., 29., 1., 3., 10., 30., 15., 50., 34., 1., 2., 2., 7.,
