%YAML:1.0
---
mat: !!opencv-matrix
   rows: 94
   cols: 128
   dt: f
   data: [ 0., 0., 0., 0., 0., 0., 2., 1., 8., 7., 7., 6., 1., 1., 4.,
       19., 66., 36., 7., 2., 0., 0., 4., 119., 17., 3., 0., 1., 0., 0.,
       7., 80., 0., 0., 0., 1., 16., 13., 36., 38., 19., 25., 36., 111.,
       104., 40., 28., 23., 122., 122., 38., 30., 5., 3., 5., 45., 60.,
       17., 35., 25., 5., 0., 0., 3., 0., 0., 0., 0., 23., 34., 16., 18.,
       10., 2., 4., 22., 106., 122., 107., 57., 122., 14., 28., 42., 30.,
       15., 63., 122., 26., 61., 106., 94., 58., 7., 0., 5., 0., 0., 0.,
       0., 1., 3., 0., 0., 0., 0., 13., 83., 10., 24., 19., 4., 7., 90.,
       107., 93., 32., 6., 9., 11., 27., 63., 12., 16., 92., 60., 4., 3.,
       6., 9., 15., 12., 0., 0., 0., 0., 137., 79., 24., 18., 14., 2.,
       0., 0., 97., 24., 5., 31., 83., 27., 5., 17., 74., 19., 2., 12.,
       58., 5., 2., 17., 15., 5., 1., 0., 0., 0., 0., 7., 137., 30., 2.,
       6., 21., 2., 0., 53., 135., 35., 8., 54., 132., 16., 2., 10.,
       108., 44., 5., 20., 54., 2., 1., 6., 3., 0., 0., 0., 0., 0., 0.,
       3., 137., 36., 1., 7., 21., 1., 0., 26., 105., 47., 9., 57., 137.,
       11., 1., 5., 129., 62., 5., 15., 59., 9., 0., 3., 0., 0., 0., 0.,
       0., 0., 0., 0., 82., 40., 1., 1., 9., 0., 0., 1., 76., 30., 3.,
       7., 130., 19., 0., 3., 99., 38., 4., 26., 35., 4., 0., 3., 6.,
       54., 78., 17., 2., 2., 3., 0., 10., 76., 47., 6., 0., 1., 20., 4.,
       1., 18., 56., 21., 1., 2., 21., 6., 1., 26., 26., 2., 0., 5., 25.,
       4., 24., 39., 67., 60., 106., 28., 3., 6., 116., 116., 38., 19.,
       35., 4., 2., 20., 45., 56., 82., 95., 116., 6., 1., 4., 99., 99.,
       49., 20., 19., 10., 1., 9., 16., 1., 0., 1., 72., 94., 59., 48.,
       116., 5., 0., 0., 32., 28., 42., 116., 41., 4., 1., 7., 116.,
       114., 80., 53., 116., 6., 1., 2., 22., 32., 37., 105., 36., 0.,
       0., 0., 26., 9., 11., 19., 58., 0., 0., 0., 0., 5., 9., 42., 7.,
       0., 0., 0., 1., 24., 53., 18., 7., 0., 0., 0., 1., 5., 23., 31.,
       1., 5., 23., 31., 7., 0., 0., 0., 1., 24., 52., 18., 8., 0., 0.,
       0., 0., 5., 9., 42., 59., 0., 0., 0., 26., 9., 11., 18., 35., 0.,
       0., 0., 21., 31., 38., 105., 116., 6., 1., 2., 116., 114., 81.,
       53., 41., 4., 1., 6., 32., 28., 42., 116., 116., 5., 0., 0., 72.,
       95., 59., 48., 16., 1., 0., 1., 19., 10., 1., 9., 99., 99., 48.,
       20., 116., 6., 1., 4., 45., 56., 82., 94., 35., 4., 2., 20., 116.,
       116., 38., 19., 105., 27., 3., 5., 24., 40., 68., 60., 0., 5.,
       25., 4., 1., 26., 27., 2., 1., 2., 21., 6., 1., 18., 57., 22., 0.,
       1., 20., 4., 9., 75., 46., 6., 2., 2., 3., 0., 6., 53., 78., 17.,
       42., 25., 14., 27., 25., 39., 97., 99., 44., 18., 7., 11., 13.,
       13., 28., 54., 25., 11., 10., 7., 20., 23., 22., 42., 31., 17.,
       3., 1., 21., 35., 5., 3., 5., 12., 28., 113., 62., 34., 44., 13.,
       113., 113., 44., 49., 17., 18., 22., 57., 63., 22., 7., 6., 32.,
       87., 15., 19., 35., 10., 1., 0., 15., 57., 14., 17., 2., 1., 2.,
       27., 51., 95., 113., 33., 113., 83., 40., 35., 53., 63., 86., 83.,
       110., 81., 9., 1., 12., 65., 12., 18., 29., 11., 0., 0., 17., 60.,
       12., 11., 0., 0., 0., 1., 17., 49., 38., 17., 26., 11., 5., 9.,
       53., 113., 90., 29., 112., 39., 2., 1., 12., 27., 27., 60., 19.,
       5., 0., 1., 26., 39., 10., 9., 10., 42., 83., 57., 5., 0., 0., 0.,
       8., 36., 44., 63., 23., 0., 0., 0., 32., 6., 17., 68., 43., 0.,
       0., 7., 50., 1., 0., 3., 2., 0., 0., 17., 67., 40., 37., 67., 69.,
       53., 42., 50., 64., 53., 78., 116., 106., 19., 9., 29., 116., 88.,
       70., 60., 14., 4., 3., 17., 73., 9., 14., 31., 3., 0., 0., 4., 5.,
       8., 25., 2., 18., 75., 85., 29., 13., 5., 9., 22., 116., 116.,
       91., 33., 116., 21., 3., 6., 15., 55., 76., 80., 49., 16., 23.,
       111., 103., 16., 3., 2., 0., 16., 67., 9., 8., 23., 5., 0., 11.,
       46., 43., 7., 12., 46., 20., 5., 11., 12., 4., 21., 42., 50., 16.,
       3., 9., 27., 8., 12., 56., 54., 23., 2., 6., 41., 115., 9., 4.,
       0., 0., 1., 8., 67., 119., 6., 2., 0., 0., 1., 13., 63., 105., 6.,
       4., 2., 0., 1., 33., 46., 9., 0., 0., 0., 0., 0., 64., 22., 39.,
       29., 113., 13., 3., 29., 119., 72., 62., 21., 53., 8., 3., 25.,
       119., 38., 32., 15., 61., 35., 5., 17., 119., 30., 3., 0., 1., 1.,
       0., 4., 55., 22., 5., 42., 119., 9., 2., 19., 119., 32., 17., 15.,
       47., 6., 3., 55., 119., 38., 33., 63., 36., 6., 1., 4., 119., 22.,
       1., 1., 1., 0., 0., 1., 22., 12., 1., 5., 20., 17., 56., 45., 20.,
       3., 4., 1., 5., 17., 98., 59., 64., 5., 6., 7., 4., 21., 79., 37.,
       119., 5., 0., 0., 0., 0., 6., 35., 0., 4., 12., 63., 22., 0., 0.,
       0., 17., 29., 47., 97., 42., 12., 2., 6., 59., 74., 33., 9., 32.,
       85., 7., 16., 112., 81., 3., 0., 1., 7., 2., 12., 18., 33., 20.,
       91., 94., 9., 1., 0., 109., 35., 31., 76., 66., 19., 13., 112.,
       83., 11., 2., 3., 30., 71., 18., 109., 112., 6., 0., 0., 2., 11.,
       7., 70., 41., 34., 16., 80., 67., 44., 8., 8., 112., 46., 14.,
       40., 31., 29., 15., 73., 92., 12., 2., 8., 14., 4., 2., 76., 48.,
       0., 0., 0., 1., 1., 1., 53., 28., 89., 43., 17., 17., 27., 8.,
       16., 112., 5., 6., 7., 7., 15., 8., 109., 50., 3., 6., 2., 0., 0.,
       0., 76., 14., 10., 17., 2., 0., 0., 0., 10., 0., 3., 13., 26.,
       69., 23., 2., 0., 15., 46., 61., 33., 17., 68., 39., 3., 106.,
       117., 18., 1., 1., 36., 38., 16., 46., 51., 2., 0., 0., 0., 0.,
       1., 2., 4., 14., 76., 117., 39., 2., 3., 117., 72., 34., 40., 40.,
       37., 16., 42., 117., 21., 1., 1., 13., 47., 31., 32., 105., 14.,
       0., 0., 0., 0., 1., 5., 2., 57., 27., 42., 113., 50., 3., 1.,
       117., 117., 25., 44., 86., 48., 21., 23., 117., 99., 5., 3., 10.,
       3., 2., 15., 77., 9., 3., 2., 0., 0., 0., 8., 26., 74., 29., 20.,
       25., 18., 10., 7., 61., 34., 31., 19., 32., 65., 45., 19., 117.,
       37., 3., 3., 2., 2., 3., 15., 34., 5., 17., 39., 5., 0., 0., 5.,
       40., 112., 27., 26., 10., 6., 4., 4., 38., 66., 47., 45., 16., 1.,
       0., 5., 29., 44., 90., 69., 19., 1., 0., 3., 44., 57., 36., 13.,
       1., 0., 0., 11., 23., 87., 26., 6., 26., 112., 34., 13., 112.,
       91., 22., 11., 35., 38., 6., 25., 87., 52., 11., 23., 112., 112.,
       4., 10., 96., 71., 13., 52., 34., 8., 2., 15., 12., 4., 1., 0.,
       18., 112., 63., 42., 112., 16., 1., 3., 18., 73., 91., 110., 34.,
       7., 0., 10., 95., 100., 48., 38., 41., 17., 3., 7., 31., 65., 43.,
       74., 9., 1., 0., 0., 0., 12., 17., 9., 2., 0., 0., 0., 1., 14.,
       47., 22., 2., 0., 0., 0., 5., 24., 71., 28., 2., 0., 0., 0., 0.,
       27., 42., 38., 66., 61., 27., 35., 28., 2., 1., 15., 20., 54.,
       112., 21., 2., 0., 0., 4., 12., 46., 34., 4., 0., 0., 0., 3., 0.,
       4., 10., 8., 1., 0., 0., 0., 24., 6., 11., 46., 108., 11., 25.,
       65., 112., 38., 33., 40., 57., 1., 1., 39., 43., 63., 79., 99.,
       25., 0., 1., 23., 28., 91., 45., 12., 1., 0., 0., 0., 6., 1., 5.,
       61., 106., 43., 37., 17., 112., 11., 3., 51., 73., 10., 29., 65.,
       66., 39., 26., 112., 112., 46., 2., 7., 112., 112., 40., 31., 7.,
       9., 0., 4., 0., 0., 1., 2., 13., 60., 53., 4., 2., 0., 0., 21.,
       56., 54., 53., 28., 10., 8., 1., 16., 106., 92., 28., 26., 63.,
       71., 14., 14., 40., 19., 1., 23., 29., 17., 11., 10., 48., 9.,
       12., 17., 20., 16., 15., 43., 61., 8., 10., 6., 72., 39., 13.,
       31., 45., 11., 2., 16., 47., 6., 11., 10., 68., 51., 5., 16., 85.,
       6., 1., 2., 66., 28., 23., 52., 26., 5., 2., 56., 128., 48., 19.,
       10., 128., 14., 2., 31., 54., 7., 2., 58., 60., 20., 2., 21.,
       128., 26., 3., 19., 91., 46., 6., 18., 69., 15., 14., 9., 26.,
       11., 5., 43., 128., 56., 41., 9., 128., 23., 5., 19., 41., 28.,
       42., 36., 22., 21., 6., 59., 128., 23., 24., 12., 9., 6., 1., 2.,
