%YAML:1.0
---
mat: !!opencv-matrix
   rows: 68
   cols: 128
   dt: f
   data: [ 0., 0., 2., 2., 0., 0., 0., 0., 0., 6., 37., 33., 5., 2., 1.,
       0., 4., 19., 18., 7., 6., 2., 0., 1., 3., 3., 6., 12., 18., 5.,
       0., 0., 0., 0., 1., 4., 4., 0., 0., 0., 8., 31., 56., 63., 56.,
       6., 2., 2., 101., 93., 31., 7., 10., 4., 2., 9., 14., 3., 15.,
       34., 60., 14., 1., 2., 0., 3., 11., 1., 3., 0., 0., 0., 9., 61.,
       96., 7., 46., 27., 25., 16., 118., 56., 59., 6., 9., 7., 20., 57.,
       15., 6., 23., 40., 84., 14., 1., 1., 0., 7., 32., 0., 0., 0., 0.,
       0., 1., 155., 181., 6., 0., 0., 2., 1., 5., 181., 181., 3., 1.,
       0., 1., 4., 0., 118., 181., 12., 15., 6., 1., 0., 25., 4., 1.,
       14., 22., 52., 13., 5., 6., 6., 26., 46., 18., 31., 10., 3., 23.,
       46., 54., 8., 2., 2., 3., 4., 23., 19., 6., 1., 8., 15., 8., 12.,
       54., 3., 2., 67., 110., 8., 1., 9., 108., 17., 31., 93., 88., 18.,
       9., 29., 101., 53., 22., 11., 96., 50., 11., 20., 110., 41., 1.,
       8., 29., 15., 9., 19., 13., 1., 0., 8., 110., 86., 6., 14., 110.,
       30., 9., 17., 83., 103., 41., 21., 85., 18., 11., 36., 102., 17.,
       35., 86., 110., 7., 0., 12., 75., 1., 4., 70., 0., 0., 0., 0.,
       19., 56., 6., 1., 2., 2., 1., 1., 6., 88., 110., 11., 4., 2., 2.,
       3., 2., 6., 110., 95., 10., 0., 0., 4., 52., 25., 12., 47., 59.,
       15., 17., 93., 34., 2., 0., 9., 96., 13., 14., 52., 52., 0., 0.,
       16., 69., 2., 5., 54., 94., 4., 2., 57., 109., 3., 1., 0., 0., 0.,
       0., 94., 84., 14., 6., 43., 53., 8., 3., 30., 60., 20., 63., 114.,
       70., 1., 0., 11., 114., 58., 44., 49., 19., 2., 1., 26., 90., 39.,
       55., 6., 0., 0., 0., 17., 114., 14., 8., 52., 25., 1., 2., 17.,
       46., 7., 9., 105., 114., 8., 4., 22., 114., 29., 18., 30., 15.,
       4., 3., 57., 18., 14., 63., 70., 5., 0., 0., 0., 20., 1., 1., 39.,
       65., 11., 24., 41., 81., 5., 6., 78., 53., 1., 0., 47., 73., 2.,
       2., 28., 67., 10., 7., 65., 0., 0., 4., 47., 56., 2., 0., 0., 19.,
       33., 68., 46., 27., 14., 4., 5., 115., 97., 35., 7., 1., 1., 1.,
       11., 24., 39., 19., 6., 6., 5., 17., 6., 1., 2., 2., 7., 7., 3.,
       29., 19., 22., 7., 13., 16., 57., 105., 42., 51., 98., 53., 74.,
       95., 67., 12., 20., 77., 115., 115., 81., 29., 9., 2., 5., 25.,
       27., 26., 7., 12., 10., 4., 11., 12., 29., 81., 55., 8., 10., 15.,
       10., 10., 27., 24., 5., 28., 86., 60., 111., 66., 115., 28., 7.,
       16., 12., 9., 75., 115., 27., 45., 76., 68., 15., 1., 2., 11.,
       35., 80., 20., 1., 2., 27., 35., 6., 30., 115., 41., 3., 2., 9.,
       25., 16., 24., 43., 13., 17., 18., 12., 17., 23., 15., 10., 15.,
       60., 69., 49., 28., 19., 88., 23., 1., 1., 40., 36., 2., 23., 75.,
       11., 1., 1., 63., 64., 12., 37., 90., 29., 1., 1., 2., 8., 25.,
       55., 11., 2., 20., 85., 35., 46., 28., 10., 116., 64., 3., 3.,
       24., 25., 10., 49., 48., 34., 11., 30., 106., 74., 13., 18., 116.,
       90., 11., 6., 5., 8., 13., 27., 21., 7., 17., 9., 17., 101., 70.,
       12., 90., 36., 2., 3., 20., 21., 18., 106., 35., 7., 2., 7., 116.,
       116., 17., 38., 116., 16., 5., 2., 9., 17., 13., 89., 28., 11.,
       24., 9., 4., 5., 23., 17., 116., 47., 1., 4., 22., 7., 0., 5.,
       38., 10., 1., 1., 91., 62., 3., 10., 116., 17., 1., 0., 15., 13.,
       8., 43., 25., 1., 3., 22., 63., 22., 17., 18., 34., 17., 6., 13.,
       24., 37., 44., 16., 107., 43., 14., 8., 7., 13., 43., 90., 40.,
       14., 5., 8., 3., 7., 20., 13., 9., 4., 3., 9., 4., 8., 39., 30.,
       108., 39., 1., 2., 5., 17., 28., 18., 25., 30., 59., 65., 32.,
       18., 29., 38., 108., 106., 43., 12., 2., 3., 18., 32., 26., 6.,
       0., 1., 8., 3., 40., 52., 108., 21., 0., 1., 5., 30., 15., 19.,
       43., 17., 6., 23., 56., 108., 75., 28., 108., 105., 64., 28., 32.,
       27., 33., 62., 77., 80., 15., 1., 8., 4., 16., 38., 62., 42., 0.,
       0., 2., 18., 17., 11., 62., 64., 0., 2., 32., 52., 23., 5., 55.,
       33., 25., 22., 66., 97., 87., 80., 108., 77., 12., 2., 2., 2.,
       39., 108., 1., 6., 117., 37., 5., 1., 0., 1., 2., 12., 117., 45.,
       5., 1., 0., 1., 5., 25., 117., 31., 5., 1., 0., 0., 14., 34., 24.,
       3., 1., 0., 0., 0., 30., 11., 63., 36., 117., 28., 9., 32., 117.,
       44., 94., 27., 56., 12., 4., 27., 84., 32., 44., 24., 80., 42.,
       6., 15., 117., 32., 6., 1., 3., 1., 0., 5., 28., 17., 8., 70.,
       117., 12., 4., 22., 117., 32., 22., 27., 60., 10., 5., 47., 103.,
       31., 35., 92., 60., 11., 1., 4., 117., 16., 1., 2., 2., 0., 0.,
       1., 5., 12., 4., 12., 29., 20., 66., 29., 5., 2., 5., 6., 11.,
       58., 89., 47., 58., 4., 7., 16., 8., 64., 59., 27., 117., 5., 0.,
       0., 0., 0., 8., 31., 0., 44., 5., 0., 0., 0., 0., 0., 0., 123.,
       123., 7., 0., 0., 0., 0., 14., 100., 123., 12., 0., 0., 0., 0.,
       104., 123., 62., 0., 0., 0., 0., 1., 3., 43., 9., 2., 2., 14., 4.,
       0., 5., 54., 123., 68., 14., 7., 2., 3., 123., 123., 111., 16.,
       1., 1., 1., 9., 123., 123., 75., 1., 0., 0., 0., 0., 0., 1., 1.,
       1., 3., 46., 9., 0., 8., 3., 7., 21., 26., 76., 27., 18., 123.,
       51., 42., 9., 2., 8., 16., 48., 25., 74., 123., 24., 0., 0., 0.,
       0., 0., 0., 0., 2., 2., 11., 1., 0., 0., 0., 5., 32., 13., 25.,
       5., 1., 3., 7., 43., 68., 7., 2., 2., 2., 2., 26., 79., 36., 1.,
       0., 0., 0., 0., 7., 49., 74., 14., 2., 0., 2., 9., 24., 87., 102.,
       17., 6., 2., 1., 8., 16., 35., 59., 10., 46., 36., 2., 75., 30.,
       26., 15., 7., 65., 15., 3., 25., 66., 53., 24., 34., 19., 0., 0.,
       20., 64., 23., 19., 105., 53., 1., 1., 93., 117., 19., 1., 8.,
       23., 21., 15., 48., 22., 0., 0., 33., 117., 20., 12., 38., 45.,
       11., 17., 14., 13., 40., 31., 23., 26., 15., 55., 117., 34., 8.,
       3., 117., 68., 4., 8., 21., 3., 1., 29., 76., 17., 2., 6., 86.,
       76., 6., 22., 53., 22., 0., 1., 8., 36., 51., 40., 5., 7., 1.,
       11., 117., 117., 13., 1., 117., 117., 2., 3., 30., 23., 2., 1.,
       49., 82., 16., 36., 41., 5., 0., 0., 78., 8., 0., 2., 39., 38.,
       12., 48., 15., 7., 1., 4., 121., 107., 4., 4., 121., 90., 4., 0.,
       18., 11., 1., 14., 33., 53., 36., 20., 47., 17., 0., 1., 114.,
       75., 8., 33., 55., 7., 1., 4., 15., 2., 2., 67., 121., 39., 3.,
       7., 118., 24., 5., 4., 33., 22., 15., 72., 13., 25., 63., 34.,
       38., 27., 10., 16., 44., 121., 18., 12., 52., 14., 0., 0., 10.,
       24., 18., 19., 88., 119., 10., 1., 121., 35., 0., 1., 28., 55.,
       17., 23., 31., 11., 1., 1., 47., 67., 35., 17., 15., 54., 10., 4.,
       47., 15., 56., 23., 9., 34., 22., 2., 13., 17., 59., 58., 23., 5.,
       1., 1., 11., 21., 101., 92., 11., 1., 0., 1., 1., 28., 70., 48.,
       30., 85., 52., 18., 4., 0., 1., 4., 28., 53., 31., 10., 0., 0.,
       4., 6., 13., 25., 20., 4., 4., 6., 4., 18., 3., 1., 1., 0., 1.,
       6., 50., 78., 80., 31., 12., 17., 21., 18., 35., 49., 58., 66.,
       107., 114., 45., 21., 7., 15., 114., 114., 70., 18., 3., 2., 3.,
       49., 46., 38., 64., 5., 0., 0., 6., 96., 7., 18., 14., 1., 6.,
       29., 81., 39., 18., 11., 9., 23., 51., 114., 99., 52., 114., 31.,
       39., 35., 20., 33., 61., 114., 48., 87., 114., 41., 10., 11., 6.,
       23., 7., 61., 43., 1., 1., 5., 12., 5., 7., 73., 40., 1., 0., 14.,
       23., 12., 12., 61., 13., 4., 12., 54., 32., 23., 30., 7., 3., 3.,
       7., 36., 45., 114., 5., 44., 66., 27., 3., 0., 2., 4., 27., 23.,
       78., 41., 5., 8., 3., 8., 82., 26., 36., 15., 7., 28., 8., 31.,
       84., 20., 6., 1., 7., 20., 22., 53., 20., 8., 3., 23., 76., 29.,
       22., 26., 114., 17., 5., 24., 33., 11., 6., 54., 102., 50., 7.,
       29., 64., 42., 13., 33., 107., 114., 42., 14., 15., 8., 3., 11.,
       27., 16., 4., 20., 112., 28., 34., 12., 114., 33., 7., 16., 41.,
       14., 55., 42., 27., 43., 14., 68., 87., 19., 63., 38., 24., 103.,
