%YAML:1.0
---
mat: !!opencv-matrix
   rows: 138
   cols: 128
   dt: f
   data: [ 3., 0., 1., 9., 17., 1., 0., 1., 5., 0., 0., 84., 138., 4.,
       1., 6., 138., 4., 2., 34., 48., 4., 1., 95., 75., 5., 4., 8., 1.,
       2., 2., 27., 0., 0., 9., 37., 31., 1., 1., 1., 23., 6., 4., 125.,
       138., 4., 0., 3., 138., 35., 5., 18., 31., 3., 0., 30., 45., 18.,
       15., 17., 0., 0., 0., 4., 0., 1., 15., 57., 69., 2., 0., 0., 63.,
       12., 5., 138., 138., 12., 4., 16., 138., 19., 4., 15., 5., 1., 1.,
       43., 26., 13., 16., 16., 0., 0., 0., 1., 1., 3., 6., 52., 80., 6.,
       0., 0., 59., 18., 12., 68., 120., 38., 18., 50., 136., 13., 4.,
       2., 0., 1., 5., 73., 6., 3., 13., 10., 1., 0., 0., 0., 0., 0., 0.,
       2., 40., 30., 7., 7., 41., 34., 16., 38., 127., 69., 9., 16.,
       136., 95., 9., 5., 3., 2., 2., 17., 16., 5., 0., 0., 1., 5., 9.,
       10., 1., 0., 0., 0., 38., 29., 9., 13., 44., 7., 3., 11., 136.,
       133., 6., 12., 136., 25., 2., 2., 13., 18., 4., 25., 52., 2., 0.,
       0., 0., 0., 5., 25., 8., 0., 0., 0., 10., 22., 13., 21., 14., 2.,
       0., 1., 136., 136., 8., 5., 136., 83., 2., 2., 38., 38., 5., 11.,
       77., 30., 0., 0., 0., 0., 0., 5., 11., 0., 0., 0., 2., 5., 4.,
       25., 1., 1., 0., 5., 136., 67., 5., 4., 136., 36., 3., 10., 100.,
       24., 2., 11., 112., 14., 0., 0., 0., 0., 0., 7., 0., 1., 6., 85.,
       35., 4., 5., 2., 5., 18., 30., 47., 21., 4., 11., 22., 70., 54.,
       29., 10., 3., 0., 15., 89., 20., 4., 0., 0., 0., 13., 13., 18.,
       6., 15., 119., 98., 16., 8., 5., 2., 119., 49., 52., 35., 9., 3.,
       16., 90., 54., 1., 0., 0., 1., 2., 50., 119., 3., 0., 0., 0., 0.,
       22., 29., 18., 14., 8., 25., 40., 44., 119., 119., 50., 119., 38.,
       10., 8., 1., 8., 90., 119., 104., 51., 32., 9., 0., 3., 12., 20.,
       1., 23., 42., 7., 0., 11., 17., 1., 67., 26., 9., 1., 1., 36.,
       114., 52., 13., 6., 1., 0., 6., 85., 119., 37., 13., 27., 54.,
       40., 41., 43., 7., 2., 35., 69., 64., 24., 7., 1., 3., 15., 44.,
       65., 88., 65., 30., 14., 5., 7., 77., 51., 18., 15., 25., 14.,
       44., 39., 104., 45., 1., 2., 8., 9., 37., 43., 34., 47., 1., 1.,
       2., 1., 0., 0., 40., 29., 3., 4., 61., 101., 38., 21., 118., 69.,
       2., 1., 12., 6., 22., 62., 56., 44., 6., 14., 104., 23., 12., 10.,
       82., 100., 3., 3., 6., 2., 0., 0., 4., 0., 0., 4., 24., 118.,
       118., 23., 87., 42., 30., 38., 44., 22., 74., 71., 55., 61., 20.,
       8., 84., 56., 1., 3., 60., 118., 2., 1., 23., 28., 0., 0., 0., 0.,
       0., 10., 76., 34., 11., 0., 20., 12., 11., 44., 115., 48., 11.,
       9., 71., 81., 23., 9., 16., 30., 4., 12., 26., 31., 1., 0., 14.,
       57., 27., 15., 15., 57., 120., 89., 16., 2., 2., 3., 24., 44.,
       50., 72., 71., 12., 18., 11., 120., 41., 7., 11., 10., 4., 18.,
       31., 59., 15., 0., 1., 3., 0., 0., 1., 66., 49., 22., 29., 62.,
       42., 10., 15., 120., 62., 5., 2., 8., 11., 43., 49., 78., 39., 2.,
       8., 30., 17., 53., 44., 65., 69., 1., 2., 1., 0., 0., 0., 21.,
       10., 1., 2., 39., 120., 100., 32., 120., 38., 9., 5., 16., 8.,
       41., 95., 53., 38., 8., 17., 120., 21., 2., 5., 105., 86., 2., 3.,
       9., 3., 0., 0., 0., 0., 0., 14., 51., 87., 70., 6., 39., 37., 24.,
       51., 53., 21., 31., 25., 52., 48., 10., 3., 56., 44., 1., 5., 50.,
       80., 1., 0., 21., 24., 1., 2., 6., 1., 3., 14., 25., 2., 0., 3.,
       16., 3., 1., 43., 148., 27., 0., 1., 135., 8., 2., 11., 41., 38.,
       36., 28., 22., 0., 0., 1., 16., 52., 148., 56., 0., 0., 2., 21.,
       48., 0., 0., 0., 33., 9., 4., 98., 148., 2., 0., 4., 148., 40.,
       4., 19., 23., 1., 5., 22., 44., 7., 1., 11., 7., 5., 28., 7., 0.,
       0., 0., 8., 65., 8., 0., 0., 36., 5., 1., 19., 148., 47., 2., 12.,
       148., 61., 3., 3., 20., 8., 2., 34., 33., 22., 10., 22., 4., 0.,
       0., 0., 0., 0., 2., 15., 36., 4., 0., 1., 10., 9., 4., 40., 148.,
       26., 0., 0., 148., 97., 6., 13., 31., 3., 0., 0., 32., 31., 11.,
       10., 2., 0., 0., 0., 1., 0., 0., 0., 49., 57., 9., 6., 70., 10.,
       0., 0., 106., 116., 7., 13., 144., 49., 0., 0., 2., 3., 2., 13.,
       20., 6., 1., 1., 1., 0., 0., 8., 5., 0., 0., 0., 32., 38., 12.,
       18., 25., 16., 2., 14., 144., 98., 3., 2., 144., 81., 3., 6., 30.,
       5., 1., 7., 54., 11., 0., 0., 0., 0., 0., 6., 11., 2., 12., 3.,
       32., 13., 2., 13., 21., 1., 4., 10., 144., 84., 4., 10., 144., 5.,
       0., 2., 39., 18., 4., 52., 65., 1., 0., 0., 0., 0., 1., 15., 5.,
       21., 137., 67., 20., 0., 0., 0., 23., 39., 67., 25., 132., 19.,
       2., 4., 144., 50., 1., 1., 35., 8., 2., 22., 49., 13., 0., 1., 4.,
       1., 1., 10., 1., 1., 5., 84., 19., 1., 2., 6., 4., 1., 4., 79.,
       29., 3., 16., 37., 9., 5., 16., 64., 32., 5., 18., 40., 45., 32.,
       16., 9., 6., 2., 22., 78., 4., 35., 64., 105., 13., 6., 16., 5.,
       16., 40., 114., 117., 12., 2., 11., 16., 117., 51., 39., 29., 13.,
       4., 32., 87., 18., 0., 0., 0., 0., 1., 43., 108., 4., 8., 10.,
       27., 58., 102., 80., 24., 33., 11., 27., 91., 47., 66., 84., 99.,
       117., 50., 6., 4., 0., 4., 29., 106., 52., 32., 4., 2., 0., 2.,
       11., 9., 29., 64., 53., 16., 16., 55., 25., 16., 21., 13., 1., 0.,
       6., 62., 117., 62., 24., 19., 0., 0., 1., 79., 83., 35., 20., 43.,
       34., 24., 6., 19., 4., 1., 5., 6., 20., 30., 70., 113., 78., 25.,
       28., 8., 12., 9., 1., 7., 114., 122., 122., 7., 1., 0., 0., 1.,
       18., 122., 13., 0., 0., 0., 0., 10., 48., 31., 0., 0., 0., 0., 9.,
       122., 122., 10., 40., 1., 0., 0., 32., 116., 122., 52., 122., 8.,
       0., 0., 2., 6., 6., 57., 19., 0., 0., 0., 0., 13., 5., 8., 0., 0.,
       0., 0., 17., 45., 10., 1., 18., 1., 0., 0., 115., 111., 4., 4.,
       122., 23., 12., 1., 15., 16., 2., 11., 22., 15., 37., 2., 2., 8.,
       2., 3., 0., 0., 0., 2., 12., 15., 1., 0., 2., 1., 0., 2., 122.,
       37., 0., 0., 23., 33., 48., 19., 44., 16., 4., 3., 9., 74., 122.,
       25., 13., 19., 1., 1., 5., 0., 1., 32., 13., 1., 5., 86., 1., 1.,
       14., 99., 52., 2., 2., 16., 20., 26., 49., 30., 13., 0., 3., 39.,
       46., 23., 8., 0., 0., 3., 10., 57., 2., 0., 8., 117., 48., 14.,
       6., 28., 11., 12., 83., 117., 36., 42., 17., 9., 117., 48., 37.,
       23., 6., 3., 11., 101., 49., 8., 8., 1., 0., 4., 22., 84., 1., 4.,
       10., 37., 75., 35., 21., 3., 39., 17., 17., 22., 20., 117., 117.,
       55., 116., 20., 7., 4., 6., 35., 117., 117., 35., 36., 75., 30.,
       16., 13., 6., 6., 10., 4., 12., 52., 44., 21., 11., 19., 117.,
       16., 10., 14., 6., 3., 24., 110., 29., 0., 0., 10., 33., 58., 47.,
       31., 19., 9., 6., 20., 105., 43., 2., 2., 10., 40., 39., 40., 17.,
       1., 0., 2., 39., 113., 41., 3., 1., 0., 0., 5., 7., 14., 42., 39.,
       66., 10., 4., 5., 0., 10., 37., 19., 28., 22., 65., 9., 5., 14.,
       5., 23., 45., 54., 13., 1., 20., 109., 113., 33., 54., 24., 6.,
       4., 113., 113., 113., 16., 9., 4., 7., 40., 38., 13., 4., 1., 3.,
       14., 78., 69., 8., 24., 0., 0., 26., 113., 19., 1., 16., 8., 8.,
       9., 113., 113., 36., 57., 113., 57., 41., 16., 15., 13., 21.,
       113., 32., 113., 94., 7., 4., 4., 1., 7., 20., 70., 1., 1., 10.,
       36., 3., 0., 10., 15., 0., 0., 16., 109., 51., 22., 13., 5., 8.,
       10., 20., 55., 48., 30., 23., 64., 23., 6., 8., 43., 25., 26., 0.,
       0., 5., 56., 89., 2., 0., 0., 12., 37., 50., 52., 57., 22., 6.,
       8., 49., 65., 38., 13., 49., 112., 9., 16., 112., 65., 4., 0., 2.,
       10., 4., 18., 3., 19., 20., 103., 112., 17., 3., 1., 88., 41.,
       39., 59., 58., 23., 21., 112., 62., 13., 2., 1., 38., 100., 26.,
       108., 102., 1., 0., 0., 3., 16., 11., 85., 24., 34., 17., 92.,
       68., 44., 16., 7., 112., 53., 13., 32., 24., 28., 22., 77., 62.,
       10., 2., 7., 24., 10., 7., 85., 17., 0., 0., 0., 1., 3., 5., 68.,
       31., 76., 30., 17., 16., 36., 19., 12., 105., 4., 7., 9., 8., 23.,
