%YAML:1.0
---
mat: !!opencv-matrix
   rows: 59
   cols: 128
   dt: f
   data: [ 1., 2., 2., 39., 121., 0., 0., 0., 121., 38., 4., 31., 69.,
       0., 0., 0., 55., 19., 10., 44., 63., 11., 3., 6., 63., 44., 10.,
       6., 3., 2., 2., 12., 4., 1., 1., 46., 121., 4., 0., 1., 121., 19.,
       1., 22., 100., 6., 1., 19., 79., 18., 10., 62., 121., 23., 4., 8.,
       121., 48., 14., 15., 8., 3., 3., 9., 2., 1., 0., 16., 121., 12.,
       0., 1., 121., 32., 1., 10., 82., 11., 1., 16., 61., 20., 7., 41.,
       121., 24., 4., 7., 91., 44., 11., 24., 32., 8., 2., 9., 1., 1.,
       0., 28., 68., 1., 0., 0., 115., 53., 2., 22., 53., 1., 0., 6.,
       48., 19., 2., 18., 120., 4., 0., 3., 91., 16., 2., 6., 35., 5.,
       1., 8., 87., 6., 0., 0., 31., 56., 7., 11., 47., 6., 0., 0., 73.,
       135., 6., 20., 101., 14., 0., 0., 1., 8., 1., 25., 1., 0., 0., 0.,
       0., 0., 0., 1., 135., 13., 0., 1., 28., 20., 2., 7., 41., 1., 0.,
       2., 135., 103., 4., 11., 135., 2., 0., 1., 19., 12., 2., 40., 20.,
       0., 0., 0., 0., 0., 0., 5., 135., 24., 2., 2., 22., 14., 6., 34.,
       40., 7., 0., 5., 135., 75., 2., 7., 135., 52., 1., 5., 38., 13.,
       0., 8., 68., 9., 0., 0., 0., 0., 0., 3., 93., 45., 8., 8., 28.,
       10., 4., 18., 43., 13., 1., 4., 135., 29., 1., 5., 135., 24., 1.,
       5., 76., 7., 0., 9., 98., 3., 0., 0., 0., 0., 0., 16., 0., 0., 0.,
       16., 38., 0., 0., 0., 23., 1., 0., 55., 137., 8., 1., 8., 137.,
       7., 1., 10., 43., 4., 1., 41., 34., 5., 4., 41., 108., 20., 3.,
       7., 0., 0., 0., 10., 42., 0., 0., 0., 25., 5., 0., 42., 137., 15.,
       1., 7., 137., 36., 1., 12., 39., 5., 1., 26., 29., 12., 7., 54.,
       120., 17., 3., 4., 0., 0., 0., 13., 17., 0., 0., 0., 32., 14., 2.,
       92., 137., 0., 0., 3., 137., 52., 2., 17., 34., 0., 0., 20., 29.,
       7., 1., 33., 137., 3., 1., 5., 0., 0., 0., 2., 4., 0., 0., 0.,
       14., 23., 2., 49., 112., 5., 0., 0., 137., 126., 6., 17., 26., 0.,
       0., 0., 23., 21., 7., 27., 102., 0., 0., 0., 0., 0., 0., 0., 12.,
       16., 38., 1., 13., 0., 0., 4., 131., 37., 7., 11., 128., 0., 0.,
       2., 44., 16., 8., 129., 20., 0., 0., 4., 76., 78., 11., 33., 0.,
       0., 0., 0., 31., 27., 31., 0., 37., 4., 1., 12., 131., 49., 6.,
       6., 131., 21., 1., 10., 57., 7., 5., 48., 37., 2., 1., 46., 131.,
       9., 1., 13., 0., 0., 0., 0., 14., 36., 21., 0., 9., 1., 0., 0.,
       105., 131., 78., 21., 95., 6., 0., 5., 43., 43., 91., 127., 30.,
       6., 4., 27., 118., 45., 12., 27., 0., 0., 0., 0., 0., 14., 29.,
       0., 0., 0., 0., 0., 1., 28., 72., 5., 0., 0., 0., 7., 68., 28.,
       56., 17., 27., 8., 5., 34., 116., 23., 8., 22., 79., 15., 8., 32.,
       41., 11., 8., 49., 94., 27., 47., 13., 0., 0., 0., 28., 2., 36.,
       71., 3., 0., 0., 0., 0., 0., 20., 26., 0., 0., 0., 0., 0., 117.,
       29., 11., 31., 31., 3., 3., 47., 52., 39., 87., 129., 97., 1., 0.,
       11., 122., 129., 80., 24., 8., 0., 0., 1., 18., 40., 16., 0., 0.,
       0., 0., 0., 115., 12., 3., 22., 33., 1., 1., 66., 56., 6., 4.,
       86., 129., 3., 1., 19., 129., 34., 5., 8., 26., 1., 1., 41., 28.,
       30., 22., 0., 0., 0., 0., 1., 79., 60., 11., 62., 21., 0., 0., 4.,
       77., 9., 9., 129., 80., 0., 0., 11., 129., 24., 8., 4., 4., 0.,
       0., 21., 5., 19., 37., 0., 0., 0., 0., 0., 0., 0., 8., 43., 3.,
       0., 0., 0., 123., 19., 18., 77., 6., 0., 0., 21., 82., 6., 4.,
       83., 37., 0., 0., 31., 58., 7., 5., 44., 24., 0., 1., 39., 17.,
       13., 53., 33., 1., 0., 0., 1., 123., 51., 42., 45., 3., 0., 0.,
       10., 88., 32., 22., 123., 28., 0., 0., 5., 90., 31., 13., 51.,
       21., 0., 0., 39., 79., 15., 16., 1., 0., 0., 1., 48., 123., 22.,
       23., 76., 7., 0., 0., 67., 92., 37., 46., 123., 10., 0., 0., 16.,
       78., 46., 24., 99., 16., 0., 0., 8., 120., 67., 4., 1., 0., 0.,
       0., 19., 95., 32., 13., 102., 11., 0., 0., 17., 120., 9., 6., 56.,
       9., 0., 0., 38., 36., 13., 10., 75., 23., 0., 0., 14., 26., 4.,
       0., 0., 38., 45., 1., 4., 85., 21., 0., 0., 100., 82., 1., 3.,
       157., 72., 0., 0., 2., 1., 0., 2., 52., 18., 0., 0., 0., 0., 0.,
       3., 42., 13., 1., 1., 36., 10., 0., 1., 76., 12., 0., 1., 157.,
       51., 0., 1., 157., 29., 0., 0., 14., 3., 0., 7., 88., 8., 0., 0.,
       0., 0., 0., 13., 42., 10., 1., 1., 18., 4., 0., 7., 65., 2., 0.,
       6., 157., 36., 1., 13., 157., 4., 0., 0., 20., 5., 1., 35., 91.,
       6., 0., 0., 0., 0., 0., 7., 31., 14., 0., 7., 14., 0., 0., 1.,
       48., 15., 3., 51., 133., 2., 0., 11., 157., 84., 25., 4., 10., 1.,
       0., 28., 50., 59., 8., 0., 0., 0., 0., 2., 15., 77., 79., 4., 1.,
       0., 0., 1., 15., 83., 109., 3., 1., 0., 0., 1., 20., 81., 77., 4.,
       2., 1., 0., 0., 57., 44., 4., 0., 0., 0., 0., 0., 80., 38., 46.,
       21., 78., 14., 4., 27., 124., 86., 68., 15., 40., 9., 2., 23.,
       124., 50., 33., 10., 42., 37., 4., 16., 124., 41., 2., 0., 1., 1.,
       0., 1., 77., 30., 7., 37., 88., 7., 2., 16., 124., 40., 17., 11.,
       41., 6., 2., 43., 124., 50., 43., 49., 31., 9., 1., 5., 124., 28.,
       1., 1., 1., 0., 0., 2., 38., 23., 2., 6., 10., 6., 32., 56., 34.,
       5., 6., 1., 3., 4., 77., 77., 61., 9., 13., 6., 0., 5., 83., 38.,
       124., 8., 0., 0., 0., 0., 6., 38., 9., 30., 21., 3., 3., 114.,
       46., 2., 61., 55., 1., 0., 3., 74., 42., 28., 46., 115., 14., 0.,
       0., 1., 20., 50., 22., 72., 3., 0., 0., 19., 25., 12., 103., 48.,
       20., 9., 32., 35., 13., 72., 79., 6., 0., 0., 65., 97., 13., 37.,
       129., 9., 0., 0., 4., 8., 45., 105., 18., 24., 3., 0., 4., 71.,
       56., 25., 27., 0., 0., 0., 28., 28., 59., 129., 55., 1., 0., 2.,
       129., 48., 6., 28., 129., 7., 0., 0., 11., 5., 4., 35., 51., 0.,
       0., 0., 0., 44., 49., 29., 4., 0., 0., 8., 41., 3., 10., 32., 35.,
       0., 0., 20., 129., 5., 2., 27., 129., 0., 0., 0., 6., 1., 0.,
       102., 41., 0., 0., 0., 0., 0., 3., 46., 8., 27., 22., 10., 56.,
       20., 0., 0., 16., 62., 86., 19., 8., 36., 18., 3., 89., 118., 31.,
       2., 1., 20., 22., 12., 51., 64., 0., 0., 0., 0., 0., 0., 5., 12.,
       23., 70., 118., 23., 2., 3., 118., 98., 47., 31., 26., 21., 16.,
       39., 118., 30., 1., 3., 13., 31., 31., 26., 106., 52., 0., 0., 0.,
       0., 0., 2., 2., 39., 34., 40., 114., 38., 4., 3., 118., 118., 16.,
       24., 48., 23., 17., 27., 118., 104., 10., 8., 11., 2., 1., 6.,
       101., 25., 3., 0., 0., 0., 0., 2., 7., 86., 37., 24., 21., 5., 9.,
       4., 53., 56., 30., 19., 19., 14., 47., 17., 118., 74., 6., 4., 1.,
       1., 2., 5., 45., 15., 42., 25., 0., 0., 0., 2., 19., 4., 5., 9.,
       1., 23., 60., 116., 24., 33., 63., 17., 0., 0., 6., 116., 24.,
       111., 42., 0., 0., 1., 3., 37., 54., 31., 1., 0., 0., 0., 0., 10.,
       63., 3., 10., 56., 54., 12., 15., 40., 116., 37., 57., 61., 36.,
       21., 11., 43., 84., 116., 28., 5., 55., 59., 13., 23., 116., 88.,
       2., 2., 3., 2., 0., 6., 61., 0., 0., 4., 41., 68., 14., 20., 116.,
       42., 7., 7., 29., 83., 73., 33., 78., 31., 13., 23., 63., 21.,
       32., 100., 116., 7., 0., 9., 10., 3., 2., 91., 60., 0., 0., 0.,
       0., 8., 8., 16., 26., 2., 0., 0., 0., 19., 81., 40., 23., 2., 1.,
       1., 0., 0., 54., 109., 35., 1., 0., 2., 6., 5., 7., 46., 113.,
       39., 4., 0., 0., 0., 0., 5., 136., 71., 2., 0., 0., 0., 0., 2.,
       101., 64., 1., 0., 0., 0., 0., 0., 21., 7., 0., 0., 0., 0., 0.,
       1., 82., 79., 41., 3., 2., 1., 0., 2., 88., 136., 72., 0., 0., 0.,
       0., 2., 136., 136., 15., 0., 0., 0., 0., 5., 60., 32., 0., 0., 0.,
       0., 0., 0., 43., 76., 61., 23., 1., 0., 0., 0., 136., 86., 22.,
       0., 0., 0., 0., 21., 136., 56., 2., 0., 0., 0., 0., 39., 89., 43.,
       0., 0., 0., 0., 0., 1., 84., 18., 7., 5., 3., 1., 0., 17., 136.,
       30., 0., 0., 0., 0., 0., 15., 136., 56., 0., 0., 0., 0., 0., 2.,
       31., 25., 0., 0., 0., 0., 0., 0., 7., 17., 4., 0., 0., 0., 0., 1.,
