%YAML:1.0
---
mat: !!opencv-matrix
   rows: 64
   cols: 128
   dt: f
   data: [ 33., 0., 0., 1., 6., 19., 21., 125., 27., 13., 2., 10., 58.,
       58., 38., 17., 83., 56., 3., 6., 50., 12., 1., 3., 27., 12., 2.,
       10., 91., 33., 3., 11., 6., 0., 0., 0., 25., 14., 16., 85., 20.,
       12., 5., 39., 125., 41., 3., 4., 125., 44., 5., 13., 29., 24., 2.,
       19., 41., 4., 0., 0., 45., 122., 8., 16., 0., 0., 0., 0., 14.,
       20., 36., 12., 14., 2., 0., 2., 125., 125., 6., 7., 125., 41., 1.,
       3., 37., 34., 3., 29., 53., 11., 0., 4., 107., 44., 2., 5., 0.,
       0., 0., 0., 2., 9., 30., 10., 1., 1., 1., 2., 125., 122., 10., 1.,
       125., 64., 2., 4., 72., 57., 7., 12., 83., 21., 0., 3., 70., 51.,
       2., 9., 120., 10., 1., 7., 29., 4., 2., 41., 38., 8., 3., 29.,
       135., 10., 2., 6., 135., 49., 4., 5., 33., 5., 3., 15., 40., 25.,
       21., 0., 0., 0., 0., 0., 107., 47., 4., 20., 31., 0., 0., 15.,
       33., 15., 6., 112., 135., 4., 1., 5., 135., 47., 5., 17., 24., 2.,
       1., 14., 40., 26., 30., 1., 0., 0., 0., 0., 108., 55., 5., 26.,
       37., 1., 1., 12., 36., 8., 2., 57., 135., 18., 8., 37., 135., 13.,
       5., 6., 10., 3., 4., 88., 23., 10., 46., 27., 0., 0., 0., 2., 93.,
       2., 0., 3., 33., 5., 2., 38., 30., 18., 9., 19., 111., 14., 3.,
       17., 68., 48., 30., 38., 1., 1., 1., 24., 2., 2., 58., 135., 0.,
       0., 0., 1., 6., 47., 101., 10., 4., 0., 0., 1., 8., 69., 120., 5.,
       1., 0., 0., 0., 10., 53., 102., 10., 4., 1., 0., 0., 26., 44.,
       11., 0., 0., 0., 0., 0., 45., 23., 39., 41., 119., 8., 3., 20.,
       120., 88., 59., 22., 41., 6., 2., 18., 112., 39., 33., 20., 81.,
       21., 3., 8., 120., 34., 4., 1., 2., 0., 0., 1., 41., 15., 4., 54.,
       120., 9., 3., 22., 120., 21., 12., 21., 36., 5., 3., 70., 120.,
       28., 19., 77., 54., 8., 1., 3., 120., 16., 1., 2., 1., 0., 0., 1.,
       20., 9., 1., 5., 21., 23., 48., 49., 30., 1., 2., 4., 4., 16.,
       77., 73., 58., 4., 3., 12., 9., 40., 73., 36., 120., 3., 0., 0.,
       0., 1., 7., 38., 1., 4., 6., 14., 83., 23., 1., 2., 7., 36., 59.,
       21., 29., 64., 16., 9., 96., 116., 43., 7., 8., 60., 26., 18.,
       75., 60., 1., 0., 0., 0., 0., 4., 3., 6., 15., 91., 116., 14., 1.,
       2., 116., 67., 30., 44., 39., 32., 11., 33., 116., 13., 1., 1.,
       13., 73., 48., 50., 116., 16., 1., 0., 0., 1., 2., 16., 5., 54.,
       27., 51., 116., 24., 2., 1., 116., 116., 16., 33., 64., 24., 11.,
       22., 116., 62., 4., 5., 13., 5., 1., 22., 74., 10., 1., 0., 0.,
       0., 0., 14., 28., 77., 30., 16., 27., 26., 9., 3., 104., 35., 21.,
       14., 21., 44., 32., 25., 116., 26., 7., 4., 0., 0., 0., 17., 24.,
       13., 50., 15., 0., 0., 0., 4., 13., 2., 4., 14., 6., 41., 105.,
       76., 15., 33., 64., 20., 2., 1., 25., 108., 16., 99., 48., 1., 1.,
       1., 6., 42., 22., 28., 1., 0., 0., 0., 1., 13., 34., 1., 4., 53.,
       98., 9., 16., 15., 108., 26., 40., 54., 53., 18., 13., 62., 82.,
       108., 39., 11., 93., 39., 11., 22., 108., 76., 2., 3., 3., 0., 0.,
       8., 16., 0., 0., 4., 76., 87., 15., 12., 108., 53., 14., 15., 43.,
       77., 66., 25., 73., 22., 14., 32., 92., 15., 51., 108., 108., 6.,
       0., 27., 17., 1., 4., 81., 15., 0., 0., 0., 0., 22., 14., 10.,
       10., 2., 1., 0., 0., 35., 107., 30., 7., 1., 1., 1., 1., 1., 77.,
       101., 6., 0., 0., 12., 24., 13., 12., 32., 27., 13., 12., 31., 5.,
       0., 0., 18., 1., 1., 80., 99., 6., 1., 1., 1., 0., 35., 107., 29.,
       9., 2., 1., 0., 0., 22., 14., 11., 14., 0., 0., 0., 14., 0., 3.,
       83., 107., 6., 0., 29., 92., 14., 53., 107., 75., 21., 13., 35.,
       42., 77., 67., 26., 107., 48., 14., 16., 75., 89., 15., 12., 14.,
       0., 0., 4., 2., 0., 0., 8., 107., 74., 2., 3., 93., 36., 12., 24.,
       82., 107., 37., 12., 53., 17., 13., 68., 107., 24., 38., 56., 99.,
       9., 13., 16., 34., 1., 3., 55., 0., 0., 3., 17., 22., 27., 1., 0.,
       1., 1., 9., 46., 16., 99., 44., 1., 3., 1., 35., 107., 13., 33.,
       62., 22., 6., 44., 104., 60., 16., 1., 4., 15., 78., 88., 15., 1.,
       0., 0., 0., 1., 65., 87., 30., 0., 0., 0., 0., 0., 19., 82., 15.,
       0., 0., 0., 0., 0., 1., 15., 0., 0., 0., 0., 0., 0., 112., 55.,
       52., 12., 0., 0., 0., 1., 43., 67., 130., 58., 0., 0., 0., 2.,
       105., 130., 79., 4., 0., 0., 0., 6., 29., 65., 0., 0., 0., 0., 0.,
       0., 21., 53., 130., 35., 0., 0., 0., 0., 112., 68., 98., 34., 0.,
       0., 0., 13., 130., 84., 8., 1., 0., 0., 0., 28., 37., 92., 0., 0.,
       0., 0., 0., 0., 24., 57., 56., 9., 0., 0., 0., 3., 130., 73., 5.,
       0., 0., 0., 0., 6., 130., 98., 0., 0., 0., 0., 0., 1., 8., 56.,
       0., 0., 0., 0., 0., 0., 11., 38., 94., 11., 1., 0., 0., 3., 5.,
       46., 118., 15., 7., 1., 0., 2., 8., 40., 112., 4., 2., 1., 1., 2.,
       10., 35., 77., 10., 6., 2., 1., 1., 122., 24., 34., 15., 22., 19.,
       6., 52., 42., 43., 61., 44., 122., 17., 4., 17., 122., 73., 54.,
       10., 34., 13., 5., 30., 87., 27., 23., 12., 97., 29., 4., 9.,
       122., 26., 3., 24., 60., 22., 3., 18., 63., 8., 2., 71., 122.,
       13., 4., 39., 122., 35., 18., 20., 34., 5., 3., 65., 95., 22.,
       15., 54., 93., 8., 1., 1., 51., 50., 2., 21., 46., 10., 11., 13.,
       54., 10., 1., 14., 53., 54., 24., 41., 57., 3., 8., 8., 16., 18.,
       28., 50., 60., 5., 6., 17., 25., 36., 24., 17., 3., 3., 6., 22.,
       101., 45., 59., 16., 38., 42., 19., 12., 14., 58., 112., 35., 33.,
       33., 64., 58., 19., 30., 14., 19., 24., 7., 9., 43., 18., 30.,
       45., 40., 8., 21., 30., 21., 112., 77., 11., 10., 89., 68., 36.,
       8., 16., 80., 36., 21., 45., 3., 3., 4., 12., 112., 94., 84., 24.,
       0., 0., 0., 1., 20., 112., 105., 10., 5., 3., 5., 107., 112., 13.,
       7., 112., 70., 5., 5., 48., 60., 18., 36., 85., 22., 0., 0., 0.,
       33., 78., 44., 3., 0., 0., 0., 2., 13., 38., 33., 4., 31., 36.,
       15., 85., 33., 5., 0., 83., 24., 6., 6., 58., 42., 37., 53., 97.,
       23., 0., 0., 2., 3., 5., 29., 1., 1., 0., 0., 10., 14., 3., 0.,
       18., 90., 49., 2., 0., 0., 0., 0., 18., 49., 29., 1., 0., 0., 0.,
       4., 13., 16., 17., 16., 1., 0., 0., 9., 1., 2., 15., 79., 19., 1.,
       1., 2., 69., 88., 82., 18., 4., 11., 15., 14., 113., 99., 98.,
       19., 1., 0., 0., 9., 28., 27., 76., 113., 21., 1., 2., 4., 32.,
       32., 84., 78., 15., 4., 11., 41., 27., 17., 24., 44., 37., 76.,
       31., 24., 113., 33., 31., 49., 31., 11., 5., 50., 66., 19., 67.,
       113., 47., 14., 12., 66., 72., 9., 8., 15., 14., 6., 29., 113.,
       34., 51., 23., 79., 97., 47., 18., 8., 75., 102., 22., 10., 25.,
       13., 13., 34., 47., 5., 6., 9., 25., 22., 31., 113., 43., 3., 3.,
       5., 2., 0., 12., 83., 3., 9., 4., 21., 66., 30., 0., 0., 33., 11.,
       18., 25., 13., 5., 1., 34., 18., 2., 44., 34., 2., 0., 6., 91.,
       3., 23., 82., 12., 0., 0., 8., 20., 10., 9., 4., 70., 114., 2.,
       0., 2., 114., 21., 7., 37., 40., 3., 0., 19., 30., 4., 74., 114.,
       114., 35., 18., 43., 47., 56., 106., 33., 5., 3., 26., 114., 20.,
       9., 3., 22., 114., 44., 11., 6., 114., 26., 3., 11., 36., 26.,
       15., 30., 32., 5., 17., 49., 75., 94., 51., 44., 10., 29., 114.,
       33., 3., 6., 34., 106., 9., 7., 3., 23., 37., 38., 11., 3., 45.,
       41., 11., 21., 15., 15., 16., 18., 13., 19., 17., 93., 104., 28.,
       12., 1., 24., 34., 85., 56., 27., 17., 59., 32., 2., 8., 69., 62.,
       25., 1., 1., 2., 26., 32., 55., 70., 32., 14., 1., 5., 68., 18.,
       20., 25., 28., 42., 5., 27., 56., 10., 4., 5., 25., 35., 14., 25.,
       19., 6., 4., 31., 117., 31., 13., 24., 117., 21., 4., 30., 75.,
       17., 4., 36., 73., 46., 11., 19., 117., 47., 6., 21., 45., 90.,
       63., 24., 29., 7., 1., 4., 30., 14., 3., 8., 117., 68., 32., 11.,
       117., 19., 2., 9., 63., 50., 76., 49., 31., 22., 9., 32., 117.,
       47., 72., 23., 5., 39., 45., 7., 8., 13., 117., 39., 3., 2., 1.,
