%YAML:1.0
---
mat: !!opencv-matrix
   rows: 37
   cols: 128
   dt: f
   data: [ 14., 5., 11., 72., 139., 31., 15., 10., 109., 28., 20., 28.,
       72., 39., 21., 41., 87., 14., 23., 16., 66., 51., 43., 63., 62.,
       19., 32., 4., 0., 0., 1., 17., 1., 0., 29., 83., 37., 24., 14.,
       5., 18., 22., 139., 139., 58., 16., 17., 20., 110., 139., 139.,
       41., 4., 11., 12., 13., 24., 27., 50., 6., 0., 0., 1., 5., 0., 0.,
       10., 74., 65., 0., 0., 0., 30., 12., 29., 139., 139., 0., 0., 3.,
       139., 58., 28., 19., 9., 0., 0., 12., 41., 6., 2., 0., 0., 0., 1.,
       5., 0., 0., 0., 1., 2., 0., 0., 0., 0., 0., 0., 1., 3., 0., 0.,
       0., 0., 0., 0., 0., 0., 0., 0., 0., 0., 0., 0., 0., 0., 0., 0.,
       0., 0., 0., 0., 0., 0., 0., 0., 0., 3., 3., 0., 0., 0., 0., 0.,
       0., 48., 25., 0., 0., 0., 0., 0., 2., 19., 3., 0., 0., 0., 0., 0.,
       24., 0., 0., 0., 0., 8., 13., 0., 0., 49., 18., 0., 0., 61., 122.,
       21., 24., 146., 76., 1., 1., 4., 13., 16., 109., 80., 16., 12.,
       3., 0., 0., 0., 64., 0., 0., 0., 3., 18., 34., 4., 5., 11., 1.,
       2., 3., 62., 146., 146., 90., 106., 17., 22., 17., 28., 29., 114.,
       146., 71., 82., 53., 40., 50., 36., 3., 22., 0., 0., 0., 1., 0.,
       1., 6., 18., 0., 0., 5., 18., 46., 38., 52., 46., 53., 91., 53.,
       42., 68., 52., 14., 15., 88., 51., 3., 2., 26., 127., 26., 12.,
       0., 0., 0., 0., 0., 0., 0., 0., 7., 75., 47., 0., 0., 0., 0., 0.,
       45., 90., 23., 12., 5., 1., 0., 0., 29., 78., 95., 26., 10., 3.,
       1., 1., 0., 0., 0., 0., 0., 0., 0., 0., 33., 140., 117., 0., 0.,
       10., 35., 13., 140., 140., 42., 14., 15., 18., 13., 28., 21., 39.,
       70., 35., 28., 61., 99., 13., 0., 0., 0., 0., 0., 0., 2., 0., 29.,
       16., 4., 0., 0., 55., 140., 62., 140., 29., 5., 17., 15., 22.,
       102., 140., 20., 38., 98., 58., 37., 56., 67., 8., 0., 0., 0., 0.,
       0., 0., 0., 0., 6., 0., 0., 0., 2., 11., 39., 8., 60., 0., 0., 0.,
       4., 11., 25., 36., 19., 1., 1., 1., 8., 46., 114., 19., 0., 0.,
       60., 43., 25., 12., 1., 0., 4., 5., 22., 23., 32., 82., 57., 8.,
       31., 19., 4., 1., 0., 8., 51., 91., 6., 3., 1., 2., 27., 26., 12.,
       41., 0., 0., 20., 37., 58., 37., 38., 0., 12., 40., 111., 88.,
       40., 14., 13., 9., 111., 111., 39., 2., 1., 0., 6., 49., 22., 3.,
       0., 18., 53., 11., 2., 16., 0., 0., 5., 38., 109., 78., 20., 0.,
       11., 16., 67., 42., 59., 83., 111., 49., 111., 50., 17., 3., 5.,
       0., 43., 111., 22., 3., 1., 56., 73., 0., 0., 6., 0., 0., 12.,
       67., 110., 35., 6., 0., 17., 34., 111., 48., 35., 38., 67., 23.,
       111., 78., 30., 4., 8., 0., 11., 49., 16., 5., 0., 35., 97., 0.,
       0., 2., 27., 51., 20., 15., 6., 4., 9., 7., 18., 39., 19., 1., 0.,
       15., 34., 8., 0., 9., 17., 1., 3., 78., 36., 0., 0., 9., 11., 2.,
       4., 90., 46., 0., 82., 44., 25., 15., 6., 2., 10., 58., 18., 57.,
       110., 96., 37., 1., 0., 1., 53., 110., 110., 31., 5., 7., 4., 1.,
       4., 45., 96., 34., 3., 29., 20., 0., 8., 0., 0., 4., 64., 28.,
       41., 48., 21., 7., 12., 43., 110., 76., 58., 24., 110., 40., 16.,
       44., 69., 24., 47., 78., 60., 55., 60., 85., 77., 12., 6., 28.,
       9., 0., 0., 4., 82., 8., 4., 9., 30., 0., 0., 0., 8., 34., 104.,
       51., 7., 0., 0., 4., 35., 95., 109., 40., 24., 0., 0., 8., 37.,
       71., 95., 79., 23., 76., 111., 50., 13., 0., 0., 1., 13., 58.,
       111., 63., 12., 0., 0., 0., 15., 34., 75., 46., 38., 0., 0., 0.,
       79., 29., 13., 4., 3., 0., 0., 0., 111., 30., 20., 35., 68., 32.,
       32., 58., 71., 36., 55., 78., 111., 43., 13., 25., 111., 83., 46.,
       18., 17., 8., 12., 41., 35., 28., 39., 77., 33., 3., 2., 4., 15.,
       10., 14., 0., 7., 48., 111., 62., 11., 4., 5., 0., 48., 111.,
       111., 42., 38., 2., 1., 0., 10., 54., 111., 107., 4., 1., 1., 23.,
       70., 74., 29., 19., 1., 59., 82., 0., 0., 4., 13., 3., 2., 69.,
       57., 0., 0., 8., 20., 2., 0., 18., 45., 10., 6., 25., 22., 2., 2.,
       2., 20., 16., 17., 49., 9., 6., 11., 57., 108., 9., 3., 1., 0.,
       1., 5., 29., 115., 22., 5., 1., 0., 1., 10., 36., 95., 27., 8.,
       2., 0., 0., 15., 30., 10., 1., 9., 3., 0., 0., 82., 31., 50., 28.,
       115., 18., 5., 32., 115., 68., 72., 23., 60., 15., 4., 26., 113.,
       35., 28., 22., 108., 40., 3., 12., 115., 30., 3., 2., 7., 1., 0.,
       1., 79., 24., 3., 32., 115., 14., 4., 25., 115., 28., 16., 20.,
       58., 11., 5., 59., 115., 23., 18., 67., 89., 9., 0., 4., 115., 9.,
       0., 1., 3., 2., 0., 4., 41., 19., 1., 5., 24., 16., 40., 49., 20.,
       2., 4., 4., 8., 23., 90., 50., 57., 2., 4., 9., 17., 35., 76.,
       30., 92., 0., 0., 0., 3., 2., 9., 32., 0., 5., 8., 6., 2., 2., 0.,
       0., 0., 0., 12., 51., 32., 5., 1., 0., 1., 26., 58., 120., 106.,
       28., 3., 0., 23., 120., 41., 16., 13., 34., 26., 7., 0., 55., 47.,
       34., 9., 0., 0., 0., 13., 22., 96., 120., 82., 11., 1., 2., 109.,
       64., 71., 55., 65., 101., 62., 16., 51., 51., 5., 7., 4., 55.,
       120., 96., 0., 46., 61., 27., 20., 6., 0., 0., 25., 16., 22., 55.,
       120., 115., 29., 16., 120., 47., 20., 7., 8., 36., 46., 55., 15.,
       13., 54., 51., 3., 6., 37., 16., 23., 63., 56., 32., 20., 21.,
       12., 10., 49., 33., 6., 1., 4., 19., 50., 38., 15., 5., 4., 8.,
       13., 15., 75., 26., 6., 3., 13., 27., 16., 4., 6., 10., 44., 17.,
       6., 6., 32., 7., 12., 21., 22., 12., 10., 40., 59., 8., 9., 10.,
       83., 30., 7., 21., 45., 15., 2., 17., 43., 4., 4., 7., 96., 56.,
       3., 15., 120., 7., 0., 2., 50., 21., 18., 43., 32., 7., 6., 65.,
       128., 34., 12., 7., 128., 18., 6., 28., 47., 6., 2., 46., 46.,
       21., 4., 32., 128., 20., 3., 12., 118., 45., 5., 19., 52., 9.,
       10., 9., 30., 8., 4., 41., 128., 56., 46., 11., 128., 25., 6.,
       24., 39., 23., 39., 32., 15., 17., 6., 67., 128., 27., 22., 13.,
       14., 6., 1., 2., 6., 15., 71., 25., 3., 2., 1., 4., 8., 33., 117.,
       17., 11., 2., 1., 3., 5., 43., 127., 18., 1., 1., 1., 6., 20.,
       63., 92., 12., 18., 58., 93., 11., 1., 1., 1., 4., 4., 35., 130.,
       20., 11., 2., 1., 2., 10., 29., 115., 21., 3., 2., 1., 4., 8.,
       17., 69., 28., 17., 9., 2., 3., 130., 32., 27., 14., 14., 16., 6.,
       55., 39., 24., 44., 31., 130., 32., 6., 21., 130., 55., 45., 10.,
       30., 10., 4., 34., 55., 10., 7., 8., 119., 52., 5., 16., 130.,
       22., 2., 10., 43., 26., 4., 29., 50., 7., 2., 38., 130., 25., 6.,
       24., 130., 38., 13., 6., 32., 9., 6., 59., 46., 24., 20., 43.,
       114., 9., 0., 2., 92., 62., 3., 14., 50., 4., 3., 5., 45., 20.,
       2., 16., 85., 33., 6., 17., 65., 8., 8., 9., 23., 13., 11., 39.,
       27., 7., 11., 17., 41., 19., 9., 6., 0., 0., 0., 3., 23., 0., 0.,
       0., 55., 17., 4., 44., 144., 6., 1., 10., 144., 38., 2., 8., 52.,
       25., 3., 24., 33., 17., 4., 5., 66., 57., 36., 22., 0., 0., 0.,
       3., 15., 0., 0., 0., 62., 17., 0., 29., 144., 19., 1., 12., 144.,
       57., 1., 18., 34., 16., 3., 26., 32., 38., 48., 77., 67., 34.,
       27., 17., 0., 0., 0., 0., 6., 1., 0., 0., 51., 5., 0., 3., 144.,
       46., 4., 19., 144., 25., 0., 5., 58., 21., 3., 65., 49., 10., 7.,
       21., 144., 72., 14., 31., 0., 0., 0., 0., 1., 0., 0., 0., 26., 8.,
       2., 13., 85., 15., 1., 3., 144., 62., 2., 6., 24., 13., 1., 10.,
       30., 13., 12., 38., 50., 51., 13., 11., 5., 19., 62., 22., 9., 1.,
       4., 4., 24., 22., 61., 54., 27., 8., 1., 3., 46., 17., 28., 47.,
       69., 36., 2., 16., 63., 17., 12., 3., 10., 18., 10., 34., 27., 4.,
       2., 28., 103., 26., 18., 26., 116., 19., 6., 38., 73., 13., 2.,
       27., 83., 34., 6., 32., 116., 48., 4., 22., 94., 86., 23., 14.,
       24., 9., 2., 13., 38., 17., 3., 23., 116., 35., 29., 11., 116.,
       17., 4., 20., 79., 34., 59., 38., 32., 36., 9., 68., 116., 46.,
       48., 19., 25., 113., 35., 9., 11., 6., 71., 43., 4., 2., 0., 1.,
