%YAML:1.0
---
mat: !!opencv-matrix
   rows: 47
   cols: 128
   dt: f
   data: [ 8., 58., 108., 7., 3., 0., 0., 1., 8., 61., 121., 4., 1., 0.,
       0., 1., 14., 61., 100., 5., 3., 1., 0., 1., 38., 41., 6., 0., 0.,
       0., 0., 1., 62., 27., 45., 29., 107., 12., 4., 27., 121., 76.,
       68., 18., 44., 8., 4., 27., 120., 42., 35., 14., 64., 32., 4.,
       14., 121., 35., 2., 0., 1., 1., 0., 1., 55., 21., 5., 43., 117.,
       8., 3., 21., 121., 37., 18., 15., 40., 5., 4., 54., 121., 35.,
       29., 60., 43., 6., 1., 3., 121., 13., 1., 1., 1., 0., 0., 1., 25.,
       13., 2., 5., 17., 13., 49., 55., 21., 4., 5., 2., 3., 16., 93.,
       61., 71., 5., 6., 8., 3., 18., 73., 37., 121., 3., 0., 0., 0., 0.,
       4., 33., 28., 16., 12., 9., 38., 10., 13., 16., 21., 15., 17.,
       48., 66., 9., 9., 4., 66., 32., 14., 25., 45., 17., 2., 17., 49.,
       5., 8., 10., 65., 57., 2., 23., 89., 7., 0., 2., 61., 31., 25.,
       46., 33., 6., 4., 61., 127., 47., 15., 7., 127., 13., 4., 26.,
       53., 10., 3., 60., 52., 29., 5., 23., 127., 27., 3., 15., 90.,
       45., 8., 20., 64., 15., 17., 8., 29., 8., 5., 40., 127., 65., 55.,
       11., 127., 24., 7., 25., 41., 27., 47., 33., 12., 21., 7., 58.,
       127., 28., 34., 15., 7., 5., 2., 2., 8., 30., 90., 9., 1., 1., 1.,
       4., 9., 44., 127., 7., 8., 1., 1., 3., 6., 52., 127., 15., 0., 0.,
       0., 4., 13., 42., 115., 14., 12., 40., 115., 13., 0., 0., 0., 3.,
       5., 48., 127., 16., 8., 1., 1., 2., 10., 41., 127., 8., 1., 1.,
       1., 4., 9., 30., 90., 10., 8., 6., 2., 3., 127., 29., 38., 16.,
       11., 20., 7., 53., 41., 28., 50., 33., 127., 28., 7., 23., 127.,
       65., 54., 10., 29., 8., 5., 37., 66., 16., 15., 8., 91., 48., 7.,
       19., 127., 27., 3., 13., 50., 32., 5., 22., 54., 10., 3., 55.,
       127., 15., 4., 24., 127., 49., 15., 7., 33., 6., 4., 57., 58.,
       33., 26., 46., 86., 7., 0., 2., 62., 59., 2., 23., 54., 5., 7.,
       9., 45., 20., 3., 17., 67., 33., 13., 23., 70., 8., 8., 4., 21.,
       16., 18., 47., 35., 10., 13., 14., 28., 16., 14., 9., 1., 9., 65.,
       35., 16., 4., 5., 2., 23., 18., 56., 64., 28., 10., 2., 6., 54.,
       14., 22., 35., 43., 42., 4., 28., 58., 10., 7., 4., 18., 32., 17.,
       40., 15., 4., 2., 24., 114., 41., 20., 18., 114., 14., 4., 30.,
       77., 15., 4., 35., 75., 44., 10., 27., 114., 46., 5., 24., 68.,
       94., 51., 24., 29., 9., 2., 10., 21., 14., 4., 20., 114., 49.,
       42., 7., 114., 15., 3., 13., 68., 42., 80., 40., 23., 28., 10.,
       48., 114., 51., 76., 19., 9., 66., 53., 10., 8., 14., 114., 32.,
       1., 1., 0., 1., 5., 30., 107., 3., 2., 0., 0., 0., 5., 55., 114.,
       10., 1., 0., 0., 1., 10., 56., 114., 13., 0., 0., 0., 1., 4., 23.,
       114., 19., 6., 11., 87., 27., 0., 0., 0., 2., 7., 38., 116., 15.,
       1., 0., 0., 0., 5., 31., 116., 19., 4., 0., 0., 0., 10., 23.,
       106., 15., 3., 4., 2., 2., 8., 12., 116., 64., 6., 33., 41., 5.,
       116., 54., 85., 27., 24., 23., 10., 24., 73., 43., 70., 36., 116.,
       32., 3., 8., 116., 62., 24., 9., 23., 19., 5., 11., 28., 7., 2.,
       4., 37., 101., 83., 30., 116., 55., 6., 13., 64., 61., 17., 17.,
       70., 25., 5., 20., 116., 29., 4., 19., 106., 45., 21., 15., 12.,
       5., 4., 20., 28., 50., 18., 22., 55., 11., 3., 6., 28., 46., 6.,
       26., 87., 18., 17., 21., 34., 23., 3., 4., 21., 18., 41., 67.,
       18., 1., 2., 0., 1., 4., 74., 60., 20., 32., 9., 1., 2., 7., 80.,
       42., 9., 37., 36., 29., 23., 40., 79., 9., 44., 14., 2., 24., 36.,
       57., 115., 68., 44., 10., 0., 0., 13., 24., 101., 92., 13., 28.,
       32., 22., 104., 38., 19., 12., 115., 68., 50., 12., 28., 20., 20.,
       30., 115., 6., 0., 4., 72., 59., 25., 36., 115., 2., 0., 0., 1.,
       2., 31., 52., 12., 14., 10., 26., 95., 30., 64., 27., 115., 41.,
       7., 12., 26., 29., 96., 42., 115., 23., 8., 45., 72., 11., 23.,
       29., 115., 4., 0., 1., 1., 0., 1., 20., 13., 2., 1., 1., 1., 4.,
       47., 52., 12., 3., 1., 1., 1., 25., 106., 18., 26., 2., 1., 5.,
       4., 8., 95., 64., 56., 1., 0., 0., 0., 0., 5., 39., 0., 0., 0.,
       3., 5., 1., 0., 0., 3., 1., 2., 42., 115., 29., 5., 11., 120., 7.,
       2., 11., 27., 11., 7., 80., 35., 6., 6., 92., 44., 0., 0., 7., 0.,
       0., 1., 17., 8., 0., 0., 0., 10., 24., 55., 122., 54., 16., 3.,
       5., 116., 107., 33., 26., 17., 5., 4., 26., 20., 16., 6., 101.,
       122., 0., 0., 2., 0., 0., 0., 26., 28., 0., 0., 0., 60., 16., 15.,
       122., 122., 0., 0., 6., 122., 41., 7., 18., 28., 4., 0., 20., 23.,
       9., 4., 69., 122., 55., 30., 18., 0., 0., 0., 34., 48., 0., 0.,
       0., 93., 33., 25., 114., 95., 0., 0., 3., 122., 32., 10., 17., 8.,
       3., 0., 5., 9., 17., 53., 40., 14., 29., 23., 7., 37., 64., 66.,
       10., 16., 4., 0., 1., 48., 110., 70., 14., 6., 4., 2., 2., 10.,
       112., 112., 7., 4., 8., 5., 6., 17., 112., 81., 1., 0., 0., 2.,
       9., 87., 31., 2., 28., 37., 5., 1., 6., 112., 52., 12., 13., 13.,
       28., 30., 36., 44., 38., 68., 20., 52., 112., 46., 48., 65., 82.,
       61., 36., 33., 6., 6., 48., 34., 14., 2., 11., 6., 11., 64., 60.,
       112., 37., 7., 21., 11., 7., 32., 76., 41., 31., 15., 89., 75.,
       39., 31., 32., 45., 16., 8., 34., 34., 9., 50., 51., 91., 18., 3.,
       3., 9., 4., 30., 54., 36., 14., 6., 11., 21., 13., 28., 36., 38.,
       4., 1., 5., 8., 22., 72., 85., 15., 0., 0., 0., 0., 9., 112., 77.,
       10., 6., 1., 1., 13., 35., 58., 31., 16., 3., 1., 2., 30., 71.,
       49., 15., 43., 2., 5., 16., 59., 82., 34., 74., 70., 1., 1., 3.,
       1., 1., 17., 110., 2., 3., 18., 72., 45., 17., 11., 8., 105., 21.,
       7., 31., 52., 30., 5., 19., 84., 16., 2., 0., 77., 110., 8., 30.,
       106., 61., 49., 13., 2., 6., 1., 20., 8., 10., 66., 110., 20.,
       20., 13., 26., 103., 87., 24., 26., 4., 5., 34., 77., 20., 39.,
       17., 6., 53., 78., 14., 9., 6., 31., 110., 66., 75., 75., 7., 8.,
       15., 1., 1., 6., 36., 42., 33., 105., 13., 2., 7., 29., 5., 7.,
       74., 110., 5., 7., 12., 62., 41., 28., 27., 15., 9., 6., 7., 8.,
       38., 110., 28., 27., 46., 17., 40., 28., 4., 84., 122., 25., 122.,
       24., 6., 4., 6., 17., 26., 41., 21., 33., 38., 4., 4., 6., 50.,
       59., 1., 7., 58., 31., 4., 9., 74., 12., 11., 2., 2., 48., 86.,
       78., 65., 6., 122., 13., 3., 22., 40., 30., 12., 21., 14., 27.,
       93., 55., 103., 27., 7., 5., 20., 21., 122., 57., 12., 5., 23.,
       9., 42., 11., 69., 122., 32., 0., 0., 8., 122., 24., 16., 74.,
       23., 1., 0., 28., 16., 2., 4., 77., 84., 17., 57., 57., 14., 5.,
       9., 6., 11., 22., 122., 45., 40., 20., 48., 41., 4., 11., 61.,
       28., 76., 71., 27., 18., 6., 3., 2., 12., 57., 42., 18., 10., 4.,
       0., 6., 42., 5., 10., 39., 21., 4., 7., 19., 13., 12., 11., 95.,
       27., 12., 11., 6., 14., 0., 56., 114., 18., 14., 14., 2., 1., 4.,
       13., 66., 88., 9., 2., 4., 7., 1., 2., 68., 37., 11., 24., 12.,
       5., 111., 6., 6., 6., 61., 42., 11., 40., 17., 31., 76., 34.,
       118., 77., 6., 4., 118., 43., 72., 30., 17., 4., 9., 44., 21., 2.,
       5., 6., 63., 77., 23., 23., 107., 56., 11., 28., 63., 6., 2., 4.,
       17., 7., 7., 44., 118., 61., 70., 18., 118., 66., 9., 2., 16.,
       53., 65., 27., 18., 38., 35., 45., 56., 9., 2., 1., 20., 36.,
       107., 22., 15., 8., 7., 13., 7., 23., 103., 11., 7., 21., 42.,
       24., 3., 30., 97., 15., 13., 75., 33., 3., 1., 16., 62., 50., 17.,
       15., 6., 1., 15., 13., 5., 1., 1., 18., 64., 48., 14., 78., 27.,
       3., 3., 37., 86., 16., 7., 27., 44., 23., 6., 27., 104., 9., 12.,
       7., 7., 15., 22., 42., 114., 18., 63., 9., 2., 2., 19., 34., 32.,
       45., 16., 52., 57., 32., 118., 61., 9., 2., 118., 61., 72., 18.,
       17., 7., 8., 51., 56., 5., 3., 5., 104., 51., 12., 33., 60., 74.,
       25., 25., 19., 2., 7., 7., 18., 4., 9., 50., 118., 43., 78., 30.,
