%YAML:1.0
---
mat: !!opencv-matrix
   rows: 64
   cols: 128
   dt: f
   data: [ 131., 56., 1., 1., 33., 5., 0., 1., 48., 15., 1., 3., 131.,
       35., 1., 6., 131., 55., 3., 2., 19., 3., 0., 9., 9., 8., 7., 14.,
       94., 22., 4., 3., 131., 34., 0., 7., 21., 2., 0., 8., 44., 26.,
       6., 77., 131., 17., 0., 2., 131., 98., 7., 18., 20., 2., 0., 6.,
       25., 10., 3., 12., 75., 19., 2., 0., 102., 11., 1., 6., 29., 3.,
       0., 56., 44., 5., 1., 30., 131., 26., 1., 18., 131., 11., 1., 6.,
       21., 6., 1., 46., 30., 3., 2., 40., 58., 3., 0., 2., 20., 49., 6.,
       7., 15., 0., 0., 4., 31., 24., 3., 23., 131., 1., 0., 4., 131.,
       62., 3., 6., 16., 0., 0., 12., 11., 11., 2., 34., 66., 7., 0., 0.,
       6., 47., 109., 5., 1., 0., 0., 1., 7., 54., 121., 3., 1., 0., 0.,
       1., 11., 66., 101., 3., 2., 1., 0., 0., 26., 40., 7., 0., 0., 0.,
       0., 0., 56., 29., 60., 25., 96., 17., 5., 30., 121., 73., 91.,
       17., 44., 10., 6., 32., 113., 50., 50., 10., 58., 39., 8., 19.,
       121., 39., 3., 0., 1., 1., 0., 1., 59., 18., 6., 49., 121., 9.,
       3., 23., 121., 43., 20., 17., 50., 6., 3., 50., 121., 40., 34.,
       63., 52., 10., 1., 5., 121., 15., 1., 1., 1., 0., 0., 1., 24.,
       18., 3., 10., 23., 14., 38., 43., 25., 5., 7., 3., 6., 20., 71.,
       58., 82., 8., 11., 11., 3., 18., 56., 34., 121., 5., 0., 0., 0.,
       0., 3., 27., 0., 4., 35., 52., 12., 0., 0., 0., 26., 77., 101.,
       53., 8., 0., 0., 0., 17., 49., 36., 5., 0., 0., 0., 0., 0., 15.,
       42., 2., 0., 0., 0., 0., 1., 2., 13., 71., 110., 7., 0., 1., 110.,
       61., 28., 57., 86., 12., 2., 26., 77., 38., 67., 105., 35., 10.,
       3., 3., 10., 110., 110., 44., 13., 18., 11., 2., 0., 0., 7., 20.,
       110., 17., 1., 1., 60., 48., 37., 12., 87., 34., 3., 13., 23.,
       108., 110., 40., 39., 23., 15., 3., 31., 69., 13., 8., 13., 82.,
       72., 10., 0., 0., 6., 17., 69., 3., 0., 0., 0., 5., 45., 41.,
       108., 18., 0., 0., 39., 106., 69., 20., 58., 37., 12., 11., 62.,
       107., 22., 30., 7., 11., 7., 9., 11., 8., 6., 88., 43., 2., 3.,
       17., 66., 34., 29., 34., 13., 2., 5., 113., 30., 91., 93., 26.,
       7., 1., 0., 16., 15., 64., 6., 0., 0., 0., 0., 0., 12., 62., 40.,
       92., 44., 1., 0., 2., 113., 113., 31., 40., 33., 24., 3., 12.,
       104., 78., 42., 28., 68., 97., 11., 24., 113., 76., 4., 0., 0.,
       2., 2., 15., 53., 40., 16., 36., 41., 18., 27., 58., 113., 45.,
       42., 17., 23., 19., 28., 87., 101., 19., 34., 16., 42., 44., 11.,
       47., 86., 11., 27., 22., 2., 2., 2., 33., 18., 1., 1., 2., 20.,
       18., 24., 113., 24., 19., 58., 19., 36., 30., 25., 39., 97., 45.,
       55., 9., 1., 0., 4., 44., 21., 30., 25., 25., 22., 16., 2., 2.,
       78., 8., 0., 0., 1., 8., 28., 48., 132., 14., 0., 0., 0., 0., 19.,
       71., 33., 4., 0., 0., 0., 0., 98., 90., 24., 1., 0., 0., 0., 0.,
       67., 99., 10., 0., 0., 0., 0., 4., 132., 65., 132., 27., 0., 0.,
       0., 4., 103., 75., 132., 29., 0., 0., 0., 0., 38., 93., 14., 0.,
       0., 0., 0., 0., 48., 114., 0., 0., 0., 0., 0., 1., 132., 87., 13.,
       1., 0., 0., 0., 10., 132., 81., 85., 2., 0., 0., 0., 1., 72.,
       132., 12., 0., 0., 0., 0., 0., 12., 52., 0., 0., 0., 0., 0., 0.,
       15., 51., 0., 0., 0., 0., 0., 0., 55., 72., 0., 0., 0., 0., 0.,
       0., 23., 48., 0., 0., 0., 0., 0., 0., 0., 6., 88., 74., 23., 0.,
       0., 0., 0., 0., 72., 109., 10., 0., 0., 0., 0., 0., 19., 55., 9.,
       0., 0., 0., 0., 0., 1., 6., 0., 0., 0., 0., 0., 0., 107., 83.,
       41., 3., 0., 0., 0., 0., 45., 96., 134., 18., 0., 0., 0., 0., 77.,
       134., 76., 1., 0., 0., 0., 1., 26., 43., 0., 0., 0., 0., 0., 0.,
       19., 75., 134., 5., 0., 0., 0., 0., 124., 74., 134., 14., 0., 0.,
       0., 10., 134., 68., 12., 0., 0., 0., 0., 25., 62., 56., 0., 0.,
       0., 0., 0., 0., 48., 50., 51., 2., 0., 0., 2., 14., 134., 43., 4.,
       0., 0., 0., 0., 11., 134., 70., 0., 0., 0., 0., 0., 4., 19., 42.,
       0., 0., 0., 0., 0., 0., 26., 17., 9., 11., 40., 11., 16., 20.,
       28., 15., 14., 44., 62., 10., 10., 5., 62., 35., 11., 26., 43.,
       14., 2., 23., 43., 5., 7., 8., 61., 57., 6., 20., 89., 5., 0., 3.,
       57., 34., 28., 50., 30., 6., 5., 58., 126., 54., 17., 8., 126.,
       13., 4., 26., 45., 7., 3., 75., 48., 22., 3., 27., 126., 23., 4.,
       19., 91., 49., 11., 27., 58., 13., 16., 6., 30., 7., 7., 56.,
       126., 52., 48., 10., 126., 29., 8., 26., 36., 22., 37., 29., 12.,
       21., 8., 71., 126., 22., 26., 10., 7., 7., 3., 4., 7., 33., 97.,
       7., 1., 1., 2., 6., 11., 47., 126., 7., 12., 3., 1., 4., 4., 49.,
       126., 16., 1., 1., 1., 6., 14., 38., 122., 12., 12., 34., 122.,
       12., 1., 1., 1., 5., 4., 45., 127., 17., 11., 3., 1., 3., 11.,
       41., 127., 9., 1., 1., 2., 7., 9., 33., 98., 8., 8., 8., 3., 4.,
       127., 24., 30., 11., 12., 19., 8., 64., 36., 22., 40., 27., 127.,
       34., 8., 24., 127., 52., 47., 9., 29., 8., 7., 50., 61., 13., 13.,
       6., 92., 52., 11., 24., 127., 24., 3., 17., 47., 26., 3., 26.,
       47., 7., 3., 69., 127., 17., 4., 24., 127., 57., 17., 7., 31., 7.,
       5., 54., 53., 37., 31., 50., 86., 6., 0., 2., 59., 59., 6., 20.,
       48., 5., 6., 7., 42., 17., 2., 23., 64., 36., 10., 23., 67., 9.,
       9., 4., 28., 16., 15., 43., 36., 11., 16., 18., 26., 19., 11.,
       11., 4., 3., 2., 7., 24., 64., 53., 12., 56., 10., 13., 9., 1.,
       7., 43., 98., 16., 12., 11., 3., 81., 112., 13., 15., 78., 35.,
       6., 6., 54., 90., 68., 52., 40., 23., 0., 7., 13., 17., 33., 9.,
       16., 23., 60., 112., 72., 21., 26., 24., 112., 91., 50., 20., 14.,
       36., 11., 15., 18., 10., 19., 43., 62., 99., 53., 20., 112., 50.,
       0., 1., 12., 22., 4., 6., 27., 5., 3., 18., 98., 112., 38., 22.,
       112., 59., 3., 3., 12., 36., 30., 52., 51., 29., 0., 1., 26.,
       112., 27., 7., 98., 19., 0., 0., 0., 16., 22., 36., 27., 2., 0.,
       0., 29., 98., 14., 12., 45., 16., 0., 0., 15., 65., 28., 23., 94.,
       14., 0., 0., 23., 18., 2., 14., 9., 36., 26., 58., 41., 0., 0.,
       3., 59., 115., 35., 32., 20., 14., 2., 7., 54., 62., 43., 31.,
       47., 94., 8., 11., 115., 89., 6., 0., 1., 6., 3., 10., 28., 63.,
       38., 55., 67., 13., 12., 12., 115., 94., 19., 18., 32., 19., 22.,
       60., 108., 20., 25., 18., 47., 76., 11., 28., 115., 14., 10., 10.,
       4., 9., 5., 37., 74., 11., 4., 7., 17., 14., 27., 115., 59., 19.,
       63., 25., 30., 34., 42., 64., 112., 58., 112., 27., 5., 3., 5.,
       38., 69., 41., 29., 17., 13., 5., 0., 7., 24., 2., 0., 1., 10.,
       11., 6., 115., 5., 4., 5., 11., 61., 62., 18., 21., 45., 17., 21.,
       21., 8., 14., 16., 63., 25., 68., 53., 19., 5., 11., 10., 6., 2.,
       15., 61., 31., 13., 3., 6., 3., 23., 19., 55., 62., 24., 10., 2.,
       7., 50., 13., 29., 30., 36., 45., 6., 27., 56., 10., 13., 4., 14.,
       33., 19., 42., 16., 4., 2., 22., 114., 45., 27., 22., 114., 14.,
       4., 30., 76., 13., 4., 41., 77., 41., 8., 32., 114., 44., 7., 26.,
       72., 94., 51., 27., 26., 9., 2., 10., 22., 18., 7., 28., 114.,
       40., 41., 6., 114., 20., 4., 16., 73., 36., 75., 35., 26., 29.,
       12., 58., 114., 44., 75., 17., 9., 68., 58., 12., 10., 14., 114.,
       30., 1., 1., 1., 2., 6., 30., 113., 2., 3., 0., 0., 1., 5., 48.,
       114., 10., 1., 0., 0., 1., 8., 45., 114., 13., 0., 0., 0., 0., 2.,
       20., 114., 20., 3., 9., 93., 31., 0., 0., 0., 0., 5., 26., 116.,
       18., 1., 0., 0., 1., 6., 27., 116., 21., 4., 1., 0., 1., 12., 22.,
       113., 14., 3., 6., 2., 4., 11., 11., 116., 66., 5., 33., 45., 6.,
       116., 46., 84., 25., 26., 26., 12., 31., 81., 39., 65., 31., 116.,
       40., 4., 10., 116., 55., 22., 9., 25., 23., 7., 16., 27., 6., 2.,
       4., 39., 102., 88., 34., 116., 53., 7., 15., 66., 58., 16., 21.,
       68., 23., 5., 26., 116., 29., 3., 20., 91., 48., 27., 18., 12.,
