%YAML:1.0
---
mat: !!opencv-matrix
   rows: 83
   cols: 128
   dt: f
   data: [ 0., 0., 0., 0., 0., 0., 0., 0., 9., 7., 0., 0., 0., 0., 0.,
       0., 69., 30., 0., 0., 0., 0., 1., 18., 8., 1., 0., 0., 0., 0.,
       11., 76., 0., 0., 0., 0., 6., 12., 0., 0., 84., 31., 1., 1., 56.,
       96., 15., 16., 155., 74., 1., 0., 4., 6., 9., 86., 56., 4., 6.,
       2., 4., 2., 9., 93., 0., 0., 0., 0., 5., 13., 0., 0., 23., 2., 0.,
       1., 31., 144., 155., 100., 155., 6., 10., 12., 17., 15., 112.,
       155., 42., 58., 65., 63., 48., 21., 1., 29., 0., 0., 0., 0., 0.,
       0., 0., 0., 0., 0., 5., 7., 0., 0., 27., 20., 7., 71., 97., 32.,
       13., 7., 22., 40., 34., 85., 18., 13., 65., 113., 7., 4., 18.,
       41., 26., 6., 15., 3., 11., 5., 24., 23., 34., 63., 94., 25., 3.,
       4., 127., 58., 21., 8., 13., 12., 2., 9., 14., 3., 3., 9., 78.,
       63., 3., 4., 127., 84., 12., 0., 16., 6., 0., 2., 64., 11., 0.,
       8., 127., 60., 6., 9., 127., 30., 0., 3., 22., 13., 6., 30., 33.,
       2., 1., 10., 69., 74., 4., 6., 127., 26., 1., 0., 5., 5., 0., 18.,
       75., 4., 2., 8., 84., 113., 33., 22., 122., 29., 6., 6., 12., 23.,
       32., 96., 30., 5., 1., 16., 57., 59., 3., 13., 127., 18., 0., 0.,
       1., 1., 0., 5., 86., 8., 4., 18., 96., 31., 3., 4., 103., 51.,
       10., 16., 36., 12., 4., 20., 43., 8., 1., 22., 42., 24., 4., 6.,
       8., 26., 24., 1., 0., 0., 0., 0., 108., 103., 27., 6., 49., 13.,
       1., 1., 119., 20., 9., 16., 116., 38., 4., 12., 128., 10., 1., 0.,
       41., 45., 2., 14., 23., 9., 1., 0., 0., 0., 0., 3., 132., 37., 1.,
       0., 19., 24., 4., 24., 108., 12., 2., 8., 71., 109., 39., 56.,
       117., 17., 1., 4., 43., 31., 7., 57., 6., 0., 0., 0., 0., 0., 0.,
       1., 132., 8., 0., 0., 12., 8., 1., 36., 118., 20., 4., 17., 114.,
       68., 10., 26., 130., 30., 2., 8., 35., 25., 6., 34., 0., 0., 0.,
       0., 0., 0., 0., 0., 88., 1., 0., 0., 3., 4., 0., 43., 64., 12.,
       4., 17., 87., 55., 6., 27., 92., 45., 4., 7., 22., 17., 4., 20.,
       1., 4., 30., 76., 51., 79., 31., 5., 32., 78., 57., 22., 12., 24.,
       61., 90., 32., 27., 6., 14., 23., 3., 2., 15., 25., 15., 2., 16.,
       42., 0., 0., 1., 8., 9., 30., 119., 136., 18., 3., 6., 136., 116.,
       53., 36., 34., 12., 4., 47., 74., 36., 8., 21., 30., 32., 9., 19.,
       33., 23., 4., 13., 59., 6., 4., 13., 10., 7., 4., 46., 136., 92.,
       10., 8., 136., 50., 7., 14., 31., 32., 15., 61., 96., 12., 3.,
       14., 25., 18., 5., 13., 24., 9., 1., 23., 63., 4., 2., 7., 2., 0.,
       0., 5., 119., 79., 27., 7., 120., 1., 1., 7., 25., 30., 51., 89.,
       46., 16., 10., 44., 15., 2., 1., 9., 18., 16., 4., 17., 50., 5.,
       0., 1., 2., 47., 91., 30., 0., 0., 0., 0., 3., 72., 72., 2., 0.,
       0., 0., 0., 3., 26., 22., 0., 0., 0., 0., 0., 1., 2., 1., 1., 1.,
       1., 2., 0., 26., 51., 68., 81., 35., 49., 46., 22., 51., 114.,
       114., 39., 26., 20., 17., 27., 114., 114., 75., 18., 5., 2., 2.,
       14., 11., 18., 74., 62., 4., 0., 0., 0., 5., 6., 7., 4., 7., 91.,
       114., 18., 21., 9., 10., 13., 30., 114., 114., 57., 114., 19., 7.,
       23., 48., 28., 58., 114., 8., 19., 63., 112., 114., 56., 15., 4.,
       8., 14., 16., 21., 8., 13., 14., 4., 12., 34., 32., 19., 5., 20.,
       35., 16., 6., 23., 29., 6., 16., 20., 20., 22., 1., 7., 6., 3.,
       34., 104., 67., 2., 3., 67., 87., 4., 0., 0., 0., 0., 6., 52.,
       43., 1., 0., 0., 0., 0., 2., 6., 8., 5., 1., 1., 0., 0., 0., 2.,
       12., 3., 1., 0., 0., 0., 38., 71., 91., 35., 28., 31., 23., 27.,
       117., 117., 59., 21., 11., 5., 6., 32., 22., 21., 101., 117., 32.,
       0., 0., 1., 0., 75., 117., 29., 1., 0., 0., 0., 8., 5., 7., 6.,
       15., 101., 117., 36., 84., 9., 8., 8., 34., 28., 68., 117., 10.,
       6., 28., 83., 117., 117., 32., 8., 2., 54., 96., 38., 21., 54.,
       96., 12., 10., 26., 25., 18., 5., 10., 19., 12., 7., 23., 30., 9.,
       6., 10., 15., 15., 2., 15., 12., 3., 15., 85., 52., 2., 0., 4.,
       10., 7., 2., 54., 117., 4., 0., 2., 35., 30., 8., 0., 0., 0., 1.,
       12., 116., 13., 0., 0., 0., 0., 0., 28., 91., 5., 0., 0., 0., 0.,
       0., 19., 30., 17., 1., 0., 0., 0., 5., 5., 31., 71., 126., 8., 0.,
       0., 111., 60., 102., 41., 46., 7., 5., 17., 35., 69., 86., 26.,
       70., 19., 5., 8., 48., 75., 32., 43., 61., 2., 0., 3., 10., 3.,
       0., 3., 126., 14., 0., 1., 126., 49., 9., 14., 100., 10., 7., 30.,
       65., 17., 10., 41., 86., 33., 32., 23., 96., 24., 11., 25., 96.,
       6., 5., 16., 7., 0., 0., 1., 126., 10., 0., 3., 126., 4., 0., 1.,
       68., 12., 14., 67., 31., 2., 1., 2., 22., 81., 72., 25., 8., 10.,
       23., 61., 80., 34., 8., 2., 4., 27., 94., 9., 2., 0., 0., 0., 4.,
       33., 115., 6., 1., 0., 0., 1., 5., 30., 97., 11., 4., 1., 1., 0.,
       9., 28., 12., 1., 3., 1., 1., 0., 60., 27., 60., 36., 115., 15.,
       4., 25., 115., 77., 91., 24., 52., 10., 4., 28., 101., 41., 46.,
       23., 101., 35., 5., 13., 115., 36., 6., 1., 5., 1., 0., 1., 71.,
       20., 4., 44., 115., 14., 3., 26., 115., 33., 18., 15., 55., 11.,
       5., 76., 115., 30., 26., 64., 91., 11., 2., 5., 115., 11., 0., 2.,
       4., 1., 0., 2., 36., 12., 1., 5., 23., 22., 45., 50., 18., 2., 3.,
       2., 8., 32., 93., 64., 45., 3., 4., 6., 17., 37., 91., 33., 98.,
       2., 0., 0., 1., 2., 12., 36., 0., 0., 0., 5., 77., 20., 5., 0.,
       68., 14., 4., 52., 144., 63., 6., 15., 144., 20., 2., 7., 18.,
       18., 4., 33., 36., 4., 1., 3., 16., 18., 7., 23., 1., 0., 0., 1.,
       85., 27., 3., 1., 63., 7., 1., 8., 144., 123., 14., 21., 144.,
       27., 0., 2., 20., 21., 12., 50., 35., 2., 0., 1., 9., 15., 11.,
       28., 7., 1., 0., 4., 33., 24., 1., 1., 10., 6., 18., 31., 109.,
       144., 74., 34., 80., 28., 17., 7., 14., 17., 57., 134., 32., 11.,
       2., 6., 12., 3., 2., 10., 5., 0., 0., 17., 33., 2., 0., 1., 13.,
       20., 46., 111., 114., 17., 6., 6., 93., 84., 38., 18., 13., 6.,
       5., 18., 21., 22., 6., 10., 15., 8., 3., 5., 15., 2., 1., 4., 29.,
       17., 4., 14., 14., 5., 5., 24., 73., 62., 16., 13., 73., 9., 6.,
       19., 42., 47., 69., 100., 66., 1., 0., 0., 1., 0., 3., 56., 9.,
       5., 5., 23., 28., 2., 1., 6., 13., 17., 66., 141., 77., 19., 7.,
       6., 108., 137., 75., 35., 9., 14., 33., 42., 35., 19., 1., 1., 4.,
       0., 2., 20., 15., 17., 11., 33., 40., 0., 0., 3., 38., 22., 13.,
       106., 146., 2., 0., 6., 146., 68., 13., 24., 35., 1., 0., 40.,
       68., 10., 1., 1., 3., 0., 0., 6., 23., 18., 7., 32., 46., 4., 6.,
       10., 49., 17., 7., 96., 146., 9., 5., 26., 146., 28., 4., 9., 18.,
       4., 4., 93., 35., 10., 5., 1., 0., 0., 0., 4., 2., 0., 1., 49.,
       118., 10., 1., 3., 97., 6., 0., 6., 95., 16., 13., 65., 118., 71.,
       12., 1., 1., 0., 4., 25., 6., 19., 21., 19., 102., 5., 0., 0., 9.,
       2., 1., 83., 118., 31., 0., 1., 118., 4., 0., 14., 51., 20., 21.,
       94., 52., 52., 39., 15., 63., 24., 22., 40., 21., 37., 58., 36.,
       60., 13., 6., 15., 10., 17., 4., 3., 82., 76., 7., 6., 118., 13.,
       0., 1., 58., 44., 16., 42., 86., 10., 1., 13., 118., 67., 13.,
       17., 74., 21., 6., 11., 60., 27., 21., 26., 14., 11., 1., 0., 12.,
       24., 60., 35., 31., 0., 0., 0., 7., 24., 104., 80., 15., 1., 0.,
       0., 8., 76., 59., 27., 8., 5., 1., 2., 6., 26., 96., 13., 1., 3.,
       10., 10., 63., 130., 28., 2., 130., 30., 11., 4., 1., 17., 40.,
       36., 123., 15., 1., 1., 9., 52., 46., 26., 10., 2., 1., 1., 6.,
       83., 54., 21., 0., 0., 0., 0., 8., 130., 81., 1., 82., 14., 0.,
       0., 3., 130., 99., 28., 130., 30., 0., 0., 3., 42., 30., 41., 11.,
       2., 2., 4., 8., 65., 78., 12., 0., 0., 0., 1., 1., 65., 69., 2.,
       11., 0., 1., 4., 5., 130., 119., 27., 98., 1., 6., 12., 7., 28.,
       67., 110., 11., 6., 12., 32., 37., 10., 7., 5., 0., 0., 8., 15.,
       1., 1., 2., 0., 0., 0., 35., 62., 4., 16., 11., 1., 0., 0., 63.,
