%YAML:1.0
---
mat: !!opencv-matrix
   rows: 128
   cols: 128
   dt: f
   data: [ 1., 1., 0., 0., 0., 0., 0., 0., 57., 1., 0., 0., 0., 0., 0.,
       28., 165., 1., 0., 2., 1., 0., 0., 165., 69., 1., 2., 65., 38.,
       1., 3., 52., 1., 2., 0., 0., 0., 0., 0., 0., 149., 8., 0., 0., 0.,
       0., 0., 8., 165., 26., 1., 9., 7., 0., 0., 48., 67., 10., 1., 52.,
       57., 1., 3., 18., 1., 4., 1., 0., 0., 0., 0., 0., 145., 15., 1.,
       0., 0., 0., 0., 4., 165., 80., 12., 20., 6., 0., 0., 19., 65.,
       26., 12., 47., 23., 0., 0., 9., 1., 1., 0., 0., 0., 0., 0., 1.,
       44., 30., 0., 0., 1., 0., 0., 0., 165., 165., 9., 4., 0., 0., 2.,
       6., 51., 52., 10., 7., 0., 3., 29., 19., 0., 0., 0., 0., 3., 1.,
       0., 0., 74., 0., 0., 0., 1., 0., 0., 20., 164., 1., 0., 1., 1.,
       0., 1., 145., 36., 2., 5., 31., 14., 12., 15., 58., 0., 0., 0.,
       0., 1., 2., 1., 0., 156., 0., 0., 0., 0., 2., 1., 15., 164., 4.,
       1., 6., 11., 0., 0., 60., 41., 2., 5., 72., 86., 3., 6., 18., 1.,
       1., 0., 0., 0., 0., 0., 0., 148., 20., 0., 0., 0., 0., 0., 6.,
       164., 76., 1., 3., 15., 0., 0., 10., 48., 19., 2., 9., 98., 5.,
       4., 14., 0., 2., 0., 0., 0., 0., 0., 0., 43., 33., 0., 0., 0., 0.,
       0., 0., 164., 164., 1., 1., 4., 0., 0., 0., 52., 43., 5., 14.,
       53., 0., 0., 0., 0., 0., 0., 0., 0., 0., 4., 4., 15., 0., 0., 0.,
       0., 0., 5., 53., 19., 2., 1., 1., 9., 10., 52., 117., 0., 0., 0.,
       0., 64., 60., 38., 16., 0., 0., 0., 0., 1., 8., 117., 84., 51.,
       19., 0., 0., 20., 59., 98., 53., 105., 78., 12., 4., 17., 11.,
       12., 73., 5., 3., 3., 3., 41., 104., 51., 14., 6., 1., 8., 65.,
       21., 16., 117., 117., 26., 11., 3., 117., 117., 75., 52., 13.,
       117., 48., 2., 8., 14., 5., 3., 33., 34., 5., 1., 3., 3., 33.,
       30., 19., 9., 4., 9., 65., 46., 28., 37., 18., 10., 4., 3., 79.,
       51., 117., 104., 3., 117., 55., 1., 5., 14., 34., 13., 3., 46.,
       19., 5., 27., 10., 2., 1., 0., 33., 8., 20., 92., 32., 7., 4.,
       52., 64., 59., 30., 52., 23., 8., 3., 13., 18., 10., 1., 29., 81.,
       42., 11., 9., 0., 0., 0., 94., 81., 12., 7., 3., 29., 26., 112.,
       125., 4., 5., 1., 3., 125., 48., 23., 46., 9., 4., 2., 34., 45.,
       8., 5., 125., 125., 19., 3., 16., 0., 0., 0., 99., 88., 0., 0.,
       0., 19., 8., 14., 9., 2., 104., 44., 1., 122., 125., 62., 22., 6.,
       21., 8., 4., 11., 38., 73., 125., 98., 0., 0., 1., 0., 0., 0.,
       37., 35., 0., 0., 0., 1., 1., 0., 3., 36., 88., 23., 1., 1., 17.,
       16., 2., 33., 68., 63., 18., 0., 5., 21., 28., 33., 42., 20., 1.,
       0., 0., 0., 6., 7., 1., 0., 0., 23., 56., 14., 1., 0., 0., 0., 3.,
       8., 50., 64., 45., 5., 4., 24., 12., 6., 76., 97., 7., 2., 12.,
       14., 1., 1., 32., 130., 1., 1., 1., 2., 3., 52., 5., 1., 0., 0.,
       0., 0., 14., 130., 6., 4., 1., 5., 40., 97., 113., 9., 5., 17.,
       2., 70., 130., 70., 21., 25., 7., 29., 1., 10., 22., 38., 121.,
       85., 3., 0., 0., 0., 0., 0., 1., 130., 42., 3., 2., 13., 12., 6.,
       18., 32., 20., 5., 5., 130., 130., 17., 24., 107., 8., 1., 3.,
       24., 37., 22., 130., 66., 0., 0., 0., 0., 0., 0., 4., 130., 33.,
       9., 4., 1., 0., 0., 8., 33., 58., 14., 9., 22., 39., 18., 7., 30.,
       27., 7., 20., 22., 22., 18., 17., 37., 0., 0., 0., 0., 1., 5.,
       65., 119., 2., 1., 1., 1., 2., 8., 128., 94., 2., 1., 1., 17., 8.,
       8., 81., 29., 3., 0., 0., 91., 20., 2., 12., 128., 0., 0., 0., 0.,
       0., 1., 115., 128., 23., 23., 8., 2., 13., 12., 126., 128., 31.,
       17., 9., 17., 10., 4., 16., 21., 14., 4., 6., 113., 42., 1., 2.,
       128., 0., 0., 0., 0., 0., 1., 116., 117., 3., 2., 8., 23., 50.,
       17., 73., 103., 26., 11., 15., 17., 18., 3., 6., 11., 17., 24.,
       21., 32., 28., 3., 2., 128., 4., 0., 0., 0., 0., 0., 74., 64.,
       12., 1., 14., 43., 19., 1., 19., 55., 22., 1., 9., 26., 18., 1.,
       1., 25., 12., 4., 4., 17., 13., 4., 18., 10., 88., 31., 1., 4.,
       15., 9., 0., 41., 42., 3., 5., 18., 52., 18., 14., 41., 4., 1.,
       11., 93., 11., 12., 24., 49., 26., 2., 9., 40., 5., 5., 31., 36.,
       28., 0., 0., 39., 98., 17., 1., 131., 42., 0., 2., 19., 16., 19.,
       15., 18., 4., 1., 34., 131., 16., 25., 17., 30., 60., 14., 40.,
       57., 13., 26., 11., 52., 5., 0., 34., 122., 24., 1., 12., 131.,
       8., 3., 26., 53., 4., 0., 12., 40., 17., 10., 79., 131., 7., 12.,
       17., 15., 14., 20., 131., 94., 21., 30., 21., 36., 2., 11., 88.,
       28., 0., 0., 16., 125., 4., 12., 47., 28., 1., 0., 31., 6., 6.,
       28., 131., 63., 13., 6., 0., 1., 4., 13., 131., 34., 1., 1., 0.,
       91., 3., 2., 0., 0., 1., 4., 123., 81., 14., 5., 0., 25., 6., 8.,
       123., 37., 1., 0., 3., 123., 15., 2., 25., 74., 2., 2., 17., 27.,
       3., 3., 67., 123., 14., 15., 16., 14., 19., 20., 123., 123., 11.,
       7., 10., 42., 27., 9., 34., 55., 13., 0., 1., 123., 65., 2., 8.,
       84., 79., 7., 3., 39., 22., 1., 3., 88., 23., 34., 25., 9., 42.,
       14., 45., 123., 35., 21., 21., 16., 10., 1., 4., 20., 18., 24.,
       17., 118., 83., 1., 1., 6., 65., 29., 1., 23., 69., 9., 0., 53.,
       9., 3., 12., 31., 57., 8., 18., 107., 21., 5., 14., 35., 19., 1.,
       3., 16., 48., 26., 19., 45., 23., 2., 5., 11., 22., 4., 1., 3.,
       63., 44., 6., 29., 0., 0., 1., 1., 1., 0., 9., 171., 2., 0., 0.,
       1., 1., 1., 100., 77., 3., 11., 21., 27., 32., 12., 34., 10., 5.,
       21., 13., 5., 18., 17., 4., 69., 1., 0., 0., 2., 2., 0., 6., 171.,
       8., 0., 2., 4., 1., 1., 84., 79., 4., 11., 56., 49., 33., 19.,
       40., 8., 9., 15., 14., 5., 25., 33., 13., 62., 7., 0., 0., 0., 1.,
       1., 1., 171., 90., 0., 3., 10., 0., 0., 8., 89., 34., 4., 28.,
       83., 15., 17., 28., 15., 13., 5., 5., 14., 12., 61., 41., 15.,
       11., 0., 0., 0., 0., 0., 0., 171., 171., 1., 0., 1., 0., 0., 0.,
       74., 136., 14., 14., 25., 2., 0., 2., 16., 54., 12., 7., 11., 5.,
       3., 3., 0., 0., 38., 25., 0., 0., 5., 5., 0., 0., 10., 12., 0.,
       0., 25., 24., 6., 0., 1., 1., 0., 1., 47., 66., 6., 0., 0., 0.,
       11., 37., 76., 40., 4., 0., 1., 0., 3., 32., 113., 62., 58., 1.,
       0., 0., 3., 28., 113., 113., 42., 11., 0., 0., 3., 113., 113.,
       79., 52., 27., 0., 1., 57., 73., 28., 29., 71., 57., 0., 0., 34.,
       95., 50., 44., 113., 31., 8., 3., 32., 86., 23., 46., 46., 42.,
       56., 20., 18., 113., 27., 14., 24., 20., 4., 1., 20., 86., 42.,
       15., 111., 113., 0., 0., 10., 25., 1., 0., 37., 22., 4., 5., 31.,
       85., 30., 15., 7., 74., 59., 39., 82., 16., 5., 3., 15., 113.,
       14., 1., 4., 16., 22., 6., 75., 41., 7., 1., 0., 0., 14., 45.,
       24., 25., 49., 32., 0., 1., 53., 79., 48., 16., 21., 23., 7., 1.,
       13., 81., 18., 5., 10., 114., 25., 2., 6., 10., 45., 77., 9., 1.,
       0., 1., 0., 1., 114., 79., 44., 14., 0., 0., 2., 114., 30., 14.,
       47., 46., 57., 24., 15., 114., 7., 4., 8., 57., 57., 38., 88.,
       22., 23., 26., 0., 0., 8., 12., 0., 0., 110., 114., 61., 2., 0.,
       0., 2., 24., 25., 43., 114., 37., 7., 2., 27., 93., 31., 14., 39.,
       30., 3., 3., 23., 90., 3., 5., 0., 0., 36., 34., 0., 0., 105.,
       63., 3., 0., 1., 1., 2., 24., 60., 54., 63., 56., 0., 0., 26.,
       94., 0., 0., 97., 114., 0., 0., 9., 24., 81., 2., 3., 13., 5., 0.,
       0., 109., 79., 42., 14., 20., 28., 6., 1., 17., 16., 6., 1., 7.,
       113., 61., 31., 44., 45., 12., 3., 6., 7., 5., 15., 113., 52.,
       59., 57., 50., 16., 0., 1., 41., 113., 62., 27., 46., 17., 9., 3.,
       20., 43., 15., 27., 113., 45., 53., 19., 20., 89., 24., 14., 50.,
       26., 1., 4., 32., 4., 61., 70., 8., 0., 0., 0., 0., 47., 113.,
       113., 24., 1., 0., 0., 0., 87., 66., 101., 113., 6., 0., 0., 32.,
       91., 20., 17., 91., 68., 0., 0., 52., 0., 3., 3., 0., 0., 14.,
       33., 0., 0., 24., 25., 1., 0., 13., 10., 0., 28., 107., 45., 1.,
