%YAML:1.0
---
mat: !!opencv-matrix
   rows: 58
   cols: 128
   dt: f
   data: [ 3., 0., 0., 0., 3., 2., 0., 1., 64., 1., 0., 0., 0., 0., 0.,
       8., 32., 1., 0., 0., 0., 0., 0., 4., 1., 0., 0., 0., 0., 0., 0.,
       1., 37., 6., 1., 5., 144., 40., 1., 9., 180., 17., 1., 1., 3., 1.,
       0., 69., 117., 6., 8., 2., 0., 0., 0., 27., 1., 1., 13., 2., 0.,
       0., 0., 0., 51., 14., 4., 13., 180., 34., 0., 1., 180., 76., 3.,
       3., 11., 1., 0., 7., 97., 31., 37., 8., 0., 0., 0., 2., 0., 2.,
       51., 6., 0., 0., 0., 0., 27., 18., 5., 36., 180., 26., 0., 2.,
       180., 115., 5., 6., 12., 5., 0., 3., 85., 35., 17., 12., 0., 0.,
       0., 0., 0., 2., 31., 8., 0., 0., 0., 0., 0., 0., 0., 0., 107.,
       110., 4., 1., 89., 27., 1., 4., 109., 100., 7., 12., 134., 20.,
       0., 0., 0., 1., 1., 10., 0., 0., 0., 0., 0., 0., 0., 0., 0., 0.,
       0., 0., 62., 91., 12., 4., 58., 7., 0., 1., 134., 134., 11., 14.,
       134., 22., 0., 0., 8., 10., 3., 25., 18., 0., 0., 0., 0., 0., 0.,
       4., 0., 0., 0., 0., 17., 35., 17., 10., 16., 2., 0., 0., 134.,
       134., 14., 13., 134., 16., 0., 0., 19., 43., 13., 49., 58., 3.,
       0., 0., 0., 0., 0., 6., 0., 0., 0., 0., 2., 6., 16., 10., 1., 0.,
       0., 0., 109., 100., 6., 3., 134., 27., 0., 0., 51., 42., 3., 7.,
       87., 13., 0., 0., 0., 0., 0., 5., 0., 0., 0., 5., 1., 0., 0., 0.,
       1., 1., 2., 104., 109., 0., 0., 0., 149., 6., 3., 45., 54., 0.,
       0., 28., 87., 8., 8., 0., 0., 0., 0., 17., 0., 0., 0., 19., 7.,
       0., 0., 0., 13., 11., 11., 149., 133., 0., 0., 1., 149., 51., 15.,
       49., 22., 0., 0., 17., 76., 14., 17., 0., 0., 0., 0., 4., 0., 0.,
       0., 31., 18., 0., 0., 0., 46., 15., 10., 149., 145., 0., 0., 6.,
       149., 32., 6., 15., 12., 0., 0., 27., 55., 15., 20., 0., 0., 0.,
       0., 1., 0., 0., 0., 24., 28., 0., 0., 0., 74., 12., 7., 88., 116.,
       3., 2., 17., 149., 19., 4., 3., 1., 0., 1., 34., 26., 11., 16.,
       0., 0., 0., 0., 0., 0., 0., 0., 11., 6., 0., 0., 0., 6., 3., 3.,
       126., 136., 0., 0., 1., 152., 39., 7., 30., 29., 0., 0., 9., 94.,
       21., 8., 0., 0., 0., 0., 1., 0., 0., 0., 14., 12., 0., 0., 0.,
       15., 12., 9., 139., 152., 1., 1., 2., 152., 60., 10., 24., 18.,
       1., 1., 12., 112., 24., 10., 0., 0., 0., 0., 1., 0., 0., 0., 11.,
       15., 0., 0., 0., 30., 6., 3., 77., 152., 5., 1., 7., 152., 20.,
       2., 7., 14., 2., 1., 29., 98., 18., 10., 0., 0., 0., 0., 1., 0.,
       0., 0., 10., 11., 0., 0., 0., 44., 11., 4., 72., 87., 0., 0., 0.,
       152., 18., 2., 6., 3., 0., 0., 2., 66., 11., 5., 0., 0., 0., 0.,
       0., 0., 84., 68., 1., 0., 0., 0., 0., 0., 48., 109., 28., 0., 0.,
       0., 0., 14., 28., 86., 32., 0., 0., 0., 0., 25., 10., 4., 0., 0.,
       0., 0., 3., 10., 66., 107., 24., 0., 0., 0., 0., 17., 63., 138.,
       84., 1., 0., 0., 2., 138., 68., 61., 25., 0., 0., 0., 6., 80.,
       39., 20., 19., 0., 0., 0., 4., 22., 41., 65., 35., 0., 0., 0., 0.,
       59., 59., 58., 43., 3., 0., 0., 25., 138., 66., 16., 7., 0., 0.,
       0., 29., 15., 42., 76., 138., 3., 0., 0., 0., 7., 16., 33., 86.,
       10., 0., 0., 9., 82., 119., 27., 12., 0., 0., 3., 37., 47., 80.,
       30., 73., 8., 0., 0., 5., 0., 5., 32., 138., 46., 0., 0., 0., 11.,
       10., 1., 0., 41., 29., 16., 10., 75., 1., 0., 0., 126., 72., 2.,
       14., 126., 2., 0., 0., 5., 5., 11., 42., 3., 0., 0., 0., 0., 4.,
       45., 8., 91., 31., 2., 0., 26., 40., 12., 34., 53., 6., 0., 0.,
       126., 126., 14., 17., 126., 28., 0., 0., 15., 13., 16., 74., 13.,
       1., 0., 0., 0., 1., 52., 25., 126., 12., 1., 0., 8., 22., 23.,
       60., 6., 0., 0., 0., 61., 126., 126., 35., 44., 1., 0., 0., 4.,
       14., 126., 126., 3., 0., 0., 0., 0., 0., 78., 29., 118., 0., 0.,
       0., 0., 1., 18., 62., 1., 0., 0., 0., 0., 6., 90., 13., 0., 0.,
       0., 0., 0., 1., 92., 22., 0., 0., 0., 0., 0., 0., 69., 7., 0.,
       20., 56., 0., 0., 0., 0., 0., 0., 21., 90., 4., 0., 0., 0., 0.,
       0., 26., 86., 1., 0., 0., 0., 0., 0., 10., 41., 39., 18., 0., 0.,
       0., 0., 15., 75., 14., 4., 0., 0., 0., 6., 22., 127., 127., 36.,
       0., 0., 0., 63., 127., 127., 26., 3., 0., 0., 5., 9., 33., 35.,
       90., 58., 1., 0., 0., 0., 14., 41., 24., 20., 0., 0., 0., 47.,
       11., 18., 127., 127., 0., 0., 3., 127., 72., 17., 20., 20., 0.,
       0., 21., 22., 22., 15., 108., 99., 9., 1., 1., 0., 13., 25., 35.,
       27., 0., 0., 0., 71., 7., 4., 124., 127., 0., 0., 10., 127., 31.,
       5., 9., 6., 0., 0., 29., 9., 12., 11., 33., 68., 41., 5., 0., 0.,
       1., 23., 52., 19., 6., 0., 0., 0., 5., 43., 108., 57., 6., 0., 0.,
       34., 64., 59., 67., 26., 7., 0., 0., 14., 31., 20., 59., 34., 18.,
       14., 5., 7., 11., 42., 108., 108., 16., 3., 2., 102., 60., 73.,
       58., 48., 51., 13., 18., 32., 61., 14., 16., 82., 108., 10., 5.,
       74., 104., 11., 3., 16., 16., 24., 19., 13., 5., 4., 54., 73.,
       64., 14., 10., 83., 61., 39., 11., 44., 67., 22., 25., 33., 33.,
       26., 16., 86., 54., 76., 54., 76., 17., 1., 1., 11., 12., 73.,
       108., 13., 12., 6., 3., 38., 35., 16., 16., 17., 10., 8., 2., 25.,
       44., 104., 85., 28., 5., 2., 0., 1., 8., 90., 108., 0., 0., 0.,
       1., 7., 9., 45., 29., 4., 8., 43., 69., 17., 0., 0., 1., 13., 96.,
       106., 37., 6., 0., 0., 6., 9., 72., 106., 37., 4., 1., 0., 2., 9.,
       76., 94., 6., 0., 0., 0., 0., 18., 25., 17., 54., 106., 18., 5.,
       14., 84., 42., 29., 30., 42., 18., 13., 102., 41., 40., 47., 62.,
       63., 56., 12., 40., 57., 52., 47., 16., 11., 12., 3., 33., 12.,
       2., 0., 36., 87., 42., 32., 21., 104., 19., 6., 40., 40., 29.,
       38., 72., 57., 26., 21., 106., 60., 45., 35., 51., 67., 19., 8.,
       12., 5., 4., 40., 67., 2., 0., 0., 1., 12., 41., 67., 17., 5., 0.,
       0., 1., 7., 40., 101., 67., 7., 0., 0., 4., 13., 63., 106., 85.,
       7., 0., 0., 0., 0., 0., 84., 100., 7., 8., 54., 31., 1., 0., 0.,
       1., 2., 11., 102., 107., 17., 4., 1., 0., 22., 40., 107., 87.,
       15., 10., 5., 2., 37., 29., 32., 28., 11., 10., 5., 3., 12., 12.,
       62., 107., 89., 22., 2., 2., 93., 57., 76., 47., 27., 33., 20.,
       23., 50., 60., 18., 33., 74., 67., 32., 12., 62., 63., 10., 13.,
       12., 6., 6., 39., 21., 20., 25., 11., 70., 97., 6., 7., 87., 99.,
       5., 6., 39., 55., 10., 23., 47., 46., 11., 29., 107., 62., 71.,
       55., 107., 20., 3., 3., 6., 9., 37., 107., 22., 10., 5., 1., 20.,
       36., 28., 54., 27., 5., 0., 0., 31., 47., 64., 86., 38., 3., 0.,
       0., 0., 10., 60., 107., 20., 3., 0., 0., 0., 1., 28., 62., 0., 0.,
       0., 1., 1., 0., 0., 0., 13., 4., 2., 72., 117., 2., 1., 3., 193.,
       19., 3., 18., 33., 2., 1., 22., 94., 15., 10., 0., 0., 0., 0., 2.,
       0., 0., 0., 2., 1., 0., 0., 0., 42., 10., 3., 91., 120., 0., 0.,
       0., 193., 22., 3., 20., 20., 0., 0., 9., 100., 13., 7., 0., 0.,
       0., 0., 2., 0., 0., 0., 2., 2., 0., 0., 0., 69., 10., 0., 61.,
       116., 0., 0., 0., 193., 17., 0., 10., 17., 0., 0., 8., 85., 11.,
       4., 0., 0., 0., 0., 1., 0., 0., 0., 2., 1., 0., 0., 0., 71., 8.,
       1., 49., 71., 0., 0., 3., 193., 14., 0., 7., 7., 0., 0., 16., 58.,
       6., 1., 0., 0., 0., 0., 1., 1., 0., 0., 1., 36., 73., 21., 2.,
       23., 34., 24., 40., 109., 48., 28., 15., 143., 88., 14., 6., 4.,
       2., 1., 9., 16., 2., 0., 0., 0., 1., 15., 6., 0., 0., 0., 0., 45.,
       41., 10., 2., 42., 7., 2., 8., 147., 127., 0., 5., 147., 36., 1.,
       2., 21., 20., 1., 12., 50., 2., 0., 0., 0., 1., 20., 13., 0., 0.,
       0., 1., 36., 23., 22., 1., 17., 0., 0., 5., 147., 82., 2., 3.,
       147., 12., 0., 0., 39., 22., 2., 17., 88., 2., 0., 0., 0., 1.,
       18., 20., 4., 2., 0., 0., 20., 31., 16., 3., 5., 0., 0., 3., 144.,
       133., 2., 2., 147., 25., 0., 0., 34., 34., 1., 13., 89., 17., 0.,
       0., 0., 0., 6., 15., 0., 4., 16., 23., 26., 1., 0., 0., 10., 4.,
