%YAML:1.0
---
mat: !!opencv-matrix
   rows: 33
   cols: 128
   dt: f
   data: [ 0., 0., 0., 0., 0., 0., 0., 0., 30., 17., 0., 0., 0., 0., 0.,
       0., 45., 13., 0., 0., 0., 0., 0., 10., 4., 0., 0., 0., 0., 0., 1.,
       16., 11., 2., 0., 0., 8., 11., 1., 2., 167., 42., 0., 0., 4., 6.,
       1., 13., 167., 11., 0., 0., 0., 0., 0., 22., 7., 0., 0., 0., 0.,
       0., 0., 15., 35., 14., 1., 4., 143., 30., 1., 2., 167., 47., 1.,
       3., 53., 11., 1., 6., 167., 18., 0., 0., 0., 0., 0., 8., 8., 0.,
       0., 0., 0., 0., 0., 7., 122., 12., 0., 2., 157., 36., 2., 9.,
       167., 89., 0., 2., 76., 14., 0., 0., 167., 60., 0., 0., 0., 0.,
       0., 3., 5., 1., 0., 0., 1., 1., 2., 4., 8., 23., 7., 8., 0., 0.,
       0., 1., 8., 48., 44., 11., 0., 0., 0., 0., 16., 51., 12., 0., 0.,
       0., 0., 0., 7., 9., 6., 3., 0., 0., 0., 0., 3., 124., 75., 71.,
       1., 0., 0., 0., 18., 76., 124., 124., 8., 1., 0., 1., 124., 124.,
       53., 5., 0., 0., 0., 2., 12., 20., 55., 16., 0., 0., 0., 0., 41.,
       119., 80., 29., 2., 2., 1., 5., 85., 25., 26., 50., 29., 45., 10.,
       31., 124., 58., 19., 63., 7., 4., 2., 39., 11., 13., 124., 124.,
       10., 0., 0., 1., 104., 23., 11., 12., 5., 11., 25., 60., 85., 19.,
       2., 2., 52., 41., 8., 41., 63., 70., 21., 56., 33., 14., 10., 17.,
       2., 4., 19., 98., 44., 37., 53., 14., 2., 0., 0., 4., 7., 15.,
       21., 17., 0., 0., 11., 51., 82., 16., 5., 1., 1., 7., 41., 35.,
       48., 41., 21., 5., 17., 4., 4., 7., 17., 50., 41., 31., 0., 0.,
       8., 87., 53., 9., 7., 1., 19., 23., 41., 125., 65., 6., 3., 4.,
       117., 46., 15., 17., 12., 66., 58., 31., 39., 4., 2., 4., 5., 92.,
       103., 51., 0., 0., 1., 36., 125., 56., 2., 0., 52., 7., 6., 73.,
       120., 11., 4., 74., 125., 16., 2., 3., 2., 8., 13., 125., 18., 0.,
       0., 0., 0., 21., 91., 43., 1., 0., 0., 3., 125., 47., 4., 1., 63.,
       0., 0., 3., 79., 32., 26., 125., 71., 0., 0., 0., 0., 0., 7.,
       125., 3., 0., 0., 0., 0., 1., 11., 17., 0., 0., 0., 6., 23., 17.,
       20., 6., 2., 1., 17., 54., 60., 41., 11., 7., 7., 5., 13., 16.,
       12., 55., 68., 20., 83., 32., 2., 2., 2., 10., 29., 59., 0., 0.,
       0., 40., 51., 20., 16., 2., 15., 40., 22., 107., 113., 30., 8.,
       9., 111., 106., 12., 7., 3., 28., 99., 34., 35., 4., 0., 0., 0.,
       13., 121., 98., 0., 0., 0., 32., 116., 61., 5., 2., 38., 13., 5.,
       52., 129., 49., 2., 12., 129., 46., 3., 3., 8., 3., 3., 63., 67.,
       2., 0., 0., 0., 0., 10., 32., 0., 0., 0., 0., 30., 101., 9., 6.,
       28., 1., 0., 0., 107., 129., 12., 20., 129., 3., 0., 0., 5., 13.,
       8., 89., 38., 0., 0., 0., 0., 0., 9., 29., 131., 127., 15., 7.,
       11., 5., 3., 31., 39., 17., 3., 54., 131., 0., 0., 1., 131., 46.,
       4., 13., 28., 0., 0., 0., 29., 13., 11., 4., 7., 27., 9., 0.,
       131., 55., 3., 12., 20., 13., 26., 131., 47., 19., 6., 125., 131.,
       16., 4., 12., 131., 92., 7., 25., 26., 3., 3., 27., 42., 30., 18.,
       8., 0., 0., 0., 1., 13., 4., 16., 9., 22., 14., 37., 110., 8., 1.,
       6., 25., 98., 113., 50., 26., 109., 18., 8., 4., 6., 17., 41.,
       92., 23., 19., 53., 12., 0., 0., 0., 2., 1., 4., 59., 11., 1., 0.,
       0., 1., 0., 5., 46., 12., 5., 11., 7., 1., 2., 5., 27., 20., 1.,
       3., 7., 4., 0., 4., 49., 16., 0., 0., 0., 0., 3., 0., 0., 0., 0.,
       0., 12., 41., 5., 5., 11., 3., 0., 0., 22., 28., 7., 17., 9., 1.,
       0., 0., 31., 42., 1., 2., 12., 44., 10., 5., 24., 15., 0., 0., 0.,
       1., 12., 13., 44., 34., 8., 22., 54., 71., 98., 22., 8., 4., 106.,
       129., 55., 24., 18., 4., 1., 12., 17., 21., 25., 129., 129., 27.,
       2., 4., 1., 0., 0., 0., 16., 29., 23., 28., 16., 4., 3., 14.,
       129., 129., 9., 6., 129., 40., 3., 5., 31., 58., 9., 27., 49.,
       13., 1., 12., 129., 129., 12., 6., 1., 2., 6., 0., 0., 6., 11.,
       20., 2., 2., 1., 0., 68., 129., 10., 5., 126., 28., 0., 0., 59.,
       81., 4., 7., 90., 15., 0., 2., 73., 62., 3., 7., 154., 2., 0., 0.,
       5., 11., 3., 66., 15., 1., 1., 3., 54., 79., 16., 21., 93., 3.,
       1., 1., 3., 12., 14., 122., 32., 0., 0., 0., 0., 0., 11., 67.,
       154., 0., 0., 0., 11., 13., 3., 132., 40., 9., 1., 8., 108., 66.,
       8., 19., 154., 16., 1., 3., 7., 7., 5., 92., 26., 0., 0., 0., 1.,
       1., 14., 55., 70., 0., 0., 0., 3., 12., 7., 101., 20., 1., 0., 1.,
       33., 154., 34., 28., 154., 12., 0., 0., 6., 50., 16., 38., 56.,
       5., 0., 0., 1., 5., 12., 26., 2., 0., 0., 0., 0., 0., 3., 23., 2.,
       0., 0., 0., 28., 69., 12., 21., 65., 31., 0., 1., 42., 57., 2.,
       3., 77., 34., 0., 0., 0., 1., 3., 8., 14., 13., 9., 18., 122.,
       26., 0., 3., 122., 24., 2., 7., 48., 23., 24., 54., 51., 14., 0.,
       0., 0., 42., 78., 42., 42., 7., 6., 1., 0., 0., 7., 28., 23., 79.,
       32., 39., 122., 17., 0., 3., 122., 36., 4., 16., 67., 8., 2., 25.,
       80., 12., 34., 49., 1., 6., 21., 10., 5., 17., 101., 80., 7., 0.,
       3., 6., 6., 25., 26., 25., 15., 51., 115., 46., 102., 7., 19.,
       32., 26., 10., 45., 122., 21., 9., 106., 100., 17., 5., 2., 4.,
       24., 12., 43., 100., 38., 5., 7., 39., 1., 1., 0., 0., 0., 19.,
       96., 18., 1., 0., 2., 7., 30., 71., 56., 23., 1., 2., 16., 21.,
       24., 104., 79., 2., 50., 4., 8., 23., 15., 34., 46., 56., 6., 1.,
       17., 60., 27., 0., 0., 2., 18., 63., 110., 55., 13., 0., 1., 16.,
       52., 86., 19., 0., 0., 0., 2., 12., 15., 2., 0., 0., 0., 4., 8.,
       4., 5., 1., 48., 93., 101., 3., 0., 2., 110., 24., 20., 36., 59.,
       3., 13., 88., 89., 38., 47., 19., 0., 0., 17., 77., 18., 46., 39.,
       2., 0., 0., 0., 2., 5., 2., 34., 37., 59., 87., 64., 13., 110.,
       25., 31., 33., 13., 23., 59., 58., 31., 35., 110., 110., 7., 11.,
       7., 14., 11., 110., 110., 33., 5., 0., 1., 6., 2., 33., 11., 0.,
       2., 38., 74., 7., 3., 12., 6., 6., 7., 88., 101., 15., 6., 2., 6.,
       21., 14., 100., 110., 16., 7., 10., 24., 34., 30., 72., 81., 15.,
       0., 0., 10., 27., 17., 6., 0., 0., 0., 4., 60., 36., 7., 4., 0.,
       0., 2., 26., 35., 5., 5., 8., 0., 0., 1., 2., 0., 1., 8., 18., 1.,
       0., 5., 9., 126., 114., 5., 1., 1., 1., 16., 35., 131., 131., 48.,
       8., 1., 1., 131., 131., 67., 12., 5., 1., 0., 3., 29., 6., 0., 1.,
       7., 14., 2., 2., 50., 16., 49., 32., 16., 14., 36., 80., 65., 9.,
       7., 19., 131., 55., 10., 35., 131., 17., 3., 3., 25., 4., 2., 53.,
       43., 0., 0., 2., 13., 5., 0., 5., 4., 0., 0., 0., 9., 26., 106.,
       70., 15., 0., 0., 0., 88., 131., 71., 51., 109., 0., 0., 0., 6.,
       14., 47., 131., 12., 0., 0., 1., 4., 12., 2., 8., 0., 1., 50.,
       50., 1., 1., 0., 0., 1., 25., 98., 55., 4., 1., 0., 0., 2., 9.,
       102., 106., 21., 3., 0., 0., 8., 20., 98., 36., 1., 0., 1., 7.,
       3., 18., 112., 112., 24., 5., 1., 1., 112., 82., 77., 84., 24.,
       8., 1., 10., 49., 19., 21., 44., 112., 64., 5., 15., 62., 16.,
       14., 6., 7., 7., 8., 66., 10., 7., 9., 22., 51., 48., 21., 13.,
       112., 19., 2., 11., 22., 29., 40., 56., 61., 17., 4., 31., 112.,
       51., 33., 27., 100., 15., 2., 5., 9., 8., 23., 89., 10., 2., 1.,
       4., 12., 20., 79., 85., 17., 1., 0., 0., 1., 10., 112., 84., 7.,
       1., 0., 0., 5., 35., 100., 44., 6., 0., 0., 0., 1., 6., 52., 64.,
       0., 3., 7., 7., 0., 0., 0., 0., 1., 8., 38., 24., 0., 0., 0., 0.,
       2., 23., 44., 3., 17., 37., 1., 0., 1., 9., 5., 1., 17., 96., 55.,
       3., 0., 4., 19., 65., 12., 0., 0., 0., 10., 30., 127., 134., 60.,
       0., 0., 1., 134., 134., 126., 25., 3., 1., 1., 3., 42., 27., 6.,
       1., 0., 10., 21., 1., 0., 0., 11., 134., 70., 2., 1., 1., 33., 9.,
       16., 134., 121., 27., 46., 29., 134., 67., 10., 9., 8., 5., 21.,
       56., 76., 36., 4., 1., 0., 0., 0., 2., 1., 5., 34., 47., 99., 9.,
       3., 3., 32., 17., 1., 11., 27., 15., 62., 49., 84., 8., 0., 0.,
       0., 2., 39., 127., 47., 12., 1., 0., 0., 0., 0., 19., 0., 0., 1.,
