%YAML:1.0
---
mat: !!opencv-matrix
   rows: 46
   cols: 128
   dt: f
   data: [ 0., 0., 0., 0., 0., 0., 0., 0., 72., 7., 0., 0., 0., 0., 1.,
       17., 140., 96., 0., 0., 0., 1., 3., 10., 106., 58., 0., 0., 0.,
       0., 0., 2., 1., 1., 0., 0., 0., 0., 0., 0., 136., 18., 0., 0., 0.,
       2., 12., 61., 96., 27., 0., 0., 0., 19., 92., 73., 153., 31., 0.,
       0., 0., 1., 11., 46., 8., 4., 0., 0., 0., 0., 0., 0., 153., 64.,
       0., 0., 0., 0., 3., 25., 153., 5., 0., 0., 0., 5., 61., 84., 56.,
       0., 0., 0., 0., 0., 16., 78., 19., 23., 0., 0., 0., 0., 0., 0.,
       153., 131., 0., 0., 0., 0., 0., 21., 153., 16., 0., 0., 0., 0.,
       0., 27., 41., 0., 0., 0., 0., 0., 0., 17., 19., 0., 0., 0., 0.,
       0., 0., 33., 131., 14., 0., 0., 0., 1., 0., 73., 131., 11., 0.,
       0., 0., 0., 0., 31., 29., 0., 0., 0., 0., 0., 0., 38., 80., 1.,
       0., 0., 1., 12., 12., 131., 93., 21., 0., 1., 12., 69., 22., 69.,
       131., 39., 0., 0., 0., 3., 3., 43., 42., 1., 0., 0., 0., 0., 0.,
       33., 131., 3., 0., 0., 0., 13., 13., 131., 34., 1., 0., 0., 3.,
       127., 81., 89., 131., 3., 0., 0., 0., 7., 23., 131., 36., 0., 0.,
       0., 0., 0., 0., 29., 131., 0., 0., 0., 0., 1., 2., 131., 16., 0.,
       0., 0., 0., 9., 33., 66., 19., 0., 0., 0., 0., 1., 9., 70., 15.,
       0., 1., 1., 0., 0., 0., 18., 0., 0., 0., 0., 0., 1., 0., 0., 12.,
       0., 0., 0., 0., 10., 5., 19., 101., 1., 0., 0., 0., 0., 1., 139.,
       50., 1., 0., 0., 1., 1., 2., 139., 1., 0., 0., 0., 0., 17., 22.,
       25., 44., 0., 0., 0., 22., 134., 41., 24., 139., 5., 0., 0., 3.,
       11., 4., 98., 64., 1., 0., 0., 3., 5., 5., 86., 5., 0., 0., 1.,
       1., 15., 27., 139., 14., 0., 0., 11., 47., 139., 42., 29., 139.,
       31., 0., 4., 11., 46., 17., 24., 125., 14., 0., 0., 0., 1., 2.,
       35., 1., 0., 0., 7., 16., 8., 11., 82., 0., 0., 1., 80., 68., 44.,
       20., 6., 119., 50., 1., 19., 16., 19., 15., 4., 133., 62., 0., 0.,
       0., 0., 0., 9., 2., 11., 52., 125., 55., 1., 0., 0., 116., 125.,
       52., 46., 22., 1., 0., 1., 35., 31., 12., 13., 3., 4., 1., 0., 1.,
       10., 6., 1., 2., 9., 3., 0., 23., 25., 39., 57., 103., 24., 3.,
       10., 125., 40., 4., 15., 56., 21., 5., 39., 99., 37., 32., 85.,
       53., 0., 0., 4., 60., 63., 19., 11., 4., 2., 1., 3., 15., 2., 0.,
       1., 37., 63., 86., 38., 125., 30., 3., 8., 23., 47., 66., 35.,
       71., 26., 9., 60., 88., 8., 21., 45., 115., 13., 3., 4., 6., 2.,
       5., 79., 16., 0., 0., 0., 0., 35., 83., 58., 6., 1., 0., 1., 1.,
       67., 125., 13., 5., 1., 0., 2., 6., 13., 110., 70., 8., 0., 0.,
       0., 1., 4., 15., 69., 1., 1., 13., 50., 29., 0., 9., 10., 49.,
       72., 72., 51., 16., 0., 0., 2., 42., 34., 11., 6., 0., 0., 0., 1.,
       1., 3., 25., 61., 4., 0., 0., 0., 2., 2., 22., 115., 86., 1., 0.,
       1., 115., 45., 13., 63., 61., 0., 0., 34., 89., 17., 66., 115.,
       30., 1., 0., 11., 16., 8., 115., 115., 11., 0., 1., 5., 2., 3.,
       8., 56., 61., 108., 27., 1., 115., 88., 16., 32., 26., 37., 73.,
       34., 23., 33., 29., 101., 73., 41., 70., 16., 36., 6., 26., 22.,
       14., 42., 48., 34., 2., 5., 8., 0., 2., 61., 47., 1., 6., 6., 4.,
       0., 1., 29., 115., 34., 2., 2., 1., 1., 1., 51., 115., 25., 13.,
       0., 0., 0., 1., 104., 61., 31., 36., 12., 8., 1., 0., 1., 64.,
       115., 28., 9., 31., 20., 1., 17., 30., 75., 1., 18., 36., 40.,
       14., 10., 65., 26., 1., 18., 91., 64., 23., 3., 26., 13., 12.,
       43., 80., 53., 23., 1., 8., 36., 12., 57., 115., 115., 6., 2., 4.,
       7., 113., 104., 68., 45., 35., 21., 3., 10., 10., 10., 22., 29.,
       76., 91., 49., 14., 2., 14., 22., 36., 61., 52., 49., 19., 15.,
       20., 33., 39., 12., 14., 115., 72., 115., 18., 22., 15., 3., 11.,
       60., 107., 17., 4., 69., 18., 5., 45., 46., 16., 2., 19., 104.,
       8., 3., 18., 28., 13., 4., 35., 104., 0., 0., 1., 56., 37., 8.,
       10., 74., 21., 4., 3., 35., 36., 1., 4., 60., 28., 6., 8., 62.,
       20., 8., 0., 0., 16., 75., 7., 7., 68., 14., 1., 13., 57., 71.,
       5., 7., 81., 29., 79., 46., 36., 21., 2., 9., 33., 22., 31., 2.,
       19., 68., 29., 5., 17., 33., 3., 1., 16., 51., 13., 5., 70., 21.,
       10., 5., 108., 110., 47., 12., 25., 110., 29., 5., 19., 18., 9.,
       27., 110., 33., 3., 0., 1., 106., 45., 20., 61., 83., 10., 7.,
       19., 17., 19., 5., 53., 12., 6., 33., 22., 42., 110., 83., 14.,
       110., 17., 8., 3., 4., 32., 92., 104., 36., 1., 15., 40., 48.,
       36., 4., 20., 44., 0., 6., 40., 46., 1., 1., 47., 11., 32., 106.,
       71., 40., 7., 8., 12., 76., 80., 32., 8., 13., 3., 14., 41., 8.,
       3., 14., 90., 105., 0., 1., 5., 2., 15., 79., 85., 7., 1., 0., 0.,
       43., 108., 64., 11., 1., 0., 0., 0., 10., 14., 27., 27., 1., 0.,
       1., 0., 1., 1., 79., 26., 0., 0., 0., 0., 31., 17., 43., 66., 23.,
       30., 5., 15., 123., 57., 12., 26., 17., 18., 3., 23., 37., 15.,
       75., 123., 73., 2., 1., 3., 12., 19., 123., 89., 6., 3., 9., 18.,
       94., 7., 6., 3., 24., 51., 15., 83., 112., 41., 6., 17., 45., 50.,
       7., 18., 16., 13., 8., 87., 123., 79., 94., 29., 15., 6., 8., 13.,
       8., 26., 100., 114., 14., 0., 0., 0., 10., 41., 23., 66., 10.,
       10., 1., 0., 11., 65., 54., 43., 6., 3., 1., 0., 2., 31., 89.,
       59., 0., 0., 0., 0., 0., 43., 91., 16., 0., 1., 19., 26., 14., 1.,
       1., 0., 0., 15., 45., 73., 39., 12., 5., 0., 0., 74., 58., 23.,
       58., 13., 3., 0., 9., 14., 20., 37., 120., 42., 7., 8., 3., 12.,
       123., 112., 21., 0., 0., 0., 90., 85., 69., 49., 26., 40., 16.,
       8., 18., 54., 26., 7., 84., 110., 10., 4., 30., 31., 21., 7., 44.,
       37., 20., 39., 14., 9., 36., 93., 74., 9., 21., 33., 123., 45.,
       13., 15., 16., 14., 23., 123., 54., 5., 3., 1., 73., 123., 33.,
       24., 48., 10., 5., 1., 11., 52., 74., 99., 7., 1., 6., 11., 6.,
       4., 43., 123., 23., 0., 0., 0., 1., 2., 37., 123., 8., 0., 1., 1.,
       1., 31., 22., 20., 1., 0., 0., 0., 0., 13., 50., 27., 34., 22.,
       0., 0., 54., 104., 16., 7., 113., 77., 15., 2., 3., 12., 12., 16.,
       8., 32., 16., 0., 7., 40., 45., 4., 2., 1., 1., 3., 1., 5., 67.,
       33., 3., 0., 0., 9., 38., 87., 38., 9., 36., 38., 85., 120., 76.,
       28., 22., 19., 124., 124., 68., 16., 2., 1., 1., 7., 26., 9., 1.,
       19., 28., 11., 2., 2., 1., 0., 0., 3., 48., 45., 3., 5., 31., 9.,
       7., 35., 124., 124., 6., 12., 124., 95., 5., 4., 14., 29., 5.,
       25., 51., 28., 0., 1., 13., 25., 1., 2., 1., 1., 1., 0., 4., 13.,
       1., 2., 2., 3., 0., 0., 77., 124., 1., 0., 72., 112., 1., 1., 46.,
       104., 8., 2., 50., 119., 1., 1., 1., 1., 0., 0., 15., 2., 33.,
       10., 2., 10., 31., 44., 2., 16., 28., 12., 5., 22., 34., 18., 0.,
       3., 33., 54., 10., 19., 18., 14., 1., 1., 71., 79., 23., 12., 13.,
       6., 3., 40., 127., 55., 4., 1., 2., 1., 118., 87., 71., 48., 19.,
       2., 0., 1., 26., 10., 37., 127., 127., 38., 18., 1., 4., 18.,
       124., 110., 24., 18., 82., 13., 10., 23., 28., 18., 31., 48., 43.,
       46., 127., 20., 10., 11., 8., 22., 31., 58., 56., 1., 0., 6., 72.,
       124., 107., 11., 1., 1., 0., 4., 8., 31., 127., 18., 0., 0., 0.,
       0., 10., 49., 98., 54., 37., 0., 2., 1., 0., 11., 85., 85., 13.,
       0., 5., 3., 4., 10., 12., 15., 0., 0., 11., 4., 2., 8., 17., 0.,
       19., 53., 22., 28., 98., 30., 0., 0., 32., 94., 21., 38., 101.,
       13., 0., 0., 100., 94., 7., 34., 76., 13., 1., 2., 41., 40., 7.,
       40., 77., 8., 0., 0., 10., 17., 2., 1., 112., 105., 1., 3., 102.,
       59., 12., 14., 53., 59., 20., 44., 94., 26., 2., 11., 46., 112.,
       39., 25., 77., 22., 1., 11., 60., 21., 17., 11., 5., 2., 0., 0.,
       112., 88., 2., 2., 112., 30., 0., 0., 60., 57., 14., 39., 62., 9.,
       0., 0., 47., 112., 50., 35., 35., 2., 0., 0., 4., 20., 64., 95.,
       5., 4., 0., 0., 39., 59., 10., 1., 38., 3., 0., 0., 16., 50., 63.,
