%YAML:1.0
---
mat: !!opencv-matrix
   rows: 140
   cols: 128
   dt: f
   data: [ 14., 8., 1., 0., 0., 0., 0., 0., 162., 23., 0., 0., 0., 0.,
       0., 0., 61., 7., 0., 0., 0., 0., 0., 0., 0., 0., 0., 0., 0., 0.,
       0., 0., 46., 25., 8., 3., 0., 0., 0., 0., 197., 53., 0., 0., 0.,
       0., 0., 1., 186., 7., 0., 0., 0., 0., 0., 1., 1., 0., 0., 0., 0.,
       0., 0., 0., 52., 9., 9., 2., 0., 0., 0., 1., 197., 25., 0., 0.,
       0., 0., 0., 5., 197., 9., 0., 0., 0., 0., 0., 0., 1., 0., 0., 2.,
       1., 0., 0., 0., 46., 8., 4., 0., 0., 0., 0., 1., 197., 24., 0.,
       0., 0., 0., 0., 1., 171., 10., 0., 0., 0., 0., 0., 0., 1., 0., 0.,
       4., 12., 0., 0., 0., 0., 7., 171., 70., 0., 0., 0., 0., 25., 76.,
       171., 57., 0., 0., 0., 0., 159., 135., 78., 2., 0., 0., 0., 3.,
       20., 20., 4., 10., 107., 12., 0., 1., 0., 0., 92., 38., 0., 0.,
       0., 0., 132., 32., 51., 17., 0., 0., 0., 3., 171., 30., 2., 0.,
       1., 2., 0., 9., 41., 1., 0., 0., 95., 23., 1., 7., 0., 0., 7., 4.,
       0., 0., 24., 15., 117., 6., 3., 1., 0., 0., 21., 40., 171., 39.,
       0., 0., 1., 2., 0., 13., 35., 5., 0., 0., 33., 14., 1., 4., 0.,
       0., 0., 0., 0., 0., 24., 12., 15., 2., 0., 0., 0., 0., 10., 12.,
       47., 13., 0., 0., 0., 0., 0., 2., 3., 1., 0., 0., 0., 0., 0., 0.,
       6., 36., 62., 11., 19., 14., 0., 0., 16., 137., 27., 1., 2., 10.,
       8., 1., 10., 75., 5., 0., 0., 76., 49., 0., 1., 1., 0., 0., 0.,
       137., 101., 0., 0., 75., 137., 25., 9., 0., 0., 1., 26., 137.,
       137., 1., 0., 0., 0., 3., 137., 137., 22., 0., 0., 1., 1., 3.,
       22., 8., 0., 0., 0., 14., 10., 0., 2., 5., 13., 9., 14., 3., 10.,
       9., 108., 29., 25., 0., 1., 1., 4., 57., 137., 37., 2., 0., 0.,
       0., 0., 96., 34., 2., 0., 0., 0., 0., 0., 8., 5., 8., 11., 4., 3.,
       3., 7., 5., 137., 2., 2., 1., 2., 1., 1., 43., 137., 6., 0., 0.,
       0., 0., 0., 64., 10., 0., 0., 0., 0., 0., 0., 3., 3., 1., 0., 0.,
       13., 11., 0., 0., 139., 36., 0., 0., 6., 7., 0., 9., 139., 20.,
       0., 0., 0., 6., 50., 60., 76., 17., 5., 15., 16., 17., 26., 44.,
       0., 0., 0., 0., 7., 8., 5., 1., 130., 36., 0., 0., 9., 14., 57.,
       29., 139., 41., 0., 0., 3., 7., 30., 85., 28., 24., 28., 9., 36.,
       39., 23., 38., 0., 0., 0., 0., 0., 1., 14., 3., 20., 2., 18., 7.,
       1., 4., 139., 89., 139., 31., 45., 5., 9., 9., 91., 139., 21.,
       20., 24., 31., 101., 77., 7., 14., 0., 0., 0., 0., 0., 0., 0., 0.,
       0., 2., 80., 25., 0., 0., 21., 4., 7., 114., 139., 12., 1., 0.,
       8., 6., 5., 69., 37., 37., 50., 8., 0., 0., 36., 50., 97., 11.,
       4., 6., 5., 12., 35., 59., 29., 18., 13., 8., 24., 26., 7., 19.,
       17., 27., 22., 27., 116., 53., 0., 0., 4., 32., 23., 68., 67.,
       13., 35., 70., 141., 6., 0., 0., 0., 8., 34., 115., 141., 7., 0.,
       0., 2., 6., 95., 141., 133., 30., 25., 3., 17., 13., 6., 8., 19.,
       141., 93., 7., 3., 1., 0., 6., 107., 8., 0., 0., 16., 7., 77.,
       26., 109., 8., 0., 0., 13., 20., 141., 53., 16., 4., 32., 4., 0.,
       27., 16., 2., 1., 22., 125., 9., 0., 2., 0., 0., 0., 0., 0., 0.,
       11., 4., 8., 0., 0., 0., 0., 0., 5., 4., 22., 1., 0., 0., 1., 0.,
       0., 1., 1., 0., 0., 0., 1., 0., 0., 0., 135., 37., 0., 0., 8., 5.,
       1., 1., 8., 8., 4., 2., 6., 6., 6., 17., 117., 20., 1., 1., 0.,
       2., 6., 12., 111., 26., 0., 0., 0., 0., 0., 0., 135., 113., 7.,
       6., 3., 3., 1., 1., 61., 19., 0., 0., 2., 10., 20., 53., 88., 10.,
       0., 0., 11., 41., 29., 22., 135., 25., 0., 0., 1., 1., 1., 2.,
       135., 128., 15., 5., 0., 0., 0., 0., 135., 33., 0., 0., 3., 3.,
       1., 9., 85., 2., 0., 0., 63., 24., 3., 6., 135., 12., 0., 0., 5.,
       1., 0., 1., 135., 23., 1., 0., 0., 0., 0., 4., 135., 10., 0., 0.,
       3., 0., 0., 2., 67., 1., 0., 1., 63., 4., 0., 2., 124., 7., 0.,
       0., 7., 0., 0., 0., 3., 4., 3., 4., 39., 22., 1., 2., 6., 40.,
       28., 9., 22., 37., 29., 3., 3., 49., 120., 1., 0., 2., 38., 9.,
       0., 3., 120., 14., 1., 2., 18., 5., 0., 0., 1., 7., 74., 27., 0.,
       0., 26., 13., 46., 44., 67., 30., 3., 3., 120., 43., 34., 11.,
       13., 36., 61., 99., 4., 3., 27., 29., 62., 99., 49., 16., 1., 1.,
       0., 3., 57., 95., 9., 1., 32., 5., 1., 3., 106., 94., 8., 12.,
       120., 108., 68., 36., 21., 30., 19., 60., 25., 23., 63., 78., 52.,
       46., 23., 11., 0., 0., 0., 1., 108., 120., 16., 0., 1., 0., 0.,
       0., 29., 72., 57., 15., 8., 3., 3., 2., 3., 29., 83., 85., 15.,
       3., 3., 3., 3., 27., 120., 27., 12., 149., 109., 13., 0., 0., 0.,
       0., 30., 149., 28., 0., 0., 0., 0., 0., 2., 80., 59., 0., 0., 0.,
       0., 0., 2., 20., 11., 0., 0., 0., 0., 0., 56., 49., 6., 2., 6.,
       1., 1., 2., 149., 130., 9., 0., 1., 1., 4., 26., 64., 89., 53.,
       4., 17., 8., 9., 20., 84., 51., 13., 0., 1., 0., 0., 11., 61., 6.,
       0., 1., 6., 22., 6., 4., 149., 17., 0., 1., 6., 1., 1., 12., 134.,
       15., 0., 7., 66., 11., 2., 8., 135., 28., 0., 0., 2., 1., 0., 12.,
       26., 9., 16., 14., 35., 41., 7., 17., 149., 50., 3., 0., 2., 1.,
       1., 40., 71., 27., 0., 0., 36., 37., 0., 2., 48., 107., 1., 0.,
       4., 12., 0., 0., 16., 2., 0., 0., 6., 1., 0., 0., 72., 13., 0.,
       0., 0., 0., 0., 4., 154., 30., 0., 0., 0., 0., 0., 56., 51., 7.,
       0., 0., 0., 2., 11., 46., 12., 3., 0., 1., 7., 1., 1., 6., 119.,
       4., 0., 0., 0., 0., 1., 11., 154., 1., 0., 0., 0., 0., 0., 93.,
       45., 0., 0., 1., 5., 5., 12., 55., 11., 7., 0., 1., 5., 14., 25.,
       3., 114., 11., 1., 0., 0., 1., 8., 16., 154., 22., 0., 0., 0., 0.,
       1., 36., 59., 5., 0., 1., 8., 5., 17., 18., 1., 0., 0., 0., 0.,
       107., 154., 1., 37., 2., 0., 0., 0., 56., 154., 79., 154., 4., 0.,
       0., 0., 1., 19., 154., 30., 4., 1., 1., 0., 4., 60., 67., 2., 5.,
       3., 0., 0., 5., 6., 1., 133., 9., 1., 0., 0., 2., 3., 11., 134.,
       16., 0., 0., 0., 0., 5., 20., 11., 4., 1., 3., 4., 2., 7., 8., 4.,
       8., 7., 0., 0., 2., 5., 2., 134., 20., 2., 0., 0., 0., 1., 33.,
       134., 43., 1., 0., 0., 0., 2., 39., 20., 7., 3., 6., 3., 4., 22.,
       14., 3., 0., 0., 0., 0., 103., 134., 13., 93., 9., 0., 0., 0.,
       21., 59., 134., 133., 22., 0., 0., 0., 0., 26., 134., 9., 3., 0.,
       0., 0., 2., 78., 64., 0., 5., 23., 0., 0., 98., 126., 1., 45.,
       15., 11., 0., 0., 94., 134., 29., 88., 83., 2., 0., 0., 9., 43.,
       40., 6., 56., 12., 1., 1., 1., 8., 8., 1., 5., 107., 4., 1., 4.,
       4., 3., 129., 81., 61., 1., 1., 4., 1., 18., 114., 27., 2., 31.,
       3., 1., 0., 7., 1., 0., 19., 85., 2., 1., 2., 21., 12., 11., 21.,
       1., 2., 6., 7., 3., 129., 16., 5., 3., 3., 3., 1., 87., 104., 4.,
       2., 107., 41., 0., 0., 58., 18., 0., 5., 61., 9., 0., 3., 129.,
       18., 4., 1., 0., 21., 15., 10., 1., 129., 57., 1., 6., 14., 3.,
       0., 5., 108., 19., 1., 37., 51., 4., 3., 87., 58., 0., 0., 3., 6.,
       0., 0., 124., 5., 0., 0., 0., 15., 15., 66., 11., 129., 25., 0.,
       0., 6., 5., 44., 123., 77., 10., 0., 1., 4., 2., 16., 129., 26.,
       0., 0., 5., 11., 0., 0., 28., 44., 4., 0., 0., 0., 0., 0., 4.,
       160., 4., 0., 0., 0., 0., 1., 102., 62., 6., 0., 0., 0., 2., 20.,
       126., 3., 1., 0., 0., 3., 15., 24., 10., 65., 5., 1., 0., 0., 2.,
       5., 7., 160., 5., 0., 0., 0., 0., 0., 51., 109., 3., 0., 2., 3.,
       2., 6., 51., 1., 0., 0., 9., 22., 7., 3., 1., 58., 12., 3., 0.,
       0., 2., 4., 18., 160., 29., 0., 0., 0., 0., 0., 51., 115., 18.,
       2., 5., 3., 2., 21., 28., 0., 0., 0., 6., 20., 19., 36., 2., 24.,
       1., 0., 0., 0., 51., 109., 80., 160., 5., 0., 0., 0., 1., 13.,
       160., 44., 6., 0., 0., 0., 1., 73., 117., 0., 0., 0., 1., 1., 27.,
       104., 9., 64., 84., 0., 0., 0., 0., 0., 1., 132., 154., 6., 0.,
       0., 0., 1., 20., 41., 62., 31., 0., 0., 1., 13., 42., 5., 8., 3.,
       1., 2., 4., 17., 9., 110., 22., 0., 0., 0., 0., 0., 6., 158., 34.,
