%YAML:1.0
---
mat: !!opencv-matrix
   rows: 97
   cols: 128
   dt: f
   data: [ 35., 10., 3., 1., 0., 0., 0., 1., 186., 66., 0., 0., 0., 0.,
       0., 13., 129., 23., 0., 0., 0., 0., 0., 4., 0., 0., 0., 1., 1.,
       0., 0., 0., 47., 8., 6., 2., 0., 0., 0., 3., 186., 25., 0., 0.,
       0., 0., 0., 67., 169., 7., 0., 0., 0., 0., 1., 28., 0., 0., 0.,
       0., 0., 1., 2., 0., 44., 12., 2., 2., 2., 0., 0., 1., 186., 85.,
       0., 0., 0., 0., 0., 23., 178., 25., 0., 0., 0., 0., 1., 9., 0.,
       0., 1., 1., 0., 1., 3., 0., 36., 3., 5., 3., 1., 0., 0., 6., 186.,
       8., 0., 0., 0., 0., 0., 77., 114., 4., 4., 1., 0., 0., 0., 21.,
       0., 0., 8., 4., 0., 0., 0., 0., 14., 3., 2., 0., 0., 0., 0., 1.,
       171., 42., 0., 0., 0., 0., 0., 23., 171., 22., 0., 0., 0., 0., 0.,
       11., 2., 0., 0., 0., 1., 0., 0., 0., 31., 4., 3., 0., 0., 0., 0.,
       4., 171., 14., 0., 0., 0., 0., 0., 94., 171., 6., 0., 0., 0., 0.,
       0., 45., 1., 0., 0., 1., 1., 0., 0., 0., 32., 8., 3., 0., 0., 0.,
       0., 1., 171., 74., 0., 0., 0., 0., 0., 27., 171., 35., 0., 0., 0.,
       0., 0., 12., 1., 0., 0., 2., 0., 0., 0., 0., 37., 4., 4., 0., 0.,
       0., 0., 9., 171., 4., 0., 0., 0., 0., 0., 123., 123., 2., 0., 0.,
       0., 0., 0., 47., 1., 0., 0., 0., 0., 1., 0., 0., 12., 0., 0., 1.,
       13., 26., 63., 33., 1., 0., 0., 0., 9., 72., 81., 9., 0., 0., 0.,
       1., 5., 23., 40., 22., 0., 0., 0., 2., 10., 32., 31., 4., 120.,
       26., 7., 22., 31., 10., 27., 53., 43., 10., 9., 59., 120., 93.,
       49., 30., 111., 3., 0., 8., 48., 36., 69., 120., 7., 0., 0., 12.,
       120., 97., 58., 24., 59., 103., 59., 20., 3., 0., 0., 1., 38.,
       43., 84., 120., 52., 0., 0., 1., 120., 115., 44., 48., 34., 3.,
       2., 20., 12., 13., 26., 120., 120., 7., 2., 4., 0., 8., 13., 2.,
       0., 0., 0., 0., 2., 10., 21., 13., 1., 0., 0., 0., 9., 58., 65.,
       23., 2., 0., 0., 0., 0., 5., 35., 69., 20., 0., 0., 0., 14., 0.,
       0., 0., 0., 3., 25., 34., 4., 0., 0., 0., 1., 22., 32., 15., 2.,
       0., 0., 0., 0., 7., 39., 32., 1., 0., 0., 0., 1., 22., 25., 6.,
       116., 8., 0., 0., 7., 28., 54., 106., 35., 3., 0., 1., 97., 116.,
       60., 39., 116., 11., 1., 2., 23., 46., 70., 116., 26., 2., 1., 3.,
       87., 116., 45., 23., 116., 105., 25., 12., 10., 5., 2., 7., 42.,
       42., 43., 112., 116., 43., 2., 4., 116., 116., 72., 30., 39., 10.,
       2., 11., 19., 23., 70., 71., 103., 24., 1., 2., 24., 62., 37., 5.,
       0., 0., 0., 0., 3., 20., 67., 65., 6., 0., 0., 0., 2., 32., 50.,
       12., 1., 0., 0., 0., 0., 4., 49., 24., 1., 0., 0., 0., 7., 0., 0.,
       0., 4., 28., 53., 36., 2., 0., 0., 0., 2., 17., 55., 18., 0., 0.,
       0., 1., 1., 23., 33., 3., 0., 0., 0., 2., 6., 9., 20., 5., 78.,
       11., 8., 35., 98., 49., 35., 55., 108., 14., 3., 16., 56., 47.,
       98., 84., 41., 4., 2., 19., 108., 108., 80., 53., 48., 2., 0., 2.,
       50., 62., 99., 99., 38., 51., 66., 77., 34., 0., 0., 2., 108.,
       108., 75., 56., 29., 3., 2., 7., 87., 59., 59., 108., 101., 8.,
       2., 11., 108., 80., 48., 65., 99., 13., 7., 25., 10., 6., 7., 2.,
       0., 0., 0., 1., 1., 19., 27., 7., 0., 0., 0., 0., 5., 22., 29.,
       21., 2., 0., 0., 0., 5., 36., 60., 40., 9., 0., 0., 0., 8., 0.,
       0., 0., 0., 11., 27., 16., 3., 0., 0., 0., 0., 7., 26., 23., 1.,
       0., 0., 0., 2., 20., 28., 9., 1., 0., 0., 0., 9., 20., 28., 13.,
       62., 6., 0., 3., 65., 107., 80., 61., 107., 13., 2., 2., 44., 70.,
       66., 107., 52., 6., 2., 6., 107., 107., 71., 50., 88., 11., 1.,
       5., 64., 55., 55., 70., 83., 74., 64., 87., 95., 28., 3., 6.,
       107., 107., 74., 56., 69., 17., 2., 11., 40., 50., 107., 94.,
       107., 30., 2., 5., 63., 75., 63., 54., 57., 6., 1., 4., 8., 27.,
       51., 27., 1., 0., 0., 0., 2., 18., 34., 17., 1., 0., 0., 0., 0.,
       5., 46., 20., 2., 0., 0., 0., 0., 7., 26., 18., 8., 0., 0., 0.,
       27., 8., 2., 2., 4., 1., 0., 1., 173., 78., 0., 0., 0., 0., 0.,
       27., 135., 29., 0., 0., 0., 1., 1., 15., 1., 0., 0., 0., 0., 3.,
       1., 0., 31., 2., 0., 0., 6., 10., 1., 9., 173., 26., 0., 0., 0.,
       0., 0., 97., 173., 11., 0., 0., 0., 1., 0., 45., 1., 0., 0., 0.,
       1., 4., 0., 1., 32., 4., 1., 1., 2., 3., 0., 3., 173., 86., 0.,
       0., 0., 0., 0., 16., 173., 36., 0., 0., 0., 0., 0., 7., 1., 0.,
       0., 0., 2., 3., 0., 0., 17., 3., 3., 1., 0., 0., 0., 1., 173.,
       26., 0., 0., 0., 0., 0., 31., 173., 12., 0., 0., 0., 0., 0., 15.,
       1., 0., 0., 0., 2., 0., 0., 0., 12., 0., 0., 0., 6., 14., 37.,
       59., 3., 0., 0., 0., 6., 49., 71., 30., 1., 0., 0., 0., 1., 11.,
       63., 19., 0., 0., 0., 0., 1., 21., 31., 2., 113., 9., 2., 16.,
       31., 13., 17., 88., 62., 6., 3., 35., 113., 81., 41., 50., 113.,
       7., 1., 6., 31., 39., 113., 101., 16., 1., 0., 8., 90., 113., 72.,
       26., 108., 97., 45., 22., 6., 0., 0., 8., 52., 47., 64., 113.,
       79., 1., 0., 3., 113., 113., 62., 44., 27., 5., 3., 13., 48., 27.,
       39., 113., 113., 13., 3., 7., 19., 22., 12., 1., 0., 0., 0., 1.,
       7., 16., 21., 11., 0., 0., 0., 0., 4., 50., 55., 11., 0., 0., 0.,
       0., 6., 18., 38., 38., 3., 0., 0., 0., 3., 7., 34., 28., 6., 0.,
       1., 4., 6., 46., 53., 10., 1., 0., 0., 0., 3., 11., 28., 21., 0.,
       0., 0., 1., 6., 20., 18., 2., 0., 0., 0., 2., 32., 17., 32., 71.,
       121., 5., 0., 1., 121., 121., 58., 48., 63., 5., 0., 8., 56., 50.,
       57., 106., 104., 27., 0., 1., 116., 90., 34., 11., 6., 3., 0., 2.,
       26., 1., 0., 7., 121., 87., 32., 19., 121., 9., 0., 6., 57., 53.,
       64., 121., 58., 9., 2., 6., 121., 121., 33., 33., 121., 26., 1.,
       1., 12., 29., 31., 78., 1., 0., 0., 0., 5., 28., 32., 12., 4., 0.,
       0., 0., 1., 12., 56., 56., 2., 0., 0., 0., 6., 35., 42., 17., 6.,
       0., 0., 0., 0., 6., 32., 43., 18., 9., 28., 8., 28., 12., 3., 4.,
       21., 11., 15., 31., 131., 89., 6., 8., 131., 35., 3., 7., 14.,
       17., 6., 30., 31., 1., 0., 0., 0., 0., 9., 13., 28., 18., 104.,
       45., 29., 56., 27., 3., 19., 19., 130., 99., 48., 78., 47., 7.,
       131., 46., 13., 24., 9., 14., 13., 27., 67., 4., 0., 0., 0., 0.,
       8., 11., 46., 2., 4., 2., 6., 76., 81., 21., 7., 2., 11., 13.,
       29., 131., 131., 8., 131., 67., 9., 14., 35., 46., 56., 32., 84.,
       46., 1., 0., 0., 0., 1., 7., 8., 3., 42., 22., 1., 1., 6., 11.,
       0., 21., 45., 11., 60., 27., 9., 0., 61., 33., 10., 17., 82., 58.,
       19., 41., 103., 22., 1., 0., 0., 0., 3., 46., 3., 8., 4., 2., 0.,
       0., 0., 0., 1., 5., 29., 44., 1., 0., 0., 0., 2., 5., 72., 124.,
       17., 4., 6., 4., 20., 33., 110., 22., 4., 3., 7., 25., 2., 10.,
       98., 89., 0., 0., 0., 0., 13., 13., 124., 124., 7., 11., 4., 1.,
       112., 29., 61., 84., 16., 9., 46., 53., 22., 5., 4., 9., 28., 12.,
       54., 88., 22., 10., 91., 101., 9., 7., 41., 71., 43., 9., 34.,
       42., 40., 111., 61., 77., 124., 26., 6., 3., 17., 36., 10., 24.,
       38., 6., 3., 2., 27., 26., 6., 7., 16., 3., 2., 1., 1., 2., 58.,
       124., 6., 1., 2., 6., 62., 76., 30., 52., 109., 9., 30., 27., 26.,
       38., 20., 43., 25., 27., 75., 21., 1., 3., 0., 3., 13., 3., 0.,
       2., 119., 46., 1., 4., 119., 19., 0., 2., 84., 21., 1., 16., 77.,
       30., 2., 17., 119., 22., 1., 7., 99., 26., 1., 2., 82., 18., 0.,
       6., 5., 2., 0., 2., 119., 41., 0., 3., 119., 34., 1., 3., 105.,
       31., 1., 21., 100., 9., 0., 4., 119., 68., 3., 17., 119., 6., 0.,
       1., 64., 39., 1., 16., 2., 0., 0., 1., 109., 52., 10., 2., 117.,
       5., 0., 1., 67., 47., 38., 65., 58., 4., 1., 2., 112., 81., 50.,
       37., 93., 5., 0., 1., 15., 29., 30., 55., 0., 0., 0., 0., 5., 27.,
       16., 1., 3., 0., 0., 0., 2., 19., 54., 34., 1., 0., 0., 0., 1.,
       26., 48., 16., 2., 0., 0., 0., 0., 4., 27., 20., 1., 10., 31.,
       24., 4., 0., 0., 0., 4., 40., 57., 16., 2., 0., 0., 0., 2., 18.,
