%YAML:1.0
---
mat: !!opencv-matrix
   rows: 59
   cols: 128
   dt: f
   data: [ 1., 0., 1., 1., 0., 22., 51., 7., 73., 0., 0., 0., 0., 7.,
       29., 53., 177., 0., 0., 0., 0., 0., 1., 78., 114., 0., 0., 0., 0.,
       0., 0., 13., 45., 13., 1., 3., 6., 46., 50., 14., 79., 20., 2.,
       5., 39., 30., 56., 38., 177., 33., 0., 1., 3., 1., 1., 63., 110.,
       1., 0., 0., 0., 0., 0., 20., 47., 43., 61., 18., 5., 3., 2., 1.,
       77., 44., 55., 14., 47., 16., 5., 16., 177., 42., 1., 1., 4., 2.,
       2., 26., 118., 8., 0., 0., 0., 0., 0., 4., 1., 14., 41., 8., 1.,
       0., 0., 0., 83., 57., 35., 2., 0., 0., 0., 1., 177., 53., 1., 0.,
       0., 0., 0., 2., 114., 5., 0., 0., 0., 0., 0., 3., 1., 0., 0., 0.,
       0., 39., 20., 0., 127., 2., 0., 0., 0., 5., 4., 6., 131., 3., 0.,
       0., 45., 18., 1., 16., 4., 1., 0., 0., 118., 49., 3., 2., 0., 0.,
       0., 0., 0., 131., 91., 0., 101., 5., 0., 0., 0., 97., 79., 17.,
       131., 25., 0., 0., 25., 25., 9., 17., 17., 1., 0., 0., 126., 116.,
       2., 2., 0., 0., 0., 0., 0., 101., 52., 0., 14., 0., 0., 0., 0.,
       131., 118., 16., 131., 6., 0., 0., 3., 24., 46., 61., 40., 1., 0.,
       0., 52., 131., 5., 6., 0., 0., 0., 0., 0., 49., 26., 0., 0., 0.,
       0., 0., 0., 63., 38., 1., 50., 8., 0., 0., 0., 17., 26., 17., 50.,
       17., 0., 0., 4., 49., 6., 4., 15., 4., 2., 27., 41., 35., 23.,
       23., 156., 65., 0., 10., 30., 17., 1., 1., 165., 64., 0., 0., 4.,
       26., 7., 8., 27., 0., 0., 0., 11., 47., 7., 10., 21., 5., 5.,
       115., 40., 4., 6., 8., 159., 18., 1., 17., 17., 6., 15., 15.,
       165., 46., 0., 0., 8., 8., 1., 7., 38., 1., 0., 0., 42., 35., 2.,
       5., 27., 8., 3., 55., 27., 1., 8., 28., 134., 5., 1., 2., 4., 13.,
       28., 47., 165., 4., 0., 2., 9., 1., 0., 40., 43., 1., 0., 9., 57.,
       4., 0., 2., 30., 53., 10., 15., 4., 1., 5., 11., 124., 39., 22.,
       9., 7., 10., 8., 30., 165., 2., 1., 8., 8., 0., 0., 54., 25., 2.,
       1., 26., 31., 0., 0., 1., 0., 0., 36., 47., 0., 0., 0., 0., 0.,
       1., 56., 76., 0., 0., 0., 0., 31., 21., 40., 27., 0., 0., 0., 2.,
       37., 9., 20., 64., 0., 0., 0., 11., 0., 0., 95., 117., 0., 0., 0.,
       0., 14., 20., 126., 126., 0., 0., 0., 0., 126., 84., 64., 37., 5.,
       0., 0., 2., 20., 10., 15., 126., 32., 0., 1., 2., 0., 0., 126.,
       126., 0., 0., 0., 0., 110., 21., 96., 82., 0., 0., 0., 6., 126.,
       25., 12., 48., 37., 0., 0., 16., 13., 10., 5., 96., 77., 3., 11.,
       15., 1., 0., 17., 21., 0., 0., 0., 1., 126., 10., 3., 2., 0., 0.,
       0., 3., 126., 25., 1., 25., 60., 1., 0., 3., 6., 21., 12., 28.,
       62., 4., 3., 5., 0., 0., 0., 0., 3., 8., 9., 0., 91., 5., 0., 0.,
       1., 3., 2., 1., 138., 18., 0., 0., 0., 0., 0., 0., 121., 4., 0.,
       0., 0., 0., 0., 1., 1., 4., 3., 0., 0., 60., 138., 1., 68., 2.,
       0., 0., 0., 75., 106., 17., 138., 14., 0., 0., 0., 4., 13., 23.,
       138., 8., 0., 0., 0., 0., 0., 1., 8., 72., 31., 1., 1., 20., 51.,
       8., 25., 71., 2., 0., 0., 90., 138., 20., 136., 7., 0., 0., 0.,
       19., 107., 89., 132., 10., 0., 0., 0., 0., 3., 12., 32., 17., 5.,
       2., 7., 4., 5., 24., 54., 122., 4., 2., 12., 8., 11., 6., 86.,
       56., 0., 0., 0., 7., 53., 26., 47., 2., 0., 0., 0., 9., 17., 13.,
       0., 0., 49., 34., 0., 0., 0., 0., 0., 0., 87., 75., 0., 0., 0.,
       0., 15., 27., 76., 38., 0., 0., 0., 0., 31., 16., 35., 52., 0.,
       0., 0., 6., 0., 0., 127., 127., 0., 0., 0., 0., 13., 18., 127.,
       127., 0., 0., 0., 0., 117., 105., 97., 44., 3., 0., 0., 2., 17.,
       19., 35., 127., 16., 1., 2., 3., 0., 0., 127., 122., 0., 0., 0.,
       0., 101., 17., 95., 57., 0., 0., 0., 6., 127., 27., 14., 49., 24.,
       0., 0., 15., 9., 14., 16., 80., 38., 2., 7., 8., 1., 0., 8., 7.,
       0., 0., 2., 3., 100., 9., 1., 1., 0., 0., 0., 5., 127., 31., 2.,
       16., 39., 3., 0., 1., 1., 8., 13., 17., 38., 10., 3., 0., 21.,
       65., 87., 23., 26., 12., 5., 7., 85., 44., 30., 18., 31., 13., 1.,
       2., 168., 91., 0., 0., 0., 0., 0., 0., 24., 12., 1., 11., 56., 1.,
       0., 0., 9., 27., 47., 3., 2., 8., 13., 30., 99., 61., 28., 4., 5.,
       7., 4., 10., 168., 71., 2., 1., 0., 0., 0., 4., 44., 15., 3., 39.,
       62., 0., 0., 0., 22., 21., 11., 8., 8., 22., 35., 61., 116., 7.,
       7., 20., 29., 49., 18., 29., 168., 17., 2., 4., 1., 0., 1., 45.,
       33., 11., 5., 72., 55., 0., 0., 0., 14., 39., 26., 15., 6., 6.,
       3., 10., 127., 5., 13., 33., 16., 7., 1., 52., 168., 6., 3., 25.,
       4., 0., 0., 69., 9., 10., 16., 120., 22., 0., 0., 0., 0., 0., 0.,
       0., 3., 21., 23., 0., 77., 0., 0., 0., 0., 5., 20., 12., 192., 2.,
       0., 0., 0., 0., 0., 5., 85., 0., 0., 0., 0., 0., 0., 2., 0., 0.,
       8., 18., 10., 20., 22., 0., 105., 3., 7., 8., 3., 7., 19., 14.,
       192., 5., 0., 0., 0., 0., 0., 12., 146., 1., 0., 0., 0., 0., 0.,
       3., 0., 1., 12., 20., 15., 14., 6., 2., 90., 21., 15., 3., 0., 0.,
       9., 28., 192., 26., 0., 0., 0., 0., 0., 23., 156., 2., 0., 0., 0.,
       0., 0., 3., 0., 0., 15., 25., 13., 4., 1., 0., 69., 36., 25., 3.,
       0., 1., 1., 1., 192., 50., 0., 0., 0., 0., 0., 0., 138., 4., 0.,
       0., 0., 0., 0., 2., 4., 20., 53., 7., 1., 1., 7., 15., 78., 71.,
       20., 5., 1., 7., 8., 8., 143., 128., 2., 5., 6., 0., 0., 0., 12.,
       15., 3., 29., 72., 0., 0., 0., 23., 16., 7., 2., 1., 2., 13., 37.,
       89., 22., 13., 22., 17., 24., 19., 18., 143., 65., 3., 14., 6.,
       1., 0., 3., 24., 19., 14., 98., 52., 0., 0., 0., 8., 20., 15., 2.,
       2., 3., 2., 2., 93., 19., 17., 17., 5., 2., 1., 24., 143., 10.,
       3., 43., 26., 0., 0., 48., 17., 37., 32., 143., 81., 0., 0., 0.,
       7., 5., 6., 9., 11., 17., 9., 6., 120., 8., 4., 3., 3., 2., 0.,
       68., 127., 2., 2., 112., 60., 0., 0., 63., 6., 26., 9., 143., 99.,
       0., 0., 0., 2., 15., 106., 31., 1., 0., 1., 1., 2., 20., 76., 29.,
       9., 3., 9., 12., 15., 6., 49., 19., 8., 12., 33., 34., 19., 11.,
       25., 16., 9., 24., 35., 45., 26., 21., 9., 6., 8., 12., 2., 9.,
       98., 15., 9., 4., 3., 9., 68., 131., 16., 12., 6., 19., 66., 102.,
       105., 47., 13., 22., 24., 24., 18., 16., 22., 27., 43., 7., 2.,
       8., 16., 42., 22., 9., 131., 87., 44., 27., 4., 4., 10., 39., 17.,
       17., 50., 131., 64., 23., 25., 62., 9., 0., 0., 6., 10., 4., 75.,
       131., 11., 2., 6., 23., 17., 15., 33., 28., 39., 16., 6., 5., 1.,
       1., 64., 126., 2., 2., 5., 10., 1., 1., 119., 131., 1., 0., 0.,
       1., 0., 0., 80., 131., 12., 4., 1., 91., 89., 6., 2., 7., 47.,
       48., 23., 19., 14., 6., 16., 32., 39., 12., 15., 18., 22., 12.,
       19., 21., 152., 33., 0., 0., 0., 0., 0., 18., 15., 3., 9., 56.,
       51., 14., 3., 7., 120., 30., 7., 6., 5., 17., 54., 113., 40., 21.,
       6., 13., 79., 100., 74., 32., 152., 37., 0., 0., 11., 5., 0., 7.,
       12., 11., 21., 32., 17., 1., 1., 1., 90., 152., 67., 11., 5., 4.,
       3., 15., 27., 71., 94., 58., 86., 20., 4., 8., 152., 12., 2., 2.,
       12., 3., 0., 19., 1., 1., 8., 8., 5., 7., 20., 10., 5., 31., 20.,
       2., 5., 15., 29., 31., 37., 51., 31., 4., 5., 5., 7., 17., 152.,
       15., 2., 0., 0., 0., 0., 51., 8., 14., 30., 44., 37., 31., 31.,
       15., 89., 43., 5., 26., 27., 11., 3., 0., 153., 93., 1., 0., 0.,
       0., 0., 0., 14., 13., 3., 30., 61., 0., 0., 0., 21., 19., 47.,
       33., 9., 7., 11., 12., 96., 18., 2., 15., 36., 23., 14., 5., 153.,
       54., 0., 1., 2., 0., 0., 3., 33., 10., 1., 42., 126., 0., 0., 0.,
       21., 9., 36., 12., 3., 5., 9., 13., 91., 5., 22., 15., 32., 7.,
       4., 31., 153., 5., 0., 2., 3., 1., 1., 51., 33., 3., 1., 74.,
       153., 0., 0., 1., 2., 2., 16., 7., 4., 8., 9., 7., 114., 12., 11.,
       3., 1., 0., 2., 26., 153., 2., 0., 10., 10., 0., 0., 51., 12., 1.,
       0., 108., 153., 0., 0., 1., 1., 2., 1., 12., 66., 38., 16., 2.,
       63., 14., 3., 5., 12., 21., 18., 33., 154., 28., 0., 0., 0., 0.,
