%YAML:1.0
---
mat: !!opencv-matrix
   rows: 79
   cols: 128
   dt: f
   data: [ 1., 0., 0., 0., 0., 8., 21., 6., 80., 0., 0., 0., 0., 2., 3.,
       37., 109., 0., 0., 0., 0., 0., 0., 19., 33., 0., 0., 0., 0., 0.,
       0., 2., 21., 9., 3., 10., 32., 42., 44., 29., 160., 21., 0., 2.,
       9., 9., 5., 142., 160., 4., 0., 0., 0., 0., 0., 67., 116., 1., 0.,
       0., 0., 0., 0., 7., 19., 33., 45., 48., 23., 3., 1., 2., 160.,
       107., 5., 12., 7., 0., 0., 10., 160., 26., 0., 0., 0., 0., 0.,
       17., 109., 0., 0., 0., 0., 0., 0., 14., 8., 2., 10., 4., 1., 5.,
       19., 9., 160., 10., 1., 1., 0., 1., 7., 42., 160., 2., 0., 0., 0.,
       0., 0., 36., 81., 0., 0., 0., 0., 0., 0., 12., 0., 0., 0., 0., 0.,
       53., 15., 0., 76., 0., 0., 0., 0., 13., 5., 10., 136., 0., 0., 0.,
       40., 4., 0., 37., 11., 2., 1., 3., 134., 9., 1., 3., 0., 0., 0.,
       0., 0., 136., 59., 0., 74., 1., 0., 0., 0., 136., 64., 14., 136.,
       10., 0., 0., 34., 20., 10., 21., 18., 2., 1., 2., 136., 61., 1.,
       2., 0., 0., 0., 0., 0., 120., 32., 0., 10., 0., 0., 0., 0., 136.,
       101., 13., 123., 3., 0., 0., 7., 43., 64., 87., 18., 1., 0., 0.,
       88., 123., 5., 12., 0., 0., 0., 0., 0., 66., 20., 0., 0., 0., 0.,
       0., 0., 76., 37., 1., 15., 1., 0., 0., 0., 22., 34., 38., 9., 1.,
       0., 0., 17., 88., 10., 10., 10., 5., 14., 7., 4., 2., 5., 71.,
       65., 4., 16., 11., 0., 0., 1., 135., 33., 25., 48., 12., 0., 0.,
       0., 19., 39., 8., 9., 8., 0., 0., 0., 1., 4., 1., 20., 42., 0.,
       0., 31., 135., 20., 13., 94., 135., 0., 0., 1., 63., 131., 75.,
       75., 35., 0., 0., 0., 2., 99., 10., 2., 0., 0., 0., 0., 1., 0.,
       0., 120., 135., 0., 0., 5., 20., 81., 13., 77., 135., 0., 0., 0.,
       4., 135., 15., 9., 6., 0., 0., 0., 16., 117., 0., 0., 0., 0., 0.,
       0., 6., 0., 0., 28., 35., 0., 0., 0., 0., 101., 1., 4., 6., 0.,
       0., 0., 6., 135., 0., 0., 0., 0., 0., 0., 19., 86., 0., 0., 0.,
       0., 0., 0., 5., 7., 5., 4., 2., 9., 21., 17., 17., 70., 16., 2.,
       4., 20., 23., 10., 14., 193., 39., 1., 1., 1., 1., 2., 15., 78.,
       1., 0., 0., 3., 1., 0., 8., 8., 12., 12., 27., 54., 35., 35., 29.,
       71., 34., 19., 40., 31., 14., 10., 12., 193., 49., 4., 5., 3., 1.,
       1., 19., 97., 0., 0., 0., 2., 0., 0., 11., 11., 16., 29., 67.,
       74., 19., 18., 15., 93., 16., 9., 14., 51., 47., 25., 34., 193.,
       6., 1., 1., 8., 7., 1., 66., 80., 0., 0., 0., 1., 0., 0., 10.,
       14., 22., 13., 26., 22., 31., 8., 4., 87., 40., 6., 4., 20., 22.,
       9., 45., 193., 0., 0., 0., 2., 5., 3., 110., 40., 0., 0., 0., 1.,
       0., 0., 8., 0., 0., 1., 0., 1., 6., 20., 4., 75., 1., 1., 0., 0.,
       3., 20., 8., 182., 1., 0., 0., 0., 0., 1., 13., 131., 0., 0., 0.,
       0., 0., 0., 9., 41., 14., 0., 2., 16., 20., 51., 29., 76., 3., 0.,
       9., 38., 41., 62., 15., 182., 2., 0., 1., 3., 2., 1., 64., 116.,
       2., 0., 0., 0., 0., 0., 42., 42., 67., 19., 20., 25., 2., 2., 2.,
       96., 30., 26., 67., 50., 6., 2., 4., 182., 52., 0., 3., 3., 0.,
       0., 14., 115., 33., 0., 0., 0., 0., 0., 6., 1., 10., 12., 8., 4.,
       0., 0., 0., 77., 13., 16., 11., 0., 0., 0., 0., 182., 33., 0., 0.,
       0., 0., 0., 1., 130., 12., 0., 0., 0., 0., 0., 1., 0., 0., 0., 0.,
       0., 6., 3., 0., 109., 2., 0., 0., 0., 4., 4., 9., 127., 3., 0.,
       0., 51., 15., 1., 26., 4., 7., 4., 2., 77., 18., 1., 2., 0., 0.,
       0., 0., 0., 127., 67., 0., 94., 4., 0., 0., 0., 123., 92., 16.,
       127., 21., 0., 0., 43., 33., 12., 20., 12., 1., 1., 0., 101., 73.,
       2., 8., 0., 0., 0., 0., 0., 127., 70., 0., 11., 0., 0., 0., 0.,
       127., 127., 14., 105., 3., 0., 0., 7., 49., 86., 97., 15., 2., 1.,
       0., 47., 127., 10., 19., 0., 0., 0., 0., 0., 63., 37., 0., 0., 0.,
       0., 0., 0., 89., 65., 0., 6., 0., 0., 0., 0., 33., 59., 34., 8.,
       0., 0., 0., 4., 91., 18., 14., 6., 14., 13., 3., 4., 3., 5., 39.,
       65., 6., 21., 7., 2., 0., 2., 128., 58., 33., 40., 4., 0., 0., 0.,
       37., 53., 13., 9., 2., 0., 0., 0., 1., 2., 1., 25., 31., 2., 0.,
       29., 128., 20., 15., 111., 128., 0., 0., 4., 79., 128., 89., 79.,
       25., 0., 0., 0., 3., 128., 12., 1., 0., 0., 0., 0., 3., 1., 1.,
       128., 128., 0., 0., 4., 18., 80., 16., 92., 127., 0., 0., 0., 4.,
       128., 19., 11., 5., 0., 0., 0., 18., 128., 0., 0., 0., 0., 0., 0.,
       8., 0., 0., 23., 21., 0., 0., 0., 0., 66., 1., 4., 5., 0., 0., 0.,
       4., 128., 0., 0., 0., 0., 0., 0., 15., 79., 0., 0., 0., 0., 0.,
       0., 5., 0., 0., 0., 0., 3., 23., 26., 0., 99., 4., 0., 0., 1., 6.,
       4., 1., 134., 10., 0., 0., 0., 0., 0., 1., 110., 1., 0., 0., 0.,
       0., 0., 2., 1., 16., 6., 0., 0., 125., 119., 0., 75., 4., 0., 0.,
       0., 134., 86., 13., 134., 25., 0., 0., 0., 7., 11., 17., 134.,
       15., 0., 0., 0., 0., 0., 0., 7., 72., 23., 16., 8., 25., 23., 5.,
       22., 84., 10., 2., 0., 130., 88., 13., 134., 11., 0., 0., 0., 29.,
       76., 66., 124., 23., 0., 0., 0., 0., 1., 5., 6., 20., 17., 42.,
       17., 6., 3., 2., 81., 129., 7., 5., 1., 2., 7., 3., 64., 35., 0.,
       0., 0., 9., 40., 22., 65., 6., 0., 0., 0., 5., 8., 8., 0., 0.,
       26., 54., 0., 0., 0., 0., 0., 0., 38., 119., 0., 0., 0., 0., 13.,
       27., 39., 55., 0., 0., 0., 0., 13., 9., 17., 99., 3., 0., 0., 1.,
       0., 0., 72., 129., 0., 0., 0., 0., 13., 14., 129., 129., 0., 0.,
       0., 0., 102., 83., 66., 61., 12., 0., 0., 4., 8., 10., 8., 129.,
       48., 1., 1., 0., 0., 0., 114., 129., 0., 0., 0., 0., 98., 14.,
       82., 129., 0., 0., 0., 5., 129., 18., 10., 31., 46., 2., 0., 18.,
       6., 3., 1., 48., 76., 26., 34., 4., 0., 0., 20., 41., 0., 0., 0.,
       1., 103., 10., 3., 5., 0., 0., 0., 2., 129., 27., 1., 9., 34., 3.,
       0., 2., 5., 12., 10., 17., 33., 13., 11., 3., 2., 0., 1., 1., 2.,
       8., 17., 10., 61., 0., 0., 0., 1., 13., 25., 17., 180., 0., 0.,
       0., 0., 0., 1., 51., 121., 0., 0., 0., 0., 0., 0., 18., 63., 1.,
       0., 1., 29., 17., 15., 29., 106., 5., 0., 4., 67., 44., 26., 30.,
       180., 10., 0., 0., 6., 2., 1., 73., 107., 1., 0., 0., 0., 0., 0.,
       32., 55., 31., 20., 21., 23., 3., 0., 3., 110., 24., 31., 52.,
       63., 2., 0., 2., 180., 52., 1., 3., 5., 0., 0., 2., 117., 19., 0.,
       0., 0., 0., 0., 4., 1., 8., 13., 6., 2., 1., 1., 0., 84., 7., 20.,
       10., 1., 0., 1., 3., 180., 15., 0., 0., 0., 0., 0., 8., 124., 6.,
       0., 0., 0., 0., 0., 5., 1., 6., 8., 25., 39., 26., 12., 1., 66.,
       68., 9., 11., 16., 6., 11., 13., 163., 62., 0., 0., 0., 0., 0.,
       4., 57., 8., 0., 0., 1., 0., 0., 0., 1., 5., 5., 15., 68., 29.,
       18., 8., 48., 25., 14., 24., 28., 10., 35., 21., 163., 72., 7.,
       4., 1., 1., 1., 9., 100., 12., 0., 0., 1., 0., 0., 0., 2., 16.,
       27., 8., 122., 100., 1., 2., 59., 24., 31., 15., 33., 17., 9.,
       32., 163., 11., 1., 2., 2., 3., 5., 73., 107., 9., 0., 1., 1., 0.,
       0., 2., 3., 4., 4., 4., 113., 158., 1., 2., 81., 26., 10., 2.,
       24., 53., 4., 29., 163., 11., 1., 0., 0., 0., 1., 57., 73., 9.,
       0., 2., 3., 0., 0., 2., 16., 20., 6., 1., 30., 89., 7., 10., 107.,
       46., 0., 0., 31., 59., 6., 2., 151., 89., 0., 0., 0., 0., 0., 1.,
       73., 17., 0., 0., 0., 0., 0., 1., 35., 79., 10., 6., 40., 30., 0.,
       0., 103., 30., 0., 0., 113., 86., 1., 3., 151., 61., 1., 0., 5.,
       4., 1., 6., 93., 32., 1., 0., 0., 0., 0., 0., 24., 78., 11., 25.,
       37., 4., 0., 0., 83., 63., 35., 17., 64., 35., 3., 24., 151., 29.,
       12., 1., 6., 6., 2., 49., 81., 55., 13., 0., 0., 0., 0., 0., 2.,
       10., 7., 10., 5., 10., 5., 12., 69., 19., 24., 15., 1., 3., 2.,
       95., 108., 68., 82., 36., 0., 0., 0., 37., 90., 86., 20., 0., 0.,
       0., 0., 0., 0., 0., 0., 0., 3., 16., 6., 0., 22., 1., 0., 0., 0.,
       1., 12., 12., 118., 0., 0., 0., 0., 0., 0., 14., 27., 0., 0., 0.,
       0., 0., 0., 1., 0., 1., 17., 45., 21., 30., 10., 1., 111., 35.,
