%YAML:1.0
---
mat: !!opencv-matrix
   rows: 75
   cols: 128
   dt: f
   data: [ 0., 16., 54., 0., 0., 0., 0., 0., 116., 36., 25., 0., 0., 0.,
       0., 9., 170., 10., 0., 0., 0., 0., 0., 69., 45., 2., 0., 0., 0.,
       0., 0., 11., 1., 44., 28., 0., 0., 0., 0., 0., 170., 70., 6., 0.,
       0., 0., 0., 5., 170., 60., 0., 0., 0., 0., 0., 20., 46., 10., 2.,
       0., 0., 0., 0., 2., 10., 22., 3., 0., 0., 0., 0., 0., 170., 32.,
       0., 0., 0., 0., 0., 39., 170., 50., 20., 0., 0., 0., 0., 78., 34.,
       18., 66., 0., 0., 0., 0., 3., 5., 5., 0., 0., 0., 0., 0., 0.,
       131., 27., 0., 0., 0., 0., 0., 5., 101., 93., 54., 0., 0., 0., 0.,
       6., 1., 20., 141., 0., 0., 0., 0., 0., 8., 15., 1., 0., 0., 0.,
       0., 3., 84., 93., 5., 0., 0., 0., 0., 16., 181., 53., 0., 0., 0.,
       0., 1., 36., 33., 19., 1., 0., 0., 1., 29., 45., 5., 12., 5., 0.,
       0., 0., 0., 4., 111., 80., 25., 0., 0., 0., 0., 20., 181., 53.,
       1., 0., 0., 0., 2., 66., 58., 17., 1., 0., 0., 0., 31., 95., 2.,
       3., 2., 0., 0., 0., 0., 5., 148., 17., 8., 0., 0., 0., 1., 45.,
       181., 18., 0., 0., 0., 0., 0., 41., 100., 26., 2., 0., 0., 0., 4.,
       19., 4., 3., 0., 0., 0., 0., 0., 2., 134., 18., 0., 0., 0., 0.,
       0., 16., 181., 16., 0., 0., 0., 0., 0., 5., 94., 9., 0., 0., 0.,
       0., 0., 1., 85., 16., 2., 0., 0., 0., 0., 4., 109., 35., 5., 0.,
       0., 0., 0., 3., 123., 26., 1., 0., 0., 0., 0., 5., 62., 5., 0.,
       0., 0., 0., 3., 23., 28., 59., 38., 0., 0., 1., 7., 5., 37., 131.,
       87., 0., 0., 0., 12., 14., 131., 125., 12., 0., 0., 0., 2., 50.,
       70., 18., 4., 0., 0., 0., 40., 117., 25., 17., 10., 0., 0., 1.,
       38., 42., 33., 39., 31., 0., 0., 1., 74., 96., 131., 72., 5., 0.,
       0., 0., 7., 89., 78., 94., 34., 0., 0., 0., 9., 38., 16., 36.,
       35., 4., 0., 0., 1., 3., 39., 63., 94., 5., 0., 0., 2., 7., 131.,
       69., 9., 0., 0., 0., 0., 47., 65., 7., 1., 0., 0., 0., 20., 131.,
       61., 0., 0., 0., 0., 0., 0., 6., 78., 0., 0., 0., 0., 0., 9., 42.,
       32., 0., 0., 0., 0., 6., 19., 29., 6., 0., 0., 0., 0., 4., 18.,
       19., 91., 0., 0., 0., 0., 0., 0., 17., 131., 3., 0., 0., 4., 17.,
       50., 131., 43., 1., 0., 0., 68., 131., 85., 73., 84., 4., 1., 1.,
       19., 40., 62., 108., 108., 3., 0., 0., 0., 0., 0., 8., 131., 105.,
       24., 10., 9., 6., 3., 22., 75., 51., 50., 96., 131., 51., 5., 10.,
       112., 90., 56., 29., 38., 11., 3., 15., 70., 4., 0., 0., 0., 0.,
       0., 3., 88., 87., 31., 4., 0., 0., 0., 1., 15., 40., 72., 50., 5.,
       0., 0., 0., 3., 28., 40., 12., 2., 0., 0., 0., 81., 0., 0., 0.,
       0., 0., 0., 7., 95., 0., 0., 0., 0., 1., 15., 66., 29., 0., 0.,
       0., 0., 7., 33., 47., 3., 0., 0., 0., 3., 17., 40., 24., 128., 1.,
       0., 0., 0., 0., 0., 18., 128., 14., 1., 2., 6., 20., 52., 128.,
       53., 12., 1., 8., 49., 109., 89., 88., 52., 17., 9., 10., 35.,
       66., 71., 79., 128., 9., 0., 0., 0., 0., 0., 3., 128., 128., 41.,
       14., 7., 4., 2., 12., 39., 81., 93., 104., 65., 21., 3., 6., 28.,
       69., 111., 54., 24., 5., 1., 4., 88., 4., 0., 0., 0., 0., 0., 2.,
       93., 64., 17., 1., 0., 0., 0., 0., 25., 32., 42., 13., 0., 0., 0.,
       0., 2., 7., 26., 10., 4., 0., 0., 0., 10., 1., 0., 0., 1., 3., 1.,
       3., 170., 32., 0., 0., 0., 1., 0., 28., 170., 19., 0., 0., 0., 0.,
       0., 13., 3., 0., 1., 0., 0., 0., 0., 0., 25., 6., 8., 1., 0., 0.,
       0., 3., 170., 16., 1., 0., 0., 0., 0., 89., 170., 7., 1., 0., 0.,
       0., 0., 42., 2., 1., 3., 0., 0., 0., 0., 0., 25., 20., 33., 2.,
       0., 0., 0., 0., 170., 100., 3., 0., 0., 0., 0., 16., 170., 39.,
       1., 0., 0., 0., 0., 8., 1., 2., 5., 0., 0., 0., 0., 0., 40., 21.,
       41., 0., 0., 0., 0., 3., 170., 19., 3., 0., 0., 0., 0., 93., 134.,
       3., 0., 0., 0., 0., 0., 38., 1., 1., 1., 0., 0., 0., 0., 0., 13.,
       0., 0., 1., 12., 21., 56., 48., 2., 0., 0., 0., 10., 63., 80.,
       15., 0., 0., 0., 2., 11., 28., 37., 17., 0., 0., 0., 8., 32., 37.,
       24., 2., 120., 25., 7., 20., 28., 9., 26., 65., 38., 9., 8., 62.,
       120., 80., 50., 31., 108., 4., 1., 11., 50., 35., 66., 120., 7.,
       1., 0., 25., 120., 95., 52., 21., 63., 102., 57., 19., 3., 0., 0.,
       3., 30., 40., 80., 120., 50., 0., 0., 1., 120., 106., 58., 59.,
       32., 2., 1., 14., 10., 11., 29., 120., 120., 4., 1., 3., 2., 8.,
       10., 4., 1., 0., 0., 2., 1., 7., 17., 22., 6., 0., 0., 0., 4.,
       34., 62., 55., 11., 0., 0., 0., 0., 2., 25., 96., 33., 0., 0., 0.,
       51., 0., 0., 0., 0., 1., 11., 38., 21., 0., 0., 0., 0., 9., 22.,
       26., 6., 0., 0., 0., 0., 8., 34., 36., 1., 0., 0., 1., 8., 28.,
       23., 6., 118., 4., 0., 0., 4., 20., 47., 118., 37., 2., 0., 0.,
       65., 118., 68., 51., 118., 11., 1., 2., 20., 42., 63., 118., 25.,
       3., 1., 4., 95., 115., 41., 21., 118., 95., 19., 9., 8., 6., 3.,
       13., 49., 40., 39., 90., 118., 51., 4., 6., 118., 118., 69., 31.,
       35., 9., 1., 8., 15., 20., 62., 85., 99., 18., 1., 2., 57., 80.,
       30., 4., 0., 0., 0., 0., 10., 33., 70., 55., 6., 0., 0., 0., 3.,
       30., 44., 13., 2., 0., 0., 0., 0., 3., 33., 32., 7., 0., 0., 0.,
       0., 0., 0., 0., 1., 26., 7., 2., 172., 30., 0., 0., 0., 8., 7.,
       29., 172., 61., 0., 0., 0., 0., 0., 27., 10., 3., 0., 0., 0., 0.,
       0., 1., 1., 0., 0., 0., 1., 6., 1., 1., 172., 40., 0., 0., 1., 7.,
       2., 9., 172., 102., 0., 0., 0., 0., 0., 9., 32., 6., 1., 0., 0.,
       0., 0., 1., 0., 3., 7., 1., 0., 0., 0., 0., 172., 10., 4., 0., 0.,
       0., 0., 28., 172., 16., 0., 0., 0., 0., 0., 70., 32., 2., 2., 0.,
       0., 0., 0., 3., 0., 6., 27., 2., 0., 0., 0., 0., 128., 50., 16.,
       2., 0., 0., 0., 3., 172., 88., 0., 0., 0., 0., 0., 12., 23., 7.,
       3., 0., 0., 0., 0., 0., 8., 3., 0., 0., 0., 0., 0., 0., 75., 16.,
       1., 1., 4., 1., 0., 2., 10., 2., 1., 8., 51., 6., 4., 11., 17.,
       7., 2., 2., 9., 11., 43., 38., 11., 4., 0., 0., 0., 0., 0., 0.,
       138., 13., 0., 0., 5., 4., 2., 12., 90., 2., 0., 0., 55., 24., 6.,
       49., 114., 4., 0., 3., 77., 48., 52., 108., 12., 0., 0., 0., 0.,
       0., 3., 4., 138., 4., 0., 0., 6., 3., 23., 43., 129., 21., 0., 3.,
       65., 25., 36., 23., 138., 48., 1., 9., 125., 24., 16., 32., 1.,
       0., 0., 0., 0., 0., 27., 11., 17., 0., 0., 0., 0., 3., 138., 130.,
       17., 2., 0., 0., 6., 36., 138., 64., 38., 7., 0., 1., 11., 33.,
       138., 111., 43., 2., 0., 0., 0., 1., 11., 25., 9., 1., 0., 0., 1.,
       7., 37., 35., 1., 0., 0., 0., 16., 36., 47., 15., 1., 0., 0., 0.,
       16., 63., 58., 17., 44., 1., 0., 0., 13., 73., 105., 97., 88.,
       16., 3., 2., 15., 56., 95., 108., 36., 11., 5., 10., 73., 108.,
       84., 49., 45., 21., 11., 18., 71., 72., 46., 49., 91., 79., 47.,
       59., 66., 49., 17., 21., 69., 108., 103., 56., 48., 22., 5., 13.,
       14., 36., 103., 108., 87., 23., 3., 3., 12., 36., 93., 96., 39.,
       2., 0., 1., 23., 82., 76., 33., 3., 0., 0., 0., 4., 22., 64., 29.,
       3., 0., 0., 0., 0., 4., 38., 42., 14., 1., 0., 0., 0., 0., 11.,
       26., 40., 2., 0., 0., 7., 0., 0., 0., 2., 21., 77., 74., 9., 0.,
       0., 0., 1., 18., 70., 44., 2., 0., 0., 0., 2., 28., 46., 11., 0.,
       0., 0., 6., 20., 17., 13., 1., 70., 19., 16., 31., 40., 40., 42.,
       74., 87., 14., 3., 18., 32., 47., 99., 108., 19., 4., 2., 18.,
       72., 108., 104., 47., 18., 1., 0., 3., 39., 84., 108., 65., 39.,
       83., 80., 42., 8., 0., 0., 2., 104., 108., 80., 46., 12., 3., 2.,
       14., 50., 64., 84., 108., 66., 14., 4., 15., 75., 66., 54., 84.,
       85., 20., 14., 35., 25., 13., 5., 0., 0., 0., 0., 15., 7., 33.,
       34., 9., 1., 0., 0., 2., 2., 24., 59., 41., 6., 0., 0., 0., 3.,
       31., 80., 102., 18., 0., 0., 0., 28., 21., 8., 32., 5., 0., 0.,
       0., 2., 6., 94., 68., 3., 1., 0., 1., 2., 60., 95., 9., 3., 2.,
       1., 1., 5., 37., 7., 3., 0., 1., 3., 0., 67., 6., 7., 90., 106.,
