%YAML:1.0
---
mat: !!opencv-matrix
   rows: 137
   cols: 128
   dt: f
   data: [ 52., 8., 0., 0., 0., 0., 6., 106., 69., 25., 0., 0., 0., 2.,
       124., 124., 28., 5., 0., 0., 25., 112., 110., 70., 124., 0., 0.,
       0., 7., 27., 29., 79., 123., 39., 0., 0., 0., 0., 23., 89., 124.,
       107., 0., 0., 1., 3., 33., 84., 39., 8., 0., 0., 6., 49., 67.,
       37., 14., 0., 0., 0., 0., 8., 42., 49., 124., 5., 0., 0., 0., 1.,
       60., 124., 98., 36., 13., 3., 13., 15., 68., 115., 22., 52., 13.,
       1., 1., 4., 10., 10., 0., 0., 0., 0., 0., 0., 1., 2., 55., 15.,
       0., 0., 1., 18., 43., 96., 26., 13., 3., 2., 9., 20., 9., 24., 0.,
       5., 2., 0., 1., 4., 1., 0., 0., 0., 0., 0., 0., 0., 0., 0., 84.,
       31., 2., 0., 0., 0., 0., 9., 111., 134., 28., 0., 0., 0., 3., 35.,
       97., 131., 11., 0., 0., 3., 7., 20., 7., 10., 12., 0., 0., 1., 6.,
       19., 99., 27., 1., 0., 1., 2., 1., 10., 134., 48., 3., 0., 0., 0.,
       15., 134., 99., 42., 26., 4., 9., 16., 21., 107., 2., 13., 36.,
       3., 3., 7., 6., 0., 51., 7., 0., 0., 0., 1., 12., 102., 134., 42.,
       3., 0., 0., 2., 8., 134., 90., 56., 12., 0., 4., 14., 17., 27.,
       7., 1., 0., 0., 1., 5., 9., 3., 9., 0., 0., 0., 0., 0., 89., 134.,
       17., 3., 1., 4., 3., 15., 75., 134., 45., 9., 7., 6., 2., 11.,
       26., 37., 5., 0., 0., 0., 0., 0., 0., 1., 21., 151., 45., 0., 0.,
       0., 0., 0., 98., 151., 24., 1., 0., 0., 0., 4., 26., 30., 1., 5.,
       4., 0., 0., 4., 0., 0., 0., 1., 0., 0., 0., 0., 38., 62., 16., 2.,
       4., 1., 0., 0., 151., 145., 12., 8., 3., 0., 0., 35., 86., 25.,
       20., 123., 76., 2., 1., 21., 0., 1., 2., 19., 7., 0., 0., 1., 11.,
       36., 28., 4., 1., 0., 0., 0., 117., 151., 118., 9., 1., 0., 0.,
       3., 16., 103., 151., 93., 25., 0., 0., 2., 2., 24., 84., 32., 3.,
       0., 0., 1., 0., 4., 3., 2., 0., 0., 0., 0., 1., 34., 27., 0., 0.,
       0., 0., 0., 2., 55., 79., 1., 0., 0., 0., 0., 8., 66., 36., 6.,
       0., 0., 0., 0., 5., 8., 8., 0., 1., 42., 10., 1., 149., 51., 5.,
       0., 0., 3., 1., 5., 149., 29., 0., 0., 0., 0., 1., 58., 36., 5.,
       1., 0., 0., 0., 1., 42., 1., 38., 17., 0., 3., 106., 9., 0., 149.,
       43., 0., 0., 0., 53., 27., 15., 149., 57., 1., 0., 0., 1., 3.,
       36., 28., 5., 4., 0., 0., 1., 2., 14., 19., 120., 19., 0., 2.,
       20., 5., 2., 116., 48., 1., 0., 0., 26., 54., 90., 149., 10., 0.,
       0., 0., 0., 11., 115., 28., 3., 0., 0., 0., 0., 2., 7., 63., 12.,
       1., 9., 16., 9., 1., 9., 149., 19., 0., 0., 0., 0., 4., 109., 80.,
       6., 0., 0., 0., 0., 12., 109., 4., 1., 0., 0., 0., 0., 0., 1.,
       37., 38., 16., 1., 0., 0., 1., 6., 24., 16., 42., 9., 0., 4., 33.,
       49., 47., 82., 11., 2., 0., 0., 29., 106., 72., 80., 21., 1., 0.,
       0., 6., 21., 66., 7., 0., 0., 0., 0., 3., 43., 127., 9., 0., 0.,
       1., 8., 70., 127., 30., 8., 12., 11., 38., 77., 85., 104., 90.,
       35., 11., 5., 5., 9., 9., 72., 62., 2., 1., 0., 0., 1., 1., 73.,
       127., 20., 0., 0., 2., 5., 4., 111., 86., 12., 1., 6., 93., 93.,
       15., 25., 81., 27., 1., 1., 18., 18., 12., 77., 103., 2., 0., 0.,
       0., 0., 0., 95., 98., 1., 0., 0., 0., 1., 15., 127., 17., 2., 1.,
       5., 29., 21., 54., 30., 17., 7., 0., 0., 6., 6., 48., 55., 0., 0.,
       0., 0., 0., 1., 1., 0., 2., 0., 0., 0., 0., 3., 1., 7., 2., 0.,
       0., 0., 0., 9., 48., 38., 10., 0., 0., 0., 2., 34., 30., 5., 39.,
       3., 0., 0., 3., 23., 34., 63., 56., 11., 0., 1., 42., 123., 41.,
       50., 123., 82., 31., 19., 26., 60., 123., 123., 22., 11., 19.,
       51., 123., 123., 72., 18., 62., 75., 37., 8., 8., 10., 7., 27.,
       32., 57., 63., 95., 123., 60., 7., 9., 76., 123., 123., 54., 26.,
       7., 1., 9., 6., 19., 113., 123., 69., 9., 1., 3., 0., 15., 28.,
       3., 0., 0., 0., 0., 0., 9., 55., 43., 4., 0., 0., 0., 1., 12.,
       24., 8., 1., 0., 0., 0., 21., 8., 13., 4., 0., 0., 0., 8., 0., 0.,
       0., 0., 0., 2., 12., 18., 0., 0., 0., 0., 7., 21., 15., 8., 0.,
       0., 0., 0., 2., 2., 6., 5., 0., 0., 0., 0., 0., 2., 3., 0., 65.,
       29., 6., 7., 11., 11., 29., 74., 34., 10., 7., 38., 122., 84.,
       40., 54., 73., 8., 1., 4., 27., 51., 122., 122., 2., 1., 0., 5.,
       68., 122., 87., 14., 32., 96., 60., 17., 4., 0., 0., 2., 57., 62.,
       79., 107., 57., 2., 0., 10., 122., 122., 122., 56., 30., 23., 36.,
       83., 18., 21., 70., 122., 122., 59., 21., 14., 0., 6., 12., 0.,
       0., 0., 0., 0., 3., 18., 17., 4., 0., 0., 0., 0., 9., 69., 67.,
       9., 0., 0., 0., 3., 13., 10., 43., 33., 3., 0., 6., 27., 0., 0.,
       69., 135., 60., 2., 0., 0., 40., 22., 93., 85., 9., 2., 0., 0.,
       135., 30., 7., 18., 57., 5., 1., 13., 3., 4., 29., 46., 116., 4.,
       0., 1., 0., 0., 1., 103., 58., 3., 0., 0., 78., 20., 7., 36., 33.,
       3., 0., 2., 135., 29., 2., 21., 94., 2., 0., 4., 5., 1., 5., 56.,
       135., 5., 0., 1., 0., 0., 1., 65., 14., 8., 3., 0., 86., 2., 0.,
       20., 14., 8., 9., 20., 135., 7., 0., 6., 98., 10., 0., 22., 6.,
       1., 1., 12., 135., 31., 1., 4., 1., 6., 5., 5., 3., 10., 5., 1.,
       49., 6., 1., 3., 2., 10., 8., 6., 135., 20., 1., 5., 65., 5., 0.,
       3., 6., 1., 1., 10., 135., 18., 0., 0., 3., 11., 13., 6., 1., 0.,
       0., 1., 0., 5., 24., 40., 109., 37., 0., 0., 5., 20., 56., 52.,
       119., 118., 68., 11., 8., 29., 41., 6., 5., 20., 76., 32., 1., 5.,
       16., 30., 34., 9., 1., 1., 14., 22., 103., 119., 108., 28., 4.,
       5., 119., 55., 62., 43., 22., 53., 76., 38., 12., 1., 2., 4., 7.,
       52., 119., 42., 0., 1., 12., 20., 41., 31., 3., 0., 15., 11., 28.,
       39., 119., 119., 60., 26., 119., 18., 9., 15., 12., 34., 50., 91.,
       45., 17., 31., 42., 13., 23., 26., 13., 1., 4., 19., 37., 55.,
       33., 9., 0., 9., 39., 67., 22., 18., 47., 38., 21., 52., 5., 7.,
       5., 8., 16., 16., 99., 17., 3., 2., 5., 7., 28., 42., 34., 7.,
       19., 8., 2., 3., 8., 3., 2., 142., 142., 7., 0., 0., 0., 0., 7.,
       142., 107., 11., 0., 0., 0., 0., 48., 35., 23., 5., 0., 0., 0.,
       0., 26., 3., 8., 9., 2., 9., 23., 36., 6., 142., 47., 2., 0., 0.,
       2., 17., 19., 142., 142., 0., 0., 0., 0., 0., 22., 41., 36., 0.,
       0., 0., 0., 0., 7., 4., 83., 28., 0., 0., 2., 6., 1., 141., 24.,
       10., 0., 0., 2., 4., 72., 142., 16., 0., 0., 0., 0., 0., 100.,
       22., 4., 0., 0., 0., 0., 0., 1., 43., 66., 2., 0., 0., 0., 0., 7.,
       142., 17., 1., 0., 0., 0., 0., 127., 71., 0., 0., 0., 0., 0., 0.,
       58., 0., 0., 0., 0., 0., 0., 0., 0., 33., 138., 71., 0., 0., 0.,
       0., 0., 23., 138., 131., 0., 0., 0., 0., 2., 16., 55., 74., 4.,
       0., 0., 0., 7., 5., 10., 10., 5., 4., 2., 0., 2., 65., 130., 34.,
       0., 1., 0., 0., 1., 138., 117., 25., 0., 0., 0., 0., 49., 68.,
       41., 10., 0., 0., 0., 3., 91., 10., 6., 1., 0., 0., 0., 0., 12.,
       80., 27., 0., 0., 0., 2., 10., 9., 138., 138., 2., 0., 0., 0., 0.,
       9., 87., 138., 9., 0., 0., 0., 0., 10., 4., 10., 1., 0., 0., 0.,
       0., 1., 7., 12., 11., 2., 0., 11., 21., 4., 138., 71., 1., 0., 0.,
       4., 3., 23., 138., 29., 0., 0., 0., 0., 0., 14., 2., 1., 0., 0.,
       0., 0., 0., 0., 54., 114., 29., 31., 16., 11., 59., 83., 26., 53.,
       18., 41., 40., 16., 58., 63., 78., 100., 18., 11., 6., 4., 13.,
       42., 11., 24., 10., 0., 0., 0., 0., 3., 114., 114., 19., 25., 35.,
       69., 114., 84., 114., 114., 9., 18., 36., 29., 48., 40., 82., 29.,
       5., 4., 6., 10., 60., 90., 32., 10., 2., 0., 0., 0., 1., 17., 12.,
       7., 68., 89., 35., 52., 107., 34., 114., 39., 21., 18., 5., 8.,
       22., 62., 64., 5., 0., 0., 0., 2., 21., 23., 8., 9., 2., 0., 0.,
       0., 2., 6., 3., 2., 14., 17., 24., 52., 114., 48., 54., 6., 4.,
       1., 0., 0., 57., 114., 18., 8., 5., 0., 0., 0., 0., 10., 0., 9.,
       3., 0., 0., 0., 0., 0., 1., 2., 5., 1., 0., 0., 1., 5., 1., 13.,
       31., 1., 0., 1., 46., 26., 0., 5., 36., 11., 1., 23., 47., 5., 2.,
