%YAML:1.0
---
mat: !!opencv-matrix
   rows: 46
   cols: 128
   dt: f
   data: [ 0., 0., 0., 0., 0., 0., 0., 0., 0., 0., 0., 0., 0., 0., 9.,
       14., 0., 0., 0., 0., 0., 0., 70., 57., 0., 0., 0., 0., 0., 0.,
       132., 99., 6., 0., 0., 0., 0., 0., 0., 8., 123., 2., 0., 0., 0.,
       0., 54., 147., 28., 1., 0., 0., 0., 0., 147., 147., 0., 0., 0.,
       0., 0., 0., 147., 140., 5., 0., 0., 0., 0., 0., 0., 1., 147., 42.,
       0., 0., 0., 0., 2., 44., 147., 24., 0., 0., 0., 0., 29., 62., 0.,
       0., 1., 1., 0., 0., 29., 13., 0., 0., 0., 0., 0., 0., 0., 0.,
       146., 37., 0., 0., 0., 0., 0., 0., 147., 62., 2., 9., 2., 0., 1.,
       3., 4., 6., 19., 26., 2., 0., 3., 2., 9., 0., 0., 0., 0., 0., 0.,
       1., 164., 0., 0., 0., 0., 0., 0., 60., 164., 0., 0., 0., 0., 0.,
       0., 33., 15., 0., 1., 4., 3., 0., 0., 5., 27., 2., 0., 0., 0., 0.,
       0., 2., 164., 76., 8., 0., 0., 0., 0., 47., 146., 75., 39., 0.,
       0., 0., 0., 19., 10., 15., 18., 3., 16., 4., 0., 5., 12., 9., 0.,
       0., 0., 0., 0., 0., 106., 164., 63., 0., 0., 0., 0., 1., 15.,
       164., 164., 0., 0., 0., 0., 0., 1., 114., 164., 1., 2., 2., 0.,
       0., 0., 0., 0., 0., 0., 0., 0., 0., 0., 5., 2., 0., 0., 0., 0.,
       0., 0., 14., 16., 0., 0., 0., 0., 0., 0., 16., 31., 0., 0., 0.,
       0., 0., 0., 9., 87., 21., 6., 1., 0., 0., 1., 20., 64., 17., 9.,
       2., 0., 0., 0., 9., 56., 16., 3., 5., 6., 0., 0., 10., 16., 3.,
       19., 3., 3., 0., 10., 56., 113., 71., 50., 13., 8., 7., 113.,
       113., 113., 40., 13., 12., 3., 11., 27., 58., 102., 60., 96., 46.,
       2., 3., 68., 112., 40., 6., 18., 4., 1., 6., 10., 6., 5., 8., 47.,
       101., 113., 34., 113., 15., 14., 16., 10., 56., 113., 93., 27.,
       10., 21., 50., 85., 59., 82., 40., 95., 17., 1., 2., 20., 9., 28.,
       101., 0., 0., 0., 1., 7., 28., 68., 2., 0., 0., 0., 2., 6., 36.,
       79., 10., 0., 0., 0., 2., 8., 34., 90., 14., 1., 0., 0., 3., 15.,
       2., 20., 25., 5., 0., 0., 0., 0., 0., 0., 1., 154., 2., 2., 3.,
       1., 0., 0., 44., 64., 29., 69., 48., 4., 0., 0., 27., 22., 86.,
       37., 5., 0., 3., 3., 3., 11., 0., 0., 0., 0., 0., 0., 0., 154.,
       7., 2., 8., 13., 9., 1., 13., 76., 33., 59., 95., 98., 103., 36.,
       29., 154., 114., 34., 10., 5., 11., 24., 94., 12., 0., 0., 0., 0.,
       0., 0., 0., 154., 20., 0., 0., 1., 6., 0., 17., 77., 16., 0., 0.,
       10., 79., 70., 76., 41., 11., 3., 0., 0., 8., 53., 113., 11., 0.,
       0., 0., 0., 0., 0., 0., 154., 10., 0., 0., 0., 0., 0., 18., 82.,
       39., 5., 0., 0., 0., 7., 42., 5., 19., 12., 0., 0., 0., 16., 15.,
       0., 0., 0., 0., 0., 0., 0., 0., 5., 0., 0., 0., 0., 0., 0., 0.,
       4., 1., 0., 0., 0., 0., 0., 0., 1., 1., 0., 0., 0., 0., 0., 0.,
       5., 0., 0., 0., 0., 0., 0., 1., 142., 9., 3., 3., 0., 0., 0., 22.,
       109., 74., 100., 40., 2., 0., 0., 6., 29., 129., 43., 3., 0., 1.,
       3., 1., 5., 0., 0., 0., 0., 0., 0., 0., 142., 31., 4., 8., 8., 6.,
       1., 8., 114., 59., 86., 94., 75., 77., 45., 34., 142., 142., 38.,
       8., 4., 7., 21., 85., 1., 0., 0., 0., 0., 0., 0., 0., 142., 29.,
       0., 0., 1., 3., 2., 5., 141., 10., 0., 0., 7., 49., 80., 79., 51.,
       4., 0., 0., 0., 4., 41., 120., 0., 1., 112., 41., 0., 1., 62., 9.,
       0., 1., 112., 58., 1., 3., 42., 6., 18., 73., 112., 20., 0., 2.,
       18., 2., 23., 44., 7., 1., 4., 1., 6., 0., 12., 10., 91., 28.,
       22., 19., 16., 19., 47., 21., 76., 23., 10., 35., 52., 37., 62.,
       100., 35., 6., 41., 86., 29., 8., 112., 107., 1., 1., 5., 2., 1.,
       6., 41., 8., 6., 7., 50., 112., 58., 48., 112., 26., 7., 5., 31.,
       63., 70., 105., 35., 9., 0., 2., 88., 98., 80., 59., 96., 18., 0.,
       0., 6., 6., 24., 96., 3., 0., 0., 1., 2., 43., 69., 34., 3., 0.,
       0., 1., 6., 34., 85., 45., 0., 0., 0., 0., 5., 32., 69., 18., 1.,
       0., 0., 0., 4., 3., 17., 25., 8., 1., 15., 38., 7., 0., 0., 6.,
       9., 43., 96., 37., 2., 0., 0., 1., 14., 60., 31., 2., 0., 0., 0.,
       4., 7., 21., 15., 1., 0., 0., 0., 8., 4., 1., 10., 68., 114., 7.,
       0., 3., 114., 56., 60., 58., 61., 7., 0., 31., 52., 73., 87.,
       113., 44., 3., 1., 18., 60., 114., 86., 35., 6., 1., 1., 3., 2.,
       0., 0., 9., 114., 52., 8., 2., 58., 70., 18., 9., 68., 63., 51.,
       6., 27., 39., 41., 67., 66., 29., 30., 15., 91., 47., 26., 50.,
       21., 9., 10., 26., 0., 58., 93., 0., 15., 50., 26., 0., 1., 26.,
       31., 0., 3., 91., 114., 1., 3., 8., 10., 2., 0., 90., 114., 2.,
       5., 7., 17., 12., 5., 61., 105., 3., 15., 1., 1., 53., 132., 3.,
       1., 40., 132., 30., 4., 46., 86., 5., 1., 14., 119., 13., 10., 5.,
       13., 19., 10., 10., 18., 10., 13., 5., 5., 10., 21., 26., 3., 3.,
       8., 111., 132., 3., 0., 2., 132., 25., 8., 46., 85., 6., 1., 31.,
       112., 31., 64., 49., 18., 5., 3., 7., 22., 53., 52., 19., 8., 3.,
       3., 5., 11., 5., 10., 131., 132., 11., 5., 10., 132., 36., 12.,
       34., 38., 8., 7., 59., 66., 22., 22., 18., 29., 24., 17., 15.,
       39., 25., 16., 3., 4., 7., 12., 27., 13., 2., 6., 32., 94., 25.,
       12., 14., 127., 10., 9., 10., 11., 7., 11., 54., 20., 37., 55.,
       20., 6., 2., 2., 4., 8., 34., 39., 17., 3., 0., 1., 2., 22., 7.,
       3., 1., 3., 14., 121., 121., 13., 9., 25., 5., 2., 11., 121.,
       121., 11., 25., 19., 1., 0., 1., 90., 101., 9., 6., 3., 10., 9.,
       2., 18., 30., 31., 28., 5., 10., 9., 2., 14., 21., 12., 33., 121.,
       120., 68., 29., 8., 13., 121., 121., 100., 17., 4., 5., 5., 26.,
       38., 23., 0., 3., 12., 12., 1., 1., 77., 16., 0., 2., 8., 7., 1.,
       7., 20., 6., 7., 20., 63., 121., 95., 35., 121., 24., 8., 5., 4.,
       22., 78., 121., 42., 22., 8., 1., 0., 1., 0., 8., 36., 16., 6.,
       0., 0., 0., 1., 15., 36., 16., 0., 0., 0., 4., 15., 8., 13., 5.,
       16., 42., 31., 3., 12., 21., 21., 89., 81., 49., 25., 5., 2., 4.,
       6., 0., 0., 0., 1., 14., 35., 17., 0., 1., 8., 7., 1., 8., 77.,
       15., 4., 10., 9., 2., 13., 19., 32., 27., 3., 1., 4., 15., 120.,
       120., 20., 6., 0., 0., 0., 4., 16., 8., 36., 15., 7., 20., 63.,
       120., 95., 35., 20., 6., 120., 119., 69., 29., 8., 12., 12., 33.,
       25., 5., 2., 11., 120., 120., 13., 9., 18., 44., 31., 3., 12.,
       21., 12., 5., 8., 4., 4., 22., 78., 120., 120., 24., 100., 17.,
       4., 5., 5., 26., 120., 120., 19., 1., 0., 1., 96., 101., 11., 25.,
       79., 46., 22., 4., 2., 3., 22., 91., 7., 1., 0., 1., 0., 8., 42.,
       21., 0., 3., 12., 12., 1., 1., 38., 22., 3., 9., 8., 2., 21., 32.,
       9., 6., 0., 3., 87., 22., 7., 22., 1., 2., 2., 38., 51., 7., 16.,
       34., 1., 0., 1., 51., 29., 4., 5., 2., 0., 0., 0., 6., 19., 15.,
       15., 6., 0., 0., 7., 22., 139., 92., 47., 4., 0., 1., 139., 134.,
       114., 4., 8., 7., 1., 6., 33., 35., 27., 2., 36., 38., 1., 2., 0.,
       28., 46., 41., 5., 4., 0., 0., 13., 2., 4., 9., 65., 84., 101.,
       21., 139., 14., 4., 4., 2., 5., 46., 112., 47., 6., 8., 85., 42.,
       24., 0., 6., 0., 6., 28., 139., 16., 8., 0., 0., 0., 3., 7., 9.,
       5., 49., 96., 7., 13., 1., 10., 89., 2., 6., 50., 45., 4., 1.,
       28., 139., 1., 0., 0., 2., 0., 0., 13., 139., 1., 0., 0., 0., 14.,
       30., 11., 24., 69., 19., 18., 17., 51., 30., 11., 3., 2., 8., 77.,
       47., 160., 28., 3., 1., 0., 1., 12., 47., 29., 3., 0., 3., 2., 0.,
       0., 0., 17., 131., 61., 16., 11., 13., 22., 35., 64., 59., 90.,
       88., 10., 29., 27., 16., 160., 104., 25., 10., 1., 3., 2., 7.,
       45., 4., 0., 1., 2., 1., 0., 0., 33., 21., 13., 9., 8., 12., 48.,
       150., 61., 19., 18., 21., 10., 118., 87., 42., 160., 13., 2., 2.,
       1., 18., 25., 76., 48., 4., 4., 2., 1., 0., 0., 1., 31., 18., 14.,
       5., 7., 18., 16., 15., 54., 18., 15., 11., 5., 11., 12., 15.,
       160., 34., 6., 2., 0., 2., 4., 24., 31., 4., 4., 3., 0., 0., 0.,
       0., 117., 61., 40., 30., 3., 2., 1., 15., 22., 55., 58., 21., 1.,
