%YAML:1.0
---
mat: !!opencv-matrix
   rows: 79
   cols: 128
   dt: f
   data: [ 40., 14., 1., 4., 18., 122., 77., 24., 122., 19., 0., 7., 9.,
       17., 12., 50., 16., 1., 0., 72., 82., 2., 0., 3., 4., 3., 7., 42.,
       68., 15., 7., 5., 17., 40., 122., 58., 41., 73., 15., 10., 122.,
       58., 27., 28., 32., 22., 6., 33., 20., 4., 1., 54., 113., 45., 1.,
       3., 2., 1., 2., 49., 52., 20., 6., 2., 8., 8., 59., 23., 6., 109.,
       122., 46., 94., 15., 14., 6., 16., 15., 92., 122., 10., 0., 0.,
       5., 122., 95., 4., 10., 8., 4., 2., 26., 53., 67., 27., 4., 0.,
       0., 0., 0., 0., 12., 51., 5., 0., 0., 0., 2., 13., 12., 29., 15.,
       0., 1., 5., 4., 22., 96., 4., 0., 0., 1., 1., 0., 14., 121., 19.,
       0., 25., 71., 17., 4., 7., 1., 0., 3., 85., 103., 1., 0., 0., 1.,
       2., 5., 28., 18., 7., 1., 0., 1., 3., 8., 4., 4., 8., 0., 0., 0.,
       0., 1., 36., 24., 7., 5., 10., 2., 10., 65., 114., 40., 2., 8.,
       4., 0., 1., 45., 34., 20., 109., 114., 37., 4., 4., 6., 5., 114.,
       114., 26., 3., 2., 9., 1., 51., 18., 4., 1., 0., 0., 6., 70., 85.,
       11., 1., 14., 38., 1., 6., 93., 28., 12., 23., 94., 114., 30.,
       56., 23., 38., 92., 42., 13., 9., 71., 114., 26., 41., 2., 1., 1.,
       0., 1., 6., 114., 12., 0., 1., 52., 63., 1., 1., 62., 36., 81.,
       20., 101., 114., 4., 4., 7., 48., 114., 20., 15., 20., 38., 19.,
       8., 22., 39., 58., 54., 33., 4., 0., 2., 58., 90., 35., 10., 3.,
       1., 0., 2., 23., 18., 1., 0., 0., 0., 0., 1., 0., 0., 0., 0., 0.,
       0., 0., 0., 48., 20., 21., 80., 155., 4., 0., 12., 155., 118.,
       32., 29., 25., 0., 1., 22., 92., 15., 1., 1., 0., 17., 14., 27.,
       0., 0., 1., 0., 0., 16., 6., 0., 53., 8., 4., 126., 155., 1., 1.,
       10., 155., 33., 1., 15., 31., 1., 1., 45., 116., 42., 3., 0., 0.,
       10., 6., 8., 0., 7., 4., 1., 1., 34., 10., 0., 71., 18., 26.,
       155., 33., 0., 0., 16., 155., 25., 4., 4., 2., 0., 0., 54., 50.,
       57., 17., 0., 0., 0., 0., 3., 0., 19., 30., 6., 1., 2., 0., 0.,
       9., 9., 41., 43., 86., 37., 14., 16., 117., 26., 19., 2., 1., 5.,
       14., 117., 60., 0., 0., 12., 31., 4., 2., 41., 0., 1., 6., 44.,
       68., 2., 0., 0., 27., 12., 1., 15., 34., 117., 97., 23., 117.,
       30., 0., 2., 5., 41., 26., 82., 50., 2., 0., 62., 72., 1., 0.,
       13., 3., 4., 9., 64., 90., 12., 5., 3., 13., 47., 97., 34., 33.,
       81., 19., 8., 117., 46., 37., 32., 30., 39., 10., 30., 44., 10.,
       1., 51., 92., 30., 1., 4., 1., 1., 1., 42., 54., 22., 5., 2., 1.,
       7., 51., 17., 8., 106., 110., 12., 70., 16., 26., 12., 5., 12.,
       93., 117., 21., 1., 0., 2., 86., 55., 4., 19., 4., 2., 1., 21.,
       48., 46., 14., 2., 56., 45., 30., 36., 22., 2., 1., 7., 36., 20.,
       11., 13., 31., 43., 12., 15., 44., 46., 11., 11., 18., 13., 5.,
       16., 57., 12., 9., 7., 11., 14., 4., 22., 116., 65., 9., 24., 60.,
       11., 14., 12., 81., 61., 37., 116., 75., 20., 7., 13., 116., 61.,
       17., 52., 36., 13., 2., 26., 107., 8., 3., 4., 28., 25., 4., 63.,
       23., 44., 12., 4., 10., 43., 116., 14., 26., 23., 16., 51., 25.,
       69., 116., 15., 116., 48., 9., 13., 8., 28., 94., 47., 116., 17.,
       6., 5., 6., 2., 6., 116., 26., 45., 10., 1., 3., 9., 44., 51.,
       26., 25., 27., 10., 15., 30., 56., 25., 40., 13., 4., 0., 0., 14.,
       116., 85., 81., 2., 0., 0., 1., 0., 34., 70., 1., 15., 91., 12.,
       0., 0., 0., 0., 3., 54., 76., 3., 0., 0., 0., 1., 1., 17., 49.,
       24., 0., 0., 1., 1., 0., 13., 56., 12., 0., 1., 3., 0., 8., 9.,
       70., 40., 56., 13., 11., 9., 111., 94., 72., 32., 30., 1., 0., 8.,
       40., 37., 67., 111., 67., 0., 0., 10., 27., 47., 91., 26., 3., 0.,
       13., 39., 19., 3., 1., 56., 111., 10., 9., 40., 111., 33., 11.,
       51., 59., 8., 5., 56., 98., 9., 10., 111., 72., 5., 2., 64., 78.,
       2., 1., 2., 2., 0., 33., 111., 19., 0., 0., 33., 107., 28., 19.,
       59., 38., 0., 0., 4., 70., 43., 23., 111., 102., 2., 1., 7., 59.,
       30., 22., 93., 68., 12., 15., 2., 0., 0., 1., 45., 8., 25., 32.,
       39., 80., 22., 5., 6., 23., 100., 36., 35., 85., 6., 0., 0., 97.,
       60., 8., 25., 109., 12., 1., 0., 68., 43., 3., 28., 77., 7., 2.,
       1., 5., 6., 1., 10., 112., 57., 3., 2., 112., 49., 6., 7., 83.,
       50., 9., 35., 70., 38., 3., 5., 82., 112., 17., 16., 59., 54.,
       14., 16., 14., 8., 14., 34., 3., 1., 1., 83., 112., 20., 10., 5.,
       112., 23., 0., 4., 59., 31., 32., 65., 45., 7., 0., 0., 36., 108.,
       99., 46., 11., 5., 1., 0., 1., 9., 103., 98., 2., 0., 1., 29.,
       20., 6., 28., 72., 14., 0., 0., 1., 3., 7., 79., 97., 7., 0., 0.,
       1., 1., 4., 32., 33., 0., 0., 0., 1., 3., 2., 19., 6., 4., 4.,
       60., 70., 7., 11., 21., 14., 5., 4., 79., 121., 11., 19., 21., 5.,
       22., 38., 98., 94., 10., 34., 19., 2., 79., 77., 19., 6., 14.,
       17., 13., 11., 20., 11., 73., 85., 44., 100., 11., 5., 121., 31.,
       36., 27., 11., 56., 54., 60., 25., 19., 5., 9., 52., 121., 76.,
       16., 108., 108., 3., 2., 16., 46., 18., 23., 18., 12., 7., 3.,
       67., 121., 26., 14., 121., 73., 16., 3., 16., 68., 39., 39., 17.,
       43., 44., 14., 55., 102., 23., 6., 38., 7., 2., 0., 8., 54., 63.,
       46., 4., 31., 22., 4., 24., 40., 10., 2., 9., 13., 8., 4., 28.,
       56., 44., 8., 16., 22., 31., 6., 11., 12., 20., 34., 13., 9., 6.,
       22., 16., 16., 8., 18., 29., 18., 37., 60., 17., 1., 1., 13., 38.,
       51., 25., 19., 10., 8., 2., 6., 12., 16., 34., 17., 19., 32., 7.,
       9., 34., 23., 10., 4., 4., 6., 9., 15., 47., 19., 17., 88., 122.,
       3., 2., 10., 122., 60., 15., 15., 14., 16., 8., 53., 26., 27.,
       17., 64., 88., 47., 11., 18., 64., 58., 10., 12., 15., 11., 2.,
       19., 36., 15., 3., 48., 89., 60., 51., 6., 122., 117., 33., 52.,
       12., 14., 38., 21., 82., 28., 41., 122., 61., 17., 7., 12., 122.,
       31., 12., 15., 15., 9., 3., 46., 12., 58., 22., 0., 2., 47., 82.,
       7., 14., 18., 6., 8., 5., 58., 122., 11., 39., 6., 5., 17., 15.,
       90., 122., 20., 102., 36., 6., 3., 1., 8., 38., 43., 28., 26.,
       22., 5., 5., 7., 64., 54., 73., 6., 19., 29., 17., 0., 7., 114.,
       40., 39., 53., 34., 10., 6., 7., 24., 15., 13., 20., 10., 8., 8.,
       15., 10., 31., 11., 4., 5., 12., 33., 108., 54., 33., 9., 11.,
       114., 93., 24., 14., 57., 114., 44., 27., 64., 34., 10., 7., 47.,
       55., 23., 26., 60., 33., 14., 4., 21., 13., 25., 40., 38., 53.,
       22., 17., 13., 30., 62., 32., 21., 37., 89., 57., 15., 73., 29.,
       23., 34., 15., 91., 108., 23., 106., 17., 38., 67., 11., 33., 30.,
       45., 2., 6., 7., 12., 44., 70., 114., 6., 39., 30., 6., 2., 4.,
       27., 114., 61., 23., 9., 7., 4., 11., 62., 67., 32., 32., 4., 1.,
       0., 1., 42., 114., 68., 4., 22., 54., 74., 50., 9., 6., 4., 2.,
       11., 68., 116., 42., 35., 10., 1., 39., 42., 81., 70., 13., 25.,
       51., 26., 32., 33., 17., 65., 27., 22., 7., 12., 10., 15., 116.,
       53., 34., 18., 7., 13., 11., 23., 116., 63., 32., 53., 17., 10.,
       63., 63., 67., 13., 12., 23., 51., 25., 11., 22., 48., 57., 31.,
       34., 10., 12., 54., 12., 16., 10., 77., 72., 23., 76., 52., 15.,
       17., 15., 116., 116., 31., 52., 116., 29., 8., 17., 70., 40., 13.,
       40., 10., 4., 30., 94., 116., 16., 12., 6., 17., 14., 4., 3., 30.,
       42., 12., 12., 17., 21., 8., 8., 43., 46., 23., 20., 27., 5., 4.,
       16., 66., 32., 35., 61., 14., 7., 1., 29., 116., 11., 10., 8.,
       92., 3., 2., 5., 17., 3., 3., 76., 70., 9., 14., 36., 19., 7., 6.,
       68., 24., 19., 14., 20., 19., 9., 14., 17., 5., 10., 38., 21., 9.,
       11., 13., 7., 120., 12., 4., 4., 11., 3., 7., 92., 41., 24., 46.,
       110., 93., 6., 2., 19., 120., 89., 37., 27., 10., 10., 5., 20.,
       20., 12., 9., 11., 37., 52., 13., 15., 84., 26., 8., 21., 34., 9.,
       25., 76., 41., 16., 7., 94., 120., 16., 5., 9., 120., 105., 16.,
