%YAML:1.0
---
mat: !!opencv-matrix
   rows: 95
   cols: 128
   dt: f
   data: [ 9., 7., 50., 39., 12., 15., 11., 7., 15., 21., 109., 35., 6.,
       7., 21., 18., 75., 10., 34., 50., 11., 0., 10., 82., 95., 6., 0.,
       0., 2., 0., 0., 40., 2., 11., 88., 50., 8., 31., 29., 1., 80.,
       60., 52., 7., 2., 10., 73., 71., 40., 2., 3., 1., 0., 0., 78.,
       147., 16., 0., 0., 0., 5., 2., 5., 56., 24., 12., 35., 25., 120.,
       111., 47., 30., 147., 62., 18., 4., 44., 18., 1., 25., 133., 2.,
       0., 0., 1., 1., 9., 35., 0., 0., 0., 0., 9., 2., 2., 2., 32., 27.,
       25., 71., 147., 18., 4., 11., 147., 0., 0., 10., 53., 3., 0., 38.,
       108., 0., 0., 0., 1., 1., 0., 10., 0., 0., 0., 1., 10., 1., 0.,
       0., 3., 20., 33., 109., 78., 0., 0., 0., 137., 97., 74., 54., 22.,
       0., 0., 0., 60., 21., 1., 0., 4., 1., 0., 0., 0., 0., 0., 0., 13.,
       3., 1., 0., 41., 86., 14., 51., 138., 2., 0., 1., 138., 21., 4.,
       14., 82., 2., 0., 7., 119., 22., 13., 1., 3., 0., 0., 0., 0., 2.,
       2., 1., 15., 1., 0., 0., 85., 20., 2., 7., 123., 23., 3., 23.,
       138., 15., 10., 6., 63., 14., 1., 54., 60., 117., 77., 20., 20.,
       1., 0., 3., 19., 54., 5., 1., 8., 1., 0., 0., 41., 5., 20., 20.,
       42., 28., 6., 35., 78., 19., 57., 36., 33., 15., 6., 52., 86.,
       51., 32., 72., 47., 1., 0., 18., 102., 36., 1., 0., 3., 0., 0.,
       9., 107., 9., 5., 39., 37., 1., 7., 32., 105., 30., 12., 28., 32.,
       7., 5., 13., 20., 20., 98., 15., 8., 60., 28., 4., 1., 21., 79.,
       2., 1., 37., 74., 3., 28., 1., 0., 22., 110., 36., 43., 33., 110.,
       25., 5., 14., 26., 29., 15., 55., 14., 13., 54., 12., 12., 110.,
       84., 12., 0., 22., 87., 3., 0., 76., 109., 1., 6., 1., 0., 0.,
       102., 110., 11., 1., 74., 98., 29., 0., 11., 73., 56., 11., 28.,
       67., 98., 3., 2., 31., 56., 43., 29., 10., 5., 0., 0., 41., 109.,
       31., 0., 1., 3., 0., 5., 63., 19., 0., 1., 3., 2., 0., 0., 62.,
       110., 9., 8., 6., 5., 0., 0., 2., 97., 75., 11., 2., 2., 0., 0.,
       0., 6., 31., 78., 36., 1., 1., 89., 56., 0., 1., 114., 79., 21.,
       14., 8., 5., 0., 1., 3., 68., 73., 18., 12., 5., 0., 0., 4., 41.,
       6., 0., 3., 2., 0., 0., 76., 17., 0., 0., 89., 88., 4., 7., 114.,
       35., 6., 12., 32., 33., 3., 18., 37., 81., 26., 41., 114., 45.,
       0., 2., 95., 109., 3., 2., 4., 1., 0., 0., 69., 6., 17., 44., 39.,
       59., 9., 14., 66., 17., 102., 82., 16., 18., 13., 23., 55., 9.,
       47., 114., 48., 3., 8., 54., 114., 16., 1., 3., 2., 0., 0., 64.,
       11., 3., 25., 74., 8., 4., 39., 20., 1., 6., 58., 58., 1., 2.,
       90., 22., 36., 37., 23., 10., 0., 0., 48., 114., 28., 2., 0., 0.,
       0., 0., 6., 90., 7., 3., 15., 15., 10., 30., 22., 10., 4., 6.,
       56., 38., 6., 20., 22., 2., 7., 12., 72., 21., 2., 6., 40., 35.,
       49., 3., 10., 14., 2., 0., 17., 102., 11., 4., 68., 104., 12.,
       25., 20., 21., 14., 26., 102., 54., 29., 61., 36., 10., 144., 72.,
       32., 4., 6., 7., 38., 61., 31., 0., 0., 0., 0., 0., 32., 90.,
       144., 39., 28., 37., 14., 18., 21., 72., 58., 17., 11., 35., 144.,
       94., 32., 31., 144., 15., 2., 3., 45., 9., 0., 26., 64., 0., 0.,
       0., 2., 1., 1., 7., 52., 70., 20., 13., 22., 41., 12., 19., 46.,
       29., 32., 80., 102., 24., 10., 18., 144., 0., 0., 6., 19., 2., 0.,
       40., 42., 0., 0., 0., 2., 1., 0., 4., 35., 86., 47., 23., 26.,
       19., 11., 17., 88., 15., 18., 43., 104., 42., 11., 9., 134., 48.,
       0., 0., 3., 3., 1., 2., 22., 5., 0., 0., 2., 1., 0., 0., 84., 33.,
       8., 19., 41., 25., 20., 72., 68., 14., 8., 17., 120., 119., 32.,
       38., 134., 41., 0., 0., 17., 12., 2., 25., 49., 7., 0., 0., 2.,
       1., 0., 2., 56., 70., 18., 8., 21., 73., 70., 13., 21., 32., 34.,
       43., 65., 11., 75., 113., 121., 2., 0., 1., 10., 3., 21., 134.,
       25., 0., 0., 0., 2., 2., 0., 16., 1., 1., 0., 0., 0., 51., 134.,
       10., 0., 1., 1., 0., 0., 1., 127., 88., 1., 0., 0., 0., 0., 0.,
       18., 65., 0., 0., 0., 0., 2., 1., 0., 3., 1., 1., 1., 1., 0., 0.,
       6., 5., 0., 1., 19., 17., 0., 1., 12., 1., 1., 15., 27., 4., 0.,
       7., 12., 0., 0., 2., 0., 0., 1., 16., 14., 0., 1., 85., 64., 15.,
       9., 0., 0., 1., 10., 26., 78., 144., 85., 0., 0., 0., 140., 123.,
       91., 39., 6., 0., 0., 2., 29., 12., 0., 0., 5., 2., 2., 1., 42.,
       144., 53., 14., 30., 36., 4., 0., 73., 60., 15., 97., 144., 1.,
       0., 4., 144., 23., 6., 13., 31., 0., 0., 20., 51., 6., 3., 1., 5.,
       0., 0., 2., 72., 25., 1., 5., 94., 45., 3., 14., 89., 16., 2.,
       14., 144., 13., 1., 24., 144., 22., 17., 5., 21., 3., 0., 37.,
       19., 65., 35., 5., 4., 0., 0., 0., 61., 2., 1., 7., 27., 77., 15.,
       32., 90., 80., 20., 13., 21., 42., 9., 18., 40., 26., 27., 73.,
       116., 13., 4., 13., 116., 0., 0., 4., 17., 1., 0., 30., 87., 4.,
       3., 60., 64., 25., 5., 27., 65., 24., 7., 38., 47., 29., 28., 80.,
       55., 8., 9., 25., 97., 77., 30., 42., 116., 0., 0., 1., 7., 5.,
       1., 42., 18., 1., 0., 11., 68., 114., 29., 35., 84., 62., 19.,
       18., 27., 62., 56., 21., 35., 18., 20., 47., 81., 13., 54., 78.,
       116., 0., 0., 0., 5., 1., 9., 102., 1., 0., 0., 0., 3., 58., 23.,
       3., 2., 3., 1., 0., 1., 58., 116., 9., 1., 1., 2., 2., 1., 2.,
       116., 72., 4., 0., 0., 0., 0., 0., 14., 48., 0., 0., 14., 48., 4.,
       0., 0., 0., 1., 1., 116., 75., 1., 1., 2., 1., 1., 58., 117., 10.,
       2., 3., 1., 0., 2., 58., 25., 5., 1., 0., 0., 0., 5., 1., 9.,
       101., 117., 0., 0., 0., 82., 13., 52., 80., 35., 18., 20., 45.,
       27., 62., 55., 21., 83., 65., 19., 18., 65., 109., 27., 39., 23.,
       2., 0., 13., 6., 4., 1., 28., 117., 0., 0., 0., 96., 81., 29.,
       39., 62., 7., 8., 22., 47., 31., 27., 81., 65., 26., 8., 34., 66.,
       30., 6., 21., 90., 5., 2., 55., 12., 1., 0., 18., 117., 0., 0.,
       2., 117., 14., 4., 11., 50., 20., 24., 65., 21., 35., 9., 17.,
       87., 87., 24., 15., 26., 80., 17., 25., 61., 4., 1., 8., 114.,
       34., 19., 31., 24., 2., 1., 2., 15., 20., 37., 43., 60., 13., 2.,
       3., 54., 102., 12., 4., 37., 25., 6., 25., 13., 94., 57., 0., 0.,
       9., 34., 12., 114., 10., 2., 57., 52., 0., 0., 20., 114., 21., 6.,
       26., 31., 35., 14., 23., 13., 40., 22., 2., 11., 114., 36., 8.,
       0., 73., 114., 1., 2., 71., 35., 0., 58., 2., 0., 80., 46., 2.,
       3., 37., 114., 27., 34., 21., 16., 19., 7., 46., 8., 48., 114.,
       16., 13., 74., 15., 1., 1., 49., 78., 1., 1., 70., 76., 2., 60.,
       5., 0., 18., 69., 14., 2., 22., 92., 23., 7., 3., 8., 65., 22.,
       60., 0., 12., 35., 6., 10., 114., 57., 0., 0., 43., 72., 1., 0.,
       71., 49., 0., 50., 66., 2., 0., 27., 93., 3., 1., 72., 53., 1.,
       1., 72., 73., 1., 2., 112., 32., 0., 0., 42., 61., 5., 8., 86.,
       21., 5., 11., 38., 32., 1., 5., 47., 7., 1., 5., 112., 90., 0.,
       3., 112., 22., 2., 6., 34., 52., 4., 8., 61., 8., 20., 35., 45.,
       100., 20., 27., 58., 17., 79., 92., 19., 3., 2., 11., 24., 7.,
       25., 61., 107., 8., 4., 31., 112., 17., 28., 67., 19., 6., 6.,
       32., 5., 4., 42., 112., 18., 10., 48., 18., 2., 4., 50., 48., 1.,
       0., 69., 33., 3., 3., 12., 9., 5., 21., 66., 74., 3., 1., 3., 36.,
       23., 37., 54., 39., 0., 0., 27., 112., 6., 3., 69., 41., 5., 27.,
       92., 78., 4., 11., 37., 12., 5., 82., 49., 19., 5., 25., 36., 2.,
       2., 4., 32., 69., 29., 32., 14., 2., 13., 18., 37., 45., 19., 9.,
       4., 5., 54., 17., 16., 3., 1., 1., 19., 88., 41., 107., 68., 40.,
       15., 9., 4., 12., 113., 32., 72., 70., 14., 23., 20., 42., 87.,
       23., 17., 34., 116., 81., 21., 22., 128., 18., 3., 1., 8., 3., 2.,
       35., 77., 3., 2., 7., 25., 53., 27., 67., 89., 69., 20., 22., 32.,
       59., 22., 27., 103., 27., 22., 80., 97., 30., 8., 26., 128., 0.,
       0., 2., 6., 1., 0., 38., 56., 1., 1., 17., 40., 35., 24., 45.,
