%YAML:1.0
---
mat: !!opencv-matrix
   rows: 92
   cols: 128
   dt: f
   data: [ 3., 45., 93., 2., 0., 3., 75., 23., 61., 103., 36., 0., 0.,
       0., 12., 37., 112., 63., 3., 0., 0., 0., 0., 10., 4., 2., 0., 0.,
       0., 0., 0., 0., 0., 1., 67., 78., 20., 6., 59., 10., 43., 90.,
       143., 50., 9., 0., 11., 22., 143., 143., 43., 1., 0., 0., 0., 7.,
       4., 4., 0., 0., 0., 0., 0., 0., 0., 0., 8., 38., 125., 0., 0., 0.,
       121., 18., 28., 34., 88., 0., 0., 7., 143., 36., 5., 1., 1., 0.,
       0., 25., 6., 1., 0., 0., 0., 0., 0., 0., 0., 0., 0., 13., 113.,
       0., 0., 0., 128., 0., 0., 9., 78., 0., 0., 12., 143., 0., 0., 0.,
       1., 0., 0., 29., 1., 0., 0., 0., 0., 0., 0., 0., 6., 135., 54.,
       18., 1., 1., 0., 0., 0., 48., 118., 25., 3., 3., 0., 0., 3., 60.,
       19., 0., 2., 18., 0., 0., 0., 1., 0., 0., 3., 40., 0., 0., 58.,
       140., 27., 17., 10., 15., 10., 3., 30., 105., 85., 73., 72., 5.,
       0., 1., 140., 140., 20., 5., 3., 2., 0., 5., 21., 8., 0., 0., 0.,
       24., 4., 2., 36., 28., 14., 39., 26., 22., 26., 9., 79., 30., 30.,
       120., 37., 3., 2., 23., 140., 83., 7., 5., 1., 0., 0., 61., 38.,
       13., 0., 0., 0., 9., 3., 9., 8., 10., 5., 26., 38., 20., 17., 6.,
       16., 36., 37., 59., 53., 28., 18., 7., 69., 140., 45., 10., 3.,
       16., 11., 6., 26., 140., 0., 0., 0., 2., 1., 1., 15., 6., 27.,
       30., 13., 12., 4., 13., 25., 21., 82., 41., 5., 4., 7., 33., 135.,
       37., 20., 23., 1., 0., 3., 79., 45., 6., 0., 0., 14., 1., 0., 11.,
       5., 12., 40., 79., 32., 25., 8., 4., 146., 57., 39., 15., 7., 6.,
       22., 123., 71., 2., 2., 1., 1., 1., 26., 156., 9., 0., 0., 0.,
       19., 6., 2., 18., 68., 26., 25., 42., 98., 80., 32., 33., 156.,
       39., 6., 11., 58., 28., 1., 20., 156., 1., 0., 0., 4., 2., 3.,
       25., 0., 0., 0., 1., 26., 4., 0., 0., 38., 38., 30., 49., 54.,
       30., 13., 21., 156., 0., 1., 18., 32., 12., 3., 36., 127., 0., 0.,
       0., 5., 1., 0., 7., 0., 0., 0., 1., 25., 1., 0., 0., 13., 8., 50.,
       39., 14., 16., 11., 11., 19., 22., 108., 43., 9., 6., 18., 23.,
       98., 15., 27., 47., 13., 0., 7., 80., 82., 7., 0., 0., 3., 0., 0.,
       27., 2., 13., 88., 51., 9., 32., 31., 1., 83., 57., 54., 8., 2.,
       10., 78., 84., 42., 1., 4., 1., 0., 0., 68., 150., 15., 0., 0.,
       0., 7., 3., 3., 41., 32., 15., 37., 27., 125., 110., 48., 32.,
       150., 60., 18., 4., 43., 17., 2., 27., 116., 2., 0., 0., 1., 1.,
       9., 32., 0., 0., 0., 0., 11., 3., 1., 2., 38., 31., 28., 74.,
       150., 18., 5., 12., 150., 0., 0., 10., 48., 3., 0., 38., 93., 0.,
       0., 0., 2., 1., 0., 8., 0., 0., 0., 1., 12., 1., 0., 0., 4., 18.,
       30., 117., 94., 0., 0., 0., 139., 92., 63., 50., 22., 0., 0., 0.,
       77., 20., 1., 0., 3., 1., 0., 0., 0., 0., 0., 0., 11., 2., 0., 0.,
       39., 67., 11., 48., 139., 1., 0., 1., 139., 15., 2., 10., 70., 1.,
       1., 8., 131., 22., 13., 1., 2., 0., 0., 0., 0., 3., 2., 2., 13.,
       0., 0., 0., 75., 17., 2., 8., 127., 19., 3., 19., 139., 15., 8.,
       5., 53., 11., 3., 49., 62., 104., 80., 19., 17., 1., 0., 3., 17.,
       63., 8., 1., 6., 0., 0., 0., 37., 3., 14., 15., 47., 33., 5., 34.,
       90., 16., 41., 28., 30., 15., 5., 59., 64., 51., 30., 73., 55.,
       2., 0., 10., 107., 52., 2., 1., 2., 0., 0., 6., 7., 3., 17., 17.,
       10., 29., 20., 9., 4., 7., 58., 36., 6., 21., 23., 2., 8., 11.,
       71., 21., 1., 5., 42., 40., 53., 2., 8., 12., 1., 0., 16., 104.,
       11., 3., 69., 99., 11., 26., 23., 23., 21., 33., 104., 49., 32.,
       60., 33., 8., 145., 67., 26., 2., 5., 5., 40., 69., 25., 0., 0.,
       0., 0., 1., 30., 87., 145., 40., 26., 31., 18., 20., 25., 76.,
       68., 15., 11., 35., 145., 89., 29., 26., 145., 14., 2., 2., 31.,
       5., 0., 29., 51., 0., 0., 0., 2., 1., 1., 6., 50., 75., 25., 16.,
       22., 35., 12., 20., 59., 21., 29., 79., 104., 23., 10., 18., 145.,
       0., 0., 4., 12., 1., 1., 42., 33., 0., 0., 0., 3., 0., 0., 3.,
       31., 80., 52., 28., 33., 18., 10., 17., 110., 16., 13., 37., 97.,
       39., 10., 7., 132., 50., 0., 0., 1., 1., 1., 1., 16., 4., 0., 0.,
       3., 1., 0., 0., 82., 33., 9., 16., 37., 28., 23., 77., 80., 14.,
       6., 16., 118., 119., 30., 33., 132., 45., 0., 0., 10., 7., 1.,
       24., 38., 6., 0., 0., 2., 2., 0., 2., 57., 77., 21., 11., 20.,
       60., 67., 15., 23., 27., 30., 42., 69., 12., 69., 126., 125., 2.,
       0., 0., 7., 3., 16., 132., 20., 0., 0., 0., 2., 2., 0., 12., 1.,
       1., 0., 0., 0., 46., 132., 14., 0., 1., 1., 0., 0., 1., 120., 96.,
       1., 0., 0., 0., 0., 0., 15., 62., 0., 0., 0., 1., 2., 1., 0., 2.,
       21., 3., 0., 1., 51., 54., 52., 18., 57., 31., 2., 9., 132., 39.,
       3., 2., 98., 41., 1., 3., 68., 79., 8., 5., 41., 126., 25., 10.,
       26., 55., 14., 2., 2., 0., 0., 0., 65., 40., 22., 1., 66., 14.,
       0., 0., 132., 118., 6., 10., 132., 30., 0., 0., 20., 86., 35.,
       45., 11., 16., 7., 1., 3., 132., 132., 19., 5., 2., 0., 0., 28.,
       17., 0., 0., 13., 0., 0., 0., 117., 132., 78., 42., 111., 2., 1.,
       0., 5., 21., 62., 132., 11., 0., 1., 3., 2., 14., 34., 12., 2.,
       9., 19., 0., 1., 2., 0., 0., 0., 2., 18., 0., 1., 18., 26., 5.,
       0., 0., 12., 3., 0., 1., 17., 19., 0., 0., 5., 6., 0., 0., 0., 1.,
       1., 1., 1., 1., 0., 0., 6., 5., 0., 1., 17., 16., 0., 1., 12., 1.,
       1., 14., 28., 5., 0., 6., 12., 0., 0., 3., 0., 0., 1., 16., 14.,
       0., 1., 90., 70., 13., 7., 0., 0., 1., 8., 26., 72., 142., 82.,
       0., 0., 0., 137., 120., 96., 45., 8., 0., 0., 2., 32., 13., 0.,
       0., 5., 3., 2., 1., 42., 142., 55., 12., 28., 42., 5., 0., 67.,
       66., 16., 100., 142., 1., 0., 4., 142., 22., 6., 16., 36., 0., 0.,
       23., 56., 6., 3., 1., 4., 0., 0., 2., 68., 22., 1., 6., 100., 46.,
       3., 14., 87., 16., 2., 15., 142., 11., 3., 23., 142., 20., 16.,
       5., 23., 3., 2., 38., 21., 64., 35., 5., 4., 0., 0., 0., 2., 0.,
       6., 9., 1., 5., 108., 49., 0., 6., 13., 4., 4., 30., 116., 2., 4.,
       11., 31., 1., 1., 7., 116., 36., 1., 5., 30., 7., 5., 5., 94.,
       41., 48., 3., 1., 33., 28., 8., 51., 67., 8., 11., 19., 116., 49.,
       26., 49., 2., 116., 41., 19., 26., 7., 5., 42., 34., 16., 2., 1.,
       90., 60., 7., 35., 15., 58., 13., 1., 45., 90., 0., 2., 9., 44.,
       6., 3., 107., 116., 0., 0., 3., 116., 15., 3., 27., 25., 0., 0.,
       16., 19., 2., 0., 90., 110., 0., 0., 2., 7., 0., 0., 28., 116.,
       3., 10., 10., 67., 3., 0., 54., 109., 0., 0., 5., 116., 2., 0.,
       9., 45., 2., 0., 24., 16., 2., 1., 35., 116., 2., 0., 1., 58., 4.,
       1., 8., 28., 85., 16., 24., 83., 90., 27., 18., 23., 30., 9., 17.,
       57., 15., 22., 65., 117., 13., 4., 11., 117., 0., 0., 1., 8., 0.,
       0., 19., 80., 5., 2., 59., 72., 31., 5., 20., 64., 27., 9., 30.,
       45., 32., 32., 84., 72., 5., 7., 21., 95., 78., 27., 36., 117.,
       0., 0., 0., 4., 3., 1., 29., 22., 3., 0., 13., 70., 114., 26.,
       31., 82., 69., 21., 20., 26., 52., 56., 22., 39., 14., 18., 42.,
       80., 13., 51., 89., 117., 0., 0., 0., 3., 1., 7., 97., 1., 0., 0.,
       0., 3., 64., 29., 4., 2., 3., 2., 1., 1., 51., 117., 11., 1., 1.,
       2., 1., 1., 1., 110., 79., 4., 0., 0., 0., 0., 0., 11., 44., 0.,
       0., 11., 44., 4., 0., 0., 0., 1., 1., 109., 80., 1., 1., 2., 1.,
       1., 51., 117., 12., 2., 3., 2., 1., 3., 64., 29., 4., 1., 0., 0.,
       0., 3., 1., 7., 96., 117., 0., 0., 0., 80., 13., 50., 89., 39.,
       14., 18., 42., 26., 52., 56., 22., 82., 69., 21., 20., 69., 113.,
       26., 32., 23., 3., 1., 13., 3., 3., 1., 26., 117., 0., 0., 0.,
       94., 79., 27., 35., 74., 5., 7., 20., 45., 32., 32., 84., 64.,
       27., 9., 29., 72., 33., 6., 19., 80., 6., 2., 58., 7., 0., 0.,
       17., 117., 0., 0., 1., 117., 13., 4., 11., 61., 14., 21., 63.,
       23., 29., 9., 17., 82., 91., 28., 19., 28., 85., 17., 22., 58.,
