%YAML:1.0
---
mat: !!opencv-matrix
   rows: 17
   cols: 128
   dt: f
   data: [ 0., 0., 8., 37., 18., 0., 0., 0., 7., 5., 4., 145., 145., 0.,
       0., 0., 145., 23., 8., 45., 43., 0., 0., 11., 80., 6., 4., 12.,
       6., 0., 0., 6., 0., 0., 19., 60., 46., 1., 0., 0., 23., 6., 3.,
       145., 145., 28., 8., 6., 145., 39., 5., 26., 41., 7., 9., 32.,
       77., 15., 10., 22., 11., 0., 0., 1., 0., 0., 33., 40., 28., 6.,
       0., 0., 5., 0., 7., 23., 122., 135., 78., 19., 117., 8., 7., 2.,
       8., 26., 86., 131., 29., 8., 19., 49., 7., 0., 0., 7., 0., 0.,
       61., 17., 1., 0., 0., 0., 0., 1., 63., 7., 2., 9., 9., 1., 2., 2.,
       55., 7., 0., 2., 10., 7., 0., 1., 23., 68., 22., 0., 0., 0., 17.,
       0., 0., 0., 0., 0., 26., 52., 0., 2., 11., 6., 1., 1., 50., 18.,
       4., 10., 9., 1., 0., 0., 47., 27., 1., 0., 0., 0., 0., 0., 37.,
       39., 15., 0., 0., 7., 25., 8., 16., 50., 8., 26., 93., 127., 111.,
       14., 7., 3., 142., 146., 85., 19., 6., 1., 4., 18., 38., 7., 0.,
       0., 0., 0., 19., 51., 20., 1., 0., 1., 43., 26., 9., 29., 32., 8.,
       10., 29., 153., 122., 6., 9., 153., 32., 9., 6., 35., 20., 5.,
       58., 90., 1., 0., 0., 0., 0., 6., 54., 30., 0., 0., 0., 26., 11.,
       3., 19., 16., 0., 0., 0., 153., 80., 6., 13., 153., 1., 0., 0.,
       30., 20., 7., 72., 71., 0., 0., 0., 0., 0., 1., 34., 3., 26.,
       109., 20., 3., 9., 12., 10., 11., 92., 91., 42., 23., 7., 1., 0.,
       33., 88., 44., 64., 50., 5., 0., 0., 42., 29., 8., 92., 63., 1.,
       0., 17., 30., 40., 62., 51., 28., 25., 23., 26., 109., 55., 21.,
       34., 48., 31., 5., 35., 99., 42., 1., 7., 109., 67., 2., 12., 93.,
       46., 2., 9., 64., 80., 9., 5., 33., 16., 26., 20., 13., 52., 79.,
       78., 109., 59., 7., 10., 11., 65., 89., 40., 75., 28., 2., 0.,
       72., 88., 51., 45., 76., 5., 0., 0., 3., 79., 51., 53., 26., 0.,
       0., 0., 1., 23., 51., 73., 11., 2., 0., 0., 0., 42., 92., 33., 8.,
       1., 0., 0., 0., 10., 55., 41., 7., 1., 1., 0., 0., 3., 17., 22.,
       1., 39., 21., 28., 6., 0., 0., 0., 3., 29., 63., 35., 6., 0., 0.,
       0., 1., 39., 71., 24., 5., 0., 0., 0., 0., 25., 27., 31., 3., 0.,
       0., 0., 41., 110., 19., 47., 68., 10., 0., 1., 110., 58., 35.,
       57., 76., 9., 1., 2., 21., 95., 61., 59., 110., 26., 4., 3., 6.,
       110., 78., 94., 15., 2., 4., 4., 77., 16., 0., 14., 110., 18., 4.,
       58., 110., 13., 2., 30., 106., 18., 4., 20., 41., 21., 9., 83.,
       110., 29., 34., 37., 27., 27., 28., 31., 29., 56., 64., 37., 8.,
       0., 0., 3., 32., 50., 31., 85., 29., 0., 0., 1., 33., 70., 57.,
       76., 17., 13., 6., 3., 21., 110., 64., 15., 14., 12., 19., 28.,
       14., 30., 87., 22., 13., 26., 98., 36., 7., 22., 23., 45., 51.,
       87., 43., 31., 4., 31., 27., 18., 103., 108., 1., 0., 0., 0., 5.,
       14., 13., 4., 0., 0., 0., 0., 1., 12., 12., 6., 19., 39., 32.,
       63., 39., 65., 99., 26., 19., 30., 12., 31., 61., 72., 98., 41.,
       29., 2., 0., 0., 45., 98., 27., 17., 5., 0., 0., 0., 1., 15., 5.,
       2., 6., 21., 69., 108., 53., 10., 100., 31., 33., 35., 27., 29.,
       72., 46., 68., 76., 108., 64., 14., 2., 4., 36., 90., 65., 18.,
       0., 0., 0., 0., 23., 0., 0., 0., 6., 15., 43., 50., 3., 5., 0.,
       1., 93., 108., 31., 52., 15., 97., 9., 22., 56., 42., 2., 1.,
       108., 69., 52., 49., 12., 1., 0., 0., 39., 0., 0., 0., 2., 52.,
       17., 7., 1., 36., 7., 3., 21., 163., 52., 5., 11., 163., 22., 2.,
       3., 14., 8., 4., 37., 39., 1., 0., 0., 0., 0., 2., 14., 0., 0.,
       0., 1., 57., 17., 6., 4., 41., 7., 0., 15., 163., 54., 3., 9.,
       163., 24., 0., 3., 21., 7., 2., 37., 49., 1., 0., 0., 0., 0., 2.,
       20., 1., 0., 0., 0., 48., 17., 5., 5., 28., 3., 0., 6., 163., 81.,
       4., 11., 163., 17., 0., 2., 21., 14., 4., 41., 60., 1., 0., 0.,
       0., 0., 6., 15., 0., 0., 0., 0., 32., 13., 10., 6., 18., 3., 0.,
       4., 163., 31., 1., 2., 163., 16., 0., 2., 27., 4., 0., 7., 62.,
       1., 0., 0., 0., 0., 3., 7., 0., 0., 4., 25., 23., 0., 0., 0., 6.,
       1., 0., 64., 153., 1., 0., 3., 153., 19., 1., 15., 35., 1., 0.,
       31., 59., 9., 3., 10., 2., 0., 0., 4., 0., 0., 2., 32., 45., 0.,
       0., 0., 14., 3., 4., 65., 153., 2., 0., 1., 153., 25., 5., 11.,
       25., 1., 0., 27., 54., 11., 7., 12., 2., 0., 0., 5., 0., 0., 3.,
       49., 58., 0., 0., 0., 41., 15., 8., 145., 153., 0., 0., 0., 153.,
       29., 7., 18., 15., 0., 0., 14., 36., 3., 5., 16., 4., 0., 0., 2.,
       0., 0., 6., 43., 73., 2., 0., 0., 50., 12., 3., 80., 153., 15.,
       7., 6., 153., 43., 4., 7., 8., 1., 3., 13., 20., 7., 8., 16., 4.,
       0., 0., 0., 0., 0., 0., 3., 58., 39., 5., 12., 60., 11., 8., 16.,
       150., 111., 3., 9., 150., 32., 3., 1., 5., 6., 2., 25., 30., 1.,
       0., 0., 0., 0., 2., 26., 4., 0., 0., 0., 45., 22., 3., 15., 40.,
       1., 0., 0., 150., 120., 9., 17., 150., 19., 0., 0., 14., 15., 7.,
       53., 51., 3., 0., 0., 0., 0., 0., 23., 7., 0., 0., 0., 33., 13.,
       3., 15., 16., 2., 0., 1., 150., 73., 4., 5., 150., 39., 1., 1.,
       21., 11., 3., 12., 78., 7., 0., 0., 0., 0., 0., 19., 11., 0., 0.,
       0., 11., 10., 3., 15., 5., 1., 0., 5., 150., 66., 2., 3., 150.,
       25., 0., 4., 38., 12., 1., 16., 85., 7., 0., 0., 0., 0., 0., 14.,
       1., 1., 0., 7., 124., 2., 0., 1., 124., 64., 0., 8., 122., 4., 2.,
       27., 62., 79., 12., 1., 0., 0., 2., 14., 0., 8., 29., 38., 0., 0.,
       0., 0., 3., 0., 0., 8., 124., 4., 0., 1., 124., 12., 3., 4., 123.,
       10., 5., 97., 47., 17., 16., 50., 17., 7., 15., 50., 0., 3., 34.,
       72., 8., 1., 21., 39., 4., 2., 0., 9., 124., 4., 0., 0., 124.,
       81., 15., 11., 110., 4., 2., 26., 29., 24., 31., 45., 6., 1., 15.,
       96., 1., 0., 1., 9., 6., 5., 44., 89., 0., 0., 0., 1., 100., 51.,
       17., 2., 26., 14., 0., 1., 39., 35., 68., 124., 11., 4., 1., 0.,
       0., 0., 10., 120., 2., 3., 3., 1., 3., 9., 4., 13., 0., 0., 0.,
       8., 16., 8., 3., 0., 1., 9., 36., 104., 67., 5., 1., 0., 45., 81.,
       56., 28., 6., 3., 1., 0., 11., 7., 0., 5., 47., 12., 2., 0., 0.,
       1., 7., 34., 36., 0., 0., 0., 21., 10., 10., 125., 154., 0., 0.,
       1., 154., 56., 14., 30., 34., 0., 0., 9., 41., 7., 1., 21., 57.,
       3., 0., 1., 0., 0., 7., 51., 50., 0., 0., 0., 48., 3., 1., 105.,
       154., 0., 0., 4., 154., 20., 3., 13., 27., 0., 0., 20., 27., 8.,
       6., 51., 40., 1., 0., 0., 0., 0., 5., 54., 58., 0., 0., 0., 71.,
       14., 7., 127., 154., 0., 0., 2., 154., 20., 5., 12., 7., 0., 0.,
       13., 11., 4., 3., 44., 53., 0., 0., 0., 40., 1., 0., 0., 39., 17.,
       3., 18., 62., 1., 0., 0., 161., 90., 7., 19., 161., 7., 0., 0.,
       10., 9., 3., 45., 25., 0., 0., 0., 0., 1., 3., 29., 54., 0., 0.,
       0., 33., 20., 5., 29., 55., 3., 0., 0., 161., 88., 2., 6., 161.,
       13., 0., 0., 26., 8., 0., 20., 47., 0., 0., 0., 0., 0., 3., 36.,
       63., 11., 0., 0., 21., 12., 2., 18., 32., 1., 0., 0., 161., 119.,
       10., 14., 161., 14., 0., 0., 26., 26., 12., 55., 69., 3., 0., 0.,
       0., 0., 1., 19., 82., 22., 1., 0., 5., 4., 0., 2., 5., 4., 3., 1.,
       41., 90., 39., 12., 66., 6., 1., 0., 3., 22., 52., 95., 26., 14.,
       7., 0., 0., 0., 0., 8., 6., 0., 0., 10., 133., 30., 1., 1., 133.,
       0., 0., 3., 93., 11., 0., 17., 79., 0., 0., 42., 23., 0., 0., 6.,
       10., 0., 0., 80., 52., 6., 7., 38., 11., 2., 0., 81., 133., 25.,
       4., 2., 133., 19., 4., 36., 75., 11., 8., 21., 81., 7., 9., 132.,
       51., 0., 0., 19., 54., 0., 0., 40., 24., 2., 1., 110., 3., 0., 0.,
       11., 57., 118., 55., 5., 92., 13., 11., 27., 22., 91., 116., 48.,
       86., 9., 32., 93., 20., 30., 28., 68., 66., 0., 0., 3., 2., 0.,
       1., 74., 1., 0., 0., 0., 0., 9., 10., 1., 1., 0., 0., 1., 3., 52.,
       39., 1., 16., 0., 0., 1., 4., 40., 68., 47., 15., 1., 1., 1., 0.,
       0., 3., 21., 2., 3., 4., 21., 2., 1., 2., 0., 1., 8., 98., 69.,
