%YAML:1.0
---
mat: !!opencv-matrix
   rows: 94
   cols: 128
   dt: f
   data: [ 15., 0., 0., 0., 0., 0., 0., 32., 15., 0., 0., 0., 0., 0.,
       39., 85., 5., 0., 0., 2., 0., 0., 43., 118., 1., 0., 3., 53., 1.,
       0., 5., 116., 60., 0., 0., 0., 0., 0., 0., 64., 118., 15., 2., 1.,
       1., 5., 105., 118., 11., 6., 5., 27., 73., 55., 118., 90., 0., 0.,
       1., 109., 42., 26., 8., 15., 65., 0., 0., 0., 0., 0., 0., 85.,
       118., 84., 71., 13., 2., 2., 4., 50., 12., 88., 118., 24., 65.,
       52., 11., 4., 0., 20., 25., 6., 26., 113., 59., 0., 40., 0., 0.,
       4., 11., 1., 2., 99., 10., 8., 27., 53., 31., 1., 1., 22., 3.,
       73., 73., 9., 1., 0., 0., 0., 0., 59., 96., 1., 0., 9., 7., 0.,
       58., 1., 0., 0., 0., 0., 0., 30., 86., 2., 0., 0., 0., 0., 15.,
       121., 12., 0., 0., 1., 16., 18., 40., 42., 6., 0., 0., 1., 9.,
       20., 17., 18., 120., 7., 0., 0., 0., 0., 0., 18., 122., 21., 0.,
       0., 2., 2., 7., 54., 25., 4., 0., 7., 75., 17., 12., 38., 42., 0.,
       0., 3., 15., 11., 24., 77., 122., 23., 0., 0., 0., 0., 0., 15.,
       122., 109., 0., 0., 2., 1., 0., 33., 50., 31., 1., 3., 29., 23.,
       85., 122., 9., 0., 2., 46., 21., 7., 79., 122., 86., 7., 0., 0.,
       0., 0., 0., 16., 122., 27., 2., 0., 0., 0., 0., 109., 101., 12.,
       24., 82., 10., 1., 30., 122., 1., 2., 20., 122., 31., 5., 20.,
       13., 125., 8., 0., 0., 0., 1., 2., 46., 41., 3., 1., 13., 24.,
       63., 18., 25., 0., 0., 1., 12., 66., 81., 22., 2., 2., 3., 0., 3.,
       16., 25., 14., 2., 125., 125., 14., 1., 0., 0., 1., 5., 38., 90.,
       81., 124., 17., 6., 3., 5., 86., 20., 20., 38., 36., 48., 26.,
       30., 4., 0., 0., 1., 99., 75., 12., 10., 61., 89., 6., 0., 0., 0.,
       0., 0., 62., 117., 37., 24., 1., 0., 2., 13., 125., 25., 4., 8.,
       49., 14., 3., 41., 24., 1., 0., 7., 125., 46., 6., 33., 39., 18.,
       0., 0., 0., 0., 1., 4., 48., 97., 0., 0., 0., 0., 1., 5., 125.,
       125., 0., 0., 12., 16., 1., 9., 32., 28., 1., 1., 55., 88., 9.,
       20., 71., 1., 0., 0., 0., 0., 0., 42., 74., 7., 13., 1., 2., 9.,
       19., 92., 15., 39., 31., 2., 2., 21., 33., 25., 30., 41., 1., 0.,
       2., 13., 20., 50., 136., 12., 0., 0., 0., 0., 0., 15., 136., 23.,
       2., 0., 4., 41., 54., 59., 18., 24., 7., 5., 67., 136., 58., 13.,
       27., 136., 8., 4., 13., 12., 11., 13., 99., 4., 0., 0., 0., 0.,
       0., 43., 136., 22., 0., 3., 8., 11., 3., 69., 43., 4., 2., 37.,
       126., 126., 12., 13., 12., 22., 8., 10., 19., 31., 44., 36., 81.,
       7., 0., 0., 0., 0., 0., 18., 136., 82., 17., 25., 7., 0., 0., 25.,
       16., 22., 21., 136., 68., 1., 0., 3., 30., 38., 16., 24., 11., 6.,
       3., 4., 128., 1., 0., 0., 0., 0., 0., 27., 144., 2., 0., 0., 0.,
       12., 23., 97., 40., 41., 1., 0., 11., 69., 35., 36., 38., 69., 2.,
       0., 8., 54., 14., 9., 144., 1., 0., 0., 0., 0., 0., 48., 144.,
       28., 5., 7., 6., 11., 7., 51., 65., 19., 14., 64., 79., 97., 17.,
       20., 30., 42., 40., 23., 12., 13., 9., 11., 120., 7., 0., 0., 0.,
       0., 0., 35., 144., 144., 45., 18., 1., 0., 0., 7., 20., 76., 100.,
       143., 15., 0., 0., 0., 4., 50., 50., 27., 11., 2., 2., 1., 64.,
       2., 0., 0., 0., 0., 0., 21., 59., 43., 11., 1., 0., 0., 0., 11.,
       25., 34., 25., 8., 0., 0., 0., 4., 13., 32., 16., 5., 1., 1., 5.,
       6., 124., 1., 0., 0., 0., 0., 0., 27., 142., 3., 0., 0., 0., 10.,
       22., 107., 44., 50., 1., 0., 5., 45., 34., 44., 27., 52., 2., 0.,
       10., 84., 22., 9., 142., 2., 0., 0., 0., 0., 0., 40., 142., 23.,
       3., 6., 7., 18., 13., 50., 59., 23., 10., 45., 67., 112., 24.,
       22., 33., 52., 50., 20., 9., 16., 11., 10., 125., 6., 0., 0., 0.,
       0., 0., 36., 142., 142., 43., 23., 3., 0., 0., 8., 23., 74., 90.,
       141., 23., 2., 0., 1., 3., 44., 51., 28., 14., 3., 4., 3., 72.,
       2., 0., 0., 0., 0., 0., 21., 61., 47., 13., 2., 0., 0., 0., 10.,
       24., 36., 27., 10., 0., 0., 0., 3., 11., 33., 19., 6., 1., 1., 5.,
       8., 6., 42., 21., 16., 0., 0., 0., 1., 20., 75., 14., 0., 1., 14.,
       11., 30., 38., 7., 2., 6., 4., 5., 41., 130., 4., 0., 3., 42.,
       55., 5., 14., 46., 42., 11., 4., 1., 0., 0., 0., 7., 130., 16.,
       1., 2., 5., 0., 11., 130., 37., 3., 9., 130., 74., 4., 31., 130.,
       1., 0., 57., 130., 29., 3., 7., 5., 66., 13., 0., 0., 0., 0., 0.,
       2., 130., 51., 11., 18., 12., 0., 1., 29., 41., 20., 33., 117.,
       130., 29., 15., 9., 0., 2., 29., 35., 22., 23., 100., 9., 62., 2.,
       0., 0., 0., 0., 0., 10., 130., 16., 12., 38., 17., 0., 0., 25.,
       8., 12., 83., 103., 29., 2., 2., 0., 0., 6., 101., 17., 1., 2.,
       13., 1., 64., 36., 3., 3., 14., 96., 31., 9., 12., 10., 10., 7.,
       21., 72., 57., 25., 7., 1., 2., 9., 58., 25., 34., 25., 0., 0.,
       0., 5., 28., 31., 81., 30., 121., 85., 5., 12., 37., 14., 2., 3.,
       15., 16., 33., 41., 121., 29., 7., 2., 107., 24., 22., 12., 14.,
       10., 34., 78., 13., 1., 1., 115., 79., 24., 68., 64., 121., 49.,
       17., 9., 25., 10., 0., 4., 27., 15., 22., 33., 121., 34., 1., 4.,
       121., 79., 24., 52., 28., 8., 1., 15., 14., 11., 13., 121., 86.,
       0., 0., 3., 17., 62., 35., 17., 20., 1., 0., 0., 1., 35., 85.,
       31., 19., 7., 0., 0., 6., 38., 54., 95., 15., 10., 0., 0., 0., 3.,
       15., 121., 42., 0., 0., 0., 24., 0., 0., 0., 0., 2., 17., 127.,
       12., 5., 0., 0., 14., 41., 69., 114., 18., 7., 0., 0., 3., 47.,
       75., 26., 4., 0., 0., 0., 15., 51., 48., 17., 33., 0., 3., 9.,
       13., 5., 23., 127., 18., 4., 2., 44., 127., 59., 25., 66., 127.,
       13., 1., 9., 28., 16., 25., 42., 25., 3., 0., 15., 118., 55., 27.,
       15., 49., 33., 120., 61., 8., 0., 3., 72., 18., 10., 43., 72.,
       80., 24., 23., 12., 127., 14., 4., 4., 22., 19., 30., 54., 31.,
       5., 0., 21., 127., 43., 4., 12., 35., 23., 59., 10., 0., 0., 0.,
       16., 42., 22., 32., 23., 9., 3., 3., 14., 37., 115., 44., 15.,
       11., 11., 7., 15., 14., 57., 10., 13., 113., 41., 3., 6., 3., 1.,
       0., 1., 5., 63., 51., 13., 16., 1., 2., 0., 5., 50., 10., 15.,
       33., 9., 7., 0., 3., 8., 76., 68., 4., 8., 4., 1., 14., 27., 54.,
       15., 64., 79., 8., 11., 15., 75., 25., 18., 57., 11., 0., 0., 59.,
       124., 18., 13., 124., 14., 2., 0., 13., 30., 25., 44., 12., 6.,
       2., 1., 28., 54., 94., 20., 87., 124., 24., 6., 7., 7., 1., 4.,
       43., 124., 27., 0., 24., 124., 59., 9., 58., 54., 18., 1., 4.,
       103., 57., 13., 48., 90., 8., 0., 1., 12., 27., 17., 7., 90., 51.,
       0., 0., 0., 0., 1., 6., 124., 99., 0., 1., 8., 4., 1., 1., 124.,
       89., 2., 4., 54., 22., 1., 17., 69., 28., 1., 0., 30., 35., 6.,
       56., 99., 11., 3., 1., 0., 1., 11., 18., 31., 18., 64., 58., 2.,
       0., 4., 79., 21., 3., 21., 92., 12., 1., 8., 5., 3., 1., 5., 126.,
       22., 0., 1., 54., 68., 21., 14., 1., 0., 2., 51., 33., 21., 54.,
       122., 31., 3., 0., 16., 126., 35., 14., 29., 97., 12., 1., 20.,
       9., 2., 1., 15., 126., 23., 0., 3., 9., 85., 52., 22., 13., 3.,
       0., 1., 74., 13., 63., 89., 0., 0., 0., 58., 126., 16., 10., 83.,
       63., 1., 0., 95., 3., 1., 3., 78., 126., 19., 0., 0., 3., 4., 4.,
       1., 24., 9., 1., 3., 116., 20., 9., 4., 0., 0., 0., 35., 55., 15.,
       17., 98., 57., 7., 14., 25., 0., 1., 3., 40., 60., 30., 37., 7.,
       4., 2., 0., 1., 3., 17., 24., 3., 7., 0., 0., 1., 12., 22., 19.,
       22., 10., 0., 0., 0., 2., 68., 129., 52., 0., 0., 0., 0., 14.,
       132., 42., 1., 10., 13., 11., 4., 2., 36., 27., 17., 71., 1., 0.,
       0., 0., 59., 49., 39., 132., 18., 0., 0., 3., 60., 93., 114., 14.,
       4., 0., 0., 76., 132., 53., 9., 23., 18., 10., 12., 5., 9., 52.,
       69., 39., 23., 5., 1., 2., 57., 79., 38., 132., 103., 39., 11.,
       6., 14., 25., 26., 18., 81., 88., 15., 58., 132., 1., 1., 17.,
       15., 15., 56., 15., 4., 27., 51., 50., 22., 6., 7., 9., 21., 39.,
