%YAML:1.0
---
mat: !!opencv-matrix
   rows: 27
   cols: 128
   dt: f
   data: [ 3., 40., 13., 43., 101., 25., 0., 1., 139., 75., 9., 22., 37.,
       6., 1., 10., 157., 88., 1., 1., 1., 0., 0., 2., 13., 4., 1., 6.,
       7., 6., 4., 1., 2., 85., 133., 76., 32., 0., 2., 0., 101., 104.,
       109., 27., 16., 0., 1., 5., 157., 140., 13., 1., 0., 1., 0., 9.,
       35., 5., 2., 4., 1., 3., 4., 2., 2., 8., 34., 7., 10., 16., 40.,
       9., 155., 30., 29., 4., 3., 2., 7., 42., 157., 46., 2., 0., 0.,
       0., 0., 54., 23., 2., 1., 1., 0., 0., 0., 1., 5., 9., 19., 33.,
       30., 13., 11., 9., 64., 34., 2., 6., 8., 2., 4., 14., 74., 44.,
       0., 0., 0., 0., 0., 2., 0., 0., 0., 0., 0., 0., 0., 0., 0., 0.,
       0., 1., 17., 76., 17., 2., 37., 5., 5., 6., 9., 100., 103., 57.,
       133., 18., 4., 2., 0., 1., 20., 86., 16., 3., 1., 3., 14., 17.,
       6., 15., 0., 0., 0., 0., 19., 68., 47., 11., 26., 28., 15., 55.,
       128., 27., 34., 15., 133., 100., 13., 18., 13., 3., 4., 38., 42.,
       3., 0., 0., 18., 13., 6., 17., 2., 22., 3., 0., 14., 103., 66.,
       3., 17., 3., 1., 8., 105., 133., 66., 44., 133., 10., 0., 3., 11.,
       28., 36., 133., 29., 0., 0., 3., 39., 15., 3., 23., 5., 118., 55.,
       2., 1., 16., 13., 2., 7., 40., 66., 9., 9., 84., 39., 24., 37.,
       34., 8., 2., 7., 11., 25., 108., 3., 2., 2., 3., 29., 15., 5., 5.,
       24., 118., 0., 0., 6., 36., 0., 0., 7., 22., 0., 0., 12., 118.,
       53., 10., 0., 0., 0., 3., 24., 37., 85., 87., 0., 0., 0., 6., 87.,
       29., 11., 12., 57., 81., 0., 1., 1., 8., 15., 5., 118., 65., 8.,
       6., 9., 33., 77., 60., 12., 4., 8., 73., 118., 68., 101., 28., 2.,
       3., 3., 46., 81., 12., 12., 3., 39., 21., 6., 13., 2., 3., 4., 5.,
       118., 118., 118., 30., 6., 2., 1., 10., 13., 39., 118., 118.,
       118., 17., 14., 5., 10., 19., 3., 10., 28., 28., 112., 17., 13.,
       5., 3., 3., 0., 1., 4., 25., 3., 12., 36., 10., 6., 33., 14., 7.,
       22., 50., 37., 8., 4., 22., 8., 4., 21., 83., 21., 3., 1., 4.,
       18., 7., 0., 1., 3., 5., 20., 75., 22., 1., 5., 30., 16., 3., 9.,
       31., 37., 15., 4., 17., 16., 13., 6., 17., 30., 13., 1., 0., 1.,
       14., 13., 6., 3., 12., 22., 17., 98., 34., 11., 41., 11., 5.,
       112., 18., 10., 5., 10., 39., 119., 119., 7., 2., 1., 5., 119.,
       119., 119., 39., 3., 4., 10., 3., 37., 24., 3., 13., 72., 13.,
       27., 7., 2., 4., 3., 26., 119., 70., 83., 29., 10., 4., 8., 50.,
       10., 35., 98., 60., 119., 80., 9., 6., 0., 8., 12., 3., 37., 119.,
       7., 0., 66., 38., 14., 3., 0., 0., 0., 4., 47., 29., 64., 90., 6.,
       0., 0., 3., 0., 119., 84., 30., 3., 8., 1., 0., 2., 88., 5., 0.,
       2., 90., 4., 0., 30., 51., 61., 4., 0., 0., 0., 8., 39., 61.,
       122., 22., 5., 2., 2., 29., 3., 12., 122., 71., 48., 4., 2., 6.,
       4., 14., 55., 23., 6., 0., 0., 1., 31., 48., 113., 31., 36., 31.,
       10., 14., 108., 66., 122., 27., 25., 24., 14., 46., 16., 27.,
       122., 24., 44., 58., 17., 18., 41., 79., 74., 11., 5., 3., 3.,
       14., 42., 58., 72., 34., 48., 25., 12., 16., 122., 28., 9., 19.,
       38., 15., 8., 36., 63., 10., 1., 3., 122., 59., 9., 18., 42., 34.,
       3., 1., 19., 20., 23., 39., 6., 7., 12., 9., 20., 11., 76., 89.,
       90., 6., 2., 2., 2., 1., 75., 111., 29., 3., 0., 0., 31., 45.,
       47., 22., 12., 3., 0., 0., 3., 13., 74., 39., 2., 7., 10., 10.,
       30., 31., 89., 11., 13., 25., 37., 32., 81., 21., 43., 46., 109.,
       79., 13., 4., 2., 5., 21., 40., 32., 9., 1., 2., 3., 3., 15., 38.,
       7., 48., 39., 52., 49., 18., 5., 3., 93., 14., 14., 35., 56., 23.,
       47., 110., 75., 26., 15., 34., 34., 56., 43., 55., 98., 43., 5.,
       3., 1., 1., 4., 29., 9., 10., 14., 20., 33., 110., 35., 11., 98.,
       31., 78., 43., 8., 10., 33., 48., 32., 31., 76., 110., 25., 12.,
       88., 34., 110., 89., 9., 8., 2., 5., 28., 27., 0., 0., 0., 3.,
       50., 77., 37., 8., 1., 1., 13., 9., 10., 13., 110., 95., 3., 1.,
       14., 21., 16., 17., 110., 66., 73., 54., 2., 19., 29., 20., 25.,
       11., 19., 4., 8., 31., 83., 1., 1., 5., 10., 33., 72., 67., 62.,
       8., 3., 4., 35., 16., 89., 59., 8., 10., 14., 19., 38., 39., 27.,
       11., 2., 0., 15., 27., 22., 10., 6., 51., 107., 2., 0., 8., 102.,
       13., 4., 28., 94., 43., 34., 56., 48., 40., 18., 11., 58., 107.,
       61., 24., 12., 98., 41., 43., 35., 5., 8., 14., 10., 19., 24.,
       78., 62., 48., 88., 4., 107., 53., 28., 27., 29., 35., 77., 38.,
       10., 19., 52., 51., 107., 75., 35., 4., 21., 56., 22., 16., 64.,
       29., 44., 53., 1., 0., 1., 11., 29., 63., 107., 4., 4., 1., 2.,
       2., 18., 70., 105., 12., 0., 1., 4., 7., 20., 79., 72., 1., 8.,
       5., 2., 2., 5., 20., 94., 50., 3., 31., 49., 57., 31., 8., 13.,
       9., 65., 131., 54., 7., 14., 3., 1., 5., 28., 33., 1., 1., 5.,
       20., 5., 1., 1., 1., 1., 9., 8., 10., 26., 3., 40., 11., 7., 29.,
       131., 13., 10., 54., 131., 49., 12., 20., 86., 3., 1., 32., 81.,
       17., 64., 57., 2., 1., 0., 13., 0., 31., 78., 25., 12., 3., 1.,
       0., 27., 1., 0., 24., 131., 12., 7., 44., 131., 40., 38., 24.,
       78., 5., 8., 31., 21., 17., 122., 97., 19., 21., 24., 28., 38.,
       81., 66., 25., 17., 13., 6., 31., 5., 0., 0., 1., 110., 72., 33.,
       12., 33., 3., 2., 4., 23., 25., 95., 106., 2., 2., 10., 8., 39.,
       50., 47., 58., 69., 18., 3., 5., 30., 39., 14., 59., 41., 26.,
       11., 13., 10., 62., 29., 13., 45., 114., 11., 9., 62., 21., 1.,
       3., 72., 46., 1., 1., 95., 48., 0., 1., 83., 70., 1., 0., 1., 0.,
       0., 0., 6., 13., 73., 118., 19., 16., 12., 4., 118., 113., 43.,
       32., 15., 16., 7., 27., 82., 18., 0., 0., 64., 118., 27., 28.,
       110., 21., 0., 0., 2., 9., 16., 57., 5., 2., 13., 53., 21., 78.,
       118., 15., 118., 56., 15., 24., 5., 15., 83., 78., 98., 47., 1.,
       0., 3., 42., 44., 24., 9., 0., 5., 2., 1., 4., 27., 50., 0., 0.,
       2., 50., 71., 44., 37., 1., 63., 23., 15., 41., 10., 14., 48.,
       42., 118., 22., 1., 1., 2., 0., 2., 23., 4., 1., 3., 2., 5., 1.,
       0., 2., 5., 38., 90., 18., 1., 0., 3., 3., 9., 46., 92., 32., 1.,
       4., 26., 8., 1., 1., 24., 106., 25., 10., 50., 22., 1., 0., 0.,
       25., 40., 12., 85., 106., 6., 18., 55., 18., 39., 93., 40., 8.,
       106., 64., 76., 16., 8., 25., 19., 61., 25., 18., 36., 46., 8.,
       3., 73., 77., 10., 70., 41., 4., 1., 3., 37., 68., 7., 0., 0.,
       19., 50., 106., 32., 26., 92., 83., 16., 8., 55., 93., 14., 18.,
       35., 58., 43., 56., 39., 14., 4., 10., 78., 94., 42., 12., 36.,
       8., 1., 1., 4., 0., 0., 2., 27., 44., 24., 41., 16., 20., 5., 3.,
       95., 106., 38., 31., 49., 20., 4., 2., 74., 24., 29., 79., 80.,
       30., 4., 5., 88., 10., 1., 3., 36., 6., 37., 103., 18., 7., 1.,
       32., 113., 102., 74., 48., 10., 5., 1., 8., 50., 25., 3., 6., 5.,
       2., 2., 2., 7., 5., 4., 2., 2., 1., 0., 4., 9., 3., 7., 40., 81.,
       60., 29., 35., 119., 21., 6., 15., 60., 38., 4., 46., 89., 25.,
       36., 84., 4., 0., 0., 9., 32., 51., 19., 10., 1., 1., 1., 9., 5.,
       6., 32., 78., 119., 10., 13., 29., 119., 91., 17., 47., 81., 4.,
       0., 8., 48., 35., 28., 71., 11., 0., 27., 89., 40., 20., 23., 10.,
       1., 0., 14., 90., 1., 5., 31., 59., 38., 78., 60., 3., 94., 59.,
       11., 25., 21., 44., 45., 27., 49., 75., 104., 6., 1., 5., 8., 41.,
       9., 21., 119., 60., 5., 0., 2., 15., 44., 25., 2., 24., 140., 15.,
       0., 16., 156., 17., 0., 5., 46., 9., 0., 30., 83., 34., 1., 0.,
       0., 0., 0., 9., 9., 8., 4., 1., 0., 0., 0., 1., 31., 13., 4., 55.,
       156., 12., 2., 30., 156., 60., 9., 25., 57., 2., 0., 14., 103.,
       9., 6., 1., 0., 0., 0., 26., 5., 20., 12., 1., 0., 0., 0., 1.,
       45., 23., 2., 46., 156., 6., 0., 7., 156., 21., 2., 11., 67., 4.,
       0., 33., 90., 19., 13., 4., 0., 0., 0., 4., 6., 10., 10., 2., 0.,
