%YAML:1.0
---
mat: !!opencv-matrix
   rows: 94
   cols: 128
   dt: f
   data: [ 1., 1., 0., 0., 0., 0., 0., 0., 151., 81., 0., 0., 0., 0., 0.,
       1., 137., 42., 0., 1., 3., 2., 1., 6., 1., 0., 0., 1., 3., 3., 5.,
       7., 40., 13., 0., 0., 0., 0., 0., 2., 213., 114., 0., 0., 0., 0.,
       0., 14., 213., 10., 0., 0., 0., 4., 2., 14., 0., 0., 0., 0., 0.,
       3., 7., 7., 43., 2., 0., 0., 0., 0., 0., 8., 213., 6., 0., 0., 0.,
       0., 0., 104., 213., 6., 0., 0., 0., 1., 1., 33., 2., 3., 2., 0.,
       0., 1., 4., 4., 0., 0., 0., 0., 0., 0., 0., 0., 15., 0., 0., 0.,
       0., 0., 0., 9., 19., 1., 0., 0., 0., 0., 0., 9., 1., 1., 2., 2.,
       0., 0., 0., 1., 0., 15., 48., 11., 0., 0., 0., 0., 0., 8., 41.,
       16., 1., 1., 0., 0., 0., 14., 30., 3., 0., 0., 0., 0., 0., 2., 3.,
       2., 0., 1., 0., 0., 43., 103., 83., 63., 20., 0., 0., 0., 28.,
       68., 110., 138., 57., 0., 0., 0., 117., 138., 83., 24., 5., 0.,
       0., 2., 24., 10., 1., 1., 0., 2., 2., 1., 138., 42., 7., 40., 49.,
       0., 0., 0., 105., 28., 9., 80., 138., 0., 0., 7., 138., 29., 5.,
       11., 22., 0., 0., 43., 48., 1., 0., 1., 0., 1., 0., 7., 100., 21.,
       1., 16., 27., 0., 1., 1., 102., 13., 0., 36., 138., 0., 0., 12.,
       138., 0., 0., 1., 10., 0., 0., 48., 24., 0., 0., 0., 0., 1., 1.,
       6., 40., 4., 3., 2., 17., 31., 22., 29., 88., 29., 2., 6., 69.,
       57., 9., 4., 142., 67., 0., 0., 1., 1., 0., 0., 19., 5., 0., 0.,
       0., 0., 0., 1., 142., 3., 0., 0., 29., 40., 6., 31., 86., 9., 0.,
       0., 142., 142., 12., 22., 142., 43., 0., 0., 7., 17., 7., 38.,
       45., 4., 0., 0., 0., 0., 0., 3., 142., 0., 0., 0., 15., 22., 11.,
       80., 43., 0., 0., 0., 42., 142., 93., 50., 104., 1., 0., 0., 2.,
       24., 78., 142., 20., 0., 0., 0., 1., 1., 1., 12., 29., 0., 0., 0.,
       1., 7., 42., 105., 9., 0., 0., 0., 0., 8., 32., 34., 0., 0., 0.,
       1., 4., 3., 26., 19., 0., 0., 0., 1., 3., 1., 1., 1., 0., 0., 0.,
       1., 0., 0., 0., 0., 3., 3., 20., 12., 0., 0., 0., 2., 2., 16.,
       32., 3., 0., 0., 0., 2., 0., 2., 16., 8., 0., 0., 0., 0., 0., 0.,
       1., 26., 16., 0., 0., 0., 8., 20., 84., 130., 54., 0., 0., 0.,
       84., 130., 104., 40., 3., 0., 0., 1., 10., 18., 57., 114., 6., 0.,
       0., 0., 0., 0., 1., 74., 81., 0., 0., 0., 66., 9., 11., 130.,
       130., 0., 0., 9., 130., 39., 16., 69., 21., 0., 0., 25., 28., 8.,
       17., 130., 62., 0., 0., 8., 0., 0., 0., 96., 127., 0., 0., 0.,
       58., 5., 1., 79., 120., 1., 4., 25., 115., 27., 23., 72., 21., 1.,
       0., 17., 39., 1., 2., 78., 39., 2., 1., 39., 13., 4., 0., 4., 92.,
       21., 17., 4., 0., 2., 23., 41., 132., 38., 12., 1., 6., 3., 25.,
       28., 34., 93., 64., 46., 100., 0., 0., 5., 6., 20., 59., 132.,
       22., 1., 0., 21., 132., 8., 1., 7., 17., 22., 34., 80., 132., 43.,
       10., 6., 132., 45., 22., 10., 10., 18., 60., 127., 49., 1., 0.,
       0., 9., 29., 74., 112., 0., 0., 0., 7., 42., 5., 0., 0., 9., 4.,
       1., 9., 98., 109., 75., 29., 132., 12., 1., 1., 2., 18., 73.,
       132., 42., 4., 3., 0., 2., 10., 8., 26., 0., 0., 0., 0., 0., 0.,
       0., 0., 0., 0., 0., 0., 0., 0., 3., 3., 5., 1., 0., 0., 0., 0.,
       5., 22., 3., 4., 4., 1., 0., 0., 0., 2., 0., 0., 0., 2., 3., 3.,
       3., 1., 0., 0., 4., 19., 4., 1., 0., 0., 0., 0., 3., 2., 0., 0.,
       0., 0., 0., 0., 0., 0., 0., 0., 0., 0., 1., 7., 7., 22., 43., 5.,
       3., 0., 2., 17., 70., 131., 131., 15., 1., 1., 105., 112., 75.,
       28., 9., 4., 2., 7., 50., 7., 0., 0., 1., 0., 0., 6., 8., 30.,
       55., 98., 52., 2., 0., 0., 8., 16., 53., 126., 131., 54., 20., 9.,
       131., 49., 11., 6., 18., 24., 36., 63., 131., 15., 1., 6., 22.,
       2., 0., 12., 4., 13., 51., 131., 111., 0., 0., 3., 28., 87., 73.,
       70., 13., 2., 19., 27., 131., 52., 15., 1., 1., 2., 25., 36.,
       105., 28., 19., 4., 7., 2., 0., 4., 9., 14., 6., 6., 64., 16., 0.,
       0., 19., 6., 3., 5., 23., 21., 24., 23., 40., 19., 1., 15., 46.,
       24., 9., 4., 127., 56., 1., 2., 4., 0., 0., 0., 14., 8., 8., 4.,
       121., 33., 0., 0., 127., 13., 6., 2., 17., 36., 9., 29., 45., 10.,
       0., 3., 127., 127., 6., 10., 127., 66., 0., 1., 14., 11., 0., 1.,
       28., 6., 0., 0., 127., 47., 0., 0., 127., 14., 0., 0., 22., 15.,
       0., 7., 65., 3., 0., 0., 112., 127., 13., 9., 127., 18., 0., 0.,
       22., 50., 29., 63., 28., 8., 0., 0., 90., 55., 13., 8., 127., 1.,
       0., 0., 13., 16., 18., 79., 47., 0., 0., 0., 10., 49., 27., 21.,
       8., 0., 0., 0., 2., 20., 54., 54., 3., 7., 37., 95., 44., 0., 0.,
       0., 74., 83., 68., 31., 5., 0., 0., 0., 17., 13., 14., 101., 32.,
       0., 0., 0., 27., 33., 74., 64., 8., 0., 0., 3., 27., 3., 4., 101.,
       126., 0., 0., 1., 126., 25., 7., 32., 29., 0., 0., 4., 44., 5.,
       2., 126., 126., 0., 0., 2., 116., 7., 6., 40., 29., 0., 0., 41.,
       25., 0., 0., 63., 126., 1., 1., 18., 126., 30., 13., 41., 23., 0.,
       0., 21., 26., 6., 7., 111., 101., 6., 2., 9., 126., 0., 0., 10.,
       20., 1., 1., 63., 13., 1., 0., 27., 87., 2., 2., 25., 29., 26.,
       25., 18., 12., 2., 2., 17., 26., 3., 8., 18., 19., 14., 8., 21.,
       102., 0., 0., 8., 28., 3., 2., 45., 49., 24., 0., 0., 28., 90.,
       4., 1., 110., 26., 0., 0., 24., 59., 1., 4., 118., 23., 0., 0.,
       51., 65., 2., 4., 48., 47., 0., 0., 55., 63., 1., 2., 118., 78.,
       0., 0., 28., 65., 7., 1., 81., 15., 0., 0., 45., 118., 20., 19.,
       118., 22., 0., 0., 18., 60., 16., 48., 21., 5., 0., 0., 33., 118.,
       76., 30., 118., 32., 0., 0., 16., 57., 50., 80., 54., 5., 0., 0.,
       5., 113., 116., 70., 62., 1., 0., 0., 0., 19., 86., 118., 5., 0.,
       0., 0., 0., 31., 76., 24., 8., 0., 0., 0., 1., 22., 78., 66., 7.,
       0., 0., 0., 0., 2., 26., 48., 1., 1., 1., 0., 0., 0., 18., 23.,
       0., 1., 1., 0., 0., 0., 6., 4., 54., 50., 2., 1., 58., 40., 2.,
       0., 52., 16., 4., 5., 101., 45., 1., 4., 104., 16., 1., 0., 34.,
       101., 15., 20., 114., 51., 0., 0., 30., 80., 6., 10., 75., 44.,
       0., 0., 80., 55., 0., 0., 79., 22., 0., 0., 114., 103., 5., 8.,
       114., 24., 0., 0., 18., 66., 13., 35., 47., 3., 0., 0., 13., 105.,
       85., 63., 61., 34., 12., 23., 108., 36., 0., 1., 93., 26., 0., 1.,
       37., 81., 70., 45., 88., 1., 0., 0., 2., 16., 55., 114., 12., 0.,
       0., 0., 1., 5., 25., 30., 48., 8., 31., 40., 21., 5., 29., 61.,
       111., 5., 0., 1., 1., 1., 18., 78., 7., 0., 0., 0., 0., 0., 13.,
       30., 2., 0., 0., 1., 1., 0., 0., 6., 97., 2., 2., 1., 28., 21.,
       4., 32., 106., 9., 0., 0., 88., 29., 3., 19., 132., 36., 0., 0.,
       10., 16., 2., 2., 20., 3., 0., 0., 5., 116., 44., 1., 100., 0.,
       0., 0., 34., 59., 25., 88., 92., 6., 0., 0., 132., 97., 18., 50.,
       132., 39., 0., 0., 15., 12., 11., 38., 45., 7., 0., 1., 3., 8.,
       6., 3., 15., 0., 0., 0., 4., 51., 132., 101., 13., 0., 0., 0.,
       21., 132., 132., 64., 90., 1., 0., 0., 2., 23., 98., 129., 36.,
       1., 0., 0., 0., 0., 5., 22., 1., 2., 0., 0., 0., 2., 30., 11., 0.,
       0., 1., 0., 1., 14., 34., 4., 1., 0., 0., 0., 2., 10., 27., 8.,
       22., 2., 0., 0., 0., 1., 4., 7., 0., 1., 17., 83., 5., 0., 0., 0.,
       0., 14., 115., 79., 1., 1., 2., 3., 1., 96., 93., 2., 9., 40., 3.,
       1., 2., 30., 5., 1., 17., 115., 0., 0., 7., 2., 6., 115., 115.,
       8., 0., 2., 67., 9., 33., 56., 14., 10., 38., 77., 15., 88., 19.,
       0., 1., 99., 65., 21., 16., 115., 1., 0., 5., 66., 1., 0., 11.,
       42., 2., 6., 95., 95., 12., 3., 115., 18., 0., 1., 12., 43., 39.,
       63., 57., 8., 0., 0., 9., 115., 20., 20., 8., 78., 0., 0., 12.,
       115., 0., 0., 26., 115., 0., 0., 2., 30., 16., 2., 26., 36., 0.,
       0., 0., 18., 58., 56., 15., 1., 1., 0., 2., 20., 4., 23., 1., 3.,
       3., 1., 11., 115., 3., 1., 0., 0., 15., 103., 18., 0., 0., 0., 0.,
       5., 116., 116., 4., 0., 5., 2., 4., 115., 116., 8., 1., 1., 6.,
