%YAML:1.0
---
mat: !!opencv-matrix
   rows: 32
   cols: 128
   dt: f
   data: [ 0., 31., 91., 29., 14., 14., 0., 0., 2., 7., 36., 72., 47.,
       20., 16., 8., 18., 14., 11., 8., 7., 22., 51., 28., 127., 0., 0.,
       0., 0., 1., 7., 95., 15., 16., 83., 21., 15., 30., 4., 4., 127.,
       21., 29., 16., 10., 12., 57., 110., 31., 4., 1., 1., 21., 99.,
       120., 87., 123., 0., 0., 0., 1., 11., 12., 127., 33., 31., 51.,
       29., 12., 14., 2., 4., 127., 73., 5., 3., 5., 5., 3., 28., 78.,
       24., 1., 1., 26., 38., 34., 90., 14., 0., 0., 0., 1., 4., 15.,
       86., 50., 10., 10., 9., 27., 20., 7., 22., 127., 18., 1., 0., 0.,
       0., 2., 114., 91., 6., 0., 0., 0., 0., 7., 97., 5., 0., 0., 0.,
       0., 0., 0., 8., 0., 2., 27., 34., 34., 73., 6., 1., 42., 38., 31.,
       15., 5., 10., 5., 2., 153., 67., 1., 0., 0., 1., 2., 27., 25., 1.,
       0., 0., 0., 0., 1., 15., 0., 0., 7., 22., 110., 125., 24., 2.,
       74., 8., 2., 19., 53., 45., 30., 6., 153., 8., 0., 2., 3., 1., 0.,
       46., 34., 0., 0., 0., 0., 0., 0., 15., 0., 0., 4., 90., 88., 33.,
       10., 3., 106., 12., 5., 118., 86., 9., 3., 7., 153., 7., 1., 3.,
       1., 0., 0., 37., 28., 0., 0., 0., 0., 0., 0., 2., 0., 0., 1.,
       107., 105., 0., 0., 0., 143., 3., 2., 49., 55., 0., 0., 29., 153.,
       1., 0., 0., 0., 0., 0., 62., 7., 0., 0., 0., 0., 0., 0., 1., 0.,
       1., 58., 96., 50., 0., 0., 0., 4., 13., 135., 40., 10., 0., 0.,
       0., 109., 104., 78., 4., 0., 0., 0., 9., 36., 33., 13., 14., 0.,
       0., 0., 8., 0., 0., 17., 127., 51., 0., 0., 0., 34., 33., 43.,
       135., 36., 1., 1., 10., 135., 70., 19., 8., 1., 0., 0., 45., 68.,
       6., 1., 0., 0., 0., 0., 27., 0., 0., 47., 135., 12., 1., 7., 12.,
       34., 4., 18., 75., 23., 2., 18., 135., 135., 8., 1., 1., 1., 0.,
       2., 135., 17., 0., 0., 0., 0., 0., 0., 7., 7., 0., 5., 22., 8.,
       5., 42., 122., 8., 0., 1., 2., 1., 1., 41., 135., 3., 0., 0., 0.,
       0., 0., 1., 32., 0., 0., 0., 0., 0., 0., 0., 0., 0., 1., 46.,
       133., 4., 0., 0., 0., 22., 119., 97., 66., 0., 0., 0., 0., 42.,
       101., 17., 5., 2., 0., 0., 0., 14., 5., 0., 0., 0., 0., 0., 0.,
       0., 0., 13., 93., 72., 27., 0., 0., 26., 122., 59., 67., 59., 5.,
       0., 1., 133., 133., 15., 2., 2., 1., 0., 3., 15., 11., 0., 0., 0.,
       0., 0., 0., 0., 0., 0., 35., 133., 24., 0., 0., 65., 16., 5., 47.,
       133., 20., 1., 15., 133., 44., 2., 3., 6., 3., 1., 49., 11., 2.,
       0., 0., 0., 0., 0., 0., 0., 0., 1., 68., 103., 3., 0., 0., 80.,
       1., 0., 44., 66., 6., 3., 55., 133., 1., 0., 1., 1., 1., 1., 87.,
       1., 0., 0., 0., 0., 0., 0., 0., 0., 0., 0., 0., 1., 0., 0., 0.,
       10., 0., 1., 45., 88., 4., 1., 13., 139., 7., 3., 21., 24., 1.,
       1., 131., 139., 6., 0., 0., 0., 0., 0., 73., 0., 0., 0., 0., 7.,
       1., 0., 0., 38., 5., 0., 4., 139., 12., 2., 14., 139., 23., 0.,
       1., 16., 3., 2., 88., 139., 8., 0., 0., 0., 0., 1., 58., 0., 0.,
       0., 9., 9., 0., 0., 0., 30., 2., 0., 32., 99., 11., 5., 32., 139.,
       15., 0., 0., 6., 4., 3., 124., 139., 9., 0., 0., 0., 0., 2., 52.,
       0., 0., 0., 6., 15., 7., 0., 0., 74., 0., 0., 19., 31., 9., 2.,
       32., 139., 0., 0., 0., 0., 0., 0., 87., 99., 7., 0., 0., 0., 0.,
       1., 52., 59., 25., 0., 0., 24., 19., 0., 1., 128., 31., 0., 0.,
       0., 0., 0., 15., 108., 10., 4., 15., 13., 2., 1., 39., 9., 50.,
       11., 18., 15., 1., 1., 5., 54., 5., 0., 0., 68., 64., 6., 16.,
       128., 19., 4., 1., 0., 0., 1., 30., 95., 34., 51., 28., 5., 0.,
       1., 9., 31., 10., 7., 14., 7., 1., 27., 80., 31., 3., 0., 0., 98.,
       128., 5., 7., 128., 50., 15., 20., 6., 6., 1., 12., 69., 94., 82.,
       63., 8., 0., 0., 3., 112., 110., 90., 1., 0., 0., 7., 39., 6., 1.,
       0., 0., 119., 128., 1., 0., 40., 50., 17., 14., 25., 35., 2., 0.,
       9., 56., 33., 37., 27., 3., 8., 4., 15., 95., 115., 1., 1., 1.,
       11., 18., 25., 112., 29., 1., 0., 0., 0., 2., 52., 44., 23., 7.,
       3., 4., 1., 6., 155., 31., 2., 1., 1., 1., 0., 25., 70., 9., 1.,
       0., 0., 0., 0., 10., 57., 59., 9., 1., 1., 12., 155., 87., 92.,
       15., 2., 13., 9., 25., 39., 53., 155., 40., 1., 2., 1., 2., 6.,
       54., 78., 26., 1., 0., 0., 0., 0., 2., 3., 0., 0., 0., 0., 55.,
       155., 30., 15., 2., 0., 4., 2., 62., 155., 106., 123., 8., 0., 0.,
       0., 0., 69., 155., 52., 20., 0., 0., 0., 0., 0., 14., 5., 1., 0.,
       0., 0., 51., 20., 5., 21., 26., 0., 0., 0., 15., 32., 23., 21.,
       35., 0., 0., 0., 0., 8., 23., 9., 29., 0., 0., 0., 0., 0., 1., 0.,
       128., 104., 10., 0., 0., 0., 0., 0., 128., 96., 2., 0., 0., 0.,
       0., 0., 34., 50., 2., 0., 0., 0., 0., 0., 4., 20., 3., 0., 0., 0.,
       0., 1., 58., 67., 25., 10., 3., 3., 2., 17., 128., 128., 1., 3.,
       5., 4., 4., 111., 128., 83., 0., 0., 0., 0., 3., 15., 25., 30.,
       3., 0., 0., 0., 0., 20., 43., 94., 34., 2., 1., 2., 6., 76., 59.,
       17., 1., 7., 10., 16., 102., 128., 36., 8., 0., 1., 1., 6., 110.,
       23., 12., 42., 7., 0., 0., 0., 1., 81., 15., 33., 32., 8., 2.,
       30., 94., 128., 12., 3., 0., 0., 0., 11., 128., 31., 12., 9., 0.,
       0., 0., 15., 77., 2., 3., 21., 3., 0., 0., 24., 18., 78., 0., 0.,
       13., 26., 1., 1., 119., 83., 1., 0., 0., 0., 0., 10., 119., 34.,
       1., 0., 0., 0., 0., 29., 119., 52., 0., 0., 0., 0., 0., 7., 86.,
       89., 24., 3., 1., 6., 2., 3., 119., 58., 26., 21., 10., 0., 0.,
       19., 107., 119., 21., 4., 2., 0., 0., 10., 58., 51., 1., 0., 0.,
       0., 0., 3., 51., 119., 106., 29., 1., 0., 1., 2., 33., 97., 92.,
       7., 2., 0., 4., 96., 79., 111., 11., 2., 0., 0., 5., 55., 57.,
       62., 1., 0., 0., 0., 0., 0., 25., 52., 67., 5., 1., 0., 6., 38.,
       26., 86., 119., 9., 0., 0., 1., 13., 37., 72., 70., 7., 0., 0.,
       2., 8., 18., 50., 1., 0., 0., 0., 0., 0., 36., 1., 7., 2., 0., 0.,
       0., 0., 0., 35., 58., 5., 2., 2., 0., 0., 0., 26., 38., 14., 19.,
       13., 1., 0., 0., 158., 68., 4., 1., 0., 0., 0., 0., 9., 17., 4.,
       0., 0., 0., 0., 1., 158., 128., 11., 1., 10., 2., 1., 7., 93.,
       29., 6., 20., 110., 9., 1., 2., 158., 55., 3., 4., 7., 0., 0., 3.,
       12., 2., 0., 0., 0., 0., 4., 16., 158., 12., 1., 1., 12., 0., 8.,
       111., 100., 6., 1., 9., 134., 20., 4., 24., 158., 17., 0., 1., 9.,
       4., 2., 44., 2., 0., 0., 0., 0., 0., 4., 8., 54., 5., 2., 3., 3.,
       0., 9., 61., 39., 2., 2., 8., 28., 9., 5., 31., 158., 5., 0., 0.,
       1., 2., 2., 48., 34., 41., 83., 71., 1., 0., 0., 4., 75., 65.,
       15., 15., 9., 26., 44., 28., 4., 10., 10., 12., 28., 79., 77.,
       23., 5., 23., 29., 16., 3., 5., 59., 76., 78., 31., 16., 18., 6.,
       6., 0., 5., 126., 58., 7., 2., 3., 13., 41., 106., 17., 8., 8.,
       9., 34., 126., 108., 52., 16., 9., 7., 2., 3., 17., 91., 110.,
       66., 3., 0., 1., 11., 14., 5., 44., 126., 126., 69., 3., 2., 5.,
       6., 42., 55., 90., 70., 21., 38., 36., 9., 9., 27., 36., 17., 12.,
       11., 9., 7., 26., 60., 20., 3., 1., 2., 2., 9., 40., 56., 59.,
       29., 1., 0., 28., 66., 66., 101., 44., 13., 17., 10., 10., 22.,
       70., 31., 6., 6., 19., 9., 6., 16., 70., 4., 62., 54., 24., 10.,
       10., 4., 1., 14., 32., 98., 72., 9., 8., 1., 12., 51., 85., 41.,
       10., 0., 0., 1., 16., 9., 24., 77., 43., 0., 0., 0., 0., 5., 4.,
       31., 37., 125., 34., 5., 1., 125., 11., 46., 32., 16., 7., 10.,
       125., 49., 13., 25., 35., 64., 36., 21., 85., 21., 11., 47., 51.,
       11., 7., 7., 15., 7., 3., 4., 16., 125., 79., 5., 0., 125., 50.,
       6., 7., 47., 11., 3., 19., 94., 10., 1., 2., 77., 105., 23., 11.,
       7., 3., 3., 2., 10., 40., 60., 55., 3., 1., 11., 37., 116., 52.,
       21., 6., 125., 15., 0., 2., 41., 17., 32., 85., 99., 13., 0., 0.,
       2., 46., 13., 17., 1., 2., 1., 0., 0., 49., 58., 7., 62., 27.,
       17., 5., 5., 23., 11., 21., 118., 71., 30., 8., 0., 0., 1., 15.,
