%YAML:1.0
---
mat: !!opencv-matrix
   rows: 29
   cols: 128
   dt: f
   data: [ 0., 0., 0., 0., 0., 0., 39., 73., 1., 1., 5., 3., 0., 0., 55.,
       95., 7., 10., 6., 1., 0., 0., 44., 93., 1., 0., 0., 0., 0., 0.,
       34., 64., 0., 0., 0., 5., 11., 9., 58., 79., 9., 18., 73., 127.,
       61., 26., 22., 31., 127., 120., 71., 28., 3., 3., 6., 34., 38.,
       5., 0., 0., 0., 0., 16., 38., 0., 0., 0., 1., 15., 36., 43., 46.,
       16., 4., 8., 34., 127., 127., 24., 18., 127., 86., 9., 8., 16.,
       49., 16., 46., 80., 41., 0., 0., 0., 0., 4., 14., 2., 6., 6., 3.,
       1., 6., 10., 22., 2., 4., 1., 1., 70., 127., 8., 4., 62., 83., 9.,
       8., 78., 108., 14., 13., 74., 127., 7., 3., 0., 0., 2., 5., 0.,
       3., 12., 12., 10., 0., 0., 0., 2., 1., 2., 70., 130., 3., 0., 1.,
       130., 8., 2., 20., 66., 5., 3., 42., 94., 1., 0., 2., 27., 5., 0.,
       22., 0., 2., 39., 55., 23., 0., 0., 0., 12., 8., 11., 130., 130.,
       10., 4., 5., 130., 40., 10., 41., 23., 2., 3., 28., 97., 20., 13.,
       2., 7., 5., 1., 4., 0., 7., 93., 34., 29., 4., 0., 0., 7., 3.,
       23., 57., 99., 82., 65., 22., 130., 29., 18., 5., 3., 11., 50.,
       97., 36., 38., 70., 0., 0., 0., 0., 2., 0., 18., 121., 2., 1., 0.,
       0., 0., 0., 19., 122., 2., 2., 5., 9., 2., 5., 30., 122., 0., 0.,
       1., 7., 7., 1., 22., 124., 0., 0., 0., 0., 0., 0., 0., 0., 0., 0.,
       0., 50., 68., 1., 3., 9., 6., 0., 0., 63., 86., 15., 16., 9., 1.,
       0., 0., 49., 92., 4., 1., 0., 0., 0., 0., 43., 72., 0., 0., 0.,
       2., 13., 16., 77., 73., 8., 18., 50., 93., 89., 43., 22., 19.,
       126., 114., 51., 22., 6., 5., 3., 25., 64., 6., 0., 0., 0., 0.,
       14., 46., 0., 0., 0., 0., 11., 40., 52., 41., 10., 2., 2., 12.,
       126., 126., 18., 10., 126., 67., 2., 4., 24., 61., 11., 32., 112.,
       44., 0., 0., 0., 0., 3., 13., 3., 12., 10., 5., 2., 7., 9., 13.,
       3., 10., 1., 0., 83., 126., 4., 1., 60., 68., 4., 5., 82., 101.,
       6., 1., 91., 126., 5., 2., 1., 0., 1., 1., 2., 2., 35., 39., 25.,
       2., 0., 0., 8., 34., 111., 21., 7., 1., 1., 2., 3., 63., 98., 3.,
       3., 2., 1., 1., 9., 43., 10., 0., 0., 0., 0., 0., 3., 2., 8., 20.,
       111., 31., 0., 1., 111., 37., 38., 18., 80., 29., 8., 31., 54.,
       78., 51., 22., 106., 46., 8., 16., 111., 91., 9., 15., 7., 1., 0.,
       10., 1., 1., 0., 1., 111., 16., 0., 0., 77., 68., 23., 23., 111.,
       18., 5., 14., 93., 36., 31., 76., 66., 24., 6., 41., 111., 18.,
       2., 33., 50., 1., 1., 56., 2., 0., 0., 4., 111., 11., 0., 1., 75.,
       14., 1., 7., 101., 32., 14., 36., 67., 41., 2., 5., 19., 111.,
       17., 16., 54., 90., 3., 7., 51., 22., 1., 4., 64., 12., 0., 6.,
       59., 67., 3., 15., 28., 111., 12., 14., 77., 43., 3., 5., 81.,
       37., 15., 44., 83., 11., 1., 9., 111., 4., 0., 1., 2., 1., 0.,
       12., 39., 0., 1., 67., 111., 11., 2., 43., 67., 19., 5., 51., 93.,
       28., 33., 76., 111., 12., 5., 18., 81., 61., 25., 28., 111., 3.,
       0., 0., 1., 1., 0., 6., 6., 0., 0., 9., 111., 91., 10., 11., 106.,
       39., 8., 18., 53., 78., 50., 24., 93., 22., 7., 39., 111., 34.,
       30., 19., 111., 18., 0., 1., 2., 1., 5., 17., 0., 0., 0., 0., 8.,
       41., 10., 0., 3., 2., 1., 1., 3., 67., 89., 3., 10., 1., 1., 2.,
       9., 42., 111., 24., 29., 2., 0., 0., 2., 2., 30., 38., 1., 63.,
       62., 13., 1., 0., 0., 0., 1., 6., 101., 51., 0., 0., 0., 1., 0.,
       16., 107., 14., 2., 1., 0., 0., 0., 15., 92., 20., 2., 0., 0., 0.,
       7., 107., 81., 32., 44., 32., 4., 6., 98., 33., 102., 70., 9.,
       13., 9., 30., 26., 19., 101., 26., 96., 36., 9., 19., 10., 48.,
       102., 30., 32., 22., 3., 8., 6., 8., 5., 12., 54., 50., 87., 81.,
       107., 34., 10., 14., 11., 70., 83., 30., 34., 17., 9., 36., 107.,
       24., 52., 57., 17., 4., 5., 10., 107., 44., 19., 49., 0., 0., 0.,
       1., 1., 17., 65., 53., 2., 1., 1., 1., 1., 68., 99., 6., 1., 1.,
       1., 2., 6., 21., 107., 36., 1., 0., 0., 1., 46., 107., 43., 15.,
       48., 91., 37., 3., 2., 1., 0., 4., 8., 46., 58., 3., 2., 1., 1.,
       0., 0., 19., 24., 1., 1., 4., 7., 0., 0., 2., 3., 1., 2., 6., 3.,
       0., 22., 60., 42., 9., 19., 63., 74., 28., 17., 114., 135., 111.,
       66., 64., 31., 8., 135., 135., 125., 14., 4., 7., 11., 25., 21.,
       9., 0., 0., 6., 5., 2., 2., 2., 0., 0., 1., 9., 78., 92., 10.,
       16., 11., 11., 25., 62., 135., 135., 33., 135., 37., 7., 4., 3.,
       37., 135., 135., 27., 1., 0., 0., 2., 3., 3., 11., 8., 0., 0., 0.,
       1., 4., 3., 9., 0., 0., 0., 0., 0., 33., 39., 3., 2., 0., 0., 0.,
       2., 15., 36., 19., 1., 0., 0., 3., 3., 1., 1., 3., 4., 1., 1., 1.,
       1., 1., 2., 8., 2., 3., 21., 11., 0., 0., 2., 5., 3., 12., 32.,
       5., 0., 0., 1., 1., 4., 3., 1., 0., 0., 0., 3., 4., 9., 1., 1.,
       13., 23., 1., 0., 2., 11., 22., 136., 136., 125., 18., 4., 4.,
       136., 136., 136., 51., 9., 4., 4., 15., 54., 15., 1., 0., 0., 0.,
       1., 6., 5., 1., 1., 6., 41., 8., 2., 2., 19., 8., 12., 67., 136.,
       136., 51., 31., 136., 43., 12., 15., 19., 39., 57., 136., 63., 7.,
       7., 0., 0., 0., 0., 13., 0., 0., 16., 19., 15., 1., 1., 1., 12.,
       8., 11., 63., 134., 31., 7., 10., 136., 59., 11., 10., 11., 8.,
       7., 39., 27., 15., 10., 0., 0., 0., 2., 4., 2., 97., 44., 7., 11.,
       3., 2., 2., 2., 34., 108., 27., 0., 0., 1., 1., 1., 40., 105., 4.,
       1., 2., 1., 1., 2., 32., 51., 2., 0., 0., 0., 0., 6., 49., 34.,
       41., 63., 20., 24., 9., 111., 39., 92., 32., 7., 18., 15., 45.,
       23., 38., 61., 14., 27., 73., 54., 26., 14., 79., 111., 82., 66.,
       8., 8., 2., 2., 1., 1., 7., 21., 101., 104., 27., 111., 57., 10.,
       1., 14., 111., 52., 22., 25., 47., 41., 41., 89., 36., 31., 15.,
       60., 24., 9., 86., 111., 34., 39., 18., 0., 0., 0., 0., 2., 32.,
       17., 2., 3., 3., 0., 0., 2., 69., 78., 9., 3., 4., 2., 4., 24.,
       57., 80., 18., 7., 1., 0., 3., 33., 73., 111., 18., 0., 41., 70.,
       29., 26., 41., 1., 0., 2., 69., 87., 86., 22., 5., 0., 0., 69.,
       66., 90., 44., 13., 0., 0., 6., 17., 15., 18., 44., 8., 4., 6.,
       6., 2., 14., 7., 7., 40., 134., 2., 1., 19., 49., 67., 65., 92.,
       134., 1., 2., 134., 25., 21., 35., 19., 10., 2., 22., 50., 3., 5.,
       11., 9., 19., 32., 21., 4., 2., 18., 102., 31., 27., 3., 4., 23.,
       3., 10., 43., 124., 134., 11., 17., 134., 20., 4., 8., 32., 49.,
       11., 28., 47., 39., 43., 37., 18., 7., 3., 3., 4., 1., 6., 35.,
       17., 35., 57., 18., 8., 1., 3., 6., 26., 71., 88., 39., 58., 6.,
       1., 2., 19., 41., 104., 64., 12., 15., 8., 11., 22., 47., 53.,
       14., 0., 1., 79., 44., 4., 0., 0., 0., 2., 20., 100., 30., 5., 0.,
       0., 0., 0., 4., 110., 48., 6., 0., 0., 0., 2., 24., 86., 16., 1.,
       0., 0., 0., 4., 12., 94., 72., 30., 11., 0., 1., 110., 50., 66.,
       42., 22., 14., 3., 8., 24., 15., 92., 77., 110., 65., 4., 5.,
       110., 77., 73., 21., 16., 12., 4., 11., 5., 2., 4., 8., 65., 94.,
       38., 4., 110., 9., 4., 9., 16., 24., 35., 52., 27., 3., 2., 10.,
       110., 110., 92., 17., 76., 13., 4., 1., 11., 36., 110., 58., 0.,
       0., 0., 0., 9., 83., 79., 2., 14., 0., 0., 0., 2., 20., 99., 66.,
       2., 0., 0., 0., 4., 23., 71., 14., 0., 0., 0., 0., 1., 11., 73.,
       6., 1., 37., 92., 11., 2., 2., 1., 0., 5., 67., 79., 4., 0., 0.,
       0., 1., 4., 24., 74., 42., 4., 0., 0., 1., 6., 67., 54., 5., 0.,
       0., 0., 1., 21., 33., 56., 69., 112., 20., 7., 4., 112., 111.,
       60., 19., 21., 2., 5., 29., 20., 32., 43., 96., 112., 1., 4., 12.,
       57., 112., 48., 12., 7., 0., 1., 4., 15., 3., 1., 13., 74., 92.,
       112., 15., 112., 21., 1., 12., 26., 21., 112., 64., 17., 8., 2.,
       41., 112., 42., 56., 34., 68., 15., 2., 3., 5., 15., 57., 38., 2.,
       0., 0., 0., 0., 15., 60., 6., 5., 0., 0., 0., 2., 16., 98., 17.,
       2., 0., 0., 0., 6., 44., 112., 16., 3., 0., 0., 0., 0., 6., 112.,
