%YAML:1.0
---
mat: !!opencv-matrix
   rows: 32
   cols: 128
   dt: f
   data: [ 0., 14., 134., 6., 1., 2., 6., 1., 0., 23., 134., 2., 1., 0.,
       1., 1., 2., 29., 44., 4., 8., 2., 0., 0., 5., 3., 1., 0., 1., 1.,
       0., 0., 3., 29., 134., 20., 16., 37., 102., 7., 17., 69., 134.,
       27., 20., 76., 39., 8., 134., 134., 94., 3., 3., 9., 5., 19., 25.,
       9., 1., 1., 1., 0., 0., 1., 0., 0., 0., 0., 2., 64., 134., 2.,
       14., 4., 3., 3., 9., 134., 134., 26., 134., 13., 2., 1., 2., 45.,
       103., 134., 19., 1., 1., 1., 0., 1., 3., 9., 0., 0., 0., 0., 1.,
       9., 13., 0., 0., 0., 0., 0., 2., 39., 36., 1., 1., 0., 0., 0., 6.,
       25., 41., 14., 0., 0., 0., 0., 0., 8., 9., 1., 0., 0., 0., 1., 2.,
       1., 1., 0., 1., 3., 16., 13., 1., 1., 0., 0., 18., 23., 20., 4.,
       0., 0., 0., 4., 13., 4., 0., 0., 0., 0., 0., 15., 1., 1., 2., 27.,
       21., 4., 1., 2., 10., 16., 112., 135., 70., 12., 1., 4., 135.,
       135., 117., 46., 3., 2., 1., 13., 57., 19., 0., 0., 0., 0., 0.,
       7., 0., 0., 0., 7., 46., 31., 5., 7., 24., 5., 11., 60., 135.,
       135., 11., 18., 135., 100., 11., 10., 16., 33., 9., 44., 89., 47.,
       0., 0., 0., 0., 0., 2., 1., 4., 5., 3., 8., 11., 2., 1., 2., 2.,
       1., 1., 107., 135., 2., 1., 91., 97., 7., 4., 58., 88., 17., 17.,
       83., 119., 4., 1., 0., 0., 1., 4., 2., 3., 1., 16., 39., 5., 0.,
       0., 1., 5., 41., 105., 109., 51., 17., 5., 113., 78., 57., 20.,
       5., 11., 22., 57., 71., 22., 2., 1., 0., 0., 0., 10., 1., 4., 3.,
       25., 62., 5., 1., 0., 6., 12., 29., 123., 123., 58., 14., 8.,
       123., 93., 34., 27., 9., 11., 17., 70., 97., 14., 1., 0., 0., 0.,
       0., 12., 0., 0., 1., 10., 79., 15., 1., 0., 12., 5., 7., 61.,
       123., 115., 36., 22., 123., 20., 7., 9., 7., 15., 32., 123., 80.,
       4., 1., 0., 0., 0., 0., 19., 1., 2., 2., 13., 44., 8., 0., 0., 9.,
       3., 10., 30., 91., 62., 38., 21., 119., 9., 4., 3., 3., 6., 23.,
       91., 30., 2., 0., 0., 0., 1., 1., 11., 0., 0., 0., 9., 72., 20.,
       1., 0., 19., 27., 45., 62., 87., 21., 9., 10., 103., 87., 21., 3.,
       1., 1., 2., 12., 13., 9., 0., 0., 0., 2., 3., 2., 0., 0., 0., 4.,
       111., 18., 1., 0., 18., 22., 37., 78., 125., 48., 7., 12., 125.,
       125., 44., 16., 6., 4., 5., 36., 60., 24., 1., 1., 0., 1., 2., 4.,
       0., 0., 0., 2., 69., 32., 1., 0., 6., 4., 9., 35., 125., 125.,
       32., 23., 125., 91., 27., 17., 16., 20., 26., 99., 91., 38., 0.,
       0., 0., 2., 3., 11., 0., 0., 0., 0., 20., 16., 5., 1., 0., 1., 4.,
       22., 125., 108., 26., 5., 57., 47., 39., 25., 23., 28., 58., 98.,
       71., 46., 9., 1., 0., 0., 1., 28., 0., 0., 4., 18., 67., 55., 6.,
       5., 39., 68., 58., 40., 31., 12., 5., 15., 45., 106., 10., 0., 0.,
       0., 0., 1., 4., 9., 1., 1., 0., 0., 2., 3., 0., 0., 0., 4., 107.,
       71., 0., 0., 28., 37., 48., 57., 120., 84., 9., 12., 120., 120.,
       57., 14., 5., 3., 3., 20., 46., 35., 1., 1., 0., 1., 4., 2., 0.,
       0., 0., 0., 45., 51., 2., 1., 6., 3., 4., 18., 120., 120., 40.,
       18., 120., 90., 44., 24., 31., 37., 35., 67., 93., 104., 11., 0.,
       0., 1., 1., 11., 0., 0., 0., 0., 7., 12., 3., 1., 0., 0., 0., 3.,
       75., 120., 11., 1., 22., 12., 20., 33., 63., 85., 68., 66., 66.,
       67., 63., 22., 2., 0., 4., 41., 0., 2., 32., 45., 40., 3., 0., 0.,
       8., 50., 114., 28., 12., 1., 1., 3., 3., 82., 82., 1., 1., 1., 1.,
       1., 5., 41., 5., 0., 1., 0., 0., 0., 1., 0., 5., 15., 114., 26.,
       0., 0., 108., 34., 32., 18., 99., 26., 9., 42., 51., 101., 42.,
       16., 86., 34., 8., 19., 92., 104., 7., 8., 4., 0., 0., 5., 0., 0.,
       0., 2., 114., 12., 0., 0., 76., 68., 18., 22., 114., 13., 2., 14.,
       94., 34., 29., 67., 68., 13., 3., 48., 114., 15., 1., 42., 34.,
       0., 0., 63., 0., 0., 0., 9., 114., 6., 0., 0., 62., 9., 3., 8.,
       106., 30., 12., 41., 79., 42., 4., 5., 23., 88., 15., 20., 57.,
       70., 2., 20., 68., 7., 0., 9., 71., 5., 0., 11., 57., 58., 2.,
       26., 25., 82., 13., 21., 84., 43., 4., 5., 95., 31., 13., 44.,
       64., 8., 3., 10., 115., 3., 0., 0., 1., 0., 1., 14., 29., 0., 0.,
       67., 115., 13., 2., 45., 68., 12., 3., 53., 93., 32., 30., 67.,
       115., 10., 3., 16., 79., 65., 18., 24., 115., 5., 0., 0., 0., 0.,
       0., 5., 3., 0., 0., 5., 93., 104., 7., 7., 85., 31., 8., 20., 51.,
       102., 40., 17., 106., 23., 8., 45., 105., 32., 29., 18., 115.,
       18., 0., 0., 0., 0., 4., 14., 1., 0., 0., 0., 5., 40., 5., 0., 1.,
       1., 1., 1., 3., 85., 79., 1., 15., 1., 1., 3., 8., 54., 115., 29.,
       44., 3., 0., 0., 0., 1., 28., 43., 26., 34., 85., 7., 17., 21.,
       6., 9., 44., 112., 35., 5., 14., 9., 0., 1., 16., 16., 19., 91.,
       16., 0., 0., 2., 11., 5., 60., 41., 2., 12., 14., 16., 53., 66.,
       20., 31., 61., 33., 5., 10., 112., 65., 7., 26., 54., 15., 2.,
       32., 86., 30., 5., 77., 112., 13., 0., 9., 112., 34., 4., 12.,
       15., 25., 14., 26., 55., 32., 7., 10., 62., 58., 21., 26., 68.,
       112., 7., 8., 13., 111., 24., 10., 38., 112., 13., 6., 107., 80.,
       8., 4., 79., 101., 13., 5., 13., 33., 16., 3., 58., 23., 1., 2.,
       56., 45., 35., 25., 46., 26., 1., 0., 3., 112., 40., 24., 23.,
       40., 3., 0., 3., 55., 81., 47., 8., 13., 6., 1., 1., 34., 78.,
       17., 1., 41., 75., 11., 9., 19., 8., 2., 5., 55., 75., 46., 26.,
       37., 2., 0., 8., 111., 39., 23., 38., 23., 0., 0., 46., 39., 42.,
       31., 61., 18., 1., 1., 16., 26., 9., 2., 100., 90., 11., 6., 111.,
       68., 6., 4., 50., 111., 8., 8., 20., 111., 19., 10., 74., 111.,
       5., 7., 67., 56., 19., 29., 63., 27., 5., 8., 15., 24., 16., 34.,
       111., 22., 7., 18., 111., 7., 0., 13., 88., 25., 6., 91., 52.,
       14., 3., 42., 111., 54., 8., 29., 65., 29., 5., 11., 54., 64.,
       20., 32., 2., 8., 10., 13., 7., 5., 66., 43., 11., 0., 0., 2.,
       20., 21., 19., 78., 19., 10., 1., 3., 52., 111., 34., 5., 23.,
       21., 6., 12., 36., 33., 70., 8., 36., 7., 5., 92., 76., 1., 2.,
       20., 57., 28., 26., 58., 46., 6., 12., 58., 111., 54., 5., 16.,
       16., 1., 2., 39., 16., 6., 10., 2., 1., 0., 0., 1., 37., 6., 8.,
       52., 67., 25., 23., 64., 93., 12., 32., 33., 38., 21., 18., 111.,
       60., 3., 45., 101., 9., 0., 12., 111., 9., 24., 111., 30., 0., 3.,
       9., 20., 38., 1., 1., 5., 104., 38., 28., 75., 111., 26., 3., 29.,
       111., 23., 4., 23., 76., 8., 17., 111., 70., 2., 2., 79., 40., 6.,
       18., 17., 24., 18., 27., 111., 1., 0., 0., 0., 33., 51., 18., 7.,
       38., 5., 0., 4., 49., 79., 54., 26., 88., 14., 4., 8., 51., 47.,
       7., 45., 44., 12., 15., 55., 31., 1., 1., 21., 0., 5., 82., 32.,
       2., 1., 0., 0., 3., 40., 86., 12., 1., 0., 0., 0., 1., 18., 77.,
       41., 5., 1., 0., 0., 1., 19., 61., 18., 2., 0., 0., 0., 19., 30.,
       99., 82., 113., 43., 5., 5., 113., 113., 93., 27., 32., 14., 6.,
       22., 52., 51., 63., 78., 113., 30., 3., 7., 56., 60., 71., 58.,
       46., 22., 4., 8., 19., 4., 1., 3., 57., 113., 74., 33., 113., 10.,
       1., 2., 17., 53., 103., 113., 38., 2., 0., 1., 91., 113., 70.,
       48., 39., 2., 0., 2., 25., 83., 75., 65., 0., 0., 1., 3., 4., 22.,
       20., 5., 4., 1., 0., 0., 1., 8., 32., 25., 1., 1., 2., 1., 1.,
       22., 31., 7., 0., 0., 1., 2., 3., 11., 31., 8., 4., 45., 42., 10.,
       0., 0., 0., 1., 3., 39., 43., 7., 0., 1., 2., 1., 1., 9., 22.,
       13., 4., 1., 1., 0., 4., 11., 10., 2., 1., 0., 3., 3., 62., 79.,
       45., 58., 46., 5., 6., 14., 114., 109., 58., 51., 34., 2., 1., 8.,
       25., 52., 110., 114., 74., 1., 0., 1., 46., 114., 72., 24., 6.,
       0., 0., 1., 24., 3., 1., 6., 49., 80., 96., 45., 114., 6., 1.,
       10., 55., 50., 74., 91., 34., 17., 13., 54., 114., 114., 73., 23.,
       114., 56., 11., 14., 31., 23., 56., 61., 3., 0., 0., 0., 1., 18.,
       36., 5., 2., 1., 0., 0., 2., 24., 61., 22., 1., 0., 0., 0., 8.,
