%YAML:1.0
---
mat: !!opencv-matrix
   rows: 31
   cols: 128
   dt: f
   data: [ 17., 13., 28., 14., 18., 59., 6., 9., 26., 3., 21., 56., 105.,
       48., 5., 16., 116., 4., 0., 6., 59., 6., 4., 51., 65., 7., 0.,
       20., 115., 3., 0., 5., 40., 10., 4., 16., 18., 63., 4., 13., 29.,
       12., 5., 39., 116., 108., 2., 7., 116., 46., 2., 13., 78., 5., 2.,
       22., 83., 3., 0., 14., 116., 9., 1., 23., 6., 1., 7., 74., 49.,
       19., 4., 10., 27., 1., 6., 103., 107., 16., 12., 43., 116., 4.,
       0., 3., 33., 31., 22., 116., 35., 0., 0., 2., 40., 61., 83., 59.,
       0., 0., 0., 5., 46., 65., 17., 2., 16., 0., 0., 8., 14., 38.,
       116., 53., 69., 0., 2., 1., 0., 4., 34., 102., 4., 0., 3., 4., 1.,
       12., 39., 12., 1., 3., 20., 10., 13., 0., 5., 6., 0., 1., 42.,
       96., 87., 0., 2., 1., 23., 50., 101., 43., 11., 0., 0., 12., 39.,
       67., 8., 1., 0., 0., 0., 7., 20., 52., 100., 54., 30., 0., 0., 0.,
       26., 25., 21., 106., 114., 9., 0., 1., 114., 22., 8., 26., 25.,
       2., 2., 88., 40., 14., 4., 13., 16., 3., 3., 57., 107., 28., 7.,
       17., 99., 4., 0., 1., 86., 13., 2., 11., 114., 74., 2., 3., 114.,
       114., 8., 7., 34., 22., 4., 19., 16., 92., 14., 6., 29., 15., 2.,
       10., 97., 8., 0., 2., 85., 19., 0., 6., 80., 10., 2., 17., 114.,
       16., 0., 1., 112., 39., 7., 16., 69., 6., 9., 31., 32., 45., 6.,
       3., 7., 11., 45., 29., 7., 11., 26., 22., 55., 48., 9., 8., 124.,
       9., 1., 3., 24., 11., 13., 61., 45., 3., 0., 34., 124., 1., 0.,
       8., 124., 9., 0., 13., 28., 1., 0., 14., 10., 14., 8., 27., 104.,
       87., 4., 2., 124., 56., 5., 11., 36., 2., 3., 17., 54., 6., 0.,
       39., 124., 5., 1., 11., 124., 1., 0., 5., 22., 3., 1., 44., 13.,
       2., 16., 60., 105., 11., 7., 19., 124., 4., 0., 6., 34., 12., 9.,
       101., 47., 1., 0., 20., 124., 68., 42., 26., 122., 0., 0., 2., 8.,
       6., 25., 70., 27., 5., 9., 8., 10., 24., 48., 25., 100., 2., 0.,
       0., 1., 8., 16., 92., 9., 0., 0., 1., 6., 50., 65., 16., 7., 0.,
       0., 1., 1., 5., 43., 35., 1., 4., 41., 28., 3., 0., 0., 1., 3.,
       34., 55., 18., 24., 1., 0., 1., 2., 5., 18., 81., 120., 8., 0.,
       0., 20., 21., 34., 14., 14., 5., 12., 20., 8., 9., 37., 64., 119.,
       1., 0., 1., 128., 75., 51., 23., 52., 4., 0., 5., 38., 12., 8.,
       67., 128., 20., 0., 3., 128., 20., 4., 9., 10., 3., 11., 50., 14.,
       3., 1., 17., 128., 6., 0., 2., 128., 15., 2., 7., 53., 9., 0.,
       10., 44., 3., 3., 13., 128., 84., 6., 6., 74., 94., 13., 5., 11.,
       19., 11., 12., 13., 1., 0., 6., 128., 19., 0., 5., 128., 9., 0.,
       4., 36., 8., 0., 16., 32., 8., 8., 33., 128., 17., 0., 1., 79.,
       32., 12., 13., 27., 8., 19., 16., 24., 4., 3., 45., 2., 0., 0.,
       0., 5., 2., 32., 124., 6., 0., 0., 13., 46., 34., 54., 41., 0.,
       0., 2., 73., 37., 15., 6., 0., 0., 0., 0., 18., 16., 1., 4., 124.,
       72., 4., 0., 3., 124., 9., 23., 124., 36., 4., 1., 96., 54., 5.,
       18., 45., 0., 0., 7., 124., 5., 12., 66., 26., 3., 5., 5., 15.,
       6., 13., 20., 50., 124., 23., 0., 1., 124., 72., 3., 18., 107.,
       17., 1., 14., 95., 28., 11., 49., 6., 1., 6., 41., 9., 6., 14.,
       13., 50., 41., 22., 28., 72., 33., 16., 5., 63., 36., 1., 14.,
       124., 30., 0., 1., 98., 65., 4., 7., 124., 38., 0., 1., 1., 0.,
       0., 9., 23., 9., 1., 12., 78., 7., 1., 6., 0., 30., 62., 17., 0.,
       0., 0., 0., 3., 31., 83., 20., 1., 0., 0., 0., 1., 30., 87., 22.,
       3., 0., 1., 0., 0., 28., 25., 16., 1., 0., 0., 0., 32., 60., 53.,
       37., 47., 7., 7., 25., 117., 57., 53., 41., 63., 17., 1., 9., 25.,
       94., 85., 54., 117., 72., 6., 3., 13., 117., 45., 28., 16., 9.,
       4., 1., 24., 2., 0., 1., 117., 25., 32., 74., 117., 16., 1., 4.,
       112., 21., 3., 11., 46., 15., 1., 12., 109., 117., 31., 5., 14.,
       84., 26., 5., 13., 117., 33., 4., 14., 0., 0., 0., 74., 41., 15.,
       17., 73., 6., 1., 4., 45., 43., 54., 55., 36., 8., 1., 16., 39.,
       33., 33., 28., 23., 4., 1., 1., 8., 117., 33., 25., 66., 100.,
       10., 14., 30., 39., 5., 4., 41., 69., 24., 35., 30., 3., 1., 22.,
       30., 36., 45., 44., 33., 2., 1., 24., 43., 51., 43., 15., 5., 0.,
       0., 5., 19., 46., 3., 5., 72., 113., 15., 17., 113., 112., 8.,
       13., 31., 21., 2., 27., 76., 6., 6., 97., 113., 2., 1., 35., 113.,
       19., 28., 32., 20., 0., 0., 57., 4., 2., 0., 0., 48., 113., 38.,
       19., 112., 14., 0., 17., 42., 92., 81., 67., 67., 4., 1., 72.,
       113., 40., 31., 49., 62., 8., 53., 59., 27., 20., 7., 31., 0., 0.,
       2., 1., 1., 19., 12., 1., 0., 0., 1., 0., 5., 45., 53., 6., 2.,
       0., 0., 1., 13., 72., 91., 21., 3., 0., 1., 4., 16., 113., 39.,
       11., 6., 6., 16., 30., 125., 2., 0., 1., 125., 13., 0., 8., 78.,
       4., 0., 18., 62., 15., 6., 14., 90., 17., 0., 6., 114., 25., 2.,
       1., 5., 1., 0., 1., 5., 4., 26., 50., 84., 52., 4., 5., 125., 7.,
       0., 7., 56., 11., 5., 48., 83., 9., 0., 19., 125., 6., 0., 8.,
       125., 14., 0., 5., 11., 0., 0., 4., 4., 4., 3., 25., 88., 96., 2.,
       2., 125., 48., 3., 9., 59., 13., 2., 18., 78., 10., 0., 10., 125.,
       15., 2., 15., 125., 1., 0., 1., 11., 3., 1., 27., 2., 0., 4., 68.,
       59., 11., 5., 7., 100., 3., 0., 7., 28., 9., 10., 89., 35., 1.,
       0., 1., 34., 58., 65., 44., 44., 0., 0., 0., 3., 7., 28., 59., 3.,
       8., 36., 59., 40., 0., 0., 0., 28., 52., 64., 43., 48., 2., 0.,
       0., 39., 8., 7., 69., 102., 6., 0., 9., 68., 12., 2., 3., 1., 1.,
       2., 66., 12., 5., 2., 19., 126., 5., 0., 1., 126., 26., 4., 10.,
       79., 16., 0., 2., 58., 19., 2., 14., 126., 62., 3., 5., 71., 115.,
       7., 2., 3., 3., 3., 17., 10., 1., 0., 2., 126., 28., 0., 3., 126.,
       13., 0., 4., 80., 15., 0., 9., 57., 13., 5., 31., 126., 15., 0.,
       3., 106., 41., 4., 5., 9., 3., 26., 47., 2., 1., 0., 0., 104.,
       33., 1., 1., 82., 24., 0., 2., 56., 22., 6., 11., 62., 10., 0.,
       7., 126., 23., 1., 4., 126., 12., 0., 0., 13., 5., 9., 14., 5.,
       2., 2., 31., 59., 2., 15., 23., 93., 27., 10., 23., 18., 0., 0.,
       4., 44., 8., 1., 11., 4., 0., 0., 2., 0., 0., 26., 42., 5., 0.,
       0., 0., 17., 7., 2., 39., 123., 1., 0., 4., 123., 22., 10., 26.,
       30., 0., 0., 9., 46., 4., 50., 123., 6., 0., 0., 5., 4., 7., 87.,
       123., 18., 2., 1., 2., 29., 4., 2., 27., 123., 4., 0., 4., 123.,
       18., 22., 71., 92., 4., 0., 11., 29., 17., 83., 123., 59., 11.,
       10., 26., 33., 8., 21., 36., 17., 21., 53., 90., 25., 7., 31.,
       51., 111., 3., 0., 3., 99., 17., 1., 11., 96., 25., 10., 14., 28.,
       3., 3., 8., 57., 38., 57., 123., 16., 0., 1., 6., 0., 1., 44.,
       119., 3., 20., 20., 19., 39., 54., 35., 1., 11., 119., 32., 0.,
       2., 105., 25., 3., 8., 121., 35., 0., 1., 23., 8., 1., 3., 57.,
       6., 0., 7., 39., 7., 1., 6., 46., 52., 44., 121., 48., 4., 4.,
       113., 121., 34., 2., 4., 90., 29., 24., 26., 81., 4., 0., 0.,
       121., 66., 10., 15., 121., 9., 1., 2., 18., 11., 2., 10., 10.,
       10., 43., 121., 67., 6., 8., 121., 52., 7., 4., 9., 19., 12., 48.,
       63., 7., 0., 0., 0., 112., 27., 7., 15., 19., 0., 0., 1., 77.,
       49., 11., 9., 12., 14., 50., 88., 33., 5., 9., 121., 40., 4., 2.,
       3., 5., 5., 56., 54., 14., 0., 0., 0., 7., 3., 7., 2., 1., 0., 0.,
       6., 19., 20., 2., 24., 50., 30., 31., 2., 0., 0., 0., 4., 10.,
       106., 52., 2., 1., 1., 2., 1., 59., 106., 7., 3., 2., 1., 1., 0.,
       32., 65., 24., 0., 0., 1., 1., 106., 35., 12., 70., 86., 6., 0.,
       3., 106., 28., 55., 77., 69., 25., 8., 32., 35., 82., 66., 23.,
       106., 49., 8., 19., 22., 86., 72., 65., 48., 32., 6., 8., 70.,
       28., 2., 6., 53., 47., 60., 43., 106., 28., 6., 12., 46., 77.,
       104., 28., 29., 15., 6., 22., 100., 38., 104., 61., 17., 4., 0.,
       0., 24., 83., 65., 53., 2., 2., 7., 0., 0., 7., 62., 28., 1., 2.,
