%YAML:1.0
---
mat: !!opencv-matrix
   rows: 46
   cols: 128
   dt: f
   data: [ 4., 0., 0., 0., 41., 73., 28., 38., 86., 1., 0., 0., 141.,
       141., 10., 14., 141., 2., 0., 0., 9., 30., 15., 30., 22., 0., 0.,
       0., 5., 38., 31., 43., 0., 0., 0., 0., 41., 41., 32., 12., 49.,
       4., 0., 2., 141., 141., 12., 9., 141., 27., 0., 1., 26., 26., 19.,
       48., 36., 1., 0., 0., 0., 25., 57., 34., 2., 16., 1., 0., 21.,
       25., 12., 2., 7., 1., 0., 1., 115., 141., 103., 26., 107., 4., 0.,
       0., 9., 24., 104., 141., 21., 0., 0., 0., 0., 1., 17., 28., 24.,
       85., 2., 0., 0., 3., 2., 1., 2., 1., 0., 0., 0., 18., 37., 3., 0.,
       0., 0., 0., 0., 2., 36., 19., 0., 0., 0., 0., 0., 1., 3., 3., 0.,
       1., 5., 3., 0., 0., 0., 0., 0., 3., 37., 18., 0., 0., 0., 0., 0.,
       20., 37., 2., 0., 0., 0., 0., 0., 3., 2., 1., 32., 23., 0., 0.,
       0., 9., 31., 29., 18., 0., 0., 0., 10., 25., 110., 145., 101., 0.,
       0., 2., 117., 145., 111., 25., 6., 0., 0., 10., 24., 27., 6., 1.,
       12., 21., 0., 1., 1., 58., 47., 44., 39., 0., 0., 0., 50., 29.,
       15., 111., 145., 0., 0., 5., 145., 80., 10., 13., 24., 0., 0.,
       30., 40., 22., 30., 2., 0., 0., 0., 2., 25., 45., 16., 39., 31.,
       0., 0., 0., 47., 35., 10., 106., 145., 0., 0., 0., 145., 123.,
       11., 12., 16., 0., 0., 0., 19., 25., 49., 44., 1., 0., 0., 0.,
       144., 134., 3., 0., 0., 0., 0., 0., 120., 144., 12., 0., 0., 0.,
       0., 0., 27., 75., 3., 0., 0., 0., 0., 0., 0., 0., 0., 0., 0., 0.,
       0., 0., 144., 144., 4., 0., 0., 0., 0., 39., 144., 144., 16., 3.,
       0., 0., 0., 133., 80., 56., 31., 31., 0., 0., 0., 44., 0., 0., 3.,
       2., 0., 0., 0., 0., 144., 43., 0., 0., 0., 0., 1., 32., 144., 45.,
       8., 19., 3., 0., 0., 46., 17., 9., 43., 103., 9., 0., 0., 10., 0.,
       0., 4., 4., 0., 0., 0., 0., 47., 1., 0., 0., 0., 0., 0., 3., 29.,
       1., 0., 1., 1., 0., 0., 1., 1., 0., 0., 2., 1., 0., 0., 0., 0.,
       0., 0., 0., 0., 0., 0., 0., 29., 139., 16., 0., 0., 0., 0., 0.,
       7., 107., 62., 0., 0., 0., 0., 0., 2., 14., 7., 0., 0., 0., 0.,
       0., 0., 0., 0., 0., 0., 0., 0., 0., 48., 139., 135., 0., 0., 0.,
       0., 0., 139., 139., 116., 6., 1., 0., 0., 18., 45., 36., 14., 81.,
       21., 0., 0., 5., 0., 0., 0., 7., 1., 0., 0., 0., 139., 139., 46.,
       0., 0., 0., 1., 2., 139., 139., 9., 8., 4., 0., 0., 9., 26., 41.,
       7., 68., 54., 2., 0., 2., 0., 0., 0., 6., 2., 0., 0., 0., 74.,
       106., 0., 0., 1., 7., 6., 3., 73., 107., 0., 0., 0., 0., 0., 0.,
       5., 8., 0., 0., 1., 0., 0., 0., 0., 0., 0., 0., 0., 0., 0., 0.,
       1., 2., 21., 47., 2., 0., 0., 0., 0., 5., 55., 122., 39., 3., 0.,
       0., 37., 16., 41., 122., 40., 7., 6., 14., 35., 48., 29., 9., 11.,
       13., 16., 15., 4., 7., 86., 122., 14., 1., 0., 0., 113., 46., 60.,
       88., 32., 30., 23., 17., 51., 10., 4., 16., 30., 109., 116., 36.,
       42., 9., 11., 42., 15., 23., 42., 49., 15., 17., 63., 51., 9.,
       55., 48., 6., 122., 24., 6., 9., 3., 9., 20., 45., 89., 2., 0.,
       0., 1., 81., 82., 20., 1., 0., 1., 3., 1., 31., 122., 61., 26.,
       10., 1., 0., 0., 80., 117., 12., 76., 2., 1., 0., 0., 16., 89.,
       122., 44., 2., 0., 0., 0., 1., 4., 25., 2., 2., 1., 0., 0., 0.,
       7., 4., 0., 31., 88., 11., 1., 0., 0., 0., 0., 5., 86., 91., 4.,
       1., 0., 0., 29., 11., 25., 124., 25., 5., 1., 2., 112., 27., 12.,
       17., 19., 8., 1., 11., 3., 29., 124., 21., 22., 87., 6., 1., 70.,
       30., 124., 43., 6., 18., 11., 27., 71., 5., 11., 46., 55., 68.,
       17., 28., 124., 1., 1., 1., 5., 11., 7., 41., 9., 5., 1., 1., 4.,
       124., 29., 3., 55., 43., 23., 7., 3., 124., 34., 14., 82., 22.,
       44., 58., 36., 21., 8., 23., 124., 1., 1., 2., 2., 1., 1., 35.,
       33., 22., 0., 0., 0., 50., 7., 0., 0., 1., 3., 1., 1., 124., 50.,
       0., 26., 1., 7., 6., 2., 58., 107., 77., 67., 1., 0., 0., 0., 0.,
       9., 72., 16., 5., 56., 136., 1., 1., 4., 15., 23., 11., 37., 84.,
       18., 34., 44., 29., 136., 55., 11., 6., 10., 15., 6., 3., 42.,
       10., 2., 15., 3., 0., 0., 0., 24., 7., 16., 41., 6., 46., 136.,
       27., 41., 17., 47., 84., 39., 89., 31., 22., 136., 20., 10., 29.,
       16., 11., 2., 8., 61., 2., 2., 105., 45., 0., 0., 1., 0., 0., 0.,
       0., 4., 55., 85., 2., 16., 1., 2., 8., 79., 136., 32., 11., 136.,
       7., 2., 23., 26., 55., 19., 51., 33., 6., 3., 136., 93., 2., 8.,
       7., 0., 0., 0., 2., 5., 2., 0., 0., 1., 0., 0., 1., 30., 73., 23.,
       3., 19., 1., 0., 13., 35., 70., 58., 28., 2., 1., 0., 37., 57.,
       37., 50., 51., 2., 12., 25., 35., 3., 0., 0., 0., 4., 34., 88.,
       30., 3., 0., 0., 1., 2., 52., 98., 21., 5., 1., 0., 0., 1., 35.,
       61., 14., 0., 0., 0., 0., 5., 55., 81., 116., 12., 7., 8., 4.,
       121., 61., 48., 74., 21., 20., 3., 9., 31., 56., 83., 33., 95.,
       102., 5., 8., 23., 71., 121., 32., 14., 16., 3., 14., 9., 14.,
       42., 42., 19., 44., 52., 19., 121., 6., 3., 18., 16., 31., 10.,
       42., 72., 2., 1., 1., 79., 121., 6., 15., 32., 16., 23., 9., 33.,
       90., 17., 35., 2., 3., 20., 16., 4., 4., 121., 20., 72., 0., 1.,
       6., 3., 2., 77., 121., 27., 0., 0., 0., 12., 67., 8., 22., 5., 0.,
       1., 0., 9., 83., 80., 38., 10., 5., 53., 124., 22., 0., 0., 1.,
       124., 44., 36., 35., 5., 0., 0., 18., 82., 14., 5., 82., 121., 8.,
       1., 23., 124., 6., 0., 4., 23., 2., 1., 67., 36., 3., 8., 82.,
       26., 1., 31., 26., 124., 29., 6., 10., 10., 12., 15., 34., 87.,
       14., 6., 44., 45., 67., 30., 50., 124., 8., 1., 2., 1., 1., 5.,
       60., 53., 2., 3., 6., 1., 14., 95., 124., 69., 69., 13., 0., 6.,
       80., 90., 31., 72., 70., 20., 3., 3., 21., 19., 56., 89., 15., 3.,
       2., 0., 1., 1., 23., 84., 7., 1., 0., 0., 8., 10., 72., 5., 9.,
       3., 0., 1., 67., 53., 15., 24., 9., 1., 0., 0., 6., 35., 70., 19.,
       7., 12., 54., 7., 0., 0., 12., 17., 0., 0., 3., 34., 41., 24.,
       18., 82., 1., 0., 6., 132., 106., 1., 15., 132., 1., 0., 0., 6.,
       6., 12., 54., 3., 0., 0., 0., 13., 41., 34., 13., 25., 3., 2.,
       43., 55., 33., 10., 12., 74., 5., 2., 64., 132., 83., 4., 9.,
       132., 23., 0., 2., 11., 9., 10., 39., 21., 1., 0., 0., 15., 33.,
       41., 18., 58., 2., 0., 4., 59., 110., 9., 15., 25., 8., 0., 7.,
       55., 132., 51., 26., 132., 9., 0., 0., 1., 20., 44., 123., 37.,
       0., 0., 0., 13., 17., 25., 34., 61., 8., 0., 0., 18., 86., 10.,
       13., 24., 17., 0., 0., 22., 132., 32., 9., 112., 12., 0., 0., 2.,
       13., 15., 78., 14., 0., 0., 0., 7., 11., 12., 26., 1., 2., 117.,
       67., 15., 42., 37., 1., 32., 43., 117., 16., 3., 45., 75., 38.,
       58., 30., 6., 0., 3., 3., 10., 59., 7., 3., 1., 7., 34., 29., 18.,
       13., 20., 6., 69., 57., 117., 86., 8., 18., 117., 39., 70., 4.,
       2., 5., 5., 117., 83., 21., 2., 0., 0., 1., 13., 117., 1., 0., 0.,
       0., 2., 16., 46., 15., 11., 0., 0., 0., 117., 116., 85., 15.,
       117., 46., 0., 0., 3., 12., 104., 78., 105., 43., 0., 0., 0., 1.,
       12., 48., 2., 0., 0., 0., 0., 3., 18., 3., 0., 0., 0., 0., 4.,
       49., 112., 2., 9., 1., 0., 0., 0., 10., 117., 34., 20., 1., 0.,
       0., 0., 0., 34., 51., 1., 0., 0., 0., 0., 1., 15., 3., 54., 63.,
       13., 17., 2., 3., 103., 88., 70., 57., 27., 8., 1., 2., 3., 23.,
       22., 7., 0., 0., 4., 18., 31., 33., 6., 0., 0., 0., 0., 1., 16.,
       39., 19., 12., 64., 124., 23., 7., 46., 20., 124., 108., 58., 38.,
       0., 0., 1., 29., 78., 45., 5., 0., 0., 0., 2., 31., 2., 3., 0.,
       0., 0., 0., 8., 15., 23., 11., 12., 54., 55., 124., 57., 9., 124.,
       124., 13., 2., 2., 24., 26., 54., 87., 124., 25., 0., 0., 0., 6.,
       57., 26., 11., 0., 0., 0., 0., 3., 19., 0., 0., 0., 0., 17., 124.,
       50., 6., 12., 5., 0., 0., 3., 43., 124., 124., 26., 6., 0., 0.,
       0., 0., 41., 124., 8., 0., 0., 0., 0., 0., 3., 27., 0., 0., 3.,
