%YAML:1.0
---
mat: !!opencv-matrix
   rows: 53
   cols: 128
   dt: f
   data: [ 2., 0., 0., 0., 94., 148., 15., 1., 120., 26., 0., 0., 75.,
       148., 83., 27., 148., 84., 0., 0., 4., 7., 6., 10., 30., 6., 0.,
       0., 0., 0., 0., 2., 8., 0., 0., 1., 34., 34., 6., 3., 46., 4., 0.,
       9., 148., 126., 19., 11., 148., 35., 0., 1., 32., 14., 9., 44.,
       62., 4., 0., 1., 2., 0., 0., 6., 11., 0., 0., 0., 14., 12., 1.,
       6., 7., 0., 0., 1., 87., 136., 97., 31., 92., 2., 0., 0., 6., 21.,
       83., 148., 25., 0., 0., 6., 11., 0., 0., 18., 13., 0., 0., 0., 0.,
       1., 1., 4., 9., 0., 0., 0., 0., 7., 19., 8., 8., 0., 0., 0., 0.,
       1., 14., 18., 3., 0., 0., 13., 24., 0., 0., 3., 26., 0., 0., 4.,
       2., 0., 0., 21., 0., 1., 15., 20., 7., 0., 0., 0., 0., 7., 20.,
       9., 8., 0., 0., 0., 0., 1., 1., 5., 12., 0., 0., 0., 9., 0., 0.,
       21., 26., 0., 0., 8., 7., 21., 88., 159., 93., 0., 0., 0., 89.,
       140., 102., 32., 7., 0., 0., 4., 14., 12., 2., 8., 10., 0., 0.,
       0., 1., 0., 0., 9., 75., 1., 0., 1., 40., 15., 10., 55., 159.,
       11., 0., 4., 159., 110., 14., 12., 38., 1., 0., 26., 32., 22., 3.,
       5., 8., 0., 0., 3., 0., 0., 0., 3., 46., 6., 0., 0., 7., 14., 12.,
       20., 159., 57., 0., 0., 110., 159., 66., 26., 88., 10., 0., 1.,
       79., 110., 6., 2., 2., 0., 0., 0., 0., 0., 0., 20., 143., 48., 2.,
       0., 143., 39., 1., 13., 110., 46., 20., 15., 143., 61., 0., 0.,
       0., 0., 1., 6., 13., 2., 0., 0., 0., 0., 0., 4., 1., 0., 0., 1.,
       59., 135., 19., 1., 80., 7., 0., 1., 89., 143., 71., 26., 143.,
       44., 0., 0., 6., 6., 6., 20., 32., 4., 0., 0., 0., 0., 0., 3., 3.,
       0., 0., 11., 47., 11., 2., 2., 46., 2., 1., 46., 143., 36., 3.,
       9., 143., 12., 0., 3., 14., 3., 1., 36., 37., 1., 0., 0., 0., 0.,
       0., 6., 2., 0., 0., 3., 28., 18., 2., 3., 13., 1., 0., 11., 74.,
       84., 64., 34., 87., 3., 0., 1., 2., 4., 30., 109., 15., 0., 0.,
       0., 0., 0., 0., 9., 1., 0., 0., 0., 81., 55., 1., 2., 78., 33.,
       0., 0., 148., 123., 1., 1., 148., 84., 0., 0., 4., 5., 1., 1.,
       26., 4., 0., 0., 0., 0., 0., 6., 3., 0., 0., 0., 53., 27., 1., 4.,
       54., 6., 0., 3., 148., 104., 3., 4., 148., 39., 0., 0., 25., 11.,
       3., 8., 59., 4., 0., 0., 0., 0., 0., 5., 4., 0., 0., 0., 22., 17.,
       1., 5., 16., 0., 0., 2., 148., 148., 13., 12., 148., 5., 0., 0.,
       20., 41., 14., 46., 72., 1., 0., 1., 0., 0., 0., 6., 4., 0., 0.,
       0., 6., 3., 0., 5., 4., 0., 0., 7., 108., 46., 11., 7., 115., 0.,
       0., 2., 27., 15., 15., 66., 36., 0., 0., 5., 4., 0., 0., 12., 1.,
       0., 0., 0., 25., 33., 2., 6., 60., 20., 0., 0., 160., 106., 1.,
       1., 160., 62., 0., 0., 16., 5., 0., 2., 15., 2., 0., 0., 0., 0.,
       2., 7., 2., 0., 0., 1., 29., 5., 1., 10., 52., 5., 0., 9., 160.,
       36., 0., 2., 160., 29., 0., 2., 46., 5., 0., 6., 36., 1., 0., 0.,
       0., 0., 1., 11., 2., 0., 0., 3., 25., 5., 1., 9., 43., 0., 0.,
       34., 160., 44., 1., 11., 160., 3., 0., 4., 43., 9., 0., 59., 34.,
       0., 0., 0., 0., 0., 1., 16., 1., 0., 0., 3., 23., 6., 0., 6., 32.,
       0., 0., 28., 160., 59., 7., 28., 160., 0., 0., 3., 13., 9., 5.,
       88., 13., 0., 0., 1., 0., 0., 0., 11., 0., 0., 1., 10., 7., 0.,
       0., 1., 7., 5., 4., 102., 154., 0., 0., 2., 156., 52., 8., 42.,
       40., 0., 0., 35., 33., 8., 1., 6., 1., 0., 0., 6., 0., 0., 2.,
       17., 29., 0., 0., 0., 38., 6., 0., 84., 161., 0., 0., 5., 161.,
       29., 1., 17., 46., 0., 0., 49., 30., 4., 1., 10., 1., 0., 0., 6.,
       0., 0., 2., 11., 41., 0., 0., 0., 53., 4., 0., 12., 161., 7., 0.,
       4., 161., 20., 0., 2., 47., 1., 0., 23., 25., 3., 1., 11., 2., 0.,
       0., 2., 0., 0., 2., 7., 23., 2., 0., 0., 29., 7., 0., 2., 161.,
       44., 0., 0., 161., 86., 1., 1., 46., 9., 0., 0., 18., 18., 2., 7.,
       1., 0., 0., 0., 10., 31., 24., 4., 0., 0., 0., 0., 8., 55., 23.,
       2., 0., 0., 0., 0., 6., 38., 42., 7., 0., 0., 0., 0., 7., 38.,
       15., 0., 0., 0., 0., 0., 12., 82., 98., 85., 17., 7., 4., 4.,
       114., 114., 69., 30., 21., 6., 3., 16., 31., 70., 114., 103.,
       108., 35., 6., 8., 114., 114., 61., 9., 5., 4., 5., 17., 43., 28.,
       12., 16., 14., 24., 80., 99., 114., 19., 2., 4., 15., 19., 59.,
       114., 39., 8., 5., 10., 83., 114., 89., 51., 114., 19., 3., 2.,
       4., 17., 58., 114., 29., 0., 0., 0., 0., 2., 21., 62., 42., 1.,
       0., 0., 0., 0., 8., 32., 34., 1., 0., 0., 0., 5., 15., 17., 32.,
       0., 0., 0., 0., 0., 8., 23., 0., 2., 19., 47., 26., 0., 0., 0.,
       1., 20., 39., 36., 19., 0., 0., 0., 0., 2., 4., 30., 28., 0., 0.,
       0., 0., 0., 6., 42., 19., 0., 0., 0., 6., 15., 45., 116., 116.,
       38., 9., 5., 116., 116., 83., 59., 37., 16., 15., 34., 22., 22.,
       68., 116., 76., 2., 0., 3., 6., 29., 103., 114., 16., 4., 1., 3.,
       3., 1., 1., 6., 90., 116., 56., 8., 75., 7., 1., 6., 40., 83.,
       116., 96., 18., 8., 14., 54., 116., 116., 53., 31., 17., 19., 22.,
       28., 33., 90., 71., 61., 0., 0., 0., 0., 11., 18., 4., 0., 0., 0.,
       0., 0., 15., 35., 14., 1., 0., 0., 0., 0., 23., 83., 32., 4., 0.,
       0., 0., 0., 22., 58., 38., 10., 2., 1., 1., 88., 62., 42., 117.,
       29., 82., 6., 3., 40., 39., 38., 44., 69., 19., 1., 1., 0., 10.,
       139., 73., 35., 2., 2., 1., 0., 4., 36., 66., 30., 20., 9., 25.,
       139., 54., 2., 3., 3., 139., 59., 16., 53., 11., 6., 3., 42., 65.,
       22., 47., 34., 20., 99., 34., 19., 0., 8., 17., 14., 42., 57.,
       60., 9., 16., 14., 28., 90., 8., 15., 9., 2., 112., 139., 68., 7.,
       0., 1., 4., 10., 14., 91., 139., 61., 3., 1., 5., 3., 1., 77.,
       109., 46., 27., 4., 1., 0., 4., 5., 13., 2., 1., 4., 4., 5., 38.,
       20., 6., 0., 0., 1., 2., 15., 9., 22., 22., 1., 0., 2., 11., 8.,
       3., 18., 22., 4., 1., 1., 4., 3., 2., 2., 9., 1., 1., 5., 25., 7.,
       9., 3., 2., 0., 0., 3., 15., 24., 4., 3., 10., 1., 1., 12., 16.,
       9., 4., 5., 10., 1., 0., 3., 6., 5., 6., 3., 3., 21., 65., 78.,
       99., 41., 97., 8., 1., 6., 15., 31., 61., 110., 12., 1., 2., 1.,
       19., 130., 102., 28., 11., 3., 2., 0., 1., 28., 80., 45., 18., 9.,
       4., 130., 130., 14., 13., 11., 130., 51., 3., 22., 19., 10., 4.,
       18., 74., 6., 1., 3., 40., 121., 47., 17., 3., 1., 5., 5., 6.,
       58., 87., 23., 17., 12., 5., 128., 77., 0., 0., 1., 130., 107.,
       17., 3., 2., 1., 0., 1., 54., 49., 83., 79., 18., 18., 2., 1., 0.,
       44., 74., 56., 7., 7., 4., 1., 22., 10., 0., 18., 152., 5., 0.,
       1., 152., 97., 0., 2., 9., 0., 0., 8., 61., 38., 1., 2., 0., 0.,
       0., 3., 0., 0., 0., 5., 2., 0., 0., 0., 19., 3., 0., 3., 152.,
       26., 0., 2., 152., 27., 0., 1., 19., 2., 0., 42., 120., 9., 0.,
       2., 0., 0., 0., 22., 0., 0., 0., 6., 3., 0., 0., 0., 18., 3., 0.,
       1., 152., 36., 0., 0., 152., 53., 0., 0., 28., 3., 0., 5., 117.,
       23., 0., 3., 1., 0., 0., 3., 0., 0., 0., 8., 2., 0., 0., 0., 5.,
       1., 0., 0., 152., 58., 0., 0., 152., 63., 0., 0., 34., 14., 0.,
       0., 110., 51., 1., 2., 0., 0., 0., 0., 0., 1., 0., 5., 2., 0., 0.,
       0., 5., 1., 0., 0., 35., 140., 13., 8., 80., 58., 5., 2., 2., 26.,
       15., 45., 121., 99., 3., 1., 0., 0., 0., 2., 13., 14., 1., 0., 0.,
       0., 0., 0., 1., 3., 0., 0., 58., 121., 3., 2., 34., 25., 27., 37.,
       101., 69., 6., 18., 140., 84., 15., 10., 6., 0., 0., 7., 35., 18.,
       1., 0., 0., 0., 0., 0., 1., 7., 1., 22., 67., 16., 0., 0., 70.,
       10., 4., 86., 140., 29., 1., 16., 140., 16., 2., 6., 12., 1., 1.,
       60., 32., 14., 1., 0., 0., 0., 0., 3., 1., 3., 1., 49., 85., 0.,
       0., 0., 96., 6., 2., 87., 140., 3., 2., 55., 140., 7., 1., 2., 1.,
       0., 0., 76., 10., 12., 0., 0., 0., 0., 0., 1., 77., 48., 20., 23.,
       4., 0., 0., 9., 35., 71., 50., 24., 2., 0., 0., 2., 40., 26., 10.,
       2., 0., 0., 0., 5., 20., 16., 9., 0., 0., 0., 0., 5., 91., 7.,
