%YAML:1.0
---
mat: !!opencv-matrix
   rows: 28
   cols: 128
   dt: f
   data: [ 0., 26., 113., 11., 0., 1., 1., 0., 1., 27., 113., 11., 1.,
       1., 2., 0., 1., 28., 84., 6., 1., 2., 1., 0., 3., 24., 9., 0., 1.,
       2., 1., 0., 14., 93., 113., 40., 27., 14., 9., 13., 113., 86.,
       113., 25., 3., 10., 10., 24., 40., 66., 76., 16., 55., 39., 10.,
       12., 87., 99., 12., 1., 7., 4., 1., 6., 11., 7., 3., 3., 22., 86.,
       113., 74., 113., 15., 5., 5., 3., 38., 113., 85., 42., 12., 6.,
       16., 66., 34., 78., 49., 90., 11., 0., 0., 7., 5., 22., 90., 0.,
       4., 36., 2., 0., 22., 87., 11., 2., 7., 37., 1., 0., 13., 113.,
       23., 1., 7., 25., 1., 1., 4., 103., 26., 1., 1., 16., 10., 1., 2.,
       26., 28., 1., 0., 1., 2., 87., 85., 7., 0., 71., 68., 30., 15.,
       134., 103., 3., 7., 134., 86., 7., 2., 69., 44., 2., 6., 110.,
       16., 0., 0., 57., 45., 3., 8., 3., 2., 10., 13., 76., 25., 0., 0.,
       64., 4., 1., 3., 134., 134., 5., 12., 134., 30., 0., 0., 50., 43.,
       4., 16., 72., 6., 0., 0., 53., 63., 15., 22., 5., 4., 22., 17.,
       28., 5., 0., 0., 15., 1., 6., 7., 134., 125., 26., 12., 134., 6.,
       0., 0., 15., 48., 37., 56., 33., 2., 1., 1., 6., 48., 31., 22.,
       8., 4., 19., 8., 21., 11., 0., 0., 1., 9., 31., 6., 10., 37., 15.,
       2., 23., 10., 19., 5., 0., 15., 28., 18., 10., 8., 37., 17., 0.,
       2., 5., 2., 2., 14., 15., 9., 5., 3., 22., 4., 1., 15., 16., 29.,
       34., 12., 15., 1., 7., 38., 15., 7., 4., 16., 18., 2., 23., 7.,
       0., 0., 1., 9., 19., 9., 38., 52., 25., 41., 26., 0., 0., 0., 31.,
       38., 22., 118., 139., 0., 0., 0., 147., 95., 24., 28., 14., 2.,
       5., 21., 32., 5., 0., 0., 2., 10., 25., 16., 123., 21., 6., 32.,
       70., 0., 0., 9., 88., 21., 4., 106., 147., 0., 0., 4., 147., 26.,
       3., 18., 20., 0., 3., 37., 33., 0., 0., 1., 10., 5., 26., 20.,
       136., 19., 3., 18., 68., 9., 2., 14., 86., 11., 3., 41., 147.,
       80., 12., 19., 147., 31., 2., 6., 11., 11., 7., 35., 34., 7., 0.,
       2., 20., 0., 1., 5., 7., 82., 66., 51., 29., 12., 0., 0., 8., 85.,
       33., 29., 113., 20., 0., 0., 90., 113., 10., 12., 51., 13., 5.,
       6., 31., 33., 10., 5., 2., 7., 16., 23., 28., 54., 8., 6., 104.,
       113., 3., 4., 113., 100., 21., 6., 45., 66., 11., 20., 94., 80.,
       1., 2., 28., 113., 34., 17., 74., 73., 21., 11., 1., 6., 15., 19.,
       58., 13., 0., 0., 74., 113., 16., 5., 113., 11., 0., 0., 20., 87.,
       58., 81., 56., 3., 0., 0., 2., 113., 77., 46., 24., 4., 0., 0.,
       0., 10., 58., 70., 46., 4., 0., 0., 3., 35., 18., 24., 8., 0., 0.,
       0., 1., 27., 65., 45., 7., 0., 0., 0., 0., 4., 16., 20., 1., 0.,
       2., 2., 0., 1., 9., 6., 3., 37., 27., 11., 3., 10., 6., 2., 11.,
       60., 59., 14., 2., 0., 0., 0., 9., 24., 11., 3., 0., 0., 0., 0.,
       1., 9., 6., 1., 0., 4., 3., 1., 5., 5., 10., 89., 87., 23., 9.,
       1., 111., 67., 39., 77., 33., 0., 0., 9., 54., 50., 85., 108., 3.,
       0., 0., 2., 43., 71., 40., 8., 0., 0., 0., 2., 9., 7., 8., 111.,
       111., 5., 7., 33., 111., 15., 16., 71., 58., 13., 11., 83., 99.,
       21., 37., 111., 36., 4., 0., 51., 111., 28., 12., 47., 7., 0., 0.,
       61., 5., 0., 0., 11., 41., 51., 48., 55., 8., 0., 0., 20., 111.,
       38., 23., 77., 102., 2., 4., 23., 75., 14., 10., 103., 51., 3.,
       7., 111., 30., 4., 1., 35., 12., 59., 58., 20., 2., 0., 1., 7.,
       7., 69., 77., 9., 1., 0., 0., 0., 4., 24., 20., 2., 0., 1., 0.,
       0., 0., 8., 9., 0., 0., 1., 1., 0., 20., 11., 21., 76., 90., 5.,
       10., 53., 112., 87., 56., 59., 31., 0., 0., 14., 52., 58., 78.,
       91., 11., 0., 0., 4., 24., 76., 52., 7., 0., 0., 0., 2., 15., 2.,
       0., 99., 112., 6., 4., 46., 112., 28., 7., 55., 52., 6., 13., 91.,
       101., 22., 25., 112., 45., 4., 2., 48., 85., 25., 21., 10., 2.,
       16., 18., 51., 4., 0., 0., 14., 70., 56., 49., 64., 9., 0., 0.,
       6., 108., 29., 35., 112., 107., 3., 2., 11., 81., 20., 8., 101.,
       52., 13., 7., 2., 3., 10., 17., 40., 0., 0., 0., 4., 82., 30., 0.,
       0., 22., 29., 12., 46., 155., 29., 0., 0., 155., 97., 8., 10., 9.,
       1., 0., 0., 24., 6., 0., 0., 0., 0., 1., 1., 0., 1., 28., 18.,
       77., 13., 0., 0., 42., 13., 4., 23., 155., 50., 3., 4., 155., 54.,
       2., 6., 35., 8., 4., 20., 63., 5., 0., 0., 0., 0., 2., 7., 0., 1.,
       48., 41., 40., 8., 0., 0., 20., 3., 17., 66., 155., 67., 12., 20.,
       155., 17., 1., 4., 18., 22., 13., 88., 57., 7., 4., 1., 0., 0.,
       0., 6., 1., 3., 4., 15., 41., 61., 1., 0., 17., 5., 9., 69., 45.,
       83., 20., 7., 155., 31., 3., 7., 2., 6., 13., 17., 36., 12., 4.,
       3., 0., 0., 0., 0., 0., 0., 0., 1., 23., 5., 5., 2., 1., 2., 7.,
       24., 157., 15., 2., 2., 36., 74., 21., 13., 34., 5., 13., 57.,
       53., 69., 0., 0., 1., 4., 5., 18., 0., 0., 0., 11., 50., 4., 3.,
       0., 17., 17., 13., 125., 157., 6., 1., 2., 157., 46., 13., 27.,
       23., 4., 21., 74., 43., 8., 0., 0., 0., 4., 44., 43., 0., 0., 3.,
       11., 72., 1., 0., 0., 45., 5., 4., 35., 157., 20., 2., 13., 157.,
       17., 3., 6., 32., 6., 6., 49., 59., 3., 0., 0., 0., 3., 41., 22.,
       0., 0., 0., 1., 44., 6., 0., 0., 20., 1., 0., 1., 157., 71., 10.,
       20., 157., 18., 0., 0., 11., 14., 9., 56., 64., 15., 1., 0., 0.,
       0., 1., 4., 3., 30., 55., 10., 10., 17., 5., 1., 23., 54., 17.,
       4., 48., 6., 2., 4., 45., 16., 1., 7., 126., 13., 0., 0., 118.,
       29., 0., 1., 2., 1., 0., 0., 5., 30., 31., 20., 126., 52., 1., 1.,
       118., 126., 29., 13., 55., 6., 0., 3., 63., 20., 3., 12., 126.,
       36., 3., 6., 126., 20., 1., 2., 5., 3., 2., 8., 9., 2., 1., 3.,
       126., 55., 2., 6., 126., 13., 1., 1., 55., 25., 4., 36., 77., 1.,
       0., 0., 125., 33., 3., 10., 126., 4., 0., 1., 8., 4., 2., 13., 4.,
       0., 1., 8., 126., 25., 2., 3., 126., 0., 0., 0., 35., 18., 5.,
       35., 41., 0., 0., 0., 47., 42., 9., 17., 63., 1., 0., 0., 3., 5.,
       6., 25., 44., 25., 11., 27., 33., 0., 0., 2., 35., 17., 4., 61.,
       127., 0., 0., 1., 137., 29., 7., 21., 25., 0., 1., 18., 34., 2.,
       0., 0., 1., 3., 14., 16., 111., 19., 4., 25., 69., 1., 0., 4.,
       71., 15., 4., 68., 137., 12., 1., 5., 137., 37., 4., 21., 34., 3.,
       1., 18., 63., 1., 0., 1., 5., 1., 9., 11., 137., 12., 2., 9., 73.,
       12., 3., 27., 71., 3., 0., 8., 137., 137., 26., 23., 137., 50.,
       0., 2., 17., 54., 38., 43., 51., 51., 0., 0., 10., 0., 0., 2.,
       129., 3., 0., 1., 53., 5., 1., 12., 52., 4., 5., 11., 29., 46.,
       15., 8., 21., 31., 7., 1., 3., 52., 66., 15., 37., 45., 0., 0.,
       8., 5., 15., 21., 5., 2., 1., 15., 96., 2., 0., 2., 92., 21., 3.,
       16., 72., 0., 0., 2., 72., 22., 3., 41., 122., 2., 0., 1., 122.,
       21., 1., 3., 2., 0., 2., 7., 5., 3., 2., 13., 122., 11., 1., 3.,
       122., 31., 3., 11., 90., 22., 2., 14., 89., 11., 1., 13., 122.,
       122., 25., 18., 122., 53., 1., 1., 2., 10., 13., 15., 6., 2., 0.,
       1., 122., 24., 0., 1., 122., 8., 0., 1., 67., 20., 2., 13., 48.,
       5., 3., 6., 32., 94., 37., 10., 33., 49., 4., 0., 1., 33., 60.,
       17., 4., 2., 0., 2., 111., 11., 0., 0., 119., 26., 1., 7., 65.,
       8., 0., 2., 32., 24., 42., 51., 39., 3., 1., 2., 23., 67., 34.,
       4., 2., 4., 11., 7., 5., 41., 66., 24., 1., 0., 0., 0., 3., 22.,
       107., 30., 1., 0., 0., 1., 1., 53., 95., 4., 2., 1., 0., 1., 1.,
       35., 29., 5., 0., 0., 0., 2., 41., 79., 35., 51., 26., 9., 1., 4.,
       107., 32., 73., 68., 35., 13., 7., 30., 28., 92., 70., 31., 107.,
       25., 9., 17., 18., 106., 107., 50., 8., 2., 1., 5., 47., 21., 2.,
       5., 24., 87., 83., 70., 107., 24., 4., 16., 35., 83., 85., 33.,
       25., 19., 6., 36., 107., 37., 104., 45., 46., 15., 16., 17., 15.,
       93., 66., 39., 0., 1., 3., 0., 0., 21., 54., 17., 2., 1., 0., 0.,
       1., 41., 104., 7., 0., 0., 1., 1., 2., 14., 107., 32., 2., 0., 1.,
