%YAML:1.0
---
mat: !!opencv-matrix
   rows: 49
   cols: 128
   dt: f
   data: [ 90., 82., 4., 5., 31., 3., 0., 1., 36., 9., 2., 28., 134.,
       28., 2., 7., 134., 29., 1., 5., 38., 13., 1., 18., 17., 2., 1.,
       12., 134., 103., 24., 5., 134., 31., 0., 4., 48., 10., 3., 27.,
       40., 16., 4., 49., 134., 29., 5., 9., 134., 64., 5., 16., 30., 9.,
       5., 31., 29., 6., 2., 44., 106., 66., 29., 3., 120., 1., 0., 1.,
       22., 15., 7., 50., 18., 2., 1., 8., 113., 115., 72., 28., 100.,
       8., 4., 3., 9., 18., 62., 123., 16., 3., 9., 2., 11., 33., 30.,
       5., 28., 6., 8., 2., 1., 2., 5., 22., 3., 2., 22., 14., 2., 13.,
       14., 2., 1., 2., 24., 10., 0., 2., 12., 8., 0., 5., 25., 2., 0.,
       0., 0., 0., 0., 0., 0., 0., 0., 4., 25., 2., 0., 2., 12., 8., 1.,
       1., 22., 12., 2., 14., 14., 2., 5., 2., 19., 15., 1., 3., 6., 24.,
       35., 5., 6., 1., 6., 26., 26., 5., 16., 4., 11., 2., 8., 19., 62.,
       120., 100., 8., 4., 3., 112., 117., 70., 27., 21., 2., 1., 7.,
       23., 16., 7., 43., 132., 2., 0., 1., 103., 68., 35., 3., 25., 7.,
       2., 36., 29., 10., 5., 27., 132., 76., 5., 14., 132., 36., 5., 8.,
       41., 19., 5., 39., 50., 10., 2., 17., 132., 46., 0., 3., 131.,
       115., 31., 7., 11., 2., 1., 14., 38., 17., 1., 11., 132., 37., 1.,
       3., 132., 37., 2., 7., 44., 11., 2., 21., 42., 5., 0., 1., 71.,
       78., 5., 5., 1., 3., 3., 14., 1., 3., 3., 0., 1., 2., 43., 47.,
       1., 2., 11., 4., 2., 43., 61., 8., 3., 0., 1., 3., 2., 21., 28.,
       85., 69., 0., 0., 0., 2., 4., 6., 80., 32., 0., 0., 0., 61., 12.,
       29., 88., 31., 11., 3., 15., 49., 68., 36., 16., 76., 29., 3.,
       10., 51., 46., 6., 27., 136., 21., 0., 3., 13., 9., 5., 83., 134.,
       0., 0., 0., 136., 42., 8., 41., 65., 8., 0., 6., 74., 5., 0., 2.,
       108., 45., 5., 35., 63., 3., 0., 0., 136., 43., 2., 28., 18., 13.,
       4., 50., 136., 1., 0., 0., 136., 89., 6., 30., 66., 0., 0., 0.,
       70., 10., 1., 17., 42., 3., 1., 18., 36., 0., 0., 0., 136., 26.,
       1., 13., 132., 1., 1., 17., 28., 0., 0., 42., 34., 3., 1., 53.,
       43., 1., 0., 18., 20., 0., 0., 14., 132., 13., 5., 31., 132., 0.,
       0., 4., 108., 9., 5., 101., 132., 2., 1., 35., 55., 4., 0., 47.,
       119., 18., 5., 59., 53., 4., 0., 11., 49., 2., 0., 43., 132., 10.,
       6., 40., 100., 0., 0., 3., 45., 8., 7., 132., 132., 0., 0., 3.,
       47., 45., 13., 93., 74., 10., 4., 14., 43., 58., 35., 21., 22.,
       4., 3., 30., 60., 10., 38., 89., 24., 0., 0., 0., 4., 4., 9.,
       101., 6., 0., 1., 1., 2., 19., 15., 34., 1., 1., 6., 4., 2., 38.,
       54., 6., 0., 3., 5., 1., 1., 2., 44., 42., 0., 0., 0., 0., 1., 5.,
       4., 11., 23., 15., 0., 3., 27., 0., 2., 20., 8., 1., 1., 40.,
       137., 4., 2., 9., 137., 4., 1., 10., 23., 2., 2., 72., 43., 0.,
       2., 30., 83., 18., 1., 12., 66., 17., 0., 6., 40., 0., 0., 9.,
       19., 10., 3., 21., 137., 5., 1., 7., 137., 36., 3., 3., 24., 2.,
       1., 35., 39., 1., 0., 39., 121., 38., 2., 4., 48., 16., 0., 10.,
       51., 0., 0., 13., 27., 8., 3., 57., 137., 8., 3., 8., 137., 16.,
       2., 11., 24., 2., 2., 32., 34., 1., 13., 82., 87., 27., 3., 2.,
       43., 16., 1., 13., 40., 2., 0., 2., 24., 7., 3., 47., 137., 34.,
       10., 22., 137., 12., 2., 7., 18., 6., 6., 67., 12., 0., 3., 50.,
       137., 10., 1., 3., 138., 21., 2., 4., 23., 2., 1., 26., 17., 11.,
       8., 54., 138., 24., 2., 8., 138., 43., 8., 12., 12., 7., 2., 33.,
       27., 2., 0., 1., 42., 30., 2., 5., 96., 26., 3., 1., 39., 4., 7.,
       73., 29., 4., 2., 17., 138., 33., 2., 10., 138., 14., 2., 5., 20.,
       9., 2., 26., 47., 1., 0., 11., 59., 18., 0., 2., 124., 52., 5.,
       1., 32., 4., 1., 31., 20., 3., 1., 20., 138., 57., 3., 2., 138.,
       24., 1., 8., 23., 15., 3., 5., 52., 2., 0., 3., 50., 25., 0., 2.,
       101., 33., 1., 4., 26., 1., 3., 32., 14., 3., 2., 49., 138., 7.,
       1., 4., 138., 12., 2., 13., 18., 2., 1., 22., 48., 2., 1., 15.,
       19., 9., 0., 2., 27., 21., 29., 49., 125., 32., 3., 6., 134., 52.,
       12., 5., 27., 11., 2., 15., 69., 11., 1., 3., 67., 33., 8., 11.,
       45., 19., 32., 38., 13., 4., 5., 7., 41., 17., 1., 11., 134., 42.,
       3., 9., 134., 57., 0., 4., 27., 8., 2., 25., 54., 17., 1., 17.,
       79., 21., 4., 7., 33., 15., 10., 26., 102., 16., 2., 8., 18., 6.,
       7., 18., 134., 101., 30., 25., 134., 20., 3., 3., 27., 15., 27.,
       108., 59., 8., 0., 14., 119., 2., 0., 10., 43., 10., 1., 7., 94.,
       14., 1., 7., 12., 18., 51., 55., 37., 12., 8., 8., 112., 62., 7.,
       6., 19., 2., 4., 32., 44., 9., 1., 7., 96., 2., 0., 4., 36., 7.,
       1., 13., 78., 8., 0., 4., 119., 3., 1., 2., 18., 33., 22., 90.,
       50., 1., 0., 8., 119., 38., 3., 23., 137., 2., 0., 2., 26., 13.,
       6., 63., 73., 3., 0., 0., 0., 0., 0., 17., 23., 0., 0., 5., 28.,
       24., 87., 116., 21., 9., 7., 89., 143., 17., 5., 26., 143., 33.,
       7., 23., 22., 3., 1., 31., 66., 1., 0., 0., 0., 0., 1., 18., 0.,
       0., 0., 12., 75., 5., 22., 5., 29., 2., 2., 52., 143., 9., 2., 9.,
       143., 8., 2., 7., 21., 3., 1., 26., 76., 2., 0., 0., 0., 0., 0.,
       3., 0., 0., 1., 12., 76., 0., 0., 0., 28., 0., 0., 23., 143., 9.,
       1., 9., 143., 1., 0., 1., 10., 2., 0., 34., 48., 2., 3., 3., 0.,
       0., 0., 3., 1., 0., 0., 0., 88., 18., 1., 3., 40., 13., 1., 6.,
       143., 25., 0., 0., 143., 40., 1., 1., 6., 1., 0., 0., 36., 4., 0.,
       0., 0., 0., 1., 2., 0., 0., 0., 0., 85., 23., 0., 0., 34., 11.,
       0., 7., 143., 61., 2., 5., 143., 50., 1., 6., 17., 5., 2., 17.,
       52., 12., 45., 36., 1., 0., 0., 1., 0., 0., 0., 5., 55., 11., 0.,
       0., 17., 3., 0., 8., 143., 84., 6., 15., 143., 41., 2., 16., 29.,
       16., 6., 48., 26., 23., 44., 126., 85., 0., 0., 1., 0., 0., 0.,
       5., 35., 4., 0., 0., 4., 5., 4., 27., 143., 16., 0., 0., 97., 69.,
       6., 12., 38., 4., 0., 1., 23., 18., 11., 31., 143., 27., 2., 2.,
       4., 9., 17., 52., 96., 47., 2., 1., 125., 87., 20., 18., 24., 11.,
       3., 4., 64., 14., 1., 6., 71., 4., 2., 6., 43., 3., 2., 0., 2.,
       26., 30., 27., 14., 8., 9., 46., 153., 21., 0., 1., 153., 58.,
       13., 20., 52., 5., 1., 16., 103., 10., 2., 5., 54., 35., 8., 16.,
       50., 29., 53., 34., 11., 2., 9., 11., 16., 4., 2., 8., 153., 50.,
       6., 8., 153., 17., 0., 4., 56., 20., 9., 69., 78., 7., 5., 24.,
       56., 11., 2., 11., 31., 12., 13., 29., 80., 9., 2., 9., 6., 7.,
       27., 59., 90., 41., 9., 9., 131., 20., 3., 9., 22., 18., 15., 88.,
       35., 4., 1., 14., 71., 1., 0., 12., 33., 7., 0., 8., 68., 4., 0.,
       4., 0., 0., 0., 17., 81., 24., 1., 0., 33., 11., 5., 46., 129.,
       74., 57., 58., 150., 20., 2., 2., 1., 2., 15., 115., 18., 1., 0.,
       0., 5., 41., 0., 4., 0., 0., 0., 6., 41., 28., 2., 0., 15., 35.,
       34., 88., 125., 61., 40., 24., 134., 136., 27., 14., 5., 1., 9.,
       44., 20., 7., 0., 0., 1., 3., 4., 3., 0., 0., 0., 2., 62., 13.,
       3., 0., 49., 9., 5., 29., 150., 31., 1., 6., 150., 33., 4., 5.,
       25., 4., 0., 26., 46., 2., 0., 0., 0., 0., 4., 7., 0., 0., 0., 4.,
       49., 2., 0., 0., 39., 6., 1., 24., 150., 15., 0., 2., 150., 23.,
       1., 5., 23., 2., 0., 5., 39., 4., 2., 7., 2., 0., 0., 1., 3., 0.,
       0., 0., 41., 4., 2., 7., 26., 2., 0., 4., 150., 27., 1., 5., 150.,
       18., 1., 1., 35., 6., 1., 22., 46., 3., 0., 0., 0., 0., 0., 3.,
       0., 0., 3., 7., 47., 2., 0., 0., 26., 5., 0., 22., 150., 34., 4.,
       5., 150., 36., 1., 5., 47., 10., 5., 28., 60., 14., 3., 0., 0.,
       0., 0., 2., 1., 3., 4., 3., 20., 8., 0., 0., 5., 1., 8., 43.,
       134., 138., 28., 14., 125., 62., 41., 25., 15., 35., 34., 86.,
       41., 29., 2., 0., 0., 0., 0., 5., 4., 42., 1., 4., 17., 1., 0.,
       0., 1., 2., 14., 111., 150., 21., 2., 2., 128., 72., 57., 60.,
       37., 12., 5., 44., 86., 26., 1., 0., 0., 0., 0., 17., 0., 5.,
