%YAML:1.0
---
mat: !!opencv-matrix
   rows: 100
   cols: 128
   dt: f
   data: [ 0., 1., 1., 1., 0., 0., 0., 0., 0., 1., 16., 12., 0., 0., 0.,
       0., 0., 10., 19., 4., 2., 0., 0., 0., 0., 2., 9., 43., 17., 0.,
       0., 0., 15., 55., 42., 14., 10., 0., 0., 4., 8., 20., 73., 138.,
       70., 2., 0., 1., 100., 112., 77., 28., 14., 1., 0., 4., 18., 11.,
       5., 52., 138., 0., 0., 0., 62., 81., 31., 6., 33., 2., 4., 45.,
       32., 15., 8., 52., 138., 23., 2., 12., 138., 40., 7., 10., 30.,
       6., 2., 31., 47., 5., 1., 24., 138., 12., 0., 1., 138., 79., 28.,
       4., 22., 1., 1., 14., 45., 16., 2., 27., 138., 15., 0., 1., 138.,
       42., 2., 8., 30., 4., 0., 4., 36., 4., 0., 1., 122., 46., 4., 1.,
       0., 3., 4., 16., 13., 0., 0., 0., 10., 29., 7., 7., 2., 0., 0.,
       0., 4., 6., 3., 12., 3., 0., 0., 0., 10., 6., 1., 1., 0., 0., 0.,
       0., 7., 10., 13., 83., 128., 1., 0., 2., 132., 98., 22., 38., 26.,
       1., 0., 12., 29., 35., 41., 82., 16., 0., 0., 0., 35., 75., 41.,
       4., 0., 0., 0., 0., 20., 3., 1., 25., 132., 5., 1., 8., 132., 14.,
       1., 21., 67., 2., 1., 43., 16., 26., 72., 132., 132., 0., 0., 2.,
       2., 132., 132., 23., 9., 0., 0., 0., 21., 4., 0., 3., 132., 11.,
       0., 2., 132., 15., 0., 6., 86., 3., 0., 11., 9., 3., 5., 55.,
       132., 11., 2., 2., 22., 57., 16., 16., 21., 3., 7., 18., 2., 2.,
       36., 33., 1., 1., 80., 95., 24., 28., 60., 7., 0., 0., 33., 111.,
       10., 12., 24., 1., 0., 0., 0., 15., 0., 0., 0., 0., 0., 0., 0.,
       1., 7., 18., 148., 148., 0., 0., 10., 22., 148., 133., 124., 28.,
       0., 0., 2., 16., 69., 14., 9., 0., 0., 0., 9., 70., 1., 0., 0.,
       0., 0., 0., 1., 9., 40., 16., 66., 58., 7., 19., 26., 33., 148.,
       27., 12., 2., 0., 0., 1., 68., 147., 10., 0., 0., 0., 0., 1., 20.,
       5., 2., 0., 0., 0., 0., 0., 3., 20., 0., 0., 0., 27., 77., 63.,
       41., 148., 0., 0., 0., 0., 1., 8., 111., 77., 11., 0., 0., 0., 0.,
       0., 14., 9., 7., 0., 0., 0., 0., 0., 1., 23., 5., 0., 1., 122.,
       28., 1., 2., 122., 24., 0., 2., 45., 12., 1., 4., 24., 6., 2.,
       15., 122., 41., 2., 3., 122., 22., 2., 3., 9., 5., 2., 7., 27.,
       7., 0., 1., 122., 33., 1., 2., 122., 20., 0., 7., 69., 13., 1.,
       10., 31., 12., 7., 63., 122., 23., 3., 4., 122., 39., 7., 13.,
       13., 4., 3., 17., 38., 11., 0., 0., 122., 31., 1., 2., 122., 5.,
       0., 0., 62., 26., 1., 12., 36., 2., 0., 3., 115., 119., 31., 16.,
       120., 5., 0., 2., 10., 18., 28., 78., 41., 1., 0., 1., 75., 30.,
       8., 7., 84., 3., 0., 1., 32., 21., 22., 54., 23., 1., 0., 1., 34.,
       55., 33., 17., 37., 3., 0., 1., 5., 12., 38., 43., 4., 9., 30.,
       47., 44., 2., 0., 1., 40., 59., 34., 15., 15., 1., 0., 3., 24.,
       17., 23., 64., 77., 1., 0., 1., 76., 31., 13., 11., 27., 0., 0.,
       3., 9., 15., 27., 88., 121., 3., 1., 2., 122., 107., 29., 19.,
       30., 1., 0., 7., 64., 20., 1., 25., 122., 1., 0., 1., 122., 15.,
       1., 4., 40., 6., 0., 2., 13., 3., 2., 18., 122., 30., 8., 17.,
       122., 14., 2., 5., 34., 9., 7., 78., 74., 9., 1., 20., 122., 9.,
       0., 8., 122., 16., 1., 3., 28., 6., 0., 2., 18., 6., 2., 11.,
       122., 11., 1., 4., 122., 26., 1., 3., 29., 4., 1., 16., 51., 7.,
       1., 9., 122., 13., 0., 3., 122., 12., 1., 2., 19., 5., 0., 2.,
       27., 14., 2., 13., 138., 23., 0., 0., 138., 71., 2., 5., 37., 12.,
       0., 1., 46., 21., 5., 17., 72., 34., 4., 3., 32., 28., 34., 44.,
       41., 4., 0., 1., 19., 6., 7., 15., 138., 65., 8., 13., 138., 35.,
       0., 4., 49., 18., 9., 63., 60., 20., 5., 27., 138., 7., 0., 5.,
       49., 17., 3., 4., 70., 20., 0., 3., 7., 6., 35., 79., 89., 27.,
       6., 8., 138., 58., 2., 8., 29., 9., 5., 35., 66., 17., 1., 1.,
       138., 27., 0., 4., 52., 10., 1., 11., 76., 14., 1., 4., 2., 1.,
       9., 18., 9., 98., 85., 8., 89., 17., 1., 2., 5., 28., 55., 27.,
       47., 13., 0., 1., 69., 31., 3., 12., 19., 2., 0., 4., 32., 41.,
       18., 27., 37., 39., 15., 26., 21., 2., 0., 7., 77., 26., 3., 14.,
       42., 8., 0., 1., 8., 29., 46., 26., 92., 13., 1., 2., 9., 100.,
       87., 8., 3., 0., 7., 12., 78., 10., 1., 5., 55., 7., 1., 13.,
       140., 17., 0., 6., 65., 12., 1., 2., 29., 6., 5., 38., 140., 49.,
       2., 8., 75., 25., 6., 8., 8., 6., 38., 80., 73., 15., 0., 4., 47.,
       15., 3., 6., 139., 4., 0., 7., 64., 18., 5., 34., 50., 18., 9.,
       79., 140., 25., 0., 5., 140., 48., 8., 13., 14., 5., 9., 21., 35.,
       3., 0., 2., 31., 27., 37., 45., 75., 33., 3., 4., 57., 18., 4.,
       17., 42., 7., 0., 2., 140., 53., 2., 7., 140., 10., 0., 0., 20.,
       9., 2., 15., 2., 0., 1., 44., 11., 16., 74., 28., 15., 8., 47.,
       92., 7., 4., 9., 9., 29., 19., 27., 12., 0., 0., 0., 6., 2., 0.,
       0., 0., 0., 0., 0., 0., 1., 1., 23., 135., 17., 4., 2., 2., 16.,
       27., 62., 135., 41., 10., 6., 3., 135., 130., 52., 22., 2., 2.,
       3., 17., 46., 6., 0., 0., 0., 0., 0., 5., 2., 0., 20., 135., 10.,
       3., 23., 78., 14., 4., 12., 86., 32., 100., 135., 79., 135., 44.,
       5., 6., 5., 47., 53., 76., 65., 45., 0., 0., 0., 0., 0., 2., 1.,
       0., 4., 38., 1., 0., 42., 135., 1., 0., 4., 38., 52., 75., 69.,
       74., 33., 20., 0., 3., 24., 53., 34., 19., 14., 29., 0., 0., 0.,
       0., 1., 2., 11., 2., 1., 14., 98., 28., 3., 5., 119., 7., 2., 12.,
       42., 19., 6., 38., 28., 4., 76., 84., 55., 13., 5., 4., 40., 47.,
       96., 15., 4., 4., 7., 19., 16., 5., 3., 47., 119., 2., 0., 2.,
       119., 27., 5., 21., 54., 2., 0., 8., 27., 7., 11., 54., 119., 32.,
       12., 8., 119., 20., 14., 12., 9., 8., 15., 56., 23., 5., 2., 51.,
       119., 1., 0., 4., 119., 11., 3., 18., 60., 1., 0., 23., 24., 3.,
       5., 32., 119., 20., 14., 17., 117., 19., 6., 5., 5., 3., 9., 42.,
       25., 2., 0., 15., 119., 6., 2., 9., 119., 2., 0., 4., 48., 6., 2.,
       36., 15., 3., 5., 27., 119., 20., 2., 4., 116., 14., 5., 6., 5.,
       2., 1., 13., 15., 7., 2., 6., 103., 17., 5., 10., 122., 34., 1.,
       2., 25., 2., 2., 14., 49., 10., 2., 19., 122., 8., 0., 1., 122.,
       13., 1., 4., 13., 3., 0., 4., 7., 4., 7., 26., 108., 33., 7., 7.,
       122., 30., 11., 13., 31., 3., 4., 15., 65., 4., 0., 3., 122., 26.,
       4., 13., 122., 4., 0., 2., 17., 7., 2., 26., 8., 5., 10., 40.,
       122., 25., 8., 10., 122., 42., 14., 12., 23., 9., 8., 35., 58.,
       7., 0., 2., 122., 45., 5., 13., 122., 8., 0., 1., 15., 7., 3.,
       31., 2., 3., 6., 22., 64., 51., 67., 13., 61., 21., 8., 5., 12.,
       6., 82., 94., 32., 16., 5., 20., 122., 14., 3., 16., 98., 54., 6.,
       8., 17., 2., 0., 5., 11., 9., 11., 59., 98., 1., 0., 4., 125.,
       29., 3., 7., 12., 1., 0., 35., 56., 6., 1., 16., 119., 16., 2.,
       14., 115., 9., 1., 2., 10., 4., 1., 19., 18., 20., 35., 76., 38.,
       4., 1., 2., 125., 79., 6., 10., 13., 0., 0., 9., 80., 20., 3.,
       48., 125., 1., 0., 2., 125., 26., 2., 6., 9., 0., 0., 2., 20., 2.,
       3., 8., 17., 89., 32., 20., 125., 3., 1., 2., 16., 5., 10., 70.,
       83., 1., 0., 12., 125., 15., 0., 8., 125., 9., 1., 2., 9., 2., 0.,
       4., 4., 0., 0., 0., 5., 115., 75., 11., 59., 0., 0., 2., 21., 19.,
       44., 82., 44., 2., 1., 27., 106., 14., 3., 16., 102., 2., 0., 3.,
       5., 2., 1., 25., 16., 12., 18., 45., 126., 19., 1., 3., 129., 42.,
       11., 7., 34., 7., 1., 11., 82., 11., 0., 6., 119., 34., 5., 8.,
       76., 20., 28., 29., 6., 4., 5., 6., 28., 12., 1., 22., 129., 14.,
       2., 6., 129., 50., 1., 8., 30., 4., 1., 19., 61., 19., 4., 29.,
       118., 22., 3., 5., 42., 20., 15., 34., 80., 5., 1., 5., 17., 6.,
       6., 16., 129., 41., 16., 27., 129., 19., 1., 4., 33., 6., 11.,
       90., 65., 13., 2., 30., 129., 4., 0., 8., 62., 11., 1., 4., 83.,
       12., 1., 6., 9., 17., 32., 20., 43., 11., 8., 9., 101., 50., 2.,
       1., 24., 2., 4., 28., 55., 7., 0., 2., 129., 8., 1., 5., 56., 4.,
