%YAML:1.0
---
mat: !!opencv-matrix
   rows: 58
   cols: 128
   dt: f
   data: [ 0., 0., 67., 84., 52., 16., 0., 0., 3., 6., 87., 113., 64.,
       38., 14., 11., 122., 32., 34., 9., 6., 5., 7., 61., 113., 24.,
       16., 0., 0., 0., 0., 17., 0., 4., 56., 122., 76., 13., 1., 0., 8.,
       29., 122., 102., 37., 27., 26., 12., 122., 122., 88., 1., 0., 1.,
       9., 42., 71., 63., 62., 0., 0., 0., 0., 4., 0., 4., 40., 82., 41.,
       21., 17., 0., 12., 8., 24., 29., 22., 38., 122., 21., 122., 73.,
       39., 1., 0., 3., 37., 57., 23., 64., 122., 0., 0., 0., 0., 0., 0.,
       0., 2., 1., 0., 1., 2., 0., 0., 0., 1., 2., 0., 2., 12., 1., 5.,
       17., 26., 1., 0., 0., 3., 2., 0., 17., 68., 0., 0., 0., 0., 0.,
       7., 3., 2., 2., 3., 0., 0., 0., 50., 103., 66., 18., 15., 0., 0.,
       1., 42., 123., 103., 24., 1., 0., 0., 1., 64., 102., 53., 25., 0.,
       0., 0., 0., 1., 2., 1., 2., 18., 1., 0., 0., 29., 37., 32., 26.,
       123., 24., 11., 7., 123., 106., 37., 25., 27., 16., 10., 19., 66.,
       104., 57., 41., 16., 18., 9., 8., 20., 2., 0., 0., 4., 2., 3., 8.,
       45., 1., 0., 1., 40., 50., 123., 72., 93., 2., 0., 0., 6., 29.,
       123., 123., 24., 4., 2., 2., 3., 46., 123., 51., 50., 1., 0., 0.,
       0., 0., 0., 4., 123., 0., 0., 0., 0., 0., 18., 41., 90., 1., 0.,
       0., 0., 1., 46., 58., 30., 1., 0., 0., 0., 4., 68., 29., 0., 0.,
       0., 0., 0., 0., 5., 7., 5., 4., 3., 1., 0., 0., 7., 32., 10., 4.,
       1., 0., 0., 0., 49., 94., 0., 0., 0., 0., 0., 0., 84., 91., 0.,
       0., 0., 0., 5., 19., 95., 61., 33., 44., 32., 27., 57., 75., 29.,
       28., 138., 78., 13., 3., 3., 6., 24., 95., 17., 0., 0., 0., 0.,
       0., 70., 97., 0., 0., 0., 0., 4., 41., 107., 68., 30., 6., 1., 3.,
       94., 138., 42., 23., 138., 16., 1., 0., 10., 37., 16., 107., 61.,
       1., 0., 0., 0., 0., 37., 65., 0., 0., 0., 0., 1., 14., 44., 36.,
       6., 1., 0., 0., 67., 138., 22., 10., 138., 74., 2., 0., 25., 49.,
       7., 34., 85., 42., 0., 0., 0., 1., 8., 19., 29., 69., 28., 6., 1.,
       0., 0., 3., 23., 56., 47., 11., 7., 0., 0., 1., 29., 30., 26.,
       48., 56., 3., 1., 3., 86., 31., 10., 4., 2., 1., 1., 6., 31., 96.,
       39., 37., 41., 3., 0., 0., 124., 79., 62., 45., 21., 0., 0., 9.,
       94., 56., 16., 73., 124., 2., 0., 5., 124., 78., 12., 44., 11.,
       1., 0., 3., 28., 27., 14., 12., 75., 13., 1., 3., 124., 14., 9.,
       19., 25., 1., 0., 18., 95., 24., 2., 48., 124., 39., 7., 3., 124.,
       69., 8., 56., 72., 11., 2., 2., 15., 2., 2., 7., 42., 21., 61.,
       12., 124., 35., 8., 2., 6., 8., 31., 26., 41., 24., 8., 3., 56.,
       75., 22., 14., 84., 32., 1., 4., 72., 46., 9., 11., 46., 86., 36.,
       18., 0., 0., 0., 0., 21., 42., 107., 21., 0., 0., 0., 2., 4., 51.,
       96., 7., 0., 0., 1., 1., 2., 17., 99., 5., 1., 0., 0., 0., 38.,
       97., 47., 37., 12., 9., 4., 3., 107., 47., 90., 44., 11., 6., 9.,
       48., 64., 39., 82., 56., 107., 17., 12., 28., 79., 26., 86., 24.,
       65., 22., 4., 25., 16., 6., 3., 2., 4., 36., 107., 37., 107., 40.,
       14., 10., 11., 6., 103., 55., 66., 24., 16., 24., 107., 46., 76.,
       30., 90., 29., 6., 19., 70., 26., 62., 26., 16., 1., 0., 0., 0.,
       4., 75., 36., 9., 2., 1., 0., 0., 6., 107., 29., 5., 1., 1., 1.,
       0., 12., 94., 40., 3., 1., 10., 15., 2., 9., 90., 13., 0., 0., 0.,
       0., 39., 41., 26., 3., 44., 12., 0., 1., 122., 75., 10., 40.,
       149., 22., 0., 0., 2., 2., 10., 96., 7., 0., 0., 0., 0., 5., 36.,
       17., 0., 0., 0., 0., 45., 34., 16., 6., 53., 23., 1., 4., 149.,
       66., 2., 5., 149., 51., 1., 1., 15., 3., 2., 19., 29., 1., 1., 0.,
       1., 7., 10., 10., 4., 1., 1., 0., 37., 16., 4., 6., 43., 8., 1.,
       7., 149., 70., 4., 12., 149., 31., 2., 11., 26., 9., 3., 33., 34.,
       10., 69., 70., 16., 2., 3., 4., 1., 8., 13., 7., 19., 4., 4., 3.,
       19., 11., 7., 32., 149., 30., 5., 13., 149., 51., 6., 17., 48.,
       8., 4., 37., 19., 11., 36., 67., 107., 13., 20., 5., 7., 47., 86.,
       10., 2., 1., 3., 6., 7., 31., 113., 15., 2., 1., 0., 1., 2., 26.,
       113., 21., 7., 2., 0., 1., 1., 42., 113., 47., 4., 1., 0., 0.,
       72., 21., 26., 29., 90., 18., 13., 37., 113., 35., 66., 39., 81.,
       17., 6., 30., 44., 25., 80., 41., 113., 39., 4., 25., 23., 54.,
       73., 48., 34., 75., 22., 16., 42., 29., 19., 17., 54., 21., 58.,
       26., 109., 26., 5., 13., 51., 41., 106., 33., 33., 17., 4., 24.,
       113., 40., 100., 52., 21., 1., 1., 0., 5., 73., 75., 61., 4., 1.,
       0., 0., 0., 4., 66., 31., 3., 1., 1., 8., 1., 15., 101., 17., 0.,
       1., 40., 21., 1., 8., 92., 20., 1., 2., 58., 3., 0., 24., 55.,
       16., 0., 29., 57., 17., 1., 3., 50., 1., 1., 11., 97., 17., 0.,
       2., 43., 18., 1., 17., 97., 13., 3., 1., 2., 9., 0., 4., 63., 28.,
       4., 0., 0., 0., 6., 81., 69., 59., 20., 2., 1., 0., 113., 39.,
       101., 50., 33., 16., 4., 26., 48., 44., 106., 34., 107., 23., 4.,
       15., 49., 23., 65., 26., 37., 26., 18., 17., 36., 69., 17., 15.,
       22., 59., 83., 52., 113., 33., 5., 26., 43., 28., 81., 42., 82.,
       16., 6., 34., 113., 34., 64., 40., 91., 16., 13., 40., 74., 20.,
       22., 31., 3., 0., 0., 0., 1., 40., 113., 39., 6., 1., 0., 1., 2.,
       31., 113., 16., 3., 1., 1., 1., 7., 38., 113., 14., 3., 2., 4.,
       9., 10., 51., 83., 10., 1., 25., 104., 19., 3., 0., 0., 1., 14.,
       26., 65., 55., 12., 0., 0., 1., 33., 39., 43., 10., 2., 2., 1.,
       3., 1., 9., 43., 9., 3., 5., 1., 1., 8., 40., 114., 28., 62., 27.,
       12., 3., 114., 66., 93., 22., 11., 9., 8., 17., 41., 68., 88.,
       52., 86., 54., 1., 9., 7., 70., 114., 30., 4., 11., 1., 0., 10.,
       2., 1., 1., 58., 80., 112., 57., 114., 17., 1., 0., 7., 77., 86.,
       64., 50., 9., 3., 1., 74., 114., 31., 17., 22., 18., 32., 8., 14.,
       114., 62., 29., 3., 1., 4., 1., 1., 28., 79., 31., 9., 1., 4., 1.,
       1., 51., 88., 40., 4., 0., 2., 1., 5., 35., 80., 18., 0., 0., 0.,
       1., 1., 53., 113., 13., 2., 1., 7., 23., 2., 3., 25., 4., 0., 5.,
       90., 32., 1., 4., 16., 8., 0., 12., 106., 15., 1., 10., 25., 5.,
       1., 19., 82., 20., 0., 4., 9., 6., 4., 3., 11., 93., 97., 7., 0.,
       1., 97., 28., 88., 91., 50., 14., 7., 23., 17., 44., 106., 55.,
       106., 24., 7., 13., 29., 80., 96., 75., 18., 10., 3., 8., 4., 2.,
       1., 9., 103., 81., 10., 2., 100., 21., 8., 19., 53., 86., 83.,
       27., 19., 12., 8., 39., 106., 45., 100., 53., 28., 10., 2., 7.,
       18., 85., 82., 76., 0., 11., 63., 3., 2., 20., 7., 0., 1., 11.,
       51., 7., 1., 34., 79., 3., 0., 4., 63., 14., 2., 15., 106., 14.,
       0., 11., 41., 22., 1., 21., 61., 18., 1., 17., 57., 18., 0., 10.,
       44., 26., 2., 12., 106., 15., 0., 3., 64., 15., 1., 34., 81., 3.,
       1., 10., 50., 7., 3., 20., 7., 0., 1., 8., 58., 3., 17., 83., 87.,
       78., 26., 9., 2., 6., 106., 45., 103., 53., 19., 12., 8., 36.,
       53., 86., 83., 27., 101., 23., 8., 19., 104., 82., 10., 2., 4.,
       2., 1., 9., 20., 12., 4., 9., 30., 78., 90., 76., 106., 27., 7.,
       13., 17., 42., 106., 55., 49., 14., 7., 21., 95., 29., 89., 90.,
       95., 7., 0., 0., 4., 3., 11., 92., 0., 3., 7., 5., 1., 21., 85.,
       24., 1., 8., 25., 6., 0., 10., 106., 18., 1., 4., 16., 8., 0., 4.,
       90., 32., 2., 3., 28., 6., 2., 1., 7., 23., 86., 21., 2., 24.,
       46., 8., 1., 25., 13., 9., 14., 71., 130., 20., 3., 7., 130., 37.,
       13., 8., 6., 2., 2., 24., 49., 3., 0., 1., 2., 0., 0., 7., 115.,
       33., 0., 7., 74., 31., 3., 26., 18., 12., 12., 54., 130., 56., 7.,
       10., 130., 55., 12., 11., 9., 5., 5., 29., 61., 8., 5., 5., 3.,
       1., 0., 6., 121., 4., 1., 9., 76., 12., 3., 27., 12., 5., 9., 46.,
       130., 92., 46., 18., 130., 25., 8., 7., 5., 11., 36., 89., 31.,
       17., 16., 8., 1., 3., 8., 11., 30., 1., 1., 21., 71., 3., 3., 39.,
       34., 9., 15., 106., 125., 21., 7., 9., 130., 15., 9., 9., 1., 1.,
