%YAML:1.0
---
mat: !!opencv-matrix
   rows: 90
   cols: 128
   dt: f
   data: [ 0., 17., 78., 50., 1., 0., 0., 0., 5., 19., 137., 50., 0., 0.,
       0., 3., 12., 42., 137., 2., 0., 0., 0., 11., 4., 28., 109., 2.,
       0., 0., 0., 4., 8., 9., 42., 137., 38., 0., 0., 0., 137., 39.,
       90., 73., 2., 0., 0., 60., 49., 25., 30., 0., 0., 0., 5., 103.,
       6., 9., 23., 2., 0., 0., 3., 17., 63., 13., 15., 137., 97., 0.,
       0., 17., 137., 41., 9., 14., 1., 0., 0., 59., 46., 36., 51., 0.,
       0., 0., 0., 12., 0., 5., 68., 10., 2., 0., 0., 1., 104., 0., 0.,
       50., 94., 1., 0., 56., 137., 1., 0., 0., 0., 0., 1., 103., 11.,
       3., 3., 0., 0., 1., 4., 11., 0., 1., 4., 8., 17., 1., 1., 1.,
       153., 22., 2., 6., 4., 0., 0., 0., 66., 18., 34., 120., 42., 0.,
       0., 0., 37., 45., 35., 33., 7., 0., 0., 0., 20., 6., 0., 0., 0.,
       0., 0., 0., 153., 16., 0., 2., 17., 2., 0., 1., 95., 12., 6., 40.,
       153., 40., 3., 4., 153., 40., 6., 10., 21., 10., 4., 12., 32.,
       18., 6., 0., 0., 0., 0., 0., 153., 6., 0., 0., 4., 6., 1., 14.,
       110., 1., 0., 2., 60., 153., 31., 15., 58., 3., 0., 2., 14., 57.,
       43., 44., 12., 9., 33., 33., 17., 3., 1., 3., 145., 1., 0., 1.,
       4., 6., 38., 93., 55., 1., 3., 53., 34., 26., 7., 19., 0., 3.,
       28., 42., 25., 18., 6., 2., 0., 6., 26., 13., 29., 27., 11., 1.,
       34., 25., 13., 2., 1., 9., 23., 27., 25., 14., 6., 3., 0., 7.,
       27., 25., 34., 21., 3., 8., 14., 1., 16., 74., 21., 16., 59.,
       104., 70., 0., 2., 10., 4., 0., 0., 3., 15., 19., 35., 20., 15.,
       49., 34., 58., 58., 2., 1., 4., 85., 139., 22., 32., 61., 0., 1.,
       6., 5., 8., 4., 119., 139., 0., 0., 1., 0., 0., 0., 4., 50., 9.,
       1., 0., 30., 8., 3., 28., 139., 23., 10., 21., 139., 29., 3., 28.,
       109., 4., 5., 63., 10., 2., 0., 71., 139., 0., 0., 2., 0., 0., 0.,
       1., 26., 6., 1., 1., 9., 0., 0., 0., 33., 36., 59., 60., 31., 0.,
       0., 23., 139., 8., 36., 101., 1., 0., 0., 42., 139., 1., 0., 1.,
       0., 0., 19., 23., 28., 111., 55., 0., 5., 22., 42., 7., 3., 94.,
       123., 12., 123., 72., 8., 0., 0., 8., 78., 123., 98., 7., 0., 0.,
       0., 0., 0., 29., 0., 1., 47., 53., 70., 34., 3., 0., 19., 58.,
       121., 34., 13., 34., 34., 12., 123., 107., 17., 0., 0., 1., 20.,
       73., 103., 6., 0., 0., 0., 0., 0., 21., 1., 1., 4., 19., 77., 64.,
       12., 2., 27., 12., 10., 7., 8., 51., 92., 62., 123., 51., 33.,
       29., 8., 1., 26., 107., 45., 23., 32., 19., 4., 0., 0., 1., 1.,
       0., 1., 2., 34., 74., 32., 2., 12., 13., 10., 10., 33., 27., 33.,
       21., 16., 49., 36., 65., 69., 4., 5., 15., 0., 1., 9., 34., 39.,
       0., 0., 0., 0., 0., 2., 10., 39., 25., 0., 0., 16., 15., 21., 17.,
       9., 5., 0., 0., 38., 48., 9., 1., 92., 47., 0., 0., 0., 1., 0.,
       0., 117., 61., 0., 0., 0., 0., 16., 95., 92., 21., 2., 0., 8.,
       28., 117., 101., 15., 21., 15., 6., 117., 117., 47., 6., 47., 25.,
       6., 19., 19., 8., 0., 0., 117., 98., 0., 1., 0., 0., 1., 15., 57.,
       117., 36., 0., 5., 3., 8., 15., 13., 103., 117., 22., 117., 17.,
       3., 1., 11., 13., 63., 91., 37., 4., 0., 0., 117., 96., 0., 4.,
       0., 0., 0., 2., 70., 82., 6., 0., 0., 0., 5., 14., 30., 37., 23.,
       1., 27., 19., 14., 8., 5., 7., 10., 6., 23., 24., 2., 0., 108.,
       54., 0., 0., 0., 0., 0., 1., 0., 0., 82., 73., 0., 1., 19., 8.,
       0., 0., 114., 114., 0., 2., 41., 11., 0., 0., 114., 114., 0., 0.,
       21., 43., 6., 1., 56., 49., 0., 0., 22., 54., 8., 1., 101., 90.,
       5., 18., 114., 114., 45., 8., 42., 39., 66., 88., 114., 24., 3.,
       1., 5., 11., 13., 5., 14., 15., 14., 15., 6., 9., 0., 0., 20.,
       28., 17., 15., 7., 5., 13., 6., 8., 33., 111., 114., 15., 15.,
       114., 25., 6., 3., 8., 22., 14., 84., 33., 1., 0., 0., 2., 9.,
       31., 51., 0., 0., 0., 0., 1., 6., 21., 27., 1., 0., 0., 0., 12.,
       88., 85., 20., 45., 0., 0., 0., 1., 22., 70., 114., 16., 0., 0.,
       0., 0., 0., 39., 114., 30., 8., 0., 23., 78., 22., 6., 2., 126.,
       47., 2., 11., 37., 5., 2., 10., 8., 78., 46., 37., 60., 2., 1.,
       1., 25., 126., 38., 1., 0., 0., 0., 0., 22., 5., 0., 4., 126.,
       41., 31., 11., 126., 41., 1., 6., 93., 7., 0., 4., 38., 24., 11.,
       26., 126., 7., 2., 10., 106., 98., 6., 2., 5., 1., 2., 20., 14.,
       1., 1., 3., 126., 21., 7., 11., 126., 2., 1., 8., 89., 13., 4.,
       54., 28., 1., 1., 13., 126., 17., 23., 84., 38., 4., 0., 0., 2.,
       1., 38., 126., 5., 1., 0., 15., 83., 14., 7., 27., 28., 0., 0.,
       3., 19., 18., 30., 87., 9., 0., 0., 3., 14., 15., 43., 85., 10.,
       1., 0., 0., 0., 0., 10., 56., 0., 0., 9., 56., 11., 1., 0., 0.,
       14., 15., 43., 84., 10., 0., 0., 3., 20., 17., 29., 88., 31., 0.,
       0., 2., 86., 14., 7., 25., 5., 1., 0., 14., 2., 1., 36., 125.,
       38., 4., 0., 0., 125., 18., 22., 84., 29., 1., 1., 12., 89., 14.,
       4., 50., 125., 3., 1., 8., 125., 24., 7., 11., 14., 1., 1., 3.,
       5., 1., 2., 21., 104., 98., 6., 2., 125., 8., 2., 10., 38., 24.,
       11., 24., 93., 8., 0., 3., 125., 45., 1., 5., 125., 44., 30., 12.,
       23., 6., 0., 4., 0., 0., 0., 0., 25., 125., 38., 1., 61., 2., 1.,
       1., 7., 79., 49., 35., 37., 6., 2., 10., 125., 50., 2., 11., 77.,
       22., 5., 2., 33., 9., 0., 21., 7., 113., 76., 2., 2., 4., 0., 2.,
       15., 109., 40., 1., 3., 44., 44., 2., 8., 16., 8., 20., 6., 53.,
       89., 5., 13., 26., 8., 4., 1., 15., 67., 16., 25., 38., 27., 7.,
       18., 19., 15., 14., 113., 109., 21., 9., 9., 3., 3., 15., 73.,
       26., 19., 113., 66., 3., 2., 11., 113., 25., 13., 15., 4., 1.,
       17., 60., 5., 0., 0., 0., 4., 103., 113., 20., 113., 2., 0., 21.,
       33., 17., 68., 113., 113., 10., 1., 87., 95., 9., 3., 31., 113.,
       42., 9., 2., 2., 0., 0., 45., 3., 1., 0., 0., 0., 19., 53., 11.,
       2., 1., 0., 3., 27., 50., 52., 25., 36., 9., 0., 9., 37., 77.,
       77., 24., 54., 32., 4., 0., 0., 1., 25., 76., 3., 0., 2., 80.,
       48., 0., 1., 3., 56., 64., 20., 56., 12., 0., 1., 9., 114., 46.,
       18., 6., 0., 0., 2., 11., 95., 36., 1., 0., 0., 0., 0., 4., 6.,
       1., 1., 99., 100., 6., 1., 1., 122., 13., 2., 26., 32., 4., 5.,
       51., 89., 71., 10., 17., 25., 7., 10., 28., 39., 122., 27., 1.,
       0., 0., 0., 0., 9., 1., 1., 31., 104., 32., 38., 7., 122., 24.,
       2., 15., 69., 7., 1., 9., 43., 52., 27., 81., 101., 1., 0., 3.,
       59., 122., 33., 9., 4., 0., 0., 0., 10., 0., 0., 25., 122., 10.,
       14., 7., 122., 2., 0., 17., 73., 2., 1., 46., 32., 6., 2., 44.,
       122., 4., 7., 19., 95., 38., 2., 4., 7., 1., 7., 31., 41., 75.,
       16., 0., 0., 0., 10., 44., 131., 54., 3., 3., 12., 2., 3., 63.,
       26., 3., 4., 35., 127., 31., 2., 9., 0., 0., 4., 12., 33., 35.,
       1., 0., 79., 81., 18., 1., 0., 1., 6., 46., 131., 71., 4., 7.,
       22., 5., 2., 44., 33., 6., 9., 62., 131., 42., 7., 7., 0., 1., 8.,
       17., 19., 17., 7., 1., 59., 7., 0., 0., 0., 3., 31., 106., 131.,
       44., 3., 17., 29., 9., 8., 111., 27., 15., 17., 99., 131., 37.,
       6., 12., 5., 7., 9., 10., 12., 11., 5., 5., 47., 31., 1., 0., 0.,
       0., 16., 71., 131., 14., 0., 0., 30., 23., 6., 105., 11., 1., 0.,
       3., 112., 104., 20., 16., 3., 1., 0., 0., 10., 20., 13., 9., 15.,
       3., 0., 0., 0., 0., 0., 5., 44., 6., 0., 1., 1., 0., 0., 10., 9.,
       0., 0., 7., 10., 0., 0., 3., 0., 0., 0., 1., 1., 0., 0., 0., 28.,
       26., 20., 10., 3., 1., 0., 4., 129., 56., 21., 22., 10., 0., 0.,
       16., 49., 4., 6., 116., 129., 4., 0., 5., 0., 0., 1., 17., 88.,
       25., 0., 0., 35., 14., 7., 9., 8., 15., 22., 51., 129., 17., 16.,
       83., 65., 7., 20., 124., 14., 7., 91., 129., 110., 2., 0., 1., 0.,
       5., 75., 81., 39., 22., 1., 0., 78., 14., 4., 1., 2., 3., 15.,
       75., 55., 3., 2., 119., 129., 6., 7., 55., 0., 4., 35., 129.,
       129., 6., 0., 0., 3., 7., 52., 92., 16., 4., 7., 5., 57., 25.,
