%YAML:1.0
---
mat: !!opencv-matrix
   rows: 97
   cols: 128
   dt: f
   data: [ 0., 0., 0., 0., 0., 0., 47., 50., 4., 6., 19., 10., 1., 0.,
       17., 57., 14., 27., 17., 3., 8., 3., 2., 37., 6., 3., 5., 25.,
       82., 18., 2., 3., 3., 12., 10., 2., 13., 9., 29., 21., 13., 25.,
       51., 90., 121., 36., 9., 7., 124., 118., 49., 22., 14., 12., 4.,
       19., 37., 5., 0., 1., 93., 96., 7., 11., 73., 53., 38., 7., 9.,
       12., 6., 48., 30., 6., 1., 7., 124., 124., 15., 22., 124., 29.,
       1., 2., 23., 61., 13., 46., 88., 8., 0., 0., 73., 93., 6., 12.,
       73., 62., 30., 11., 4., 4., 7., 49., 48., 27., 1., 0., 70., 110.,
       5., 10., 124., 45., 3., 5., 62., 66., 5., 12., 100., 44., 0., 0.,
       17., 33., 1., 2., 0., 0., 7., 17., 0., 0., 50., 94., 4., 8., 15.,
       8., 1., 0., 44., 104., 19., 14., 6., 0., 0., 0., 25., 98., 1., 0.,
       0., 0., 0., 0., 34., 66., 0., 0., 0., 6., 22., 18., 50., 68., 24.,
       52., 69., 92., 90., 53., 13., 15., 136., 121., 33., 9., 3., 4.,
       9., 57., 24., 0., 0., 0., 0., 0., 41., 78., 0., 0., 0., 0., 12.,
       43., 53., 66., 23., 7., 3., 11., 88., 136., 64., 34., 136., 25.,
       2., 2., 6., 34., 37., 109., 67., 4., 0., 0., 0., 1., 16., 36., 4.,
       1., 0., 0., 2., 11., 22., 62., 4., 0., 0., 0., 85., 136., 16.,
       13., 119., 58., 5., 2., 25., 36., 7., 19., 61., 68., 1., 0., 0.,
       1., 5., 3., 1., 3., 36., 37., 16., 3., 1., 1., 0., 1., 27., 73.,
       117., 17., 1., 0., 117., 5., 3., 37., 117., 44., 26., 117., 117.,
       4., 0., 1., 10., 26., 23., 94., 1., 6., 87., 88., 14., 6., 0., 0.,
       7., 10., 117., 117., 66., 37., 5., 2., 117., 37., 29., 24., 26.,
       21., 21., 94., 102., 21., 22., 33., 8., 3., 3., 44., 3., 25., 79.,
       16., 12., 11., 0., 0., 9., 12., 61., 22., 34., 101., 26., 11.,
       117., 59., 42., 3., 1., 17., 23., 40., 25., 38., 100., 61., 7.,
       0., 0., 1., 0., 7., 44., 0., 0., 0., 0., 0., 0., 13., 53., 2., 1.,
       2., 1., 0., 4., 25., 64., 0., 0., 1., 1., 2., 0., 10., 91., 6.,
       1., 0., 0., 0., 13., 64., 71., 14., 3., 0., 0., 0., 2., 70., 112.,
       46., 5., 2., 3., 3., 67., 51., 55., 91., 6., 3., 3., 6., 56., 25.,
       4., 27., 42., 0., 0., 6., 17., 45., 22., 12., 13., 2., 0., 0.,
       75., 38., 28., 16., 16., 16., 29., 38., 101., 48., 13., 29., 50.,
       36., 24., 21., 86., 43., 7., 27., 34., 0., 0., 4., 14., 8., 9.,
       9., 17., 27., 21., 23., 134., 15., 5., 16., 45., 3., 8., 71., 50.,
       102., 22., 91., 134., 4., 1., 3., 100., 134., 21., 20., 8., 0.,
       0., 2., 9., 24., 0., 0., 1., 10., 26., 24., 27., 25., 2., 5., 38.,
       1., 7., 38., 32., 58., 9., 39., 134., 14., 0., 0., 134., 134.,
       10., 21., 38., 1., 0., 0., 112., 27., 0., 0., 101., 137., 10.,
       12., 137., 68., 0., 1., 8., 28., 7., 12., 10., 1., 11., 51., 41.,
       24., 4., 2., 2., 18., 29., 21., 5., 17., 2., 0., 26., 1., 0., 0.,
       70., 137., 24., 19., 137., 18., 1., 2., 34., 95., 21., 44., 33.,
       4., 6., 45., 137., 38., 6., 10., 16., 26., 11., 11., 11., 15.,
       11., 13., 34., 0., 0., 0., 55., 77., 13., 22., 62., 34., 22., 13.,
       86., 80., 14., 23., 18., 18., 30., 43., 57., 40., 37., 17., 10.,
       1., 1., 1., 11., 51., 37., 14., 55., 2., 0., 3., 56., 19., 2.,
       11., 21., 3., 3., 3., 84., 73., 31., 64., 14., 2., 3., 3., 1.,
       35., 120., 74., 2., 0., 0., 0., 5., 48., 110., 10., 6., 8., 19.,
       23., 25., 18., 11., 12., 46., 29., 15., 8., 34., 25., 7., 29.,
       69., 17., 13., 21., 74., 59., 7., 30., 82., 10., 2., 1., 49., 31.,
       5., 33., 12., 11., 6., 17., 101., 60., 12., 9., 115., 53., 8., 8.,
       36., 29., 6., 30., 95., 10., 1., 3., 114., 83., 8., 24., 115.,
       13., 0., 0., 44., 47., 3., 22., 9., 2., 1., 4., 115., 81., 9., 9.,
       115., 18., 2., 3., 38., 28., 9., 50., 87., 14., 1., 3., 115., 64.,
       1., 7., 115., 37., 0., 1., 33., 18., 1., 2., 1., 2., 2., 5., 115.,
       43., 2., 2., 110., 54., 5., 7., 39., 14., 3., 14., 56., 19., 0.,
       2., 115., 33., 0., 2., 115., 38., 1., 2., 33., 8., 0., 1., 8., 4.,
       5., 19., 46., 117., 86., 19., 27., 31., 12., 15., 30., 30., 26.,
       37., 112., 21., 1., 1., 5., 8., 12., 24., 45., 8., 0., 21., 72.,
       5., 0., 1., 6., 9., 9., 71., 121., 32., 5., 2., 121., 79., 20.,
       36., 83., 28., 25., 41., 84., 19., 9., 18., 18., 26., 44., 34.,
       30., 17., 18., 38., 57., 12., 0., 1., 3., 2., 2., 121., 121., 21.,
       2., 2., 121., 100., 30., 45., 61., 23., 6., 21., 35., 56., 108.,
       121., 19., 5., 2., 3., 1., 22., 121., 71., 3., 1., 0., 0., 0., 0.,
       33., 110., 20., 3., 0., 0., 14., 27., 44., 24., 12., 6., 1., 2.,
       2., 10., 67., 45., 0., 0., 0., 0., 0., 1., 38., 13., 0., 0., 0.,
       0., 113., 104., 5., 15., 100., 25., 0., 1., 79., 62., 33., 53.,
       25., 5., 3., 2., 33., 7., 35., 21., 104., 55., 14., 40., 85., 0.,
       0., 0., 23., 38., 9., 73., 113., 61., 1., 0., 106., 113., 16.,
       10., 113., 71., 11., 25., 20., 26., 52., 33., 20., 7., 13., 8.,
       8., 11., 113., 109., 19., 0., 2., 2., 35., 16., 12., 73., 113.,
       51., 0., 0., 13., 110., 35., 13., 113., 11., 2., 2., 0., 37., 43.,
       57., 41., 4., 21., 41., 1., 1., 30., 23., 11., 10., 19., 13., 19.,
       8., 3., 12., 101., 16., 0., 0., 1., 15., 29., 77., 23., 2., 7.,
       12., 13., 28., 22., 27., 10., 2., 20., 36., 2., 0., 2., 50., 9.,
       2., 3., 3., 7., 4., 4., 45., 39., 9., 1., 7., 103., 12., 0., 2.,
       95., 36., 2., 6., 69., 12., 0., 2., 43., 9., 1., 7., 117., 45.,
       10., 23., 117., 13., 1., 1., 2., 2., 3., 32., 35., 8., 0., 8.,
       117., 9., 0., 10., 117., 9., 0., 6., 87., 11., 0., 12., 49., 13.,
       3., 12., 117., 33., 5., 9., 117., 36., 2., 4., 8., 2., 2., 9.,
       48., 14., 0., 2., 117., 17., 0., 5., 117., 30., 1., 5., 85., 11.,
       0., 8., 44., 12., 4., 29., 117., 36., 4., 7., 117., 27., 3., 6.,
       9., 8., 3., 12., 39., 23., 1., 7., 97., 5., 0., 2., 105., 21., 1.,
       10., 81., 6., 1., 8., 40., 13., 5., 44., 117., 9., 2., 3., 114.,
       37., 6., 9., 9., 2., 1., 6., 4., 1., 1., 6., 117., 27., 6., 6.,
       112., 7., 2., 5., 40., 12., 6., 57., 71., 3., 1., 12., 112., 15.,
       1., 15., 101., 2., 0., 2., 36., 16., 1., 16., 8., 6., 3., 17.,
       117., 16., 2., 4., 117., 28., 4., 9., 44., 9., 4., 33., 84., 5.,
       0., 13., 117., 21., 1., 9., 117., 8., 0., 6., 46., 10., 0., 6.,
       8., 2., 2., 15., 117., 27., 2., 5., 117., 24., 4., 12., 50., 10.,
       3., 16., 89., 6., 0., 22., 117., 4., 0., 10., 117., 4., 0., 12.,
       35., 8., 0., 15., 7., 4., 4., 42., 117., 9., 1., 2., 117., 35.,
       8., 19., 39., 7., 1., 13., 70., 7., 0., 3., 99., 26., 2., 10.,
       96., 5., 0., 5., 51., 5., 1., 10., 18., 12., 5., 19., 140., 48.,
       0., 0., 140., 81., 5., 7., 47., 11., 1., 1., 64., 18., 2., 3.,
       44., 34., 6., 6., 22., 14., 25., 30., 33., 5., 1., 5., 10., 5.,
       9., 10., 140., 110., 9., 7., 140., 35., 0., 2., 59., 47., 19.,
       78., 92., 11., 1., 4., 89., 10., 1., 10., 36., 6., 1., 2., 53.,
       26., 2., 9., 3., 5., 30., 106., 84., 43., 6., 4., 140., 51., 5.,
       28., 29., 18., 10., 42., 84., 20., 1., 3., 92., 9., 0., 6., 37.,
       12., 1., 12., 53., 8., 0., 2., 2., 1., 7., 28., 23., 128., 55.,
       3., 96., 21., 3., 8., 9., 32., 64., 25., 46., 34., 7., 32., 46.,
       1., 0., 1., 14., 21., 7., 21., 38., 1., 0., 0., 136., 37., 5., 3.,
       16., 7., 6., 17., 39., 4., 0., 1., 136., 72., 8., 13., 136., 6.,
       1., 1., 15., 18., 9., 65., 43., 3., 2., 2., 1., 1., 2., 7., 136.,
       20., 3., 4., 17., 12., 21., 60., 54., 11., 9., 64., 136., 27., 3.,
       10., 136., 70., 14., 23., 19., 7., 4., 22., 59., 7., 0., 0., 3.,
       2., 4., 6., 34., 0., 0., 3., 33., 8., 82., 95., 21., 2., 1., 25.,
       136., 25., 5., 19., 136., 12., 2., 5., 31., 10., 3., 26., 84., 6.,
       0., 4., 9., 1., 0., 1., 0., 1., 1., 2., 46., 8., 14., 3., 7., 0.,
