%YAML:1.0
---
mat: !!opencv-matrix
   rows: 90
   cols: 128
   dt: f
   data: [ 10., 0., 0., 0., 0., 0., 0., 0., 177., 12., 0., 0., 0., 0.,
       0., 2., 104., 62., 8., 3., 0., 0., 1., 10., 33., 82., 9., 1., 0.,
       0., 0., 1., 13., 0., 0., 0., 0., 0., 0., 0., 177., 6., 1., 3., 1.,
       0., 0., 4., 125., 39., 28., 78., 14., 1., 1., 8., 66., 97., 54.,
       17., 1., 0., 0., 1., 13., 0., 0., 0., 0., 0., 0., 0., 177., 3.,
       0., 3., 3., 2., 3., 11., 97., 14., 4., 33., 31., 28., 93., 41.,
       21., 33., 33., 24., 14., 41., 102., 28., 11., 0., 0., 0., 0., 0.,
       0., 0., 177., 6., 0., 0., 0., 0., 1., 7., 137., 30., 5., 0., 0.,
       2., 40., 40., 13., 17., 5., 1., 2., 22., 91., 20., 3., 0., 0., 0.,
       0., 0., 0., 0., 183., 0., 0., 0., 0., 0., 0., 22., 183., 12., 2.,
       1., 0., 0., 0., 16., 27., 14., 27., 32., 1., 0., 0., 15., 9., 1.,
       0., 0., 0., 0., 0., 0., 183., 16., 0., 0., 0., 0., 0., 14., 183.,
       46., 15., 5., 0., 0., 1., 7., 8., 20., 33., 75., 24., 19., 23.,
       4., 15., 1., 0., 0., 0., 0., 0., 4., 183., 17., 0., 0., 0., 0.,
       0., 54., 160., 27., 6., 0., 0., 0., 3., 19., 20., 28., 6., 2., 3.,
       15., 35., 10., 19., 0., 0., 0., 0., 0., 0., 3., 183., 1., 0., 0.,
       0., 0., 0., 41., 88., 8., 0., 0., 0., 0., 23., 27., 9., 19., 5.,
       0., 0., 4., 24., 7., 0., 0., 0., 0., 0., 0., 45., 46., 5., 5.,
       17., 7., 0., 0., 16., 62., 11., 22., 14., 2., 7., 2., 2., 40., 3.,
       2., 4., 26., 83., 12., 2., 3., 2., 6., 5., 4., 17., 10., 32., 19.,
       13., 28., 69., 105., 101., 23., 7., 7., 128., 122., 58., 19., 9.,
       8., 4., 17., 31., 4., 0., 1., 90., 94., 8., 12., 63., 50., 30.,
       3., 17., 22., 6., 38., 29., 6., 3., 16., 128., 128., 15., 21.,
       128., 29., 3., 3., 16., 42., 13., 55., 82., 6., 0., 0., 80., 87.,
       8., 16., 68., 57., 30., 7., 1., 6., 8., 65., 29., 15., 0., 0.,
       81., 128., 7., 9., 128., 37., 1., 2., 42., 58., 6., 12., 98., 32.,
       0., 0., 25., 34., 1., 2., 0., 2., 26., 24., 12., 3., 1., 0., 0.,
       1., 15., 50., 130., 15., 2., 0., 96., 4., 1., 20., 90., 31., 16.,
       93., 85., 2., 0., 1., 5., 11., 21., 61., 1., 4., 61., 59., 11.,
       5., 0., 0., 7., 8., 84., 97., 48., 26., 4., 2., 130., 26., 17.,
       13., 15., 14., 13., 68., 65., 15., 16., 25., 6., 1., 2., 26., 2.,
       33., 130., 10., 10., 11., 0., 0., 8., 19., 109., 17., 22., 72.,
       19., 9., 110., 53., 71., 2., 1., 9., 14., 26., 15., 28., 89., 45.,
       5., 0., 0., 0., 0., 32., 130., 0., 0., 0., 0., 0., 0., 47., 130.,
       1., 0., 1., 1., 0., 2., 60., 130., 0., 0., 0., 1., 1., 0., 37.,
       130., 4., 1., 0., 0., 0., 15., 66., 79., 14., 2., 0., 0., 1., 1.,
       80., 111., 37., 2., 1., 1., 1., 52., 52., 61., 110., 5., 2., 1.,
       4., 52., 34., 8., 33., 35., 0., 0., 4., 22., 37., 25., 12., 11.,
       1., 0., 2., 63., 42., 36., 19., 9., 15., 30., 31., 107., 35., 15.,
       38., 39., 41., 29., 24., 101., 31., 4., 28., 40., 0., 0., 7., 19.,
       8., 10., 16., 17., 21., 16., 19., 130., 16., 5., 20., 39., 4., 9.,
       65., 61., 92., 21., 94., 130., 9., 4., 4., 94., 124., 19., 27.,
       9., 0., 0., 2., 9., 16., 0., 1., 2., 14., 33., 30., 36., 18., 2.,
       7., 43., 1., 8., 51., 40., 61., 10., 53., 130., 6., 0., 1., 130.,
       130., 9., 16., 26., 0., 0., 1., 99., 17., 0., 0., 110., 135., 9.,
       12., 135., 53., 0., 1., 13., 32., 7., 16., 11., 2., 13., 63., 55.,
       18., 3., 3., 3., 23., 34., 24., 5., 11., 2., 2., 25., 0., 0., 0.,
       68., 135., 24., 24., 135., 15., 4., 3., 43., 92., 19., 48., 30.,
       5., 7., 40., 135., 44., 6., 14., 18., 19., 7., 7., 17., 13., 10.,
       17., 45., 0., 0., 1., 71., 63., 8., 21., 49., 37., 31., 15., 102.,
       63., 11., 28., 12., 16., 31., 33., 48., 40., 49., 24., 7., 1., 0.,
       1., 18., 42., 46., 14., 59., 1., 0., 3., 54., 24., 2., 18., 18.,
       2., 1., 2., 71., 73., 41., 84., 11., 1., 1., 1., 0., 39., 119.,
       70., 1., 0., 0., 0., 6., 52., 112., 10., 19., 11., 2., 7., 60.,
       27., 5., 9., 48., 15., 20., 49., 130., 61., 8., 29., 130., 27.,
       8., 2., 1., 3., 6., 70., 12., 0., 0., 1., 65., 49., 9., 15., 27.,
       14., 3., 0., 43., 46., 12., 47., 45., 4., 0., 0., 130., 130., 14.,
       25., 130., 18., 0., 0., 5., 6., 6., 49., 33., 1., 0., 0., 94.,
       42., 5., 11., 102., 40., 9., 0., 32., 18., 2., 21., 20., 7., 4.,
       15., 130., 88., 6., 12., 130., 56., 6., 7., 13., 10., 4., 30.,
       53., 9., 0., 0., 51., 26., 1., 2., 98., 31., 0., 0., 19., 5., 0.,
       20., 10., 6., 5., 21., 130., 60., 2., 3., 130., 51., 7., 9., 26.,
       19., 3., 10., 66., 13., 0., 0., 10., 12., 0., 0., 4., 7., 20.,
       25., 21., 16., 14., 14., 43., 30., 18., 8., 31., 22., 9., 29.,
       65., 17., 15., 22., 77., 63., 8., 27., 90., 11., 2., 1., 42., 31.,
       5., 35., 8., 9., 10., 24., 88., 65., 15., 10., 114., 65., 14.,
       12., 31., 29., 7., 38., 91., 10., 0., 2., 113., 93., 7., 22.,
       114., 14., 0., 0., 39., 40., 3., 20., 5., 2., 2., 7., 114., 93.,
       10., 8., 114., 19., 4., 4., 34., 33., 11., 56., 84., 12., 0., 2.,
       114., 68., 2., 8., 114., 38., 0., 1., 28., 19., 1., 3., 1., 1.,
       2., 6., 110., 44., 2., 2., 96., 57., 9., 9., 43., 16., 4., 16.,
       58., 23., 0., 2., 114., 37., 1., 3., 111., 45., 1., 2., 40., 9.,
       1., 1., 75., 74., 14., 19., 19., 0., 0., 1., 24., 12., 72., 37.,
       4., 5., 4., 3., 2., 9., 68., 113., 28., 5., 3., 0., 2., 8., 73.,
       113., 57., 1., 2., 1., 109., 71., 28., 47., 61., 5., 0., 1., 102.,
       34., 83., 70., 16., 8., 11., 27., 17., 15., 30., 61., 113., 34.,
       21., 21., 9., 13., 10., 26., 81., 19., 57., 60., 47., 12., 5.,
       21., 72., 24., 23., 38., 113., 26., 16., 31., 18., 9., 51., 74.,
       11., 5., 10., 26., 79., 27., 101., 106., 2., 0., 0., 0., 6., 17.,
       113., 113., 12., 1., 0., 0., 17., 16., 40., 91., 19., 4., 0., 0.,
       0., 2., 67., 91., 8., 5., 0., 0., 0., 1., 48., 71., 3., 3., 0.,
       0., 0., 0., 17., 21., 0., 0., 18., 22., 3., 3., 0., 0., 0., 1.,
       49., 71., 8., 4., 0., 0., 0., 2., 68., 89., 19., 4., 0., 0., 16.,
       15., 41., 91., 12., 1., 0., 0., 6., 18., 112., 112., 2., 0., 0.,
       0., 80., 27., 103., 104., 11., 5., 10., 26., 18., 9., 52., 75.,
       112., 25., 16., 31., 72., 24., 24., 39., 46., 11., 5., 20., 82.,
       19., 56., 57., 9., 13., 10., 28., 112., 33., 21., 21., 17., 15.,
       31., 62., 16., 8., 11., 27., 103., 34., 83., 69., 62., 5., 0., 1.,
       110., 69., 27., 47., 54., 1., 2., 1., 2., 8., 75., 112., 27., 6.,
       3., 0., 2., 9., 68., 112., 4., 5., 4., 3., 25., 13., 73., 35.,
       20., 0., 0., 1., 76., 73., 13., 19., 5., 3., 4., 16., 36., 85.,
       60., 13., 22., 23., 8., 11., 12., 13., 20., 31., 67., 12., 0., 1.,
       1., 2., 9., 15., 27., 5., 0., 17., 62., 5., 0., 1., 6., 7., 7.,
       54., 122., 24., 3., 2., 122., 55., 14., 26., 60., 19., 13., 34.,
       57., 16., 9., 17., 17., 17., 18., 21., 17., 12., 17., 31., 47.,
       11., 0., 0., 3., 2., 10., 122., 91., 13., 1., 2., 114., 79., 67.,
       49., 41., 13., 2., 14., 20., 37., 122., 122., 12., 2., 1., 2., 1.,
       13., 122., 97., 2., 1., 0., 0., 0., 0., 122., 122., 10., 0., 0.,
       0., 4., 16., 122., 71., 6., 0., 0., 0., 0., 4., 122., 72., 0., 0.,
       0., 0., 0., 0., 80., 32., 0., 0., 0., 0., 1., 1., 0., 0., 0., 0.,
       0., 0., 138., 129., 3., 0., 0., 0., 0., 7., 73., 97., 56., 51.,
       33., 12., 0., 3., 6., 19., 82., 50., 17., 9., 1., 4., 4., 0., 0.,
       0., 0., 0., 0., 1., 138., 53., 2., 0., 0., 1., 8., 104., 82., 55.,
       50., 52., 21., 81., 64., 51., 0., 16., 90., 55., 21., 90., 95.,
       1., 9., 3., 0., 0., 0., 0., 0., 0., 138., 129., 7., 0., 0., 0.,
       2., 15., 74., 127., 77., 30., 5., 32., 29., 9., 0., 3., 56., 138.,
       32., 45., 42., 0., 3., 1., 0., 0., 0., 0., 0., 0., 84., 16., 1.,
       0., 0., 0., 0., 1., 21., 23., 14., 10., 3., 0., 0., 0., 0., 1.,
