%YAML:1.0
---
mat: !!opencv-matrix
   rows: 51
   cols: 128
   dt: f
   data: [ 0., 0., 0., 0., 0., 0., 24., 74., 1., 2., 15., 8., 0., 0.,
       11., 66., 10., 17., 15., 2., 0., 1., 3., 32., 2., 1., 0., 8., 59.,
       17., 3., 5., 2., 0., 1., 8., 16., 5., 16., 39., 9., 22., 88.,
       132., 82., 10., 2., 9., 132., 132., 81., 29., 5., 2., 2., 14.,
       41., 8., 0., 0., 34., 62., 23., 21., 37., 25., 7., 2., 27., 31.,
       11., 21., 19., 6., 8., 35., 132., 132., 22., 19., 132., 34., 7.,
       7., 13., 38., 20., 72., 117., 10., 0., 0., 14., 33., 14., 28.,
       63., 24., 10., 0., 3., 14., 8., 89., 3., 2., 0., 0., 77., 132.,
       15., 10., 132., 27., 0., 1., 34., 53., 13., 20., 132., 24., 0.,
       0., 5., 5., 1., 3., 93., 22., 1., 31., 47., 0., 3., 19., 83., 7.,
       3., 60., 96., 1., 1., 21., 65., 7., 10., 92., 71., 7., 1., 17.,
       89., 13., 11., 27., 31., 11., 6., 32., 102., 15., 9., 111., 52.,
       0., 0., 13., 111., 19., 9., 81., 68., 1., 0., 27., 55., 10., 13.,
       111., 111., 29., 11., 23., 111., 25., 16., 24., 9., 6., 8., 49.,
       36., 11., 13., 96., 66., 24., 13., 17., 111., 35., 18., 61., 31.,
       12., 14., 39., 30., 26., 32., 98., 67., 40., 21., 19., 63., 58.,
       26., 2., 1., 4., 9., 32., 2., 1., 99., 16., 10., 13., 9., 5., 8.,
       5., 111., 10., 6., 7., 9., 14., 4., 4., 93., 18., 13., 19., 14.,
       7., 10., 31., 59., 1., 0., 1., 4., 6., 26., 106., 32., 3., 14.,
       88., 87., 15., 113., 81., 1., 2., 3., 11., 32., 69., 49., 11., 1.,
       46., 113., 1., 0., 7., 88., 8., 2., 25., 45., 2., 1., 18., 15.,
       13., 1., 22., 58., 113., 83., 14., 113., 57., 2., 18., 44., 35.,
       10., 17., 73., 15., 6., 109., 113., 0., 0., 5., 106., 10., 3.,
       40., 63., 5., 0., 14., 9., 1., 11., 113., 63., 6., 2., 9., 113.,
       15., 7., 55., 47., 5., 2., 27., 61., 26., 15., 113., 81., 20.,
       12., 16., 86., 33., 13., 49., 33., 9., 4., 12., 3., 1., 33., 24.,
       22., 10., 7., 9., 21., 4., 51., 15., 12., 6., 5., 22., 9., 1.,
       55., 21., 23., 27., 21., 15., 13., 3., 54., 16., 10., 7., 6., 11.,
       2., 4., 6., 4., 1., 0., 31., 114., 8., 13., 7., 6., 21., 10., 16.,
       61., 64., 21., 11., 14., 31., 13., 3., 17., 54., 6., 0., 1., 6.,
       2., 8., 38., 17., 17., 18., 26., 44., 39., 12., 27., 114., 49.,
       19., 11., 28., 48., 11., 29., 81., 46., 7., 2., 80., 104., 6.,
       12., 63., 64., 100., 27., 16., 6., 1., 8., 53., 33., 5., 1., 30.,
       91., 13., 25., 114., 33., 0., 0., 29., 68., 11., 25., 52., 27.,
       7., 3., 63., 114., 15., 4., 2., 24., 113., 54., 31., 114., 61.,
       1., 109., 46., 6., 3., 22., 30., 3., 12., 81., 43., 1., 0., 49.,
       69., 2., 3., 83., 50., 0., 2., 37., 62., 4., 2., 3., 7., 19., 45.,
       90., 114., 53., 4., 0., 3., 7., 9., 9., 0., 0., 0., 2., 2., 4.,
       123., 134., 1., 0., 0., 134., 10., 9., 64., 52., 2., 0., 41.,
       117., 6., 1., 2., 6., 0., 0., 25., 0., 2., 32., 34., 25., 0., 0.,
       0., 23., 6., 8., 134., 134., 15., 3., 4., 134., 26., 6., 38., 38.,
       5., 4., 55., 87., 19., 11., 3., 5., 0., 0., 14., 0., 0., 105.,
       32., 15., 0., 0., 0., 8., 2., 28., 43., 134., 81., 44., 14., 134.,
       30., 22., 3., 11., 26., 52., 74., 30., 28., 101., 3., 0., 0., 0.,
       1., 0., 2., 95., 10., 0., 0., 0., 0., 0., 4., 95., 10., 3., 5.,
       5., 1., 2., 7., 86., 7., 0., 2., 6., 4., 0., 7., 90., 2., 0., 0.,
       0., 0., 0., 0., 0., 0., 0., 0., 83., 28., 1., 3., 7., 3., 1., 1.,
       73., 39., 6., 6., 5., 0., 0., 0., 80., 43., 0., 0., 0., 0., 0.,
       0., 77., 46., 0., 0., 0., 1., 20., 22., 107., 27., 12., 32., 64.,
       74., 121., 47., 25., 8., 155., 111., 46., 13., 8., 4., 19., 41.,
       26., 1., 0., 0., 0., 0., 59., 61., 5., 1., 0., 0., 47., 37., 38.,
       13., 30., 7., 5., 14., 155., 111., 6., 14., 155., 28., 5., 3.,
       37., 21., 5., 71., 67., 0., 0., 0., 0., 1., 15., 26., 24., 6., 0.,
       0., 49., 15., 3., 2., 21., 1., 0., 5., 155., 33., 5., 18., 155.,
       6., 0., 1., 17., 7., 5., 61., 58., 1., 0., 0., 1., 2., 3., 6.,
       23., 13., 6., 23., 147., 32., 0., 1., 147., 74., 5., 8., 43., 8.,
       0., 2., 50., 13., 2., 6., 51., 31., 6., 4., 16., 17., 23., 33.,
       45., 8., 2., 4., 15., 5., 10., 17., 147., 98., 9., 13., 147., 28.,
       1., 4., 49., 38., 15., 85., 69., 12., 5., 31., 85., 7., 1., 6.,
       26., 9., 3., 8., 72., 20., 2., 7., 8., 6., 34., 119., 77., 39.,
       7., 5., 147., 67., 5., 26., 25., 11., 8., 30., 56., 26., 2., 23.,
       97., 2., 0., 3., 27., 14., 3., 23., 56., 6., 0., 2., 4., 0., 7.,
       24., 22., 129., 53., 4., 99., 29., 3., 8., 10., 29., 45., 17.,
       29., 33., 11., 48., 37., 0., 0., 0., 11., 19., 8., 30., 43., 1.,
       0., 0., 2., 1., 2., 11., 111., 21., 4., 3., 116., 17., 4., 8.,
       37., 15., 8., 37., 66., 3., 1., 16., 117., 15., 2., 18., 117., 2.,
       0., 6., 20., 8., 1., 36., 6., 4., 7., 64., 117., 7., 1., 2., 117.,
       42., 16., 32., 40., 6., 2., 25., 84., 3., 0., 1., 109., 33., 5.,
       30., 117., 0., 0., 8., 46., 4., 2., 40., 9., 3., 1., 12., 117.,
       42., 15., 8., 117., 28., 2., 9., 44., 14., 25., 76., 77., 33.,
       11., 53., 75., 15., 3., 16., 102., 35., 4., 9., 57., 5., 1., 12.,
       2., 0., 0., 2., 36., 51., 29., 11., 25., 1., 0., 2., 30., 19.,
       49., 87., 48., 12., 4., 24., 117., 30., 6., 23., 117., 17., 1.,
       5., 50., 4., 1., 19., 2., 8., 19., 57., 105., 28., 0., 0., 88.,
       117., 27., 22., 22., 8., 1., 1., 40., 28., 3., 11., 69., 1., 0.,
       1., 21., 7., 1., 1., 13., 25., 12., 5., 6., 6., 9., 58., 151.,
       13., 0., 0., 151., 77., 19., 35., 62., 1., 0., 2., 106., 19., 0.,
       8., 76., 15., 2., 4., 28., 24., 32., 29., 13., 6., 5., 3., 8., 3.,
       6., 18., 151., 34., 4., 6., 151., 13., 1., 6., 77., 22., 8., 68.,
       105., 4., 3., 19., 57., 18., 3., 12., 12., 8., 9., 23., 77., 10.,
       4., 7., 5., 5., 25., 66., 90., 28., 5., 6., 151., 23., 2., 13.,
       25., 18., 11., 69., 44., 10., 2., 32., 59., 0., 0., 10., 17., 6.,
       2., 11., 45., 4., 1., 4., 2., 17., 57., 52., 45., 47., 5., 1.,
       71., 118., 35., 10., 16., 14., 6., 9., 33., 21., 1., 17., 94., 4.,
       0., 4., 29., 7., 0., 2., 52., 17., 1., 5., 6., 11., 41., 94.,
       127., 40., 4., 2., 138., 73., 39., 24., 22., 11., 4., 12., 88.,
       12., 2., 15., 117., 1., 0., 2., 60., 10., 4., 5., 20., 24., 7.,
       5., 30., 10., 8., 56., 138., 7., 0., 8., 138., 27., 7., 10., 36.,
       3., 1., 50., 74., 4., 1., 16., 101., 23., 5., 18., 40., 17., 27.,
       43., 31., 3., 2., 11., 23., 4., 3., 19., 138., 45., 12., 26.,
       138., 6., 1., 7., 22., 8., 9., 94., 35., 8., 2., 32., 58., 7., 1.,
       9., 20., 7., 2., 15., 78., 6., 2., 10., 11., 14., 46., 73., 60.,
       12., 9., 16., 111., 68., 27., 9., 34., 2., 4., 24., 30., 7., 1.,
       14., 119., 21., 4., 10., 119., 4., 0., 2., 5., 3., 2., 27., 10.,
       18., 32., 44., 82., 74., 61., 13., 119., 70., 19., 7., 27., 9.,
       30., 47., 39., 14., 9., 39., 119., 37., 8., 14., 119., 38., 7.,
       6., 3., 3., 4., 25., 3., 2., 19., 59., 37., 65., 93., 9., 103.,
       21., 13., 19., 37., 10., 66., 73., 43., 11., 8., 60., 119., 23.,
       4., 11., 119., 29., 6., 8., 6., 3., 1., 8., 1., 3., 2., 2., 5.,
       21., 79., 5., 4., 0., 1., 6., 59., 10., 63., 30., 18., 4., 2.,
       27., 119., 15., 4., 12., 119., 15., 1., 3., 5., 2., 2., 18., 16.,
       5., 2., 14., 116., 24., 1., 3., 116., 28., 5., 10., 8., 3., 1.,
       9., 31., 9., 81., 45., 8., 1., 2., 2., 12., 23., 84., 9., 1., 3.,
       2., 7., 11., 6., 2., 5., 116., 50., 5., 8., 116., 41., 4., 11.,
       40., 13., 6., 37., 29., 9., 62., 69., 109., 33., 12., 22., 48.,
       68., 92., 11., 3., 2., 11., 59., 2., 1., 2., 12., 116., 63., 9.,
       7., 115., 49., 8., 12., 36., 19., 11., 34., 33., 11., 22., 33.,
       116., 89., 21., 4., 78., 56., 56., 19., 15., 23., 39., 41., 1.,
