%YAML:1.0
---
mat: !!opencv-matrix
   rows: 68
   cols: 128
   dt: f
   data: [ 0., 0., 0., 0., 0., 0., 0., 1., 4., 7., 13., 5., 0., 0., 0.,
       10., 17., 13., 5., 0., 0., 0., 8., 72., 1., 0., 0., 0., 0., 0.,
       29., 87., 0., 0., 0., 5., 15., 14., 29., 22., 23., 50., 79., 91.,
       85., 51., 8., 7., 142., 128., 41., 9., 4., 5., 4., 61., 34., 1.,
       0., 0., 0., 0., 21., 119., 0., 0., 0., 0., 9., 35., 60., 54., 27.,
       7., 5., 11., 98., 142., 48., 31., 142., 33., 3., 2., 9., 48., 25.,
       105., 88., 12., 0., 0., 0., 0., 3., 40., 19., 27., 1., 0., 0., 7.,
       26., 39., 8., 7., 0., 0., 67., 142., 21., 13., 93., 111., 7., 0.,
       44., 63., 6., 17., 61., 118., 1., 0., 0., 0., 0., 0., 106., 14.,
       0., 28., 42., 0., 3., 23., 74., 3., 2., 61., 100., 2., 0., 28.,
       68., 5., 11., 99., 69., 5., 1., 25., 85., 12., 13., 32., 39., 11.,
       6., 43., 105., 12., 10., 113., 47., 0., 0., 16., 113., 21., 11.,
       85., 66., 1., 0., 34., 53., 8., 12., 113., 113., 24., 10., 30.,
       113., 19., 13., 24., 13., 6., 8., 80., 36., 10., 13., 92., 71.,
       28., 14., 18., 113., 38., 17., 62., 32., 15., 16., 42., 40., 25.,
       29., 103., 72., 41., 25., 24., 95., 54., 28., 2., 2., 4., 9., 44.,
       1., 6., 55., 5., 9., 14., 9., 5., 9., 6., 64., 8., 7., 9., 10.,
       16., 6., 3., 61., 10., 11., 24., 21., 10., 13., 13., 65., 7., 1.,
       1., 5., 9., 0., 1., 6., 5., 2., 1., 47., 31., 7., 16., 12., 4.,
       5., 2., 47., 38., 11., 19., 25., 28., 23., 4., 31., 20., 27., 22.,
       10., 7., 20., 5., 23., 16., 2., 4., 14., 24., 54., 59., 34., 11.,
       86., 50., 28., 17., 30., 30., 15., 76., 62., 15., 12., 24., 113.,
       97., 17., 58., 100., 14., 5., 3., 67., 29., 10., 82., 3., 5., 7.,
       30., 115., 58., 21., 8., 115., 67., 16., 24., 62., 22., 9., 55.,
       114., 10., 0., 5., 115., 43., 5., 28., 115., 3., 0., 1., 67., 38.,
       3., 35., 2., 2., 1., 5., 115., 39., 8., 7., 115., 22., 2., 5.,
       46., 23., 15., 90., 80., 9., 1., 7., 115., 24., 1., 18., 115.,
       13., 0., 4., 44., 13., 0., 6., 27., 95., 25., 3., 12., 78., 95.,
       16., 114., 67., 1., 2., 4., 11., 31., 70., 54., 6., 1., 34., 114.,
       2., 0., 9., 92., 4., 1., 25., 47., 3., 1., 18., 14., 10., 1., 26.,
       65., 113., 94., 16., 114., 52., 2., 19., 53., 34., 9., 12., 79.,
       16., 6., 100., 114., 1., 0., 6., 102., 11., 3., 35., 77., 6., 0.,
       17., 9., 1., 10., 114., 76., 8., 3., 8., 114., 12., 5., 53., 53.,
       5., 2., 30., 63., 29., 15., 114., 89., 24., 13., 15., 85., 40.,
       12., 50., 36., 12., 5., 13., 2., 0., 23., 23., 24., 14., 7., 6.,
       23., 5., 41., 10., 11., 8., 6., 19., 9., 2., 38., 12., 23., 30.,
       22., 14., 14., 4., 34., 11., 8., 9., 8., 13., 2., 4., 6., 4., 1.,
       0., 18., 48., 6., 13., 7., 6., 19., 11., 19., 43., 65., 30., 16.,
       14., 30., 12., 2., 15., 58., 9., 0., 1., 6., 4., 9., 38., 16.,
       21., 22., 29., 46., 42., 11., 19., 113., 58., 21., 12., 32., 51.,
       10., 27., 98., 46., 6., 2., 88., 106., 4., 9., 81., 64., 95., 32.,
       16., 6., 1., 10., 61., 37., 5., 2., 29., 98., 15., 25., 113., 35.,
       0., 1., 31., 75., 12., 26., 51., 30., 7., 2., 68., 113., 11., 4.,
       3., 27., 113., 59., 31., 113., 45., 0., 105., 64., 6., 3., 26.,
       28., 3., 12., 77., 48., 1., 0., 58., 63., 1., 3., 73., 58., 0.,
       2., 48., 60., 2., 1., 2., 7., 20., 43., 93., 113., 52., 3., 9.,
       1., 0., 20., 134., 9., 0., 0., 134., 0., 0., 22., 118., 1., 0.,
       32., 108., 1., 1., 30., 8., 0., 0., 18., 9., 1., 2., 39., 7., 1.,
       5., 10., 19., 11., 2., 16., 134., 13., 0., 1., 134., 13., 0., 12.,
       134., 3., 0., 26., 117., 5., 1., 36., 65., 0., 0., 11., 61., 2.,
       2., 16., 17., 1., 1., 29., 13., 17., 38., 66., 120., 14., 3., 6.,
       134., 27., 1., 24., 101., 19., 4., 49., 116., 9., 0., 4., 78.,
       12., 1., 15., 70., 5., 1., 4., 16., 3., 1., 14., 64., 7., 10.,
       21., 34., 40., 11., 31., 117., 0., 0., 1., 27., 47., 13., 83.,
       49., 0., 0., 0., 16., 32., 5., 19., 16., 9., 8., 7., 3., 19., 8.,
       2., 0., 6., 16., 57., 53., 0., 0., 0., 20., 10., 30., 49., 74.,
       10., 4., 19., 118., 26., 7., 5., 17., 6., 4., 52., 19., 11., 18.,
       84., 16., 0., 0., 2., 5., 4., 7., 28., 118., 15., 0., 2., 118.,
       13., 11., 19., 86., 18., 8., 53., 42., 74., 47., 25., 76., 22.,
       8., 27., 30., 60., 35., 96., 97., 8., 2., 3., 6., 1., 0., 2.,
       118., 18., 4., 15., 118., 15., 0., 1., 118., 13., 1., 14., 73.,
       20., 5., 6., 118., 66., 4., 13., 69., 22., 4., 6., 43., 37., 41.,
       58., 6., 3., 1., 12., 118., 7., 3., 12., 107., 1., 0., 2., 68.,
       9., 7., 74., 33., 0., 0., 1., 67., 48., 33., 34., 25., 0., 0., 0.,
       5., 10., 30., 98., 3., 9., 46., 99., 17., 0., 0., 0., 89., 42.,
       40., 46., 18., 0., 0., 1., 42., 7., 11., 97., 80., 0., 0., 5.,
       113., 6., 6., 25., 6., 2., 1., 34., 57., 34., 36., 48., 60., 27.,
       6., 22., 119., 25., 4., 21., 63., 22., 6., 12., 111., 4., 1., 42.,
       119., 0., 0., 13., 119., 6., 5., 16., 8., 0., 0., 26., 57., 1.,
       0., 3., 24., 66., 35., 119., 69., 12., 11., 42., 47., 75., 32.,
       25., 104., 8., 8., 71., 117., 9., 9., 26., 119., 4., 1., 5., 4.,
       3., 3., 30., 3., 0., 0., 12., 42., 8., 14., 47., 33., 6., 7., 79.,
       113., 16., 4., 7., 63., 3., 3., 12., 10., 12., 39., 75., 37., 0.,
       0., 0., 0., 12., 15., 56., 0., 6., 15., 53., 51., 0., 0., 0., 14.,
       9., 30., 51., 82., 12., 3., 14., 116., 25., 5., 4., 21., 8., 4.,
       51., 24., 10., 15., 74., 15., 0., 0., 2., 3., 4., 9., 32., 116.,
       14., 0., 1., 116., 15., 15., 25., 89., 17., 7., 48., 51., 67.,
       44., 21., 63., 22., 9., 34., 20., 64., 41., 95., 93., 6., 1., 2.,
       4., 1., 0., 2., 116., 22., 4., 15., 116., 18., 0., 1., 116., 17.,
       1., 12., 80., 22., 6., 7., 116., 67., 3., 10., 70., 30., 7., 8.,
       56., 38., 31., 44., 5., 2., 0., 8., 116., 8., 2., 12., 115., 2.,
       0., 2., 90., 10., 5., 58., 49., 1., 0., 1., 74., 49., 24., 27.,
       32., 0., 0., 0., 11., 17., 31., 98., 7., 13., 45., 101., 23., 0.,
       0., 0., 109., 41., 29., 39., 25., 0., 0., 1., 50., 5., 8., 92.,
       94., 0., 0., 7., 118., 5., 4., 18., 5., 1., 1., 34., 67., 29.,
       25., 35., 57., 38., 10., 28., 118., 23., 3., 18., 67., 23., 8.,
       14., 117., 4., 1., 39., 118., 0., 0., 14., 118., 6., 5., 15., 5.,
       0., 0., 22., 46., 0., 0., 3., 19., 69., 37., 118., 55., 12., 13.,
       53., 53., 66., 28., 20., 106., 7., 8., 65., 100., 11., 13., 34.,
       118., 3., 1., 3., 3., 4., 4., 33., 2., 0., 0., 16., 54., 7., 9.,
       34., 43., 6., 7., 76., 111., 14., 4., 9., 66., 3., 2., 7., 6.,
       11., 39., 81., 31., 0., 0., 0., 0., 13., 15., 52., 123., 13., 0.,
       1., 28., 26., 2., 14., 59., 3., 0., 2., 123., 123., 7., 19., 123.,
       4., 0., 0., 21., 46., 13., 55., 42., 8., 0., 0., 39., 75., 6., 4.,
       54., 4., 2., 17., 26., 21., 33., 49., 47., 7., 3., 89., 123., 67.,
       5., 10., 123., 18., 2., 10., 23., 34., 12., 34., 28., 7., 5., 25.,
       67., 104., 10., 8., 0., 0., 13., 37., 45., 50., 24., 5., 15., 2.,
       8., 71., 117., 123., 14., 10., 122., 58., 69., 32., 10., 18., 12.,
       20., 8., 17., 55., 123., 61., 6., 0., 1., 0., 0., 47., 59., 4.,
       0., 0., 0., 0., 0., 28., 102., 16., 3., 0., 0., 0., 8., 35., 25.,
       3., 1., 0., 0., 0., 1., 14., 18., 6., 0., 0., 0., 3., 12., 105.,
       13., 7., 27., 11., 3., 2., 120., 128., 6., 7., 12., 0., 0., 17.,
       77., 17., 0., 0., 0., 0., 2., 4., 2., 1., 0., 0., 0., 2., 8., 32.,
       4., 9., 5., 33., 116., 28., 18., 46., 127., 45., 8., 128., 128.,
       1., 2., 128., 128., 6., 0., 7., 3., 0., 8., 21., 13., 1., 0., 0.,
       0., 1., 4., 9., 4., 27., 40., 46., 15., 4., 17., 52., 5., 2., 55.,
       128., 51., 17., 68., 128., 13., 1., 0., 14., 5., 5., 128., 21.,
       4., 3., 1., 0., 0., 1., 6., 2., 8., 31., 30., 10., 4., 49., 13.,
