%YAML:1.0
---
mat: !!opencv-matrix
   rows: 39
   cols: 128
   dt: f
   data: [ 127., 14., 4., 8., 12., 2., 2., 54., 12., 5., 7., 116., 117.,
       1., 0., 2., 127., 13., 5., 52., 67., 3., 2., 57., 73., 5., 5.,
       40., 56., 12., 2., 23., 110., 26., 16., 32., 15., 1., 1., 23.,
       16., 17., 30., 127., 127., 17., 8., 10., 127., 84., 31., 65., 18.,
       3., 6., 42., 44., 19., 58., 90., 40., 19., 4., 2., 28., 20., 21.,
       13., 20., 5., 0., 13., 8., 3., 11., 42., 102., 100., 93., 34.,
       101., 12., 11., 8., 7., 13., 66., 122., 12., 6., 17., 29., 36.,
       43., 22., 2., 0., 11., 48., 1., 0., 0., 0., 0., 0., 5., 64., 7.,
       1., 5., 10., 1., 1., 7., 60., 2., 0., 1., 7., 4., 0., 4., 51., 7.,
       0., 1., 1., 0., 0., 0., 0., 0., 0., 0., 26., 68., 1., 2., 9., 6.,
       0., 0., 14., 61., 6., 12., 10., 2., 2., 3., 24., 24., 3., 2., 3.,
       11., 56., 44., 11., 7., 1., 0., 0., 2., 6., 3., 16., 39., 8., 20.,
       58., 121., 87., 25., 5., 12., 124., 124., 68., 36., 12., 8., 7.,
       22., 37., 5., 0., 1., 45., 99., 21., 18., 35., 38., 46., 16., 5.,
       8., 6., 18., 24., 8., 4., 21., 107., 124., 33., 23., 124., 55.,
       5., 7., 22., 88., 30., 63., 98., 27., 0., 0., 27., 50., 10., 15.,
       76., 39., 44., 24., 3., 4., 15., 124., 36., 22., 7., 1., 31.,
       102., 18., 35., 76., 50., 2., 3., 89., 107., 7., 5., 105., 85.,
       1., 1., 4., 7., 1., 1., 0., 0., 0., 0., 0., 0., 8., 11., 2., 3.,
       4., 2., 0., 0., 23., 39., 10., 7., 2., 0., 1., 7., 43., 71., 3.,
       9., 9., 12., 50., 34., 20., 13., 0., 0., 0., 2., 11., 12., 53.,
       56., 14., 33., 51., 64., 65., 37., 20., 20., 129., 95., 32., 9.,
       5., 13., 14., 38., 23., 1., 4., 12., 129., 100., 16., 15., 0., 0.,
       0., 0., 9., 36., 67., 54., 19., 7., 5., 11., 108., 129., 34., 17.,
       129., 58., 5., 2., 16., 37., 17., 57., 53., 22., 4., 2., 129.,
       103., 3., 8., 1., 0., 0., 0., 4., 13., 29., 37., 2., 1., 1., 0.,
       129., 125., 9., 3., 40., 121., 22., 1., 60., 47., 2., 6., 10.,
       88., 90., 26., 48., 22., 4., 3., 0., 0., 31., 92., 121., 42., 1.,
       0., 94., 26., 2., 23., 129., 80., 6., 17., 129., 79., 8., 6., 6.,
       14., 10., 50., 73., 28., 4., 7., 7., 20., 7., 6., 0., 0., 2., 12.,
       94., 128., 5., 0., 82., 3., 0., 5., 129., 129., 12., 19., 129.,
       27., 1., 5., 23., 24., 14., 52., 49., 35., 4., 21., 61., 30., 7.,
       6., 0., 0., 3., 32., 49., 98., 1., 0., 19., 0., 1., 7., 73., 129.,
       58., 20., 129., 28., 10., 11., 18., 22., 37., 48., 19., 19., 11.,
       27., 58., 14., 3., 3., 0., 0., 17., 69., 6., 2., 0., 0., 0., 0.,
       19., 35., 8., 20., 8., 1., 5., 5., 13., 14., 4., 6., 6., 3., 0.,
       2., 10., 10., 2., 1., 0., 0., 42., 25., 5., 26., 134., 54., 2.,
       2., 134., 134., 5., 4., 21., 28., 6., 17., 89., 40., 7., 9., 18.,
       38., 5., 8., 82., 24., 0., 2., 3., 1., 0., 1., 21., 1., 7., 39.,
       134., 111., 5., 8., 134., 39., 3., 2., 28., 31., 13., 78., 94.,
       32., 6., 11., 24., 50., 20., 26., 101., 52., 7., 4., 4., 2., 0.,
       1., 7., 0., 0., 2., 108., 134., 14., 4., 134., 21., 1., 3., 35.,
       45., 27., 49., 84., 31., 6., 37., 94., 22., 4., 8., 44., 77., 33.,
       11., 9., 3., 1., 2., 0., 0., 8., 23., 19., 61., 14., 1., 35., 9.,
       9., 10., 7., 33., 34., 25., 16., 10., 19., 22., 24., 6., 2., 3.,
       6., 8., 15., 5., 3., 3., 1., 2., 8., 10., 22., 118., 5., 0., 0.,
       2., 7., 8., 43., 118., 3., 0., 6., 25., 115., 59., 17., 9., 0.,
       0., 13., 34., 39., 12., 0., 2., 1., 10., 7., 7., 15., 11., 69.,
       118., 2., 1., 4., 9., 111., 6., 7., 29., 2., 2., 23., 118., 75.,
       8., 0., 10., 17., 27., 73., 98., 90., 6., 0., 1., 1., 17., 9.,
       24., 52., 6., 10., 13., 4., 13., 79., 106., 118., 39., 1., 4.,
       19., 28., 49., 56., 100., 28., 1., 33., 52., 30., 13., 17., 108.,
       11., 1., 2., 2., 6., 7., 29., 55., 1., 0., 0., 13., 34., 30.,
       118., 77., 21., 0., 0., 55., 109., 20., 16., 111., 17., 0., 0.,
       6., 37., 44., 29., 37., 7., 0., 0., 0., 8., 27., 27., 70., 55.,
       4., 12., 61., 11., 1., 5., 70., 13., 2., 15., 124., 50., 14., 32.,
       124., 28., 2., 2., 4., 3., 4., 38., 4., 4., 1., 1., 2., 1., 0.,
       0., 124., 24., 1., 5., 85., 18., 2., 23., 56., 30., 20., 40.,
       124., 43., 11., 20., 124., 95., 15., 8., 7., 3., 4., 22., 18., 7.,
       1., 1., 1., 0., 0., 1., 117., 25., 2., 8., 73., 15., 2., 22., 53.,
       17., 8., 39., 124., 65., 9., 20., 124., 41., 7., 9., 11., 12., 7.,
       44., 23., 5., 3., 19., 4., 0., 0., 1., 101., 27., 2., 15., 76.,
       3., 0., 3., 49., 28., 14., 84., 124., 14., 4., 6., 124., 87., 17.,
       19., 10., 3., 3., 14., 12., 10., 20., 35., 0., 0., 0., 0., 32.,
       8., 0., 2., 28., 14., 1., 5., 14., 16., 19., 51., 124., 31., 2.,
       1., 142., 81., 15., 12., 15., 4., 1., 3., 15., 8., 0., 51., 129.,
       20., 8., 4., 50., 9., 0., 0., 38., 11., 0., 19., 24., 11., 3.,
       40., 142., 34., 2., 3., 142., 50., 4., 17., 35., 6., 2., 11., 38.,
       4., 5., 17., 111., 29., 13., 7., 30., 24., 0., 2., 36., 2., 0.,
       7., 19., 1., 0., 8., 142., 45., 6., 17., 142., 5., 0., 2., 31.,
       17., 7., 76., 37., 1., 5., 25., 117., 42., 0., 6., 55., 10., 0.,
       1., 25., 1., 0., 12., 14., 5., 2., 9., 142., 19., 2., 9., 142.,
       30., 3., 3., 18., 4., 2., 33., 21., 4., 1., 18., 73., 33., 5., 3.,
       82., 34., 6., 3., 16., 2., 1., 21., 14., 3., 1., 38., 142., 24.,
       2., 3., 142., 14., 2., 11., 18., 6., 2., 14., 31., 1., 0., 12.,
       46., 6., 0., 2., 120., 36., 0., 6., 34., 0., 7., 30., 30., 15.,
       7., 87., 142., 4., 0., 2., 142., 37., 6., 19., 19., 1., 0., 14.,
       39., 1., 0., 6., 32., 21., 0., 3., 112., 27., 13., 6., 41., 3.,
       5., 19., 36., 5., 2., 13., 142., 38., 4., 19., 142., 26., 2., 3.,
       22., 9., 3., 47., 37., 8., 0., 23., 50., 8., 0., 0., 117., 17.,
       6., 2., 20., 9., 1., 52., 16., 4., 1., 4., 142., 74., 16., 14.,
       130., 27., 2., 1., 11., 12., 17., 51., 24., 12., 1., 8., 40., 9.,
       0., 2., 1., 3., 9., 52., 128., 0., 0., 0., 68., 128., 30., 28.,
       56., 1., 1., 21., 41., 74., 19., 27., 24., 0., 1., 7., 90., 6.,
       1., 6., 6., 0., 0., 5., 10., 3., 10., 107., 128., 3., 0., 1.,
       128., 25., 3., 28., 60., 7., 6., 64., 76., 23., 15., 6., 26., 36.,
       10., 32., 128., 8., 2., 1., 2., 2., 0., 12., 11., 0., 19., 77.,
       128., 20., 2., 10., 128., 28., 2., 7., 37., 9., 4., 69., 84., 24.,
       10., 13., 35., 26., 4., 21., 114., 1., 0., 1., 3., 3., 1., 26.,
       18., 0., 0., 13., 94., 36., 3., 20., 112., 2., 1., 2., 12., 12.,
       11., 120., 47., 4., 4., 8., 19., 26., 9., 23., 79., 2., 1., 1.,
       2., 0., 0., 14., 13., 26., 10., 22., 44., 6., 3., 5., 23., 17.,
       7., 70., 145., 4., 0., 1., 104., 85., 2., 6., 7., 0., 4., 22.,
       74., 41., 0., 0., 0., 0., 4., 17., 20., 26., 3., 10., 62., 34.,
       8., 10., 44., 19., 4., 28., 145., 82., 2., 4., 145., 38., 2., 3.,
       16., 5., 19., 72., 58., 7., 0., 0., 0., 0., 42., 82., 14., 36.,
       7., 13., 54., 26., 11., 6., 38., 12., 7., 47., 145., 71., 6., 11.,
       145., 23., 0., 3., 23., 13., 4., 40., 78., 5., 0., 0., 0., 0., 5.,
       17., 28., 0., 0., 1., 31., 31., 15., 16., 20., 2., 0., 9., 44.,
       145., 48., 12., 145., 25., 1., 2., 6., 35., 44., 54., 69., 12.,
       0., 0., 0., 0., 0., 7., 3., 10., 32., 52., 55., 67., 10., 2.,
       118., 87., 29., 13., 15., 19., 12., 9., 63., 14., 0., 4., 77.,
       10., 1., 5., 49., 3., 0., 0., 15., 22., 13., 14., 9., 11., 21.,
       61., 145., 34., 2., 3., 145., 68., 27., 22., 41., 8., 2., 24.,
       109., 11., 0., 8., 91., 14., 3., 10., 68., 19., 21., 16., 8., 5.,
       7., 10., 19., 7., 1., 17., 145., 34., 5., 7., 145., 29., 0., 7.,
       55., 12., 7., 57., 88., 11., 1., 11., 64., 21., 5., 18., 36., 14.,
       11., 19., 65., 6., 2., 16., 6., 10., 19., 35., 109., 48., 15.,
