%YAML:1.0
---
mat: !!opencv-matrix
   rows: 66
   cols: 128
   dt: f
   data: [ 1., 2., 3., 11., 57., 4., 0., 0., 22., 4., 2., 33., 159., 62.,
       0., 1., 159., 53., 2., 9., 27., 16., 0., 2., 55., 25., 8., 3., 9.,
       1., 0., 0., 2., 3., 17., 28., 57., 1., 0., 0., 32., 13., 8., 140.,
       159., 28., 5., 6., 159., 45., 9., 35., 31., 7., 5., 22., 74., 22.,
       21., 1., 1., 0., 0., 1., 1., 3., 33., 19., 32., 4., 0., 0., 13.,
       1., 4., 15., 159., 159., 61., 27., 159., 9., 1., 2., 11., 34.,
       63., 125., 32., 9., 19., 2., 0., 0., 0., 4., 0., 1., 12., 2., 1.,
       0., 0., 0., 0., 0., 1., 1., 4., 15., 8., 1., 2., 0., 0., 0., 0.,
       3., 8., 7., 1., 0., 0., 0., 0., 0., 0., 0., 8., 20., 61., 119.,
       3., 0., 0., 0., 60., 82., 68., 36., 14., 7., 0., 2., 35., 109.,
       20., 13., 21., 10., 0., 1., 19., 38., 1., 0., 0., 0., 0., 0., 29.,
       8., 14., 110., 33., 14., 61., 29., 119., 25., 6., 4., 17., 28.,
       28., 50., 94., 50., 1., 1., 79., 95., 5., 9., 117., 41., 0., 0.,
       4., 7., 2., 8., 14., 0., 0., 2., 15., 37., 109., 119., 119., 23.,
       0., 0., 36., 65., 53., 34., 87., 16., 0., 0., 57., 106., 11., 18.,
       119., 1., 0., 0., 10., 18., 7., 31., 20., 0., 0., 0., 29., 27.,
       10., 101., 50., 21., 0., 0., 107., 73., 5., 5., 71., 28., 0., 0.,
       6., 24., 8., 16., 30., 0., 0., 0., 3., 10., 7., 33., 0., 9., 52.,
       25., 53., 1., 1., 1., 25., 2., 7., 26., 154., 28., 2., 12., 154.,
       3., 0., 1., 29., 11., 3., 58., 65., 1., 0., 8., 34., 3., 7., 10.,
       0., 14., 74., 47., 55., 26., 0., 0., 36., 20., 31., 145., 154.,
       28., 3., 8., 154., 60., 5., 17., 17., 5., 3., 30., 70., 11., 2.,
       15., 47., 0., 0., 2., 0., 0., 7., 30., 77., 61., 6., 0., 17., 2.,
       6., 31., 80., 95., 67., 51., 154., 12., 1., 2., 4., 14., 35.,
       154., 46., 9., 5., 22., 40., 4., 0., 5., 0., 0., 0., 3., 11., 50.,
       15., 0., 2., 0., 0., 1., 1., 32., 62., 30., 30., 2., 0., 0., 0.,
       0., 10., 56., 6., 3., 2., 3., 8., 3., 0., 1., 12., 2., 0., 8.,
       113., 4., 1., 4., 120., 1., 0., 10., 98., 1., 0., 19., 82., 1.,
       3., 9., 1., 0., 0., 6., 0., 2., 20., 57., 16., 0., 0., 0., 28.,
       2., 1., 22., 120., 1., 0., 8., 120., 31., 8., 16., 103., 0., 0.,
       23., 59., 13., 39., 120., 9., 0., 0., 4., 13., 19., 57., 120.,
       39., 2., 0., 0., 16., 10., 7., 65., 120., 0., 0., 1., 58., 117.,
       73., 46., 84., 0., 0., 0., 20., 57., 120., 92., 26., 0., 0., 0.,
       75., 14., 12., 44., 60., 3., 1., 8., 17., 5., 1., 63., 120., 1.,
       0., 1., 14., 15., 20., 39., 60., 5., 8., 8., 70., 26., 27., 11.,
       14., 5., 15., 42., 61., 3., 0., 4., 17., 11., 22., 66., 4., 10.,
       20., 50., 94., 45., 2., 1., 116., 94., 22., 18., 25., 12., 2., 4.,
       55., 14., 0., 4., 72., 6., 2., 6., 28., 2., 1., 1., 6., 45., 25.,
       9., 10., 8., 9., 48., 152., 25., 0., 1., 152., 71., 15., 25., 61.,
       5., 0., 12., 107., 12., 1., 3., 61., 35., 3., 13., 41., 13., 42.,
       51., 12., 5., 8., 7., 13., 3., 3., 12., 152., 46., 5., 6., 152.,
       15., 0., 5., 68., 23., 9., 60., 86., 6., 4., 27., 58., 13., 1.,
       10., 3., 2., 11., 39., 84., 15., 6., 3., 5., 6., 27., 63., 86.,
       39., 7., 7., 142., 22., 4., 12., 24., 21., 14., 75., 38., 4., 1.,
       15., 68., 1., 0., 11., 12., 2., 1., 4., 56., 7., 2., 5., 18., 14.,
       5., 19., 94., 77., 4., 2., 113., 94., 9., 13., 25., 12., 2., 3.,
       47., 23., 5., 22., 62., 34., 6., 10., 56., 15., 1., 0., 49., 18.,
       2., 11., 11., 9., 9., 46., 145., 25., 1., 4., 145., 68., 13., 17.,
       31., 13., 4., 30., 75., 5., 0., 0., 13., 69., 57., 44., 26., 0.,
       0., 0., 31., 36., 25., 47., 11., 0., 0., 3., 145., 59., 2., 5.,
       145., 23., 0., 0., 37., 19., 5., 28., 132., 11., 0., 1., 1., 6.,
       38., 20., 0., 0., 0., 8., 55., 15., 19., 9., 2., 1., 3., 9., 145.,
       32., 2., 3., 145., 11., 0., 1., 28., 15., 4., 37., 122., 8., 0.,
       2., 2., 0., 0., 7., 0., 0., 0., 7., 62., 2., 0., 0., 38., 10., 0.,
       2., 63., 11., 0., 2., 39., 24., 7., 21., 138., 42., 3., 7., 138.,
       59., 4., 4., 6., 5., 1., 12., 21., 3., 0., 3., 9., 32., 31., 6.,
       59., 13., 0., 1., 62., 13., 1., 8., 38., 22., 10., 50., 138., 51.,
       4., 9., 138., 78., 8., 11., 13., 7., 2., 22., 38., 11., 8., 4.,
       10., 6., 1., 5., 85., 16., 0., 0., 44., 14., 0., 18., 23., 4., 2.,
       10., 138., 138., 22., 24., 138., 17., 2., 6., 18., 24., 18., 75.,
       32., 5., 53., 90., 41., 5., 0., 2., 55., 23., 0., 2., 15., 4., 0.,
       10., 7., 3., 4., 26., 120., 50., 7., 6., 105., 33., 8., 10., 21.,
       15., 8., 30., 18., 4., 7., 34., 124., 56., 7., 2., 130., 42., 9.,
       2., 7., 1., 31., 68., 28., 9., 6., 41., 106., 20., 4., 8., 116.,
       33., 9., 13., 15., 9., 8., 39., 30., 3., 0., 8., 39., 8., 0., 8.,
       16., 1., 0., 4., 27., 6., 71., 66., 15., 18., 16., 108., 141., 9.,
       2., 10., 141., 108., 21., 32., 26., 3., 1., 18., 57., 8., 0., 27.,
       62., 7., 0., 1., 11., 3., 1., 12., 48., 7., 2., 2., 18., 7., 2.,
       43., 141., 45., 9., 16., 141., 28., 3., 11., 29., 14., 10., 79.,
       54., 6., 1., 15., 74., 12., 0., 4., 14., 41., 18., 7., 34., 4.,
       0., 2., 19., 6., 1., 28., 141., 45., 5., 10., 141., 20., 2., 7.,
       17., 10., 5., 30., 36., 2., 0., 13., 66., 7., 0., 2., 136., 61.,
       8., 2., 58., 17., 3., 6., 52., 15., 1., 2., 136., 76., 2., 5.,
       136., 50., 1., 1., 6., 6., 2., 8., 24., 4., 0., 0., 0., 0., 3.,
       4., 136., 23., 1., 3., 34., 19., 15., 31., 46., 4., 0., 0., 136.,
       107., 6., 11., 136., 26., 0., 0., 19., 16., 6., 21., 52., 7., 0.,
       0., 0., 0., 3., 3., 61., 2., 1., 3., 17., 14., 47., 102., 12., 1.,
       0., 1., 136., 108., 20., 16., 136., 11., 1., 1., 14., 24., 24.,
       53., 59., 4., 0., 0., 1., 3., 3., 9., 0., 0., 0., 4., 8., 4., 14.,
       10., 1., 1., 3., 30., 120., 29., 1., 1., 100., 61., 13., 26., 31.,
       7., 1., 5., 52., 22., 0., 0., 1., 1., 0., 2., 3., 3., 1., 5., 15.,
       1., 0., 1., 3., 1., 1., 27., 136., 24., 7., 7., 97., 8., 1., 4.,
       22., 11., 12., 79., 33., 2., 1., 0., 0., 0., 2., 18., 1., 2., 2.,
       18., 37., 0., 0., 0., 12., 15., 22., 110., 136., 2., 1., 2., 136.,
       57., 20., 18., 8., 1., 1., 11., 34., 11., 53., 56., 8., 0., 0.,
       2., 0., 1., 4., 21., 71., 0., 0., 0., 48., 15., 6., 94., 136., 0.,
       0., 3., 136., 25., 4., 20., 36., 0., 0., 20., 23., 16., 31., 103.,
       123., 1., 3., 9., 0., 0., 2., 15., 84., 2., 0., 0., 60., 9., 2.,
       48., 136., 8., 1., 8., 136., 14., 1., 9., 52., 2., 0., 23., 16.,
       18., 17., 53., 136., 22., 13., 11., 7., 55., 26., 2., 10., 86.,
       9., 6., 125., 111., 3., 0., 1., 13., 14., 67., 113., 20., 0., 0.,
       0., 0., 0., 17., 1., 2., 1., 1., 1., 1., 1., 1., 8., 125., 34.,
       2., 11., 70., 17., 5., 125., 119., 2., 0., 1., 25., 40., 110.,
       125., 22., 1., 0., 0., 0., 0., 28., 2., 1., 6., 6., 1., 0., 0.,
       1., 58., 84., 14., 2., 5., 31., 24., 41., 125., 98., 0., 0., 0.,
       0., 6., 125., 113., 12., 1., 1., 0., 0., 0., 29., 1., 0., 2., 3.,
       2., 3., 0., 0., 54., 5., 0., 0., 0., 101., 103., 38., 125., 30.,
       0., 0., 0., 7., 24., 93., 44., 12., 1., 1., 0., 1., 0., 20., 0.,
       0., 2., 2., 1., 1., 0., 0., 1., 7., 4., 1., 20., 112., 15., 3.,
       40., 55., 10., 3., 69., 116., 7., 3., 104., 77., 3., 7., 40., 16.,
       2., 3., 50., 19., 4., 12., 49., 16., 2., 3., 1., 1., 0., 2., 62.,
       19., 19., 7., 23., 23., 16., 71., 151., 46., 3., 4., 151., 99.,
       17., 21., 29., 21., 4., 13., 50., 9., 2., 8., 29., 50., 25., 33.,
       0., 0., 0., 1., 76., 13., 5., 1., 33., 4., 2., 15., 151., 59., 3.,
       10., 151., 22., 2., 3., 25., 16., 9., 42., 50., 2., 0., 0., 3.,
       21., 57., 31., 0., 6., 15., 8., 54., 4., 1., 1., 14., 1., 1., 9.,
       151., 41., 2., 6., 151., 11., 0., 0., 19., 12., 3., 31., 64., 3.,
