%YAML:1.0
---
mat: !!opencv-matrix
   rows: 88
   cols: 128
   dt: f
   data: [ 0., 0., 0., 0., 0., 0., 39., 40., 4., 6., 19., 10., 1., 0.,
       16., 56., 14., 27., 17., 3., 8., 3., 2., 37., 6., 3., 5., 25.,
       82., 18., 2., 3., 3., 12., 10., 2., 13., 9., 29., 21., 13., 25.,
       52., 90., 121., 36., 9., 7., 125., 118., 49., 22., 14., 12., 4.,
       19., 37., 5., 0., 1., 93., 96., 7., 11., 73., 53., 38., 7., 9.,
       12., 6., 48., 30., 6., 1., 7., 125., 125., 15., 22., 125., 29.,
       1., 2., 23., 61., 14., 46., 88., 8., 0., 0., 73., 93., 6., 12.,
       73., 62., 30., 11., 4., 4., 8., 49., 48., 27., 1., 0., 71., 110.,
       5., 10., 125., 45., 3., 5., 62., 66., 5., 12., 100., 44., 0., 0.,
       18., 33., 1., 2., 0., 0., 7., 20., 10., 0., 0., 0., 1., 2., 3.,
       130., 121., 0., 0., 0., 125., 11., 8., 86., 43., 0., 0., 37.,
       113., 1., 1., 2., 11., 1., 0., 40., 0., 0., 59., 60., 24., 0., 0.,
       0., 19., 4., 7., 130., 130., 10., 3., 3., 130., 31., 7., 45., 30.,
       4., 3., 36., 93., 27., 32., 9., 5., 0., 0., 13., 0., 0., 101.,
       36., 16., 1., 0., 0., 7., 0., 21., 47., 121., 77., 40., 15., 130.,
       29., 18., 3., 10., 21., 43., 75., 26., 32., 93., 5., 0., 0., 0.,
       1., 0., 1., 98., 3., 0., 0., 0., 0., 0., 1., 100., 8., 2., 6., 5.,
       1., 3., 7., 99., 2., 0., 2., 6., 5., 0., 5., 104., 1., 0., 0., 0.,
       0., 0., 0., 0., 0., 0., 0., 59., 33., 1., 3., 7., 4., 1., 0., 66.,
       47., 7., 9., 5., 0., 0., 0., 71., 57., 1., 0., 0., 0., 0., 0.,
       72., 51., 0., 0., 0., 2., 15., 21., 87., 38., 10., 28., 55., 74.,
       99., 41., 22., 9., 146., 102., 43., 12., 7., 2., 9., 41., 35., 1.,
       0., 0., 0., 0., 58., 84., 3., 0., 0., 0., 28., 46., 62., 38., 23.,
       6., 5., 11., 146., 146., 11., 13., 146., 21., 4., 2., 32., 27.,
       3., 77., 100., 0., 0., 0., 0., 0., 11., 48., 27., 12., 0., 0.,
       38., 12., 6., 10., 14., 0., 0., 0., 146., 54., 5., 13., 146., 0.,
       0., 0., 25., 14., 5., 75., 80., 1., 0., 0., 0., 0., 1., 12., 8.,
       9., 6., 30., 41., 12., 2., 1., 127., 41., 5., 15., 22., 4., 0.,
       6., 89., 42., 40., 61., 0., 0., 0., 13., 1., 1., 61., 127., 39.,
       0., 0., 0., 18., 32., 15., 96., 87., 10., 2., 2., 127., 67., 17.,
       43., 32., 6., 2., 16., 69., 23., 34., 127., 96., 10., 6., 10.,
       34., 9., 37., 113., 85., 37., 26., 32., 14., 20., 2., 9., 50.,
       42., 19., 11., 127., 24., 3., 6., 18., 25., 32., 82., 47., 15.,
       4., 21., 67., 35., 94., 67., 13., 1., 0., 3., 13., 29., 127.,
       109., 21., 26., 0., 0., 0., 2., 5., 4., 75., 34., 0., 0., 0., 1.,
       11., 51., 73., 34., 0., 0., 0., 0., 17., 57., 7., 13., 2., 0., 0.,
       0., 28., 20., 0., 0., 6., 33., 51., 24., 14., 4., 30., 40., 102.,
       75., 35., 20., 5., 2., 140., 69., 24., 1., 0., 0., 3., 22., 11.,
       0., 0., 0., 0., 0., 18., 46., 0., 0., 0., 4., 79., 105., 26., 4.,
       56., 16., 5., 14., 140., 140., 17., 7., 140., 50., 1., 1., 8., 5.,
       3., 19., 58., 2., 0., 0., 0., 0., 2., 20., 0., 0., 0., 0., 105.,
       35., 7., 3., 23., 1., 0., 3., 140., 76., 18., 26., 140., 5., 0.,
       0., 6., 10., 13., 69., 72., 2., 0., 0., 0., 0., 0., 9., 0., 0.,
       0., 0., 83., 16., 0., 1., 17., 8., 2., 8., 140., 24., 4., 14.,
       140., 27., 1., 1., 1., 1., 3., 37., 57., 6., 0., 0., 0., 0., 0.,
       3., 6., 8., 19., 23., 25., 18., 11., 12., 46., 29., 15., 8., 34.,
       25., 7., 29., 69., 17., 13., 20., 74., 59., 7., 30., 81., 10., 2.,
       1., 49., 31., 5., 33., 12., 11., 6., 17., 100., 60., 12., 9.,
       115., 53., 8., 8., 36., 29., 6., 30., 95., 10., 1., 3., 114., 82.,
       8., 24., 115., 13., 0., 0., 44., 47., 3., 22., 9., 2., 1., 4.,
       115., 82., 9., 9., 115., 18., 2., 3., 38., 28., 9., 50., 87., 14.,
       1., 3., 115., 64., 1., 7., 115., 37., 0., 1., 33., 18., 1., 2.,
       1., 2., 2., 5., 115., 45., 3., 2., 110., 54., 5., 7., 39., 14.,
       3., 14., 56., 19., 0., 2., 115., 33., 0., 2., 115., 38., 1., 2.,
       33., 8., 0., 1., 39., 8., 1., 7., 102., 12., 0., 2., 95., 36., 2.,
       6., 69., 12., 0., 2., 43., 9., 1., 7., 117., 45., 10., 22., 117.,
       14., 1., 1., 2., 2., 4., 32., 35., 8., 0., 8., 117., 9., 0., 10.,
       117., 9., 0., 6., 86., 11., 0., 12., 49., 13., 3., 12., 117., 33.,
       5., 9., 117., 36., 2., 4., 8., 2., 2., 10., 48., 14., 0., 2.,
       117., 17., 0., 5., 117., 29., 1., 5., 85., 11., 0., 8., 44., 12.,
       3., 28., 117., 36., 4., 7., 117., 28., 3., 6., 9., 8., 3., 11.,
       38., 22., 1., 7., 97., 5., 0., 2., 105., 21., 1., 10., 81., 6.,
       1., 8., 40., 13., 5., 44., 117., 9., 2., 3., 113., 37., 6., 9.,
       9., 2., 1., 6., 4., 1., 1., 5., 117., 27., 6., 6., 112., 7., 2.,
       5., 40., 12., 6., 57., 70., 3., 1., 12., 112., 15., 1., 15., 101.,
       2., 0., 2., 36., 16., 1., 16., 8., 6., 3., 17., 117., 17., 3., 4.,
       117., 28., 4., 9., 44., 9., 4., 33., 83., 5., 0., 13., 117., 21.,
       1., 9., 117., 8., 0., 6., 46., 10., 0., 6., 8., 2., 3., 16., 117.,
       26., 2., 5., 117., 24., 4., 12., 49., 10., 3., 16., 89., 6., 0.,
       22., 117., 4., 0., 10., 117., 4., 0., 12., 35., 8., 0., 15., 7.,
       4., 5., 42., 117., 9., 1., 2., 117., 35., 8., 19., 39., 7., 1.,
       13., 70., 7., 0., 3., 99., 26., 2., 10., 96., 5., 0., 5., 51., 5.,
       1., 10., 0., 1., 14., 27., 4., 0., 0., 0., 4., 11., 58., 51., 4.,
       1., 0., 1., 7., 10., 79., 58., 32., 3., 0., 1., 34., 14., 37.,
       29., 3., 0., 1., 15., 7., 26., 40., 125., 91., 0., 0., 0., 125.,
       70., 65., 83., 51., 3., 1., 10., 74., 13., 11., 29., 125., 14.,
       4., 31., 114., 13., 6., 4., 13., 3., 4., 56., 63., 41., 14., 73.,
       125., 1., 1., 13., 125., 27., 12., 31., 71., 1., 15., 75., 38.,
       10., 13., 22., 67., 10., 38., 107., 31., 0., 1., 0., 3., 16., 19.,
       93., 79., 2., 0., 11., 125., 8., 5., 27., 125., 0., 0., 1., 28.,
       2., 26., 92., 6., 0., 0., 0., 0., 0., 43., 67., 3., 0., 0., 1.,
       2., 3., 3., 20., 18., 12., 5., 19., 140., 48., 0., 0., 140., 80.,
       5., 7., 47., 11., 1., 1., 64., 18., 2., 3., 44., 34., 6., 6., 30.,
       25., 23., 28., 33., 5., 1., 4., 10., 5., 9., 10., 140., 110., 9.,
       7., 140., 35., 0., 2., 59., 47., 19., 78., 91., 11., 1., 4., 89.,
       10., 1., 10., 43., 7., 1., 2., 53., 26., 2., 7., 3., 5., 30.,
       106., 84., 43., 6., 4., 140., 51., 5., 28., 29., 18., 10., 42.,
       84., 20., 1., 3., 92., 8., 0., 5., 37., 13., 1., 12., 53., 8., 0.,
       2., 2., 1., 7., 28., 23., 128., 55., 3., 95., 21., 3., 8., 9.,
       32., 63., 25., 45., 33., 7., 32., 46., 1., 0., 1., 14., 21., 7.,
       21., 38., 1., 0., 0., 18., 2., 5., 49., 12., 8., 39., 78., 5., 3.,
       15., 77., 81., 60., 26., 9., 9., 1., 1., 3., 35., 49., 31., 30.,
       2., 0., 0., 0., 0., 7., 36., 22., 29., 33., 39., 126., 27., 1.,
       2., 11., 126., 37., 48., 126., 11., 14., 19., 49., 48., 2., 0.,
       1., 2., 119., 104., 76., 3., 1., 0., 0., 0., 32., 118., 96., 17.,
       8., 10., 86., 77., 20., 62., 45., 126., 34., 4., 16., 7., 15.,
       95., 85., 101., 40., 19., 37., 5., 33., 25., 23., 12., 42., 12.,
       8., 1., 6., 21., 30., 48., 3., 9., 13., 5., 4., 23., 126., 32.,
       4., 1., 12., 12., 31., 96., 68., 23., 11., 9., 39., 12., 4., 9.,
       24., 4., 9., 3., 4., 0., 0., 0., 7., 18., 4., 1., 4., 113., 78.,
       3., 7., 36., 12., 1., 1., 17., 36., 11., 12., 118., 45., 0., 0.,
       3., 8., 11., 9., 31., 14., 2., 13., 118., 26., 4., 2., 10., 17.,
       11., 83., 118., 68., 6., 3., 118., 57., 11., 17., 18., 35., 50.,
       38., 97., 29., 1., 2., 16., 57., 66., 27., 38., 29., 5., 17.,
       118., 23., 1., 1., 8., 2., 7., 46., 54., 118., 32., 10., 118.,
       39., 17., 20., 22., 77., 31., 49., 54., 31., 35., 86., 88., 29.,
       6., 7., 6., 26., 79., 70., 30., 7., 0., 0., 0., 0., 15., 118.,
       67., 8., 2., 1., 13., 53., 70., 45., 18., 6., 2., 3., 3., 22.,
