%YAML:1.0
---
mat: !!opencv-matrix
   rows: 71
   cols: 128
   dt: f
   data: [ 7., 0., 0., 0., 0., 0., 25., 94., 3., 2., 1., 0., 0., 0., 36.,
       121., 12., 3., 0., 0., 0., 0., 23., 121., 1., 0., 0., 0., 1., 2.,
       18., 82., 6., 5., 3., 0., 1., 2., 40., 121., 19., 17., 9., 16.,
       44., 20., 27., 51., 121., 36., 7., 6., 6., 3., 5., 64., 20., 0.,
       0., 0., 7., 13., 20., 55., 64., 64., 41., 26., 22., 15., 6., 24.,
       85., 27., 2., 3., 63., 121., 12., 17., 121., 60., 22., 3., 22.,
       41., 3., 27., 46., 27., 75., 25., 27., 10., 3., 17., 102., 17.,
       4., 6., 29., 99., 15., 20., 121., 23., 0., 0., 27., 99., 9., 19.,
       24., 50., 55., 14., 30., 121., 25., 1., 3., 26., 121., 66., 10.,
       46., 56., 2., 48., 22., 17., 31., 2., 0., 0., 1., 38., 49., 50.,
       55., 5., 0., 0., 0., 39., 25., 25., 49., 55., 0., 0., 4., 96.,
       30., 13., 9., 5., 0., 0., 11., 27., 12., 8., 75., 54., 1., 0., 3.,
       117., 48., 19., 81., 42., 1., 0., 6., 109., 31., 11., 83., 94.,
       0., 0., 8., 112., 39., 56., 45., 5., 0., 0., 16., 17., 19., 2.,
       13., 110., 7., 1., 2., 117., 16., 5., 50., 86., 8., 2., 19., 36.,
       70., 54., 117., 76., 1., 2., 5., 15., 90., 117., 67., 2., 1., 8.,
       10., 9., 15., 1., 2., 25., 14., 6., 3., 39., 3., 1., 14., 57.,
       32., 27., 33., 5., 7., 4., 35., 81., 34., 87., 74., 5., 11., 8.,
       2., 0., 1., 117., 99., 88., 25., 2., 35., 35., 1., 6., 24., 84.,
       10., 5., 81., 92., 1., 1., 17., 76., 9., 15., 92., 54., 4., 1.,
       14., 76., 17., 15., 27., 30., 8., 6., 29., 98., 17., 9., 110.,
       50., 1., 0., 6., 113., 19., 9., 99., 71., 0., 0., 26., 67., 14.,
       19., 113., 113., 13., 4., 19., 113., 38., 20., 25., 9., 4., 3.,
       27., 39., 10., 12., 93., 70., 21., 11., 14., 113., 31., 15., 66.,
       36., 13., 13., 38., 42., 19., 20., 110., 85., 35., 20., 21., 96.,
       48., 23., 3., 3., 3., 7., 30., 2., 4., 84., 8., 10., 11., 7., 4.,
       10., 10., 93., 7., 8., 8., 9., 15., 5., 3., 67., 15., 14., 23.,
       19., 9., 11., 13., 62., 1., 0., 1., 5., 9., 1., 2., 4., 2., 0.,
       0., 44., 67., 6., 11., 7., 5., 10., 4., 53., 62., 27., 29., 28.,
       25., 25., 8., 22., 31., 37., 18., 5., 5., 36., 25., 11., 17., 5.,
       7., 17., 25., 37., 39., 25., 23., 106., 56., 26., 14., 28., 37.,
       11., 52., 104., 16., 8., 14., 81., 112., 16., 45., 112., 9., 1.,
       0., 46., 62., 8., 45., 2., 3., 3., 9., 84., 102., 33., 10., 112.,
       74., 11., 12., 52., 47., 12., 45., 112., 20., 0., 0., 112., 95.,
       6., 17., 112., 19., 0., 0., 29., 52., 5., 14., 0., 0., 0., 1.,
       58., 87., 16., 3., 93., 19., 4., 4., 38., 58., 27., 70., 78., 15.,
       0., 1., 83., 68., 3., 23., 112., 36., 0., 1., 35., 23., 2., 5.,
       18., 7., 1., 2., 146., 106., 2., 1., 146., 71., 0., 1., 70., 22.,
       1., 7., 98., 15., 0., 6., 83., 11., 1., 5., 72., 3., 0., 2., 7.,
       1., 0., 5., 10., 3., 34., 69., 146., 30., 1., 4., 146., 22., 2.,
       17., 79., 23., 3., 52., 116., 20., 7., 31., 71., 18., 1., 16.,
       63., 25., 14., 14., 11., 1., 0., 7., 10., 3., 36., 79., 97., 28.,
       9., 8., 146., 44., 11., 35., 30., 16., 13., 46., 53., 63., 33.,
       107., 39., 1., 0., 2., 16., 65., 90., 32., 1., 0., 0., 0., 4., 1.,
       13., 12., 12., 26., 16., 7., 30., 14., 27., 9., 2., 3., 7., 23.,
       6., 9., 35., 31., 12., 1., 0., 1., 2., 7., 46., 19., 0., 0., 0.,
       0., 45., 9., 1., 28., 92., 1., 0., 8., 110., 6., 1., 22., 77., 2.,
       1., 22., 52., 3., 3., 40., 108., 9., 2., 8., 81., 11., 4., 13.,
       34., 9., 5., 24., 37., 16., 3., 69., 112., 0., 0., 3., 115., 26.,
       5., 51., 70., 1., 0., 14., 44., 17., 27., 115., 92., 4., 1., 2.,
       115., 54., 27., 28., 9., 4., 2., 10., 43., 15., 7., 115., 87., 0.,
       0., 1., 115., 33., 8., 49., 58., 1., 0., 11., 35., 13., 10., 96.,
       115., 30., 8., 13., 115., 42., 11., 10., 8., 6., 6., 29., 22., 9.,
       6., 66., 68., 20., 10., 11., 96., 33., 9., 32., 23., 7., 7., 24.,
       16., 12., 11., 73., 59., 31., 18., 12., 57., 35., 14., 3., 1., 2.,
       7., 19., 15., 16., 25., 24., 21., 17., 8., 16., 65., 29., 11., 5.,
       28., 35., 8., 34., 74., 13., 9., 13., 54., 74., 11., 35., 86., 6.,
       1., 0., 32., 38., 6., 37., 20., 18., 8., 16., 80., 76., 14., 13.,
       115., 74., 7., 5., 27., 31., 7., 34., 99., 11., 0., 0., 105., 87.,
       6., 17., 115., 12., 0., 0., 23., 42., 3., 18., 9., 3., 2., 4.,
       102., 115., 21., 15., 115., 17., 2., 2., 20., 34., 21., 92., 78.,
       8., 0., 1., 107., 96., 6., 18., 115., 28., 0., 0., 20., 21., 3.,
       10., 1., 2., 2., 6., 77., 59., 8., 4., 89., 51., 8., 7., 24., 15.,
       8., 28., 52., 16., 0., 1., 106., 45., 1., 4., 115., 36., 0., 1.,
       32., 12., 0., 1., 2., 20., 25., 65., 115., 20., 9., 4., 115., 16.,
       2., 12., 61., 24., 34., 115., 85., 4., 1., 44., 79., 1., 0., 51.,
       42., 10., 1., 26., 64., 4., 2., 11., 17., 33., 82., 56., 47., 57.,
       16., 12., 115., 54., 7., 19., 20., 6., 13., 87., 79., 8., 1., 69.,
       114., 0., 0., 21., 60., 4., 1., 35., 64., 2., 1., 20., 21., 8.,
       7., 16., 28., 115., 64., 11., 115., 34., 6., 34., 25., 22., 15.,
       35., 69., 20., 8., 107., 69., 0., 0., 5., 56., 19., 17., 96., 42.,
       1., 0., 5., 6., 4., 16., 81., 27., 10., 3., 1., 61., 18., 10.,
       70., 30., 7., 1., 3., 52., 27., 15., 80., 30., 4., 2., 8., 43.,
       12., 7., 51., 55., 3., 1., 7., 36., 11., 4., 5., 20., 31., 10.,
       20., 73., 10., 3., 3., 23., 41., 10., 47., 68., 25., 26., 3., 23.,
       34., 4., 32., 23., 44., 59., 3., 1., 2., 10., 23., 96., 9., 0.,
       1., 27., 45., 9., 37., 116., 1., 0., 0., 36., 62., 7., 43., 18.,
       17., 37., 27., 116., 107., 4., 6., 24., 86., 104., 14., 17., 17.,
       45., 28., 79., 12., 0., 1., 42., 32., 7., 35., 116., 19., 0., 0.,
       58., 34., 2., 9., 40., 7., 5., 36., 116., 116., 10., 5., 116.,
       44., 13., 24., 24., 30., 41., 40., 61., 31., 3., 5., 43., 18., 2.,
       2., 100., 18., 0., 0., 46., 24., 1., 6., 46., 10., 4., 33., 116.,
       36., 0., 1., 116., 92., 16., 29., 90., 16., 1., 2., 15., 14., 5.,
       21., 137., 60., 0., 0., 137., 96., 6., 8., 51., 13., 0., 0., 55.,
       23., 3., 7., 49., 32., 7., 7., 23., 17., 33., 34., 40., 8., 1.,
       6., 10., 6., 13., 11., 137., 99., 5., 5., 137., 40., 0., 1., 76.,
       45., 12., 54., 84., 18., 3., 8., 94., 11., 1., 6., 34., 14., 2.,
       3., 58., 27., 3., 8., 2., 5., 40., 96., 97., 38., 4., 3., 137.,
       67., 7., 29., 43., 19., 8., 31., 74., 39., 4., 17., 97., 3., 0.,
       2., 23., 26., 8., 34., 53., 2., 0., 0., 1., 0., 10., 31., 22.,
       127., 46., 1., 71., 25., 4., 13., 12., 40., 59., 17., 32., 42.,
       14., 51., 42., 1., 1., 1., 4., 26., 14., 41., 44., 0., 0., 0.,
       37., 0., 0., 0., 19., 14., 6., 33., 20., 4., 7., 20., 137., 29.,
       4., 19., 36., 75., 21., 9., 21., 5., 30., 69., 38., 83., 1., 0.,
       0., 4., 14., 19., 66., 4., 0., 5., 34., 8., 1., 18., 58., 19.,
       11., 93., 154., 16., 1., 10., 154., 43., 10., 21., 22., 12., 32.,
       64., 32., 8., 0., 0., 0., 24., 62., 31., 51., 18., 5., 11., 51.,
       11., 5., 15., 78., 11., 2., 20., 154., 27., 3., 12., 154., 25.,
       1., 4., 34., 9., 5., 25., 45., 11., 0., 0., 0., 8., 25., 6., 45.,
       7., 4., 7., 53., 15., 2., 8., 43., 5., 0., 1., 148., 83., 13.,
       23., 154., 39., 0., 0., 12., 16., 13., 59., 47., 19., 0., 0., 0.,
       0., 1., 8., 0., 24., 31., 9., 23., 105., 2., 0., 9., 24., 60.,
       59., 54., 79., 5., 4., 140., 20., 8., 8., 8., 15., 13., 70., 48.,
       1., 0., 6., 65., 6., 1., 16., 0., 0., 2., 2., 30., 92., 2., 0.,
       26., 15., 10., 18., 144., 134., 0., 3., 144., 51., 4., 4., 23.,
       5., 0., 20., 54., 2., 0., 8., 71., 7., 1., 7., 0., 4., 9., 10.,
       53., 2., 0., 0., 25., 2., 1., 25., 144., 13., 1., 7., 144., 11.,
       0., 2., 39., 6., 1., 31., 63., 2., 0., 20., 70., 2., 0., 5., 0.,
