%YAML:1.0
---
mat: !!opencv-matrix
   rows: 53
   cols: 128
   dt: f
   data: [ 121., 23., 9., 53., 40., 0., 0., 29., 121., 12., 2., 71.,
       121., 3., 1., 25., 95., 0., 0., 45., 114., 7., 6., 121., 108., 4.,
       2., 0., 0., 0., 0., 86., 121., 8., 6., 42., 18., 1., 6., 121.,
       75., 12., 16., 121., 103., 6., 3., 28., 121., 48., 12., 34., 31.,
       5., 5., 68., 61., 36., 25., 0., 0., 0., 0., 18., 47., 5., 4., 15.,
       12., 3., 19., 75., 15., 5., 5., 59., 71., 43., 32., 26., 121.,
       39., 15., 6., 3., 6., 21., 65., 17., 41., 102., 2., 0., 0., 0.,
       0., 0., 0., 0., 0., 1., 0., 0., 1., 0., 0., 0., 0., 2., 4., 5.,
       3., 3., 2., 4., 0., 0., 0., 3., 7., 0., 2., 20., 2., 0., 0., 0.,
       0., 0., 0., 0., 0., 0., 0., 0., 0., 0., 3., 5., 4., 1., 0., 0.,
       0., 10., 11., 4., 5., 20., 9., 2., 3., 18., 19., 28., 60., 80.,
       12., 1., 1., 0., 0., 0., 1., 7., 9., 12., 17., 10., 18., 25., 48.,
       73., 46., 8., 4., 125., 62., 22., 12., 37., 37., 7., 21., 52., 7.,
       1., 8., 125., 125., 6., 9., 0., 0., 0., 0., 2., 19., 63., 79., 9.,
       2., 1., 5., 73., 125., 43., 13., 125., 94., 6., 7., 46., 64., 14.,
       27., 52., 33., 0., 0., 110., 125., 7., 6., 0., 0., 0., 0., 0., 3.,
       25., 38., 0., 0., 0., 1., 125., 89., 14., 3., 80., 92., 5., 9.,
       125., 50., 0., 0., 111., 88., 1., 2., 15., 74., 10., 3., 1., 1.,
       0., 0., 1., 0., 0., 0., 1., 6., 15., 22., 11., 1., 0., 0., 38.,
       30., 19., 8., 1., 0., 5., 18., 6., 0., 0., 0., 0., 0., 36., 32.,
       50., 32., 20., 15., 18., 10., 3., 11., 51., 14., 17., 52., 141.,
       37., 4., 11., 141., 43., 21., 21., 32., 4., 3., 59., 41., 1., 0.,
       0., 0., 0., 31., 62., 111., 33., 6., 9., 50., 53., 9., 36., 82.,
       15., 0., 1., 141., 133., 7., 22., 141., 49., 0., 0., 37., 41., 8.,
       28., 90., 16., 0., 0., 0., 0., 5., 14., 88., 46., 3., 12., 123.,
       19., 0., 1., 109., 39., 1., 8., 56., 117., 12., 5., 121., 43.,
       22., 26., 20., 66., 41., 37., 79., 49., 5., 1., 1., 0., 1., 6.,
       5., 3., 1., 3., 6., 5., 11., 9., 5., 7., 7., 2., 30., 43., 74.,
       20., 81., 19., 12., 41., 105., 58., 22., 33., 124., 33., 8., 3.,
       1., 2., 2., 44., 5., 4., 3., 7., 13., 3., 2., 2., 82., 18., 12.,
       11., 35., 27., 7., 22., 77., 4., 1., 11., 117., 119., 17., 53.,
       124., 22., 9., 2., 2., 4., 6., 59., 5., 2., 2., 6., 5., 0., 0.,
       2., 124., 16., 4., 13., 40., 5., 1., 26., 120., 16., 5., 54.,
       124., 17., 2., 20., 124., 9., 2., 3., 3., 1., 15., 114., 2., 0.,
       0., 0., 0., 0., 2., 6., 40., 1., 0., 0., 38., 14., 28., 91., 118.,
       2., 0., 1., 124., 53., 11., 33., 124., 5., 1., 0., 3., 2., 3.,
       44., 8., 55., 52., 66., 0., 0., 0., 0., 15., 77., 55., 58., 12.,
       1., 0., 0., 3., 18., 97., 97., 27., 2., 0., 1., 1., 17., 115.,
       17., 6., 1., 0., 1., 25., 46., 74., 107., 5., 10., 8., 5., 115.,
       79., 26., 39., 37., 19., 2., 10., 27., 14., 23., 40., 115., 76.,
       6., 12., 11., 13., 49., 29., 53., 6., 2., 12., 15., 1., 2., 7.,
       3., 115., 115., 15., 115., 4., 0., 1., 17., 33., 53., 99., 26.,
       1., 4., 7., 115., 115., 38., 13., 13., 2., 7., 11., 28., 54., 67.,
       15., 0., 0., 1., 0., 0., 49., 80., 5., 7., 0., 1., 1., 2., 18.,
       75., 59., 1., 0., 0., 2., 10., 81., 46., 8., 0., 0., 0., 0., 2.,
       66., 98., 4., 8., 110., 67., 15., 5., 0., 0., 0., 34., 121., 46.,
       1., 0., 0., 0., 2., 16., 33., 41., 22., 0., 0., 1., 3., 1., 30.,
       36., 3., 0., 5., 5., 1., 37., 19., 13., 22., 10., 7., 13., 37.,
       121., 73., 17., 13., 11., 4., 9., 44., 45., 38., 71., 121., 100.,
       0., 0., 5., 8., 121., 91., 26., 9., 0., 0., 0., 24., 4., 3., 14.,
       7., 62., 89., 31., 121., 29., 3., 22., 41., 21., 33., 77., 26.,
       9., 5., 88., 121., 33., 37., 24., 12., 68., 21., 12., 17., 18.,
       55., 33., 5., 0., 0., 0., 1., 40., 81., 14., 11., 0., 0., 0., 18.,
       40., 76., 77., 1., 0., 0., 1., 50., 82., 110., 47., 0., 0., 0.,
       0., 58., 85., 72., 33., 37., 47., 27., 48., 6., 0., 0., 0., 28.,
       59., 53., 51., 7., 0., 0., 0., 11., 20., 46., 75., 20., 0., 0.,
       0., 1., 27., 77., 15., 5., 1., 0., 0., 35., 41., 80., 121., 11.,
       5., 11., 5., 121., 71., 42., 72., 23., 5., 10., 20., 59., 24.,
       28., 85., 121., 51., 3., 22., 19., 47., 74., 28., 35., 19., 9.,
       33., 6., 6., 13., 17., 14., 113., 68., 13., 121., 12., 11., 5.,
       15., 19., 34., 71., 62., 8., 3., 27., 121., 74., 4., 16., 26.,
       28., 19., 35., 67., 25., 10., 16., 1., 1., 1., 1., 2., 99., 78.,
       5., 39., 1., 2., 1., 5., 26., 91., 85., 10., 0., 0., 9., 62., 98.,
       38., 15., 11., 2., 1., 6., 24., 82., 84., 17., 34., 34., 16., 19.,
       1., 0., 0., 1., 5., 27., 43., 19., 2., 2., 1., 0., 3., 8., 7.,
       10., 10., 2., 1., 0., 0., 1., 8., 8., 15., 1., 0., 0., 62., 41.,
       103., 123., 4., 0., 0., 1., 123., 92., 73., 85., 7., 0., 0., 4.,
       43., 28., 73., 123., 48., 1., 1., 2., 6., 79., 123., 28., 5., 1.,
       1., 5., 21., 13., 60., 59., 14., 25., 37., 18., 123., 19., 19.,
       17., 28., 8., 16., 79., 46., 10., 11., 62., 123., 55., 6., 28.,
       23., 45., 40., 27., 41., 19., 16., 44., 19., 5., 9., 2., 15.,
       122., 60., 27., 123., 4., 3., 6., 27., 10., 27., 104., 17., 8.,
       3., 53., 123., 41., 5., 9., 20., 25., 14., 38., 45., 13., 7., 11.,
       1., 2., 31., 52., 35., 4., 1., 1., 86., 56., 67., 28., 6., 0., 1.,
       21., 38., 7., 0., 0., 0., 0., 41., 65., 0., 0., 0., 0., 0., 0.,
       38., 19., 23., 2., 7., 42., 148., 32., 4., 10., 148., 25., 15.,
       21., 46., 4., 1., 72., 111., 4., 0., 0., 0., 0., 22., 80., 0., 0.,
       0., 0., 0., 0., 27., 18., 23., 3., 0., 2., 148., 95., 11., 12.,
       148., 53., 0., 1., 31., 27., 18., 33., 148., 35., 0., 0., 0., 0.,
       5., 14., 1., 0., 0., 0., 0., 1., 7., 7., 35., 7., 0., 0., 99.,
       112., 10., 2., 124., 36., 3., 2., 19., 58., 57., 32., 148., 40.,
       2., 1., 0., 0., 4., 21., 2., 2., 2., 4., 4., 2., 2., 1., 52., 94.,
       39., 1., 0., 0., 0., 0., 26., 26., 30., 63., 6., 0., 0., 0., 19.,
       52., 47., 25., 2., 0., 0., 0., 5., 7., 21., 35., 7., 0., 0., 0.,
       91., 61., 35., 20., 4., 0., 0., 1., 38., 40., 122., 122., 9., 2.,
       4., 3., 122., 85., 36., 52., 18., 1., 1., 8., 23., 15., 36., 115.,
       89., 10., 1., 7., 8., 11., 12., 17., 14., 45., 55., 7., 35., 11.,
       39., 47., 14., 32., 48., 27., 122., 11., 7., 4., 24., 10., 12.,
       56., 26., 5., 1., 14., 122., 63., 2., 13., 0., 0., 0., 0., 4.,
       112., 81., 1., 22., 5., 10., 3., 9., 122., 85., 32., 122., 3., 2.,
       2., 17., 8., 30., 93., 10., 2., 1., 29., 115., 41., 7., 5., 0.,
       0., 0., 5., 73., 58., 14., 2., 31., 9., 9., 10., 50., 45., 30.,
       41., 132., 10., 1., 0., 6., 5., 6., 82., 8., 0., 0., 6., 132.,
       40., 3., 8., 1., 0., 0., 1., 59., 73., 12., 3., 16., 24., 36.,
       36., 93., 63., 27., 28., 132., 99., 27., 5., 9., 3., 3., 41., 22.,
       7., 0., 12., 132., 46., 2., 3., 2., 0., 0., 17., 88., 13., 1., 5.,
       35., 12., 9., 72., 132., 26., 1., 3., 132., 52., 6., 7., 12., 4.,
       1., 16., 44., 5., 0., 1., 87., 79., 2., 3., 0., 0., 0., 8., 85.,
       21., 1., 1., 18., 8., 4., 33., 132., 47., 3., 4., 132., 62., 4.,
       5., 6., 4., 2., 6., 57., 13., 1., 7., 17., 27., 8., 0., 1., 2.,
       77., 128., 20., 0., 0., 0., 4., 10., 19., 68., 38., 34., 17., 4.,
       17., 31., 21., 1., 4., 72., 53., 10., 39., 49., 47., 3., 1., 7.,
       48., 66., 25., 13., 60., 56., 31., 26., 12., 15., 128., 27., 11.,
       13., 9., 24., 72., 61., 19., 4., 0., 0., 0., 79., 128., 78., 10.,
       1., 0., 0., 0., 3., 88., 128., 20., 6., 9., 13., 21., 128., 89.,
       12., 128., 54., 1., 4., 4., 43., 82., 66., 80., 32., 0., 0., 0.,
       27., 89., 33., 2., 0., 0., 1., 1., 6., 32., 39., 32., 109., 49.,
       1., 3., 53., 43., 3., 43., 19., 0., 0., 0., 37., 112., 50., 34.,
