%YAML:1.0
---
mat: !!opencv-matrix
   rows: 100
   cols: 128
   dt: f
   data: [ 5., 0., 7., 11., 7., 2., 116., 59., 0., 16., 36., 7., 1., 43.,
       116., 7., 1., 11., 4., 0., 8., 116., 71., 0., 0., 0., 0., 0., 15.,
       45., 2., 0., 21., 21., 47., 38., 46., 19., 9., 11., 25., 66., 74.,
       46., 56., 21., 7., 5., 88., 84., 11., 3., 75., 104., 8., 8., 1.,
       0., 0., 2., 116., 72., 0., 0., 22., 34., 59., 20., 5., 24., 51.,
       22., 26., 6., 24., 39., 26., 21., 98., 80., 89., 8., 10., 96.,
       76., 3., 11., 94., 1., 0., 0., 66., 116., 5., 0., 0., 15., 74.,
       91., 0., 0., 6., 21., 8., 0., 11., 116., 27., 0., 5., 45., 19.,
       1., 0., 83., 116., 8., 0., 4., 13., 0., 0., 2., 50., 14., 0., 0.,
       0., 0., 0., 0., 0., 0., 0., 41., 5., 0., 0., 0., 0., 0., 0., 74.,
       14., 0., 0., 0., 0., 0., 5., 90., 7., 1., 0., 0., 0., 0., 2., 62.,
       19., 12., 2., 1., 0., 0., 0., 44., 21., 80., 2., 0., 1., 4., 15.,
       135., 147., 7., 0., 0., 8., 75., 144., 147., 41., 8., 3., 1., 2.,
       17., 20., 32., 26., 34., 24., 19., 0., 0., 0., 1., 4., 147., 68.,
       5., 9., 25., 9., 11., 54., 47., 10., 5., 74., 147., 58., 14., 15.,
       15., 19., 18., 19., 45., 6., 6., 18., 21., 21., 33., 0., 0., 0.,
       0., 0., 147., 80., 10., 17., 18., 3., 1., 1., 46., 18., 11., 106.,
       147., 13., 1., 1., 2., 15., 51., 25., 39., 2., 0., 0., 1., 0., 0.,
       0., 1., 21., 80., 21., 1., 0., 0., 0., 1., 27., 46., 8., 1., 0.,
       0., 0., 0., 1., 82., 18., 0., 0., 0., 0., 0., 13., 67., 1., 5.,
       1., 1., 65., 66., 51., 85., 80., 66., 4., 2., 24., 33., 46., 105.,
       114., 9., 1., 13., 21., 13., 6., 128., 90., 0., 16., 35., 6., 1.,
       63., 128., 4., 20., 11., 4., 128., 85., 1., 4., 10., 128., 105.,
       23., 35., 14., 0., 4., 29., 27., 31., 74., 57., 73., 24., 12.,
       13., 21., 66., 73., 41., 46., 18., 7., 2., 12., 7., 0., 93., 40.,
       0., 0., 1., 91., 89., 18., 3., 1., 1., 8., 36., 14., 33., 75.,
       24., 9., 40., 60., 21., 24., 6., 14., 34., 22., 15., 60., 56.,
       17., 1., 1., 0., 0., 0., 0., 8., 129., 0., 0., 3., 6., 1., 0.,
       127., 30., 0., 18., 89., 54., 17., 16., 64., 20., 53., 69., 33.,
       12., 34., 17., 4., 50., 1., 2., 0., 0., 0., 0., 12., 129., 34.,
       5., 1., 9., 12., 3., 52., 30., 15., 14., 27., 67., 68., 62., 18.,
       33., 4., 1., 24., 79., 41., 27., 52., 50., 1., 0., 0., 0., 3.,
       17., 84., 95., 98., 60., 4., 9., 57., 36., 46., 7., 67., 129.,
       87., 24., 21., 7., 1., 29., 67., 69., 76., 23., 1., 1., 23., 118.,
       55., 0., 0., 0., 3., 9., 42., 58., 39., 7., 2., 16., 129., 29.,
       21., 0., 6., 50., 11., 22., 129., 1., 0., 0., 24., 43., 10., 1.,
       17., 0., 0., 0., 0., 0., 2., 27., 61., 44., 2., 88., 7., 0., 0.,
       7., 14., 2., 1., 134., 20., 3., 9., 8., 6., 1., 6., 17., 21., 27.,
       29., 18., 22., 6., 3., 1., 1., 16., 25., 52., 64., 76., 30., 81.,
       1., 0., 0., 15., 133., 56., 9., 134., 17., 2., 24., 25., 11., 3.,
       9., 14., 5., 31., 134., 88., 9., 0., 1., 38., 43., 10., 5., 5.,
       22., 41., 62., 33., 11., 5., 45., 103., 134., 26., 10., 123., 66.,
       68., 64., 36., 17., 3., 7., 3., 5., 28., 132., 101., 0., 0., 0.,
       20., 14., 31., 75., 1., 0., 15., 38., 6., 3., 19., 134., 38., 3.,
       0., 1., 1., 11., 62., 54., 8., 1., 0., 0., 0., 0., 17., 35., 3.,
       1., 0., 0., 3., 0., 0., 0., 0., 0., 1., 15., 2., 0., 0., 0., 0.,
       2., 29., 42., 2., 0., 0., 0., 0., 24., 36., 18., 2., 0., 0., 0.,
       0., 2., 4., 8., 29., 1., 0., 0., 0., 0., 1., 44., 120., 18., 3.,
       5., 7., 28., 104., 126., 7., 4., 3., 25., 119., 126., 112., 42.,
       3., 0., 0., 2., 24., 23., 3., 6., 53., 13., 0., 0., 0., 0., 2.,
       35., 126., 126., 67., 39., 11., 15., 29., 75., 9., 28., 67., 126.,
       126., 43., 11., 9., 2., 0., 0., 18., 29., 5., 1., 6., 78., 11.,
       0., 0., 0., 0., 6., 91., 62., 30., 22., 29., 51., 81., 103., 126.,
       0., 2., 10., 53., 102., 80., 11., 1., 1., 0., 1., 4., 4., 2., 1.,
       1., 10., 2., 0., 0., 0., 0., 0., 8., 12., 1., 0., 0., 0., 3., 33.,
       27., 6., 3., 0., 0., 0., 15., 31., 5., 3., 1., 0., 0., 0., 2., 2.,
       2., 49., 4., 0., 0., 0., 0., 0., 18., 122., 26., 4., 3., 5., 28.,
       117., 122., 11., 6., 4., 16., 114., 122., 122., 29., 5., 1., 0.,
       1., 28., 20., 2., 1., 52., 16., 0., 0., 0., 0., 0., 4., 122.,
       122., 84., 17., 6., 6., 6., 27., 21., 50., 95., 114., 122., 60.,
       46., 31., 1., 0., 0., 5., 44., 60., 36., 3., 11., 9., 0., 0., 0.,
       0., 0., 1., 67., 51., 18., 1., 0., 0., 0., 8., 122., 72., 32.,
       15., 14., 34., 59., 101., 3., 7., 11., 32., 114., 110., 42., 12.,
       1., 2., 3., 1., 0., 0., 0., 2., 2., 1., 5., 1., 0., 1., 28., 20.,
       31., 2., 1., 0., 0., 5., 44., 55., 39., 9., 2., 5., 9., 29., 113.,
       108., 31., 6., 6., 3., 0., 0., 0., 15., 122., 28., 10., 6., 4.,
       16., 114., 122., 45., 29., 19., 49., 92., 118., 122., 61., 64.,
       106., 122., 67., 30., 16., 17., 41., 32., 27., 12., 1., 0., 0.,
       0., 3., 116., 122., 122., 25., 4., 3., 5., 28., 6., 28., 122.,
       122., 83., 18., 6., 6., 0., 12., 74., 52., 17., 1., 0., 0., 0.,
       9., 9., 2., 0., 0., 0., 0., 0., 18., 49., 4., 0., 0., 0., 0., 0.,
       4., 51., 16., 0., 0., 0., 0., 0., 1., 11., 9., 0., 0., 0., 0.,
       51., 34., 2., 0., 0., 0., 0., 7., 92., 126., 88., 60., 25., 16.,
       17., 34., 1., 4., 28., 126., 126., 51., 12., 3., 0., 0., 0., 10.,
       22., 5., 0., 0., 39., 12., 2., 1., 3., 1., 0., 13., 126., 61.,
       24., 14., 12., 40., 70., 126., 9., 6., 11., 48., 126., 126., 67.,
       25., 0., 0., 0., 10., 52., 16., 0., 0., 26., 20., 3., 4., 5., 0.,
       0., 2., 118., 126., 116., 36., 10., 5., 3., 20., 7., 32., 99.,
       126., 126., 21., 3., 4., 0., 0., 0., 30., 42., 1., 0., 0., 0., 1.,
       1., 6., 3., 0., 0., 0., 0., 22., 32., 11., 5., 0., 0., 0., 0., 4.,
       28., 42., 7., 0., 0., 0., 0., 0., 1., 9., 8., 0., 0., 0., 0., 0.,
       0., 0., 5., 4., 1., 1., 0., 0., 0., 0., 3., 8., 24., 11., 5., 1.,
       0., 0., 2., 24., 21., 4., 73., 32., 0., 0., 0., 4., 14., 48., 18.,
       1., 0., 0., 2., 4., 3., 17., 85., 4., 0., 1., 0., 19., 105., 133.,
       7., 2., 1., 2., 1., 133., 133., 25., 48., 66., 0., 0., 0., 99.,
       66., 2., 48., 5., 0., 0., 9., 50., 20., 4., 133., 34., 4., 7., 5.,
       7., 11., 36., 32., 20., 59., 45., 15., 88., 56., 8., 4., 11., 81.,
       22., 11., 133., 83., 1., 19., 1., 1., 3., 19., 96., 60., 13.,
       133., 27., 8., 24., 19., 31., 13., 11., 23., 11., 60., 133., 77.,
       1., 0., 0., 0., 14., 133., 47., 8., 3., 0., 0., 34., 6., 11.,
       137., 48., 0., 0., 8., 137., 8., 2., 19., 20., 24., 6., 21., 25.,
       1., 0., 1., 78., 137., 50., 10., 0., 0., 0., 2., 8., 47., 129.,
       17., 55., 5., 22., 56., 8., 0., 0., 5., 137., 33., 7., 6., 6., 7.,
       2., 22., 38., 9., 42., 84., 19., 49., 51., 16., 12., 3., 64.,
       133., 14., 24., 74., 14., 29., 13., 1., 0., 0., 0., 0., 7., 105.,
       137., 82., 14., 0., 1., 0., 4., 9., 32., 137., 137., 2., 2., 1.,
       2., 73., 12., 50., 82., 0., 0., 1., 30., 2., 1., 0., 0., 0., 0.,
       0., 7., 3., 18., 16., 1., 0., 0., 0., 5., 7., 6., 21., 12., 0.,
       0., 0., 4., 68., 39., 1., 1., 0., 1., 3., 31., 85., 28., 33., 7.,
       3., 7., 4., 53., 49., 13., 19., 12., 35., 127., 19., 40., 1., 0.,
       0., 1., 25., 129., 15., 4., 0., 0., 0., 0., 1., 13., 10., 12.,
       56., 89., 41., 3., 1., 1., 0., 14., 129., 76., 72., 11., 7., 28.,
       15., 49., 33., 9., 16., 12., 39., 129., 34., 27., 0., 0., 0., 1.,
       6., 129., 26., 2., 24., 17., 3., 0., 0., 0., 4., 16., 129., 129.,
       70., 2., 1., 2., 1., 11., 84., 76., 129., 27., 17., 55., 8., 14.,
       25., 6., 4., 3., 24., 129., 35., 9., 3., 1., 0., 0., 3., 10., 30.,
       25., 21., 25., 9., 0., 2., 7., 8., 6., 129., 91., 18., 0., 0., 0.,
       0., 9., 30., 36., 36., 37., 37., 19., 1., 4., 14., 3., 5., 143.,
