%YAML:1.0
---
mat: !!opencv-matrix
   rows: 62
   cols: 128
   dt: f
   data: [ 5., 2., 0., 1., 5., 2., 1., 5., 42., 3., 1., 1., 2., 9., 3.,
       20., 123., 8., 5., 2., 1., 22., 30., 92., 4., 5., 29., 6., 2.,
       42., 114., 35., 9., 3., 1., 2., 3., 1., 3., 17., 75., 3., 0., 0.,
       0., 3., 16., 33., 123., 57., 23., 1., 0., 3., 22., 60., 18., 19.,
       113., 9., 3., 15., 92., 30., 18., 1., 0., 0., 0., 8., 9., 15.,
       96., 17., 0., 0., 0., 1., 41., 107., 73., 69., 43., 5., 4., 65.,
       123., 81., 3., 16., 123., 28., 6., 105., 66., 0., 8., 0., 0., 0.,
       2., 9., 6., 9., 87., 73., 6., 0., 0., 0., 6., 36., 43., 123., 54.,
       0., 0., 33., 52., 35., 39., 47., 13., 3., 3., 119., 119., 13., 2.,
       0., 0., 1., 8., 27., 111., 16., 1., 1., 1., 4., 7., 60., 107., 5.,
       3., 1., 0., 1., 2., 11., 111., 41., 0., 0., 0., 0., 1., 24., 111.,
       8., 68., 4., 1., 7., 52., 30., 66., 32., 28., 7., 3., 61., 111.,
       53., 42., 7., 111., 12., 4., 11., 11., 23., 72., 80., 7., 2., 3.,
       7., 21., 52., 100., 25., 85., 39., 54., 22., 55., 10., 1., 1.,
       30., 6., 34., 43., 111., 79., 5., 7., 111., 60., 71., 48., 8.,
       15., 4., 12., 5., 60., 98., 60., 29., 6., 5., 6., 5., 36., 111.,
       12., 2., 3., 2., 0., 1., 4., 111., 63., 10., 7., 2., 0., 4., 29.,
       111., 42., 2., 2., 2., 0., 0., 41., 81., 31., 2., 1., 1., 0., 23.,
       13., 5., 5., 2., 1., 1., 5., 33., 5., 6., 31., 15., 4., 2., 11.,
       129., 8., 5., 3., 1., 3., 44., 129., 19., 28., 24., 3., 2., 44.,
       129., 38., 15., 12., 7., 7., 4., 0., 0., 0., 87., 11., 6., 27.,
       17., 0., 0., 9., 129., 65., 51., 30., 2., 3., 5., 41., 15., 83.,
       129., 38., 3., 7., 14., 5., 3., 8., 9., 5., 3., 1., 0., 0., 94.,
       12., 4., 10., 9., 0., 0., 31., 129., 60., 15., 16., 3., 21., 89.,
       108., 14., 35., 37., 27., 20., 83., 129., 14., 3., 14., 11., 3.,
       2., 0., 0., 0., 83., 19., 4., 3., 1., 0., 0., 74., 129., 73., 21.,
       3., 4., 4., 11., 129., 17., 13., 25., 49., 64., 36., 28., 11., 0.,
       0., 0., 0., 0., 0., 0., 0., 1., 0., 0., 1., 1., 0., 0., 0., 2.,
       0., 0., 0., 0., 6., 9., 6., 0., 0., 0., 2., 6., 21., 7., 1., 0.,
       0., 1., 44., 43., 0., 0., 0., 34., 8., 5., 82., 84., 4., 2., 7.,
       119., 43., 16., 15., 9., 43., 79., 116., 7., 8., 13., 25., 99.,
       119., 67., 17., 0., 0., 1., 25., 105., 25., 0., 0., 29., 6., 8.,
       28., 119., 58., 15., 30., 119., 85., 119., 40., 7., 8., 10., 49.,
       5., 16., 119., 119., 71., 48., 7., 3., 1., 0., 0., 0., 32., 38.,
       17., 3., 2., 2., 11., 9., 43., 119., 95., 3., 2., 5., 76., 47.,
       13., 76., 107., 9., 0., 1., 65., 44., 3., 22., 73., 20., 57., 18.,
       5., 1., 1., 0., 1., 9., 114., 16., 3., 1., 15., 32., 27., 58., 2.,
       0., 0., 1., 134., 101., 13., 5., 2., 4., 1., 1., 20., 9., 1., 2.,
       84., 10., 1., 0., 2., 2., 5., 18., 139., 34., 2., 3., 25., 31.,
       12., 64., 14., 4., 2., 5., 139., 139., 10., 13., 1., 1., 0., 0.,
       37., 31., 15., 2., 54., 5., 0., 0., 0., 2., 17., 17., 139., 84.,
       9., 8., 12., 6., 6., 37., 24., 18., 10., 22., 139., 132., 15.,
       16., 0., 0., 0., 1., 53., 61., 22., 1., 28., 0., 0., 0., 0., 3.,
       12., 20., 139., 9., 2., 4., 1., 3., 6., 63., 37., 6., 5., 51.,
       121., 88., 18., 19., 0., 0., 0., 7., 64., 42., 11., 1., 24., 23.,
       13., 1., 0., 0., 0., 3., 141., 53., 9., 4., 3., 1., 5., 80., 21.,
       23., 16., 113., 126., 5., 8., 25., 0., 2., 12., 72., 60., 0., 0.,
       0., 51., 34., 14., 0., 0., 0., 0., 1., 141., 54., 11., 9., 11.,
       10., 9., 44., 20., 10., 13., 101., 141., 34., 10., 14., 1., 5.,
       11., 40., 58., 0., 0., 0., 77., 12., 5., 2., 2., 2., 0., 8., 141.,
       46., 14., 29., 22., 2., 2., 25., 18., 12., 12., 141., 141., 9.,
       2., 4., 2., 4., 14., 36., 44., 0., 0., 0., 53., 16., 2., 3., 1.,
       2., 1., 7., 123., 69., 26., 25., 14., 0., 1., 11., 3., 5., 15.,
       83., 141., 4., 1., 0., 4., 1., 1., 7., 23., 6., 3., 2., 0., 8.,
       36., 12., 2., 2., 0., 0., 44., 45., 25., 0., 0., 0., 0., 2., 142.,
       34., 4., 10., 9., 1., 1., 39., 29., 7., 5., 121., 117., 1., 1.,
       9., 2., 8., 10., 11., 64., 24., 0., 0., 103., 41., 9., 0., 0., 0.,
       0., 5., 142., 32., 7., 24., 33., 3., 3., 32., 18., 5., 6., 118.,
       142., 4., 2., 5., 4., 2., 1., 19., 118., 9., 0., 1., 121., 18.,
       2., 0., 0., 0., 1., 12., 142., 68., 24., 55., 32., 0., 0., 12.,
       4., 5., 10., 133., 142., 1., 0., 0., 1., 1., 0., 21., 29., 1., 4.,
       2., 54., 15., 1., 0., 0., 0., 4., 49., 58., 48., 19., 23., 15.,
       24., 39., 70., 0., 1., 6., 39., 78., 44., 9., 1., 14., 1., 1., 1.,
       1., 0., 0., 13., 139., 0., 0., 0., 0., 0., 0., 132., 111., 1., 1.,
       70., 20., 1., 1., 48., 0., 0., 1., 139., 71., 0., 0., 0., 60., 8.,
       0., 1., 4., 1., 0., 6., 139., 39., 8., 10., 8., 1., 0., 91., 47.,
       9., 9., 139., 139., 4., 1., 36., 0., 0., 0., 139., 60., 2., 0.,
       0., 27., 9., 0., 0., 3., 3., 4., 9., 122., 139., 88., 27., 3., 0.,
       1., 4., 10., 32., 97., 139., 68., 1., 1., 1., 0., 1., 1., 33.,
       22., 2., 1., 1., 1., 1., 0., 0., 0., 4., 14., 9., 1., 12., 15.,
       2., 0., 3., 18., 5., 0., 2., 15., 15., 3., 11., 11., 1., 0., 0.,
       0., 1., 1., 4., 10., 1., 2., 6., 10., 6., 0., 0., 0., 1., 1., 2.,
       12., 13., 1., 3., 18., 10., 0., 0., 5., 15., 8., 13., 15., 1., 1.,
       4., 8., 5., 3., 1., 0., 0., 26., 2., 8., 6., 0., 0., 1., 13.,
       116., 4., 2., 1., 4., 33., 104., 148., 8., 1., 0., 1., 73., 148.,
       97., 25., 3., 4., 0., 1., 20., 41., 1., 0., 62., 8., 2., 0., 0.,
       0., 1., 7., 148., 41., 1., 2., 14., 13., 10., 55., 41., 13., 2.,
       11., 148., 148., 10., 9., 0., 0., 0., 5., 116., 46., 0., 0., 65.,
       2., 1., 0., 1., 1., 1., 16., 148., 4., 0., 1., 4., 2., 0., 67.,
       27., 2., 1., 6., 148., 84., 1., 7., 1., 0., 0., 2., 111., 76., 0.,
       0., 86., 39., 3., 1., 4., 2., 0., 20., 85., 57., 33., 43., 63.,
       47., 12., 43., 0., 0., 4., 42., 127., 59., 3., 1., 46., 12., 2.,
       5., 2., 2., 1., 4., 29., 51., 5., 2., 18., 7., 1., 3., 120., 94.,
       46., 32., 16., 26., 19., 36., 12., 1., 5., 29., 108., 131., 23.,
       14., 28., 15., 1., 2., 16., 14., 2., 1., 19., 6., 1., 1., 40.,
       30., 4., 5., 131., 37., 1., 0., 7., 18., 9., 35., 74., 11., 1.,
       1., 131., 131., 13., 21., 2., 2., 0., 0., 42., 52., 21., 3., 5.,
       0., 0., 7., 41., 23., 13., 11., 131., 33., 0., 1., 2., 1., 8.,
       27., 113., 23., 2., 3., 131., 110., 7., 14., 0., 0., 0., 0., 61.,
       71., 25., 3., 6., 24., 20., 6., 7., 1., 0., 0., 131., 34., 5., 2.,
       3., 1., 1., 31., 93., 9., 7., 129., 131., 3., 2., 24., 1., 3.,
       21., 74., 45., 0., 0., 1., 26., 8., 2., 4., 29., 2., 0., 5., 131.,
       34., 12., 23., 10., 0., 1., 40., 63., 14., 15., 131., 131., 2.,
       1., 8., 24., 9., 16., 40., 35., 0., 0., 5., 26., 5., 1., 5., 7.,
       1., 4., 21., 129., 60., 19., 24., 11., 16., 31., 83., 8., 13.,
       17., 104., 127., 43., 14., 5., 49., 3., 2., 8., 17., 3., 1., 10.,
       68., 5., 2., 2., 2., 1., 2., 22., 131., 23., 13., 37., 23., 21.,
       32., 87., 1., 2., 5., 68., 131., 58., 16., 5., 49., 1., 1., 3.,
       12., 5., 2., 27., 7., 0., 4., 31., 16., 1., 8., 48., 2., 1., 4.,
       3., 1., 26., 104., 79., 0., 1., 2., 0., 4., 106., 83., 2., 2., 1.,
       2., 4., 6., 27., 5., 6., 106., 8., 1., 7., 6., 2., 2., 76., 43.,
       24., 48., 52., 44., 31., 42., 71., 54., 44., 26., 6., 55., 106.,
       40., 26., 0., 0., 1., 2., 82., 106., 13., 1., 96., 104., 4., 1.,
       3., 3., 0., 3., 41., 106., 48., 7., 29., 60., 64., 30., 42., 17.,
       43., 48., 74., 22., 51., 94., 1., 0., 0., 18., 93., 64., 75., 57.,
       5., 46., 7., 1., 0., 0., 0., 1., 18., 106., 92., 0., 0., 0., 5.,
       5., 106., 53., 66., 17., 5., 2., 20., 59., 12., 10., 10., 6., 32.,
       39., 56., 77., 9., 0., 0., 1., 5., 6., 25., 38., 2., 1., 1., 1.,
