%YAML:1.0
---
mat: !!opencv-matrix
   rows: 27
   cols: 128
   dt: f
   data: [ 1., 0., 0., 0., 0., 6., 72., 7., 11., 10., 7., 1., 0., 3.,
       32., 11., 1., 10., 44., 1., 0., 3., 3., 0., 0., 0., 3., 0., 0.,
       0., 0., 0., 4., 29., 84., 2., 0., 19., 133., 11., 82., 46., 33.,
       2., 3., 58., 133., 43., 11., 9., 56., 4., 21., 133., 118., 6., 0.,
       0., 4., 0., 1., 5., 4., 0., 11., 22., 49., 2., 1., 82., 133., 24.,
       133., 41., 18., 2., 25., 56., 58., 86., 49., 1., 0., 13., 133.,
       71., 24., 11., 0., 0., 0., 1., 8., 3., 1., 0., 1., 0., 0., 0., 1.,
       101., 133., 7., 34., 0., 0., 1., 39., 60., 109., 84., 7., 0., 0.,
       5., 133., 19., 4., 10., 0., 0., 0., 0., 7., 1., 0., 0., 0., 0.,
       0., 0., 0., 0., 0., 0., 1., 0., 0., 0., 0., 0., 2., 4., 0., 0.,
       0., 0., 0., 0., 31., 43., 0., 0., 0., 0., 0., 0., 64., 92., 7.,
       1., 0., 0., 17., 18., 0., 1., 124., 16., 7., 5., 13., 15., 14.,
       70., 31., 16., 85., 62., 0., 0., 87., 124., 40., 67., 55., 9., 0.,
       0., 37., 75., 4., 1., 1., 6., 25., 17., 0., 1., 124., 111., 30.,
       43., 35., 20., 1., 13., 71., 57., 124., 124., 49., 21., 2., 14.,
       124., 97., 49., 13., 1., 1., 0., 25., 0., 0., 1., 2., 0., 0., 0.,
       0., 73., 105., 11., 7., 7., 3., 0., 0., 73., 73., 3., 5., 90.,
       58., 1., 2., 124., 124., 3., 1., 13., 10., 1., 5., 1., 0., 0.,
       53., 107., 0., 0., 0., 118., 0., 0., 68., 104., 0., 0., 88., 84.,
       0., 1., 28., 5., 0., 0., 91., 5., 18., 43., 90., 10., 2., 1., 3.,
       3., 0., 0., 14., 118., 19., 0., 2., 118., 8., 1., 11., 109., 17.,
       1., 51., 78., 6., 3., 118., 54., 6., 1., 16., 46., 18., 14., 118.,
       81., 21., 1., 1., 1., 0., 0., 0., 92., 78., 1., 1., 116., 40., 4.,
       4., 50., 104., 23., 13., 35., 33., 10., 39., 42., 32., 22., 12.,
       22., 3., 1., 9., 53., 118., 27., 9., 0., 0., 0., 0., 6., 27., 2.,
       0., 4., 4., 0., 0., 3., 82., 63., 4., 9., 7., 1., 0., 1., 12.,
       68., 38., 1., 0., 0., 0., 6., 73., 47., 13., 4., 0., 1., 60., 43.,
       0., 0., 0., 37., 9., 45., 115., 34., 0., 1., 39., 42., 37., 37.,
       11., 0., 0., 12., 64., 15., 21., 54., 25., 0., 0., 0., 3., 6., 0.,
       0., 38., 115., 5., 0., 0., 115., 9., 2., 47., 106., 4., 1., 48.,
       51., 8., 71., 115., 51., 2., 6., 35., 3., 15., 115., 115., 5., 1.,
       0., 1., 5., 0., 0., 1., 115., 63., 1., 1., 115., 39., 2., 10.,
       86., 78., 12., 9., 25., 23., 14., 54., 106., 78., 42., 8., 6.,
       10., 26., 18., 9., 52., 98., 8., 3., 0., 0., 0., 15., 44., 2., 0.,
       9., 4., 0., 0., 10., 103., 73., 13., 5., 3., 0., 0., 2., 24.,
       103., 54., 0., 0., 0., 0., 0., 29., 115., 12., 5., 7., 3., 9., 6.,
       36., 42., 3., 11., 11., 5., 12., 6., 50., 114., 9., 4., 2., 6.,
       8., 6., 39., 126., 5., 0., 5., 12., 6., 0., 22., 126., 2., 24.,
       42., 45., 98., 23., 9., 12., 4., 126., 53., 22., 78., 33., 9.,
       26., 10., 62., 19., 28., 53., 126., 40., 59., 6., 5., 57., 71.,
       43., 15., 16., 58., 4., 5., 4., 13., 31., 22., 121., 70., 6.,
       126., 2., 2., 16., 17., 22., 62., 101., 63., 1., 0., 1., 78.,
       121., 52., 20., 4., 9., 3., 3., 8., 70., 126., 11., 1., 0., 0.,
       0., 0., 50., 66., 3., 9., 0., 0., 0., 0., 11., 90., 57., 4., 0.,
       0., 0., 0., 13., 27., 13., 0., 0., 0., 0., 0., 15., 55., 1., 1.,
       4., 73., 96., 19., 1., 0., 1., 7., 16., 113., 92., 4., 5., 3., 5.,
       11., 24., 67., 113., 9., 13., 16., 21., 25., 24., 14., 11., 5.,
       3., 18., 64., 13., 19., 34., 63., 113., 113., 2., 2., 113., 31.,
       46., 18., 14., 61., 27., 72., 23., 6., 14., 27., 11., 75., 107.,
       85., 30., 6., 2., 1., 0., 0., 20., 98., 42., 107., 31., 25., 28.,
       113., 15., 13., 91., 18., 76., 86., 18., 91., 35., 33., 15., 7.,
       76., 47., 4., 9., 8., 6., 1., 2., 3., 1., 0., 0., 1., 1., 24.,
       15., 72., 113., 3., 2., 18., 24., 1., 1., 62., 113., 4., 3., 1.,
       0., 0., 0., 7., 3., 0., 0., 0., 0., 0., 0., 0., 0., 0., 0., 0.,
       0., 47., 40., 14., 25., 26., 1., 6., 93., 61., 122., 55., 22.,
       15., 0., 1., 9., 32., 45., 18., 24., 10., 4., 0., 4., 0., 12.,
       64., 24., 7., 9., 2., 0., 22., 2., 2., 83., 122., 5., 6., 92.,
       122., 49., 14., 48., 52., 0., 0., 41., 80., 26., 45., 50., 16.,
       11., 1., 21., 17., 15., 26., 16., 14., 54., 22., 6., 23., 2., 1.,
       113., 122., 2., 2., 25., 122., 61., 25., 16., 23., 1., 13., 65.,
       26., 39., 76., 34., 0., 0., 18., 121., 30., 9., 9., 5., 13., 9.,
       10., 93., 32., 1., 1., 52., 113., 21., 20., 57., 44., 2., 0., 2.,
       1., 0., 38., 122., 2., 1., 0., 0., 0., 0., 35., 122., 0., 0., 0.,
       16., 22., 0., 5., 28., 1., 6., 113., 31., 5., 3., 1., 1., 10.,
       45., 124., 15., 4., 1., 0., 1., 9., 50., 100., 21., 7., 1., 0.,
       0., 12., 28., 8., 13., 15., 12., 6., 0., 16., 6., 27., 16., 97.,
       45., 17., 27., 126., 33., 25., 10., 51., 27., 1., 14., 43., 87.,
       25., 15., 86., 58., 1., 5., 38., 111., 32., 30., 12., 1., 0., 0.,
       25., 0., 0., 0., 126., 15., 3., 12., 126., 3., 0., 0., 69., 18.,
       1., 7., 44., 20., 1., 1., 126., 122., 2., 5., 57., 61., 19., 6.,
       20., 15., 1., 13., 18., 7., 1., 5., 126., 3., 0., 0., 126., 4.,
       0., 1., 50., 4., 0., 2., 48., 2., 0., 0., 105., 87., 2., 2., 64.,
       25., 1., 0., 42., 43., 9., 23., 3., 1., 2., 74., 61., 9., 3., 1.,
       116., 11., 1., 9., 30., 6., 1., 9., 68., 5., 0., 74., 94., 0., 0.,
       3., 57., 0., 0., 46., 63., 0., 1., 55., 5., 0., 1., 15., 72., 70.,
       35., 16., 116., 12., 1., 13., 47., 24., 1., 11., 68., 7., 1.,
       116., 116., 0., 0., 10., 116., 0., 0., 24., 31., 0., 0., 95., 6.,
       4., 0., 1., 109., 62., 14., 15., 107., 10., 2., 20., 67., 48.,
       35., 26., 68., 7., 2., 87., 109., 16., 5., 25., 116., 13., 18.,
       37., 7., 0., 1., 61., 4., 2., 0., 0., 7., 34., 21., 11., 3., 0.,
       0., 2., 11., 76., 76., 8., 16., 2., 1., 5., 23., 96., 94., 11.,
       22., 12., 19., 23., 3., 14., 82., 10., 34., 19., 1., 14., 118.,
       0., 0., 0., 118., 0., 0., 6., 70., 1., 1., 19., 60., 3., 1., 9.,
       118., 34., 2., 9., 83., 38., 2., 12., 90., 7., 0., 4., 59., 36.,
       2., 22., 118., 1., 0., 1., 118., 12., 4., 15., 72., 0., 0., 12.,
       60., 6., 6., 110., 118., 1., 1., 13., 93., 1., 0., 20., 103., 3.,
       2., 73., 31., 16., 0., 14., 63., 39., 50., 15., 94., 31., 14.,
       17., 34., 22., 77., 24., 13., 11., 15., 83., 35., 4., 85., 84.,
       17., 0., 0., 6., 66., 17., 25., 118., 0., 0., 0., 0., 1., 22.,
       66., 4., 1., 0., 0., 0., 1., 13., 118., 14., 0., 0., 0., 0., 0.,
       1., 73., 38., 0., 0., 0., 0., 11., 22., 18., 15., 0., 51., 115.,
       4., 1., 0., 0., 0., 4., 20., 108., 61., 14., 3., 0., 0., 29., 31.,
       108., 83., 40., 8., 0., 3., 73., 53., 32., 6., 0., 0., 0., 9.,
       13., 30., 105., 23., 37., 15., 9., 3., 115., 66., 66., 11., 36.,
       16., 3., 9., 115., 7., 5., 12., 115., 43., 2., 9., 115., 6., 2.,
       27., 34., 4., 0., 18., 9., 2., 1., 4., 15., 58., 115., 32., 115.,
       7., 0., 2., 19., 35., 90., 71., 71., 2., 0., 2., 91., 67., 78.,
       50., 108., 1., 0., 3., 32., 32., 18., 60., 0., 0., 0., 0., 0.,
       16., 82., 17., 2., 0., 1., 0., 0., 13., 100., 28., 1., 0., 2., 1.,
       0., 15., 77., 20., 3., 0., 2., 1., 0., 7., 17., 23., 3., 17., 16.,
       26., 4., 0., 1., 1., 1., 25., 80., 22., 2., 0., 2., 0., 0., 16.,
       90., 17., 1., 0., 2., 0., 0., 20., 60., 5., 0., 0., 0., 0., 49.,
       26., 12., 65., 106., 0., 0., 9., 106., 61., 68., 59., 71., 1., 0.,
       7., 22., 43., 94., 80., 115., 2., 0., 4., 8., 82., 115., 24., 7.,
       1., 0., 3., 21., 1., 0., 48., 115., 8., 4., 26., 115., 23., 1.,
       23., 103., 7., 9., 20., 31., 13., 3., 26., 115., 58., 59., 7.,
       42., 23., 15., 6., 13., 25., 68., 23., 1., 0., 0., 11., 58., 64.,
       48., 3., 37., 4., 0., 3., 16., 25., 115., 84., 7., 1., 0., 0., 8.,
