%YAML:1.0
---
mat: !!opencv-matrix
   rows: 133
   cols: 128
   dt: f
   data: [ 0., 0., 0., 0., 4., 11., 40., 3., 92., 12., 1., 1., 28., 27.,
       7., 0., 161., 18., 0., 0., 0., 0., 1., 8., 14., 0., 0., 0., 0.,
       0., 14., 8., 0., 0., 0., 0., 7., 38., 138., 10., 107., 5., 0., 0.,
       87., 127., 26., 5., 161., 15., 0., 0., 5., 5., 1., 11., 30., 0.,
       0., 0., 0., 0., 9., 8., 1., 0., 0., 0., 17., 33., 70., 8., 64.,
       0., 0., 0., 161., 132., 15., 15., 161., 2., 0., 0., 12., 13., 2.,
       31., 35., 0., 0., 0., 0., 0., 5., 6., 1., 4., 13., 10., 18., 4.,
       2., 2., 38., 7., 3., 23., 161., 17., 0., 2., 161., 25., 0., 4.,
       19., 2., 0., 3., 33., 2., 0., 0., 0., 0., 1., 1., 50., 0., 0., 0.,
       0., 0., 0., 112., 81., 0., 0., 0., 0., 1., 17., 126., 73., 4., 0.,
       0., 0., 71., 126., 64., 9., 7., 0., 0., 0., 126., 126., 9., 95.,
       0., 0., 0., 0., 0., 2., 126., 126., 5., 0., 0., 0., 0., 28., 126.,
       61., 21., 2., 0., 0., 14., 58., 57., 11., 59., 20., 0., 1., 53.,
       32., 4., 53., 0., 0., 0., 0., 0., 29., 126., 102., 21., 0., 0.,
       0., 3., 64., 94., 32., 55., 11., 0., 1., 25., 34., 11., 0., 22.,
       25., 3., 15., 57., 15., 0., 45., 0., 0., 0., 0., 0., 6., 126.,
       11., 1., 0., 0., 0., 12., 50., 54., 2., 17., 11., 1., 6., 55.,
       27., 2., 0., 13., 38., 17., 22., 19., 3., 0., 1., 11., 42., 0.,
       0., 0., 0., 0., 14., 106., 152., 2., 0., 0., 0., 0., 3., 21.,
       152., 52., 7., 1., 0., 0., 0., 2., 152., 70., 8., 0., 0., 0., 27.,
       19., 35., 0., 0., 0., 0., 1., 152., 128., 152., 4., 5., 10., 9.,
       58., 31., 17., 152., 57., 65., 86., 23., 25., 2., 9., 152., 17.,
       5., 11., 43., 21., 33., 4., 0., 0., 0., 0., 0., 0., 152., 34., 1.,
       4., 7., 2., 2., 16., 37., 10., 4., 36., 87., 21., 5., 6., 2., 18.,
       11., 6., 7., 3., 9., 7., 0., 0., 0., 0., 0., 0., 0., 0., 1., 0.,
       0., 0., 0., 0., 0., 0., 0., 0., 0., 0., 0., 0., 0., 0., 0., 0.,
       0., 0., 0., 0., 0., 0., 99., 0., 0., 0., 11., 78., 35., 60., 20.,
       0., 0., 0., 8., 63., 45., 101., 4., 0., 0., 0., 4., 112., 62.,
       60., 2., 0., 0., 0., 0., 29., 95., 78., 112., 1., 0., 0., 49.,
       63., 16., 37., 72., 2., 0., 0., 40., 53., 14., 81., 39., 2., 0.,
       0., 62., 72., 18., 40., 61., 2., 0., 0., 3., 4., 39., 55., 112.,
       30., 4., 16., 75., 7., 1., 3., 105., 22., 3., 12., 67., 7., 0.,
       6., 51., 18., 4., 33., 90., 16., 1., 5., 87., 33., 9., 3., 5., 2.,
       2., 6., 112., 82., 43., 60., 11., 0., 0., 0., 20., 85., 60., 50.,
       11., 0., 0., 0., 9., 51., 61., 112., 24., 0., 0., 0., 14., 99.,
       74., 10., 1., 0., 0., 0., 0., 0., 0., 1., 33., 74., 42., 1., 12.,
       0., 0., 1., 26., 65., 59., 88., 5., 0., 0., 2., 31., 102., 64.,
       45., 3., 0., 0., 0., 58., 51., 82., 58., 4., 2., 7., 30., 85.,
       11., 4., 1., 94., 5., 1., 15., 55., 8., 4., 40., 51., 1., 0., 19.,
       112., 13., 5., 27., 60., 0., 0., 16., 112., 16., 14., 48., 6.,
       19., 63., 77., 31., 0., 0., 0., 80., 62., 22., 55., 25., 0., 0.,
       2., 68., 38., 14., 92., 50., 0., 0., 3., 72., 26., 8., 80., 112.,
       0., 0., 5., 6., 55., 86., 63., 0., 0., 0., 0., 17., 112., 61.,
       56., 2., 0., 0., 0., 34., 80., 43., 79., 5., 0., 0., 0., 21., 48.,
       20., 112., 112., 0., 0., 0., 9., 34., 58., 77., 25., 24., 9., 4.,
       51., 86., 71., 34., 9., 15., 8., 15., 55., 78., 62., 38., 11.,
       17., 6., 3., 93., 65., 3., 0., 1., 0., 0., 0., 69., 5., 1., 2.,
       36., 72., 34., 36., 113., 10., 1., 3., 34., 60., 29., 56., 97.,
       13., 1., 9., 53., 87., 27., 19., 113., 19., 0., 0., 4., 3., 0.,
       3., 113., 0., 0., 0., 102., 23., 4., 41., 88., 44., 16., 15.,
       104., 24., 7., 12., 88., 19., 31., 70., 50., 13., 6., 29., 113.,
       1., 0., 2., 4., 1., 0., 39., 35., 0., 0., 0., 37., 50., 18., 66.,
       7., 3., 2., 3., 34., 63., 113., 26., 27., 2., 6., 9., 4., 21.,
       113., 88., 47., 0., 0., 0., 0., 0., 7., 70., 3., 19., 29., 3., 1.,
       8., 11., 1., 31., 21., 4., 0., 0., 27., 77., 24., 43., 4., 0., 0.,
       0., 56., 137., 64., 11., 0., 0., 0., 0., 82., 137., 33., 3., 51.,
       57., 6., 6., 32., 25., 3., 40., 137., 50., 0., 0., 3., 20., 16.,
       137., 87., 4., 0., 0., 0., 3., 39., 84., 0., 0., 0., 0., 2., 19.,
       53., 9., 34., 24., 0., 1., 42., 66., 6., 37., 35., 6., 0., 0., 7.,
       131., 108., 137., 19., 0., 0., 0., 0., 27., 137., 80., 0., 0., 0.,
       0., 0., 0., 52., 23., 53., 19., 0., 0., 2., 34., 23., 81., 85.,
       4., 0., 0., 1., 19., 45., 92., 74., 2., 0., 0., 0., 5., 48., 39.,
       29., 19., 0., 0., 0., 0., 18., 133., 14., 1., 0., 0., 0., 0.,
       133., 75., 85., 24., 0., 0., 0., 0., 63., 2., 93., 28., 0., 0.,
       0., 0., 0., 1., 47., 7., 2., 0., 0., 0., 0., 91., 44., 17., 4.,
       0., 0., 0., 133., 10., 81., 133., 48., 0., 0., 0., 1., 40., 133.,
       105., 6., 0., 0., 0., 0., 7., 96., 52., 13., 0., 0., 0., 0., 6.,
       12., 24., 54., 8., 0., 0., 8., 43., 14., 51., 133., 2., 0., 1.,
       24., 133., 82., 44., 12., 0., 0., 0., 20., 24., 56., 116., 26.,
       0., 0., 0., 1., 6., 4., 10., 59., 27., 3., 5., 7., 22., 2., 5.,
       29., 10., 2., 12., 93., 31., 14., 54., 49., 5., 0., 0., 25., 59.,
       31., 45., 20., 0., 0., 0., 13., 8., 0., 0., 2., 133., 1., 0., 0.,
       133., 6., 1., 5., 74., 0., 0., 0., 52., 21., 41., 38., 16., 0.,
       1., 0., 11., 14., 13., 15., 131., 1., 0., 2., 9., 0., 0., 6.,
       133., 3., 0., 0., 133., 5., 0., 5., 110., 2., 0., 1., 60., 45.,
       17., 45., 133., 2., 0., 0., 31., 45., 26., 42., 72., 1., 0., 10.,
       4., 0., 0., 11., 133., 46., 21., 4., 133., 5., 0., 3., 62., 29.,
       49., 75., 35., 13., 7., 6., 121., 97., 46., 13., 15., 18., 21.,
       15., 9., 18., 78., 81., 0., 0., 0., 0., 11., 34., 32., 2., 5., 0.,
       0., 0., 1., 13., 72., 43., 2., 0., 0., 0., 2., 36., 55., 10., 0.,
       0., 0., 0., 0., 7., 75., 27., 0., 1., 73., 39., 15., 22., 50.,
       15., 7., 41., 136., 26., 6., 15., 18., 20., 64., 122., 55., 1.,
       2., 1., 1., 4., 11., 7., 1., 4., 56., 11., 1., 0., 0., 0., 106.,
       50., 22., 59., 24., 1., 36., 20., 52., 51., 52., 64., 34., 10.,
       136., 74., 8., 2., 7., 3., 8., 28., 46., 6., 0., 1., 49., 12., 1.,
       1., 0., 0., 69., 18., 1., 1., 136., 19., 7., 7., 43., 16., 6., 4.,
       136., 38., 110., 11., 7., 0., 1., 1., 100., 125., 27., 1., 0., 1.,
       29., 15., 3., 11., 0., 1., 77., 45., 19., 17., 47., 2., 0., 39.,
       136., 5., 4., 13., 48., 3., 26., 129., 61., 1., 3., 2., 13., 12.,
       17., 21., 1., 0., 1., 4., 3., 2., 0., 0., 15., 9., 0., 7., 46.,
       4., 0., 2., 55., 3., 0., 1., 52., 6., 2., 11., 26., 0., 0., 2.,
       41., 10., 4., 2., 10., 8., 0., 0., 3., 7., 3., 7., 66., 126., 64.,
       1., 1., 1., 9., 34., 136., 50., 8., 3., 8., 4., 98., 129., 107.,
       7., 4., 1., 1., 4., 13., 13., 33., 125., 30., 0., 2., 1., 22.,
       13., 5., 38., 136., 16., 9., 21., 40., 9., 29., 13., 55., 50.,
       57., 58., 136., 22., 6., 13., 43., 11., 4., 23., 34., 2., 1., 77.,
       127., 3., 6., 17., 38., 4., 0., 1., 68., 35., 24., 31., 39., 0.,
       0., 1., 136., 30., 19., 46., 136., 0., 0., 3., 68., 11., 1., 11.,
       35., 0., 0., 6., 91., 28., 17., 23., 0., 6., 62., 2., 2., 23.,
       115., 2., 14., 20., 36., 12., 8., 15., 74., 70., 92., 41., 3., 3.,
       22., 6., 12., 115., 38., 5., 1., 5., 38., 11., 3., 20., 0., 2.,
       100., 65., 29., 36., 97., 1., 28., 67., 87., 95., 37., 12., 45.,
       35., 115., 115., 30., 8., 30., 4., 5., 45., 55., 11., 1., 10.,
       48., 8., 1., 13., 2., 3., 74., 35., 16., 33., 115., 4., 29., 24.,
       30., 40., 23., 35., 115., 56., 115., 36., 4., 1., 16., 12., 39.,
       115., 41., 0., 0., 0., 26., 20., 13., 24., 3., 8., 68., 58., 28.,
       11., 40., 3., 20., 47., 45., 35., 20., 4., 44., 30., 107., 72.,
       7., 0., 1., 4., 12., 55., 9., 1., 0., 0., 1., 7., 17., 11., 65.,
