%YAML:1.0
---
mat: !!opencv-matrix
   rows: 140
   cols: 128
   dt: f
   data: [ 20., 1., 0., 3., 68., 9., 2., 10., 71., 66., 3., 5., 72., 21.,
       2., 4., 166., 119., 0., 1., 6., 0., 0., 0., 6., 2., 0., 0., 0.,
       0., 0., 0., 40., 7., 0., 9., 91., 1., 0., 1., 95., 16., 1., 26.,
       142., 5., 0., 3., 166., 52., 0., 4., 14., 0., 0., 5., 31., 3., 0.,
       0., 0., 0., 0., 0., 50., 4., 1., 15., 99., 1., 0., 2., 99., 3.,
       0., 29., 132., 3., 0., 22., 166., 6., 0., 1., 9., 1., 0., 46.,
       49., 3., 0., 0., 0., 0., 0., 0., 23., 4., 4., 34., 71., 3., 1.,
       3., 111., 7., 5., 67., 39., 0., 0., 7., 166., 12., 0., 1., 1., 0.,
       0., 13., 42., 4., 0., 0., 0., 0., 0., 0., 74., 4., 6., 4., 1., 0.,
       0., 38., 73., 41., 8., 26., 20., 0., 0., 29., 124., 85., 4., 5.,
       2., 0., 0., 0., 12., 3., 0., 0., 0., 0., 0., 0., 126., 5., 6.,
       17., 6., 0., 0., 49., 64., 42., 14., 131., 66., 0., 0., 10., 146.,
       137., 9., 18., 4., 0., 0., 6., 34., 10., 0., 0., 0., 0., 0., 1.,
       114., 13., 1., 9., 32., 2., 0., 31., 84., 9., 2., 60., 146., 5.,
       0., 17., 146., 28., 1., 7., 8., 0., 0., 54., 48., 3., 0., 0., 0.,
       0., 0., 3., 66., 4., 0., 3., 43., 4., 5., 50., 70., 1., 0., 7.,
       146., 10., 2., 24., 146., 15., 0., 0., 3., 1., 0., 24., 42., 4.,
       0., 0., 0., 0., 0., 0., 1., 1., 4., 35., 56., 2., 1., 1., 113.,
       35., 0., 8., 35., 3., 2., 47., 127., 116., 0., 0., 0., 0., 0.,
       27., 20., 20., 0., 0., 0., 0., 0., 0., 7., 2., 3., 43., 32., 9.,
       3., 5., 127., 7., 0., 7., 16., 6., 3., 105., 127., 90., 2., 4.,
       15., 8., 3., 59., 69., 76., 0., 1., 1., 0., 0., 0., 7., 1., 1.,
       13., 44., 68., 23., 14., 127., 22., 0., 4., 16., 13., 2., 23.,
       127., 31., 0., 2., 38., 53., 8., 17., 127., 41., 0., 0., 5., 11.,
       3., 8., 3., 1., 1., 15., 106., 84., 24., 29., 111., 17., 0., 3.,
       4., 17., 49., 55., 127., 42., 0., 0., 1., 43., 13., 20., 127.,
       14., 0., 0., 0., 23., 9., 17., 0., 0., 0., 11., 31., 3., 1., 0.,
       4., 18., 45., 97., 57., 1., 1., 0., 78., 82., 34., 14., 2., 0.,
       2., 2., 17., 3., 0., 0., 0., 1., 8., 4., 0., 0., 0., 13., 89., 2.,
       0., 0., 29., 25., 15., 116., 151., 8., 0., 2., 151., 82., 13.,
       20., 13., 1., 0., 6., 51., 3., 0., 1., 0., 1., 1., 2., 0., 0., 0.,
       7., 89., 12., 0., 0., 45., 4., 1., 23., 151., 63., 1., 18., 151.,
       21., 1., 2., 22., 10., 0., 66., 45., 6., 1., 1., 0., 0., 0., 4.,
       0., 0., 0., 46., 40., 2., 0., 0., 17., 19., 6., 117., 151., 10.,
       1., 3., 101., 151., 38., 9., 13., 2., 0., 12., 29., 92., 10., 0.,
       0., 0., 0., 1., 0., 0., 0., 11., 10., 0., 0., 0., 30., 37., 11.,
       89., 118., 2., 0., 3., 135., 135., 7., 9., 7., 1., 0., 6., 13.,
       12., 1., 2., 1., 0., 0., 0., 0., 0., 0., 8., 12., 4., 0., 0., 21.,
       29., 14., 111., 135., 45., 7., 13., 135., 133., 12., 21., 11., 6.,
       6., 69., 64., 11., 0., 0., 0., 1., 1., 7., 0., 0., 0., 0., 8.,
       12., 1., 0., 26., 6., 1., 11., 130., 135., 32., 54., 135., 18.,
       1., 3., 10., 20., 23., 135., 26., 2., 0., 1., 0., 1., 0., 18., 0.,
       0., 0., 0., 8., 1., 0., 0., 36., 17., 2., 15., 135., 18., 1., 3.,
       135., 58., 2., 5., 21., 3., 0., 8., 14., 5., 1., 1., 1., 0., 0.,
       1., 15., 32., 7., 6., 89., 74., 1., 0., 30., 129., 84., 7., 21.,
       9., 0., 0., 9., 113., 23., 1., 1., 0., 0., 0., 1., 2., 0., 0., 1.,
       1., 2., 0., 0., 1., 2., 7., 92., 31., 0., 0., 25., 116., 62., 28.,
       129., 66., 9., 7., 129., 129., 18., 4., 4., 4., 5., 18., 31., 12.,
       1., 0., 0., 0., 1., 1., 0., 0., 0., 0., 10., 7., 1., 0., 19., 4.,
       1., 3., 54., 129., 97., 20., 129., 114., 8., 2., 14., 59., 45.,
       52., 32., 93., 3., 0., 1., 0., 0., 0., 0., 0., 0., 0., 0., 0., 0.,
       0., 0., 0., 0., 0., 10., 41., 8., 0., 8., 68., 9., 2., 61., 129.,
       4., 1., 44., 129., 3., 0., 4., 22., 1., 0., 0., 0., 0., 8., 91.,
       4., 0., 0., 49., 15., 5., 31., 160., 13., 1., 1., 160., 47., 2.,
       2., 3., 1., 0., 0., 24., 5., 0., 1., 1., 0., 0., 0., 0., 0., 0.,
       1., 92., 21., 0., 0., 57., 3., 0., 4., 160., 72., 1., 1., 160.,
       18., 0., 0., 12., 4., 0., 7., 41., 3., 0., 1., 1., 0., 0., 2., 0.,
       0., 0., 2., 89., 5., 0., 0., 57., 2., 0., 20., 160., 10., 0., 2.,
       160., 2., 0., 3., 19., 0., 0., 25., 34., 0., 0., 1., 2., 0., 0.,
       5., 0., 0., 0., 0., 65., 7., 0., 0., 51., 0., 0., 3., 160., 28.,
       1., 5., 160., 2., 0., 1., 12., 4., 0., 16., 22., 0., 0., 1., 3.,
       1., 0., 1., 0., 0., 11., 129., 35., 0., 0., 0., 63., 32., 5., 69.,
       51., 2., 1., 40., 108., 41., 0., 0., 1., 0., 0., 81., 7., 3., 0.,
       0., 0., 0., 0., 4., 0., 0., 3., 90., 113., 0., 0., 0., 48., 108.,
       14., 36., 46., 0., 0., 2., 130., 130., 1., 0., 0., 0., 0., 6.,
       28., 14., 1., 1., 0., 0., 0., 1., 0., 2., 52., 130., 72., 2., 0.,
       0., 79., 38., 58., 28., 27., 0., 1., 11., 130., 26., 1., 0., 1.,
       0., 0., 47., 47., 1., 0., 1., 2., 0., 0., 7., 0., 2., 18., 33.,
       88., 86., 16., 6., 84., 29., 25., 3., 2., 12., 41., 130., 130.,
       5., 0., 0., 0., 0., 3., 124., 19., 0., 0., 1., 1., 1., 0., 6., 0.,
       0., 0., 22., 157., 13., 0., 0., 83., 3., 1., 21., 102., 8., 0.,
       21., 63., 10., 6., 27., 22., 3., 0., 19., 6., 11., 9., 9., 8., 3.,
       1., 4., 2., 1., 0., 22., 157., 21., 0., 0., 131., 9., 3., 24.,
       109., 6., 0., 32., 44., 12., 7., 36., 43., 8., 0., 17., 13., 32.,
       7., 15., 10., 1., 0., 2., 2., 0., 0., 0., 157., 63., 0., 1., 126.,
       14., 4., 13., 139., 31., 0., 10., 37., 29., 25., 82., 39., 2., 0.,
       2., 37., 25., 6., 14., 33., 1., 0., 1., 0., 0., 0., 0., 157., 80.,
       0., 0., 39., 0., 0., 5., 130., 64., 6., 23., 33., 21., 2., 31.,
       91., 4., 1., 3., 55., 31., 2., 8., 21., 2., 0., 0., 89., 14., 2.,
       1., 16., 4., 1., 5., 34., 29., 1., 13., 102., 8., 0., 1., 125.,
       60., 0., 3., 5., 0., 0., 10., 2., 0., 0., 0., 0., 0., 0., 1.,
       131., 59., 2., 8., 20., 0., 0., 0., 68., 18., 5., 61., 148., 0.,
       0., 2., 149., 16., 2., 8., 8., 0., 0., 30., 21., 0., 0., 0., 0.,
       0., 0., 4., 140., 64., 6., 19., 12., 0., 0., 7., 87., 14., 6.,
       69., 112., 1., 1., 15., 149., 70., 0., 2., 6., 0., 0., 27., 38.,
       23., 0., 0., 0., 0., 0., 1., 51., 56., 14., 31., 6., 2., 0., 5.,
       64., 25., 11., 68., 15., 1., 1., 5., 149., 149., 1., 0., 0., 0.,
       0., 5., 48., 56., 0., 0., 0., 0., 0., 0., 78., 15., 1., 4., 52.,
       37., 14., 70., 46., 2., 1., 4., 53., 76., 22., 67., 130., 1., 0.,
       0., 0., 1., 3., 130., 7., 0., 0., 0., 0., 0., 0., 13., 103., 36.,
       16., 14., 41., 11., 1., 29., 68., 27., 17., 31., 43., 26., 14.,
       32., 130., 32., 2., 1., 1., 0., 3., 87., 26., 0., 0., 0., 0., 0.,
       0., 17., 16., 36., 28., 4., 8., 66., 116., 33., 26., 11., 22.,
       17., 7., 5., 108., 130., 130., 10., 0., 0., 0., 4., 37., 84., 52.,
       2., 0., 0., 0., 0., 0., 2., 1., 0., 0., 0., 4., 59., 130., 50.,
       5., 0., 0., 0., 5., 58., 111., 101., 109., 21., 0., 0., 12., 48.,
       14., 11., 40., 12., 0., 0., 0., 0., 0., 0., 78., 0., 0., 1., 42.,
       14., 11., 122., 50., 12., 0., 7., 61., 23., 2., 19., 128., 50.,
       0., 1., 2., 2., 0., 6., 128., 60., 0., 0., 0., 0., 0., 2., 71.,
       0., 0., 0., 27., 12., 11., 90., 38., 6., 1., 5., 128., 36., 4.,
       14., 128., 47., 5., 3., 8., 3., 0., 13., 128., 128., 11., 4., 0.,
       0., 0., 1., 48., 8., 4., 7., 11., 8., 13., 36., 29., 2., 0., 1.,
       98., 85., 3., 15., 128., 15., 3., 8., 25., 15., 2., 34., 128.,
       119., 8., 21., 31., 0., 0., 1., 83., 17., 9., 17., 8., 2., 1.,
       11., 25., 1., 0., 0., 58., 43., 6., 8., 57., 6., 0., 1., 30., 22.,
       12., 53., 91., 39., 0., 5., 67., 11., 2., 4., 40., 87., 12., 51.,
       33., 1., 0., 6., 109., 163., 3., 0., 0., 0., 0., 10., 23., 29.,
       1., 1., 0., 0., 0., 0., 0., 0., 1., 4., 0., 0., 0., 0., 28., 35.,
