%YAML:1.0
---
mat: !!opencv-matrix
   rows: 55
   cols: 128
   dt: f
   data: [ 10., 8., 23., 6., 1., 1., 16., 37., 5., 1., 64., 48., 1., 0.,
       1., 11., 1., 30., 49., 22., 1., 0., 0., 0., 1., 23., 12., 0., 0.,
       0., 0., 0., 11., 23., 129., 71., 3., 0., 1., 4., 9., 19., 129.,
       129., 40., 0., 0., 1., 111., 129., 116., 28., 5., 0., 0., 6., 35.,
       40., 24., 1., 0., 1., 4., 6., 43., 38., 31., 98., 19., 0., 0., 0.,
       54., 30., 20., 123., 129., 1., 0., 4., 129., 68., 12., 15., 16.,
       0., 0., 22., 49., 41., 24., 0., 0., 0., 2., 5., 43., 51., 14.,
       80., 20., 0., 0., 0., 66., 33., 20., 129., 54., 0., 0., 8., 129.,
       84., 12., 9., 1., 0., 0., 11., 13., 47., 51., 0., 0., 0., 0., 0.,
       0., 22., 116., 27., 6., 0., 0., 0., 6., 36., 88., 19., 3., 0., 0.,
       1., 43., 67., 34., 2., 1., 1., 0., 9., 67., 21., 0., 0., 0., 0.,
       0., 28., 16., 54., 77., 40., 93., 9., 9., 16., 116., 63., 54., 4.,
       7., 12., 13., 46., 99., 83., 21., 15., 62., 41., 11., 12., 116.,
       67., 1., 0., 1., 0., 0., 3., 10., 5., 2., 4., 70., 67., 116., 52.,
       112., 32., 17., 14., 6., 20., 116., 55., 104., 18., 20., 65., 55.,
       19., 53., 45., 116., 43., 5., 1., 1., 0., 3., 26., 4., 1., 0., 0.,
       1., 19., 108., 11., 0., 0., 1., 1., 1., 25., 116., 5., 9., 1., 1.,
       6., 8., 25., 116., 32., 24., 31., 4., 0., 3., 5., 14., 17., 8.,
       6., 23., 27., 54., 15., 3., 2., 119., 27., 20., 16., 10., 1., 0.,
       3., 33., 18., 50., 47., 17., 0., 0., 0., 1., 12., 52., 98., 37.,
       1., 0., 0., 16., 3., 1., 7., 85., 119., 27., 0., 119., 16., 2.,
       11., 67., 34., 2., 14., 56., 44., 40., 51., 119., 36., 1., 4.,
       41., 36., 21., 53., 119., 48., 1., 2., 11., 2., 0., 0., 117.,
       102., 11., 3., 119., 8., 0., 0., 85., 78., 26., 63., 58., 6., 0.,
       0., 119., 119., 34., 33., 39., 5., 0., 0., 60., 119., 52., 39.,
       18., 9., 1., 0., 13., 35., 11., 1., 10., 0., 0., 0., 11., 43.,
       54., 45., 3., 0., 0., 0., 23., 63., 30., 14., 0., 0., 0., 0., 12.,
       32., 33., 11., 19., 81., 44., 12., 1., 0., 0., 1., 33., 68., 41.,
       14., 1., 0., 0., 1., 23., 33., 37., 26., 2., 0., 0., 2., 10., 29.,
       15., 4., 13., 2., 0., 1., 116., 74., 21., 30., 47., 2., 0., 7.,
       116., 63., 25., 36., 55., 1., 0., 7., 106., 44., 35., 106., 111.,
       0., 0., 1., 116., 54., 15., 10., 13., 1., 0., 0., 110., 1., 0.,
       1., 34., 39., 50., 114., 116., 4., 1., 17., 60., 35., 47., 66.,
       101., 19., 2., 63., 116., 1., 1., 8., 116., 99., 10., 2., 8., 0.,
       0., 3., 16., 1., 0., 0., 0., 7., 32., 44., 5., 0., 0., 20., 76.,
       15., 38., 21., 19., 4., 0., 31., 100., 12., 18., 23., 83., 39.,
       4., 1., 1., 2., 5., 30., 0., 3., 11., 108., 61., 0., 0., 0., 37.,
       36., 19., 78., 67., 1., 1., 10., 23., 23., 25., 13., 2., 12., 16.,
       17., 11., 10., 10., 5., 1., 3., 12., 21., 4., 3., 35., 136., 103.,
       0., 0., 0., 136., 79., 40., 105., 42., 0., 7., 25., 62., 27., 15.,
       4., 1., 1., 67., 64., 6., 4., 2., 4., 5., 2., 20., 56., 14., 2.,
       6., 62., 136., 6., 1., 5., 136., 71., 10., 22., 73., 5., 1., 29.,
       82., 121., 32., 0., 0., 0., 11., 15., 4., 22., 21., 24., 4., 0.,
       2., 5., 19., 5., 2., 90., 136., 3., 0., 3., 136., 46., 13., 16.,
       31., 3., 2., 25., 79., 85., 14., 0., 0., 0., 1., 9., 9., 18., 14.,
       31., 3., 0., 0., 0., 60., 11., 0., 2., 51., 52., 4., 11., 48.,
       10., 3., 14., 93., 135., 36., 39., 135., 15., 1., 1., 1., 5., 18.,
       79., 5., 0., 0., 0., 0., 0., 27., 21., 95., 8., 0., 0., 25., 32.,
       6., 59., 30., 18., 5., 30., 135., 90., 13., 11., 135., 59., 5.,
       11., 18., 5., 7., 29., 20., 1., 0., 0., 1., 2., 21., 25., 92.,
       10., 0., 0., 25., 19., 4., 33., 27., 2., 1., 4., 135., 119., 4.,
       16., 135., 6., 1., 1., 28., 25., 4., 58., 37., 0., 0., 0., 0., 1.,
       15., 30., 99., 3., 0., 1., 13., 11., 2., 25., 10., 1., 0., 2.,
       135., 77., 5., 10., 135., 2., 0., 1., 24., 19., 6., 49., 37., 5.,
       0., 0., 1., 1., 3., 17., 0., 0., 10., 20., 14., 1., 0., 0., 7.,
       7., 5., 84., 125., 1., 0., 1., 132., 39., 5., 25., 25., 1., 0.,
       11., 42., 10., 2., 29., 48., 1., 0., 4., 1., 2., 23., 26., 19.,
       0., 0., 0., 23., 12., 7., 111., 132., 2., 1., 3., 132., 61., 5.,
       27., 31., 1., 1., 10., 45., 15., 5., 39., 73., 2., 0., 0., 0., 1.,
       31., 23., 22., 0., 0., 0., 22., 8., 10., 58., 132., 32., 5., 17.,
       132., 56., 8., 10., 23., 10., 5., 56., 27., 14., 6., 98., 71., 2.,
       0., 1., 0., 1., 27., 22., 19., 0., 0., 0., 11., 24., 24., 122.,
       132., 12., 2., 5., 132., 132., 22., 22., 12., 3., 2., 18., 24.,
       21., 3., 30., 102., 7., 1., 1., 4., 5., 12., 13., 31., 44., 35.,
       16., 21., 2., 3., 3., 145., 43., 11., 20., 145., 1., 0., 0., 22.,
       10., 2., 76., 36., 0., 0., 1., 1., 2., 6., 26., 0., 4., 14., 23.,
       44., 38., 37., 5., 27., 15., 8., 41., 145., 29., 11., 8., 145.,
       41., 5., 8., 20., 3., 2., 33., 47., 2., 1., 19., 7., 1., 2., 11.,
       0., 1., 5., 4., 47., 54., 66., 2., 29., 5., 2., 14., 145., 83.,
       17., 10., 145., 18., 2., 4., 24., 10., 8., 42., 39., 6., 2., 14.,
       3., 0., 19., 37., 1., 6., 54., 24., 35., 6., 5., 4., 13., 3., 6.,
       18., 145., 59., 22., 27., 139., 3., 0., 1., 11., 10., 19., 145.,
       17., 0., 0., 0., 0., 0., 34., 78., 75., 18., 7., 45., 12., 0., 0.,
       5., 25., 8., 4., 77., 111., 5., 0., 7., 124., 24., 6., 14., 26.,
       5., 0., 41., 70., 24., 6., 0., 0., 0., 1., 12., 107., 30., 8.,
       60., 24., 0., 0., 7., 30., 23., 16., 124., 82., 2., 2., 8., 124.,
       73., 12., 23., 4., 0., 1., 20., 51., 48., 21., 0., 0., 0., 0., 0.,
       76., 34., 12., 89., 33., 0., 0., 8., 50., 39., 35., 124., 62., 5.,
       7., 32., 124., 55., 8., 2., 1., 1., 3., 66., 21., 37., 44., 0.,
       0., 0., 0., 1., 35., 32., 8., 109., 52., 0., 0., 2., 96., 83.,
       28., 81., 33., 0., 0., 0., 124., 115., 18., 0., 0., 0., 0., 1.,
       1., 31., 62., 0., 0., 0., 0., 0., 56., 61., 21., 18., 5., 0., 0.,
       1., 17., 71., 36., 19., 4., 0., 0., 0., 7., 57., 36., 11., 2., 0.,
       0., 0., 4., 33., 25., 0., 0., 0., 0., 0., 115., 24., 16., 57.,
       66., 2., 0., 20., 115., 55., 26., 48., 72., 7., 0., 23., 35.,
       101., 63., 43., 115., 22., 0., 6., 33., 102., 77., 13., 14., 1.,
       1., 6., 68., 11., 9., 51., 40., 43., 85., 37., 115., 58., 2., 23.,
       40., 21., 72., 57., 61., 25., 3., 4., 115., 111., 13., 45., 95.,
       19., 3., 14., 78., 26., 9., 83., 6., 0., 0., 0., 1., 23., 87.,
       13., 18., 2., 0., 0., 7., 14., 108., 49., 18., 0., 0., 0., 62.,
       63., 31., 47., 32., 0., 0., 0., 27., 39., 32., 65., 54., 46., 31.,
       67., 20., 0., 0., 5., 73., 55., 30., 65., 17., 0., 0., 1., 19.,
       20., 89., 37., 13., 0., 0., 0., 0., 24., 65., 8., 8., 0., 0., 0.,
       67., 13., 7., 87., 78., 29., 8., 29., 116., 75., 11., 53., 57.,
       25., 3., 9., 41., 24., 78., 67., 116., 36., 1., 21., 29., 69.,
       106., 31., 40., 7., 9., 47., 6., 0., 1., 4., 26., 116., 64., 8.,
       116., 7., 0., 11., 42., 102., 53., 51., 65., 3., 0., 46., 116.,
       42., 21., 62., 52., 3., 2., 53., 116., 12., 15., 73., 0., 0., 0.,
       1., 8., 35., 10., 0., 1., 0., 0., 0., 14., 56., 25., 8., 5., 0.,
       0., 1., 31., 66., 38., 25., 6., 0., 0., 9., 93., 57., 23., 25.,
       11., 5., 6., 34., 146., 10., 1., 3., 146., 66., 12., 11., 35., 3.,
       1., 13., 67., 58., 67., 2., 0., 1., 9., 6., 3., 27., 22., 1., 0.,
       0., 4., 3., 12., 2., 2., 29., 146., 34., 4., 6., 146., 34., 11.,
       9., 42., 19., 9., 48., 71., 54., 54., 6., 0., 7., 18., 31., 33.,
       46., 13., 0., 0., 0., 0., 9., 18., 9., 2., 88., 146., 2., 0., 0.,
       146., 56., 16., 31., 37., 4., 3., 7., 59., 80., 67., 29., 6., 9.,
       20., 23., 42., 69., 8., 1., 0., 0., 1., 8., 20., 3., 0., 37.,
       146., 4., 1., 2., 146., 17., 0., 7., 28., 4., 6., 18., 52., 8.,
