%YAML:1.0
---
mat: !!opencv-matrix
   rows: 58
   cols: 128
   dt: f
   data: [ 2., 3., 4., 3., 0., 0., 9., 12., 80., 7., 1., 0., 0., 2., 23.,
       35., 145., 29., 0., 0., 5., 3., 5., 112., 24., 6., 2., 27., 76.,
       27., 6., 18., 59., 27., 10., 3., 1., 4., 23., 52., 93., 32., 20.,
       31., 22., 32., 59., 50., 145., 89., 1., 4., 21., 6., 4., 81., 27.,
       9., 2., 35., 145., 53., 5., 12., 21., 49., 25., 3., 9., 11., 11.,
       4., 106., 35., 48., 31., 6., 1., 3., 60., 145., 30., 1., 2., 3.,
       4., 1., 88., 55., 13., 0., 0., 21., 58., 13., 6., 1., 1., 0., 0.,
       2., 16., 63., 12., 73., 2., 0., 0., 0., 0., 29., 145., 145., 29.,
       7., 2., 0., 0., 0., 87., 19., 39., 9., 0., 0., 0., 1., 0., 13.,
       52., 70., 22., 0., 0., 0., 0., 45., 125., 125., 33., 0., 1., 6.,
       6., 1., 76., 125., 92., 1., 7., 6., 1., 1., 125., 125., 2., 0.,
       0., 0., 0., 13., 3., 6., 18., 2., 0., 0., 3., 118., 23., 32., 11.,
       6., 23., 67., 114., 15., 23., 39., 27., 78., 125., 77., 25., 19.,
       110., 47., 2., 10., 10., 0., 1., 19., 6., 1., 8., 8., 10., 0., 0.,
       125., 114., 78., 34., 8., 8., 6., 22., 15., 23., 80., 125., 99.,
       28., 7., 6., 11., 11., 17., 31., 17., 2., 0., 3., 0., 3., 6., 1.,
       2., 12., 0., 0., 4., 20., 37., 6., 4., 16., 4., 6., 5., 6., 32.,
       20., 7., 9., 11., 17., 18., 0., 1., 9., 4., 5., 6., 22., 3., 7.,
       6., 54., 121., 19., 1., 0., 79., 60., 5., 8., 20., 23., 29., 59.,
       77., 29., 2., 58., 49., 27., 7., 57., 54., 8., 6., 38., 42., 19.,
       3., 59., 7., 28., 55., 77., 71., 24., 5., 5., 121., 30., 2., 9.,
       21., 14., 14., 85., 71., 7., 5., 121., 121., 12., 7., 51., 121.,
       11., 8., 54., 20., 2., 3., 93., 41., 82., 45., 30., 8., 1., 1.,
       12., 121., 73., 3., 3., 13., 3., 1., 32., 35., 16., 4., 21., 95.,
       68., 51., 55., 72., 14., 13., 2., 5., 7., 22., 104., 75., 47., 4.,
       3., 7., 3., 1., 20., 121., 48., 2., 0., 0., 0., 0., 18., 10., 36.,
       14., 0., 1., 3., 5., 3., 2., 15., 29., 3., 0., 0., 2., 3., 0., 0.,
       0., 0., 0., 8., 34., 6., 0., 0., 0., 0., 32., 65., 20., 0., 0.,
       0., 0., 3., 121., 121., 8., 0., 29., 13., 0., 2., 10., 31., 38.,
       18., 1., 5., 18., 41., 41., 9., 28., 3., 47., 64., 40., 30., 38.,
       41., 11., 1., 9., 5., 2., 12., 121., 121., 22., 1., 32., 10., 3.,
       4., 7., 33., 77., 82., 10., 5., 7., 38., 121., 26., 8., 7., 121.,
       46., 15., 32., 92., 22., 3., 58., 34., 10., 9., 48., 121., 79.,
       2., 7., 86., 84., 9., 8., 16., 23., 11., 32., 7., 1., 0., 17.,
       121., 33., 4., 9., 121., 32., 4., 11., 61., 26., 5., 61., 12.,
       12., 13., 56., 94., 101., 15., 3., 69., 44., 11., 7., 6., 36.,
       30., 18., 1., 2., 3., 8., 104., 110., 7., 1., 97., 39., 7., 5.,
       22., 32., 18., 39., 97., 13., 0., 0., 0., 2., 45., 61., 2., 0.,
       0., 0., 0., 5., 121., 23., 9., 7., 7., 3., 98., 114., 12., 4.,
       63., 4., 0., 1., 23., 48., 92., 121., 58., 2., 0., 0., 0., 0.,
       109., 121., 5., 0., 0., 0., 0., 0., 97., 83., 30., 9., 3., 6.,
       112., 28., 4., 18., 121., 25., 0., 3., 39., 13., 13., 55., 113.,
       16., 5., 0., 0., 0., 37., 60., 1., 2., 16., 1., 0., 0., 15., 17.,
       5., 43., 67., 12., 31., 26., 11., 5., 85., 72., 44., 1., 6., 15.,
       28., 55., 53., 42., 64., 2., 0., 0., 0., 8., 0., 1., 80., 8., 0.,
       0., 0., 0., 32., 27., 18., 0., 0., 0., 0., 45., 117., 56., 8., 0.,
       0., 0., 0., 58., 101., 14., 0., 0., 0., 0., 0., 33., 7., 1., 1.,
       15., 9., 0., 0., 3., 36., 93., 95., 9., 3., 4., 13., 9., 127.,
       127., 25., 0., 0., 0., 1., 28., 127., 56., 20., 2., 1., 0., 0.,
       22., 3., 4., 9., 39., 26., 0., 0., 1., 27., 9., 4., 1., 2., 27.,
       127., 34., 127., 101., 35., 0., 0., 26., 66., 33., 34., 127.,
       127., 1., 0., 7., 5., 8., 10., 58., 58., 78., 11., 0., 0., 1., 1.,
       4., 10., 13., 14., 24., 84., 10., 5., 36., 19., 6., 3., 68., 78.,
       4., 23., 39., 21., 43., 5., 36., 60., 34., 16., 21., 61., 127.,
       8., 5., 13., 10., 4., 9., 0., 0., 0., 14., 15., 1., 24., 4., 0.,
       0., 0., 1., 9., 27., 126., 35., 0., 0., 0., 2., 19., 105., 27.,
       19., 3., 6., 15., 46., 52., 32., 15., 3., 6., 29., 55., 73., 31.,
       16., 87., 4., 0., 1., 4., 5., 77., 126., 79., 31., 0., 1., 2.,
       13., 126., 103., 29., 21., 6., 29., 39., 3., 13., 26., 49., 6.,
       30., 63., 22., 3., 4., 37., 126., 44., 0., 1., 1., 1., 10., 112.,
       47., 26., 3., 43., 36., 14., 48., 25., 0., 11., 46., 126., 52.,
       3., 6., 4., 18., 0., 1., 1., 0., 1., 16., 126., 75., 3., 0., 0.,
       1., 0., 0., 126., 17., 3., 1., 58., 110., 6., 0., 19., 0., 7.,
       20., 108., 104., 6., 0., 0., 9., 3., 1., 0., 0., 0., 1., 2., 126.,
       86., 3., 0., 0., 0., 3., 30., 64., 108., 26., 3., 10., 9., 18.,
       29., 4., 3., 3., 6., 58., 41., 3., 2., 23., 9., 3., 0., 0., 12.,
       23., 10., 126., 35., 1., 0., 0., 1., 30., 126., 52., 42., 5., 2.,
       18., 6., 69., 126., 5., 2., 19., 62., 104., 14., 4., 9., 24., 10.,
       8., 26., 64., 64., 51., 11., 126., 126., 2., 3., 10., 5., 4., 32.,
       72., 107., 12., 2., 30., 6., 14., 20., 2., 2., 9., 30., 126., 46.,
       1., 0., 7., 7., 33., 62., 30., 3., 3., 9., 126., 36., 0., 6., 5.,
       0., 1., 54., 126., 21., 0., 0., 6., 3., 0., 27., 4., 1., 0., 0.,
       73., 82., 8., 1., 57., 51., 34., 16., 2., 4., 9., 51., 14., 27.,
       40., 24., 5., 25., 30., 5., 8., 6., 0., 12., 48., 124., 34., 3.,
       0., 0., 0., 13., 31., 117., 63., 2., 18., 114., 125., 19., 0., 0.,
       0., 0., 125., 94., 84., 23., 0., 1., 1., 22., 52., 24., 42., 19.,
       3., 52., 29., 20., 0., 14., 11., 2., 1., 98., 110., 4., 10., 24.,
       15., 3., 0., 0., 0., 2., 80., 125., 77., 2., 0., 1., 6., 7., 11.,
       125., 125., 28., 0., 1., 1., 1., 1., 125., 47., 2., 0., 1., 2.,
       0., 21., 1., 4., 7., 0., 0., 2., 28., 22., 17., 15., 4., 12., 44.,
       63., 66., 7., 58., 49., 4., 29., 48., 10., 1., 20., 125., 10., 0.,
       0., 0., 0., 1., 0., 2., 6., 9., 5., 4., 23., 6., 5., 19., 13., 7.,
       27., 74., 16., 1., 4., 4., 2., 4., 50., 107., 45., 7., 50., 12.,
       2., 1., 1., 5., 51., 79., 3., 8., 13., 34., 111., 28., 14., 5.,
       111., 90., 28., 31., 73., 35., 2., 6., 29., 16., 9., 24., 111.,
       108., 7., 2., 71., 105., 11., 6., 8., 19., 10., 23., 3., 1., 0.,
       2., 111., 73., 5., 5., 111., 26., 3., 5., 89., 65., 8., 38., 43.,
       16., 12., 41., 107., 109., 26., 2., 49., 53., 16., 10., 8., 45.,
       67., 19., 1., 1., 1., 32., 68., 10., 0., 0., 29., 47., 21., 27.,
       68., 24., 8., 10., 5., 84., 111., 7., 16., 60., 21., 1., 4., 48.,
       90., 1., 1., 24., 71., 15., 10., 128., 50., 0., 0., 0., 0., 0.,
       27., 110., 12., 0., 1., 1., 2., 3., 8., 4., 0., 2., 18., 80., 17.,
       5., 0., 1., 0., 2., 21., 128., 7., 0., 61., 128., 26., 0., 0., 9.,
       44., 42., 128., 128., 15., 2., 0., 0., 3., 39., 45., 14., 17.,
       67., 11., 7., 4., 5., 0., 0., 9., 51., 44., 38., 1., 0., 17., 0.,
       0., 0., 4., 14., 128., 128., 80., 32., 50., 20., 69., 33., 70.,
       84., 10., 28., 128., 94., 10., 0., 0., 0., 0., 4., 43., 30., 2.,
       0., 0., 0., 1., 0., 0., 22., 20., 6., 38., 70., 0., 1., 14., 125.,
       128., 19., 13., 9., 1., 11., 49., 23., 31., 1., 0., 0., 0., 1.,
       5., 1., 0., 0., 0., 0., 12., 105., 95., 135., 38., 11., 1., 1.,
       51., 135., 63., 9., 1., 0., 1., 3., 6., 15., 39., 82., 6., 0., 0.,
       0., 0., 0., 20., 21., 0., 0., 0., 0., 39., 56., 40., 135., 21.,
       7., 105., 47., 135., 135., 22., 13., 16., 3., 55., 94., 50., 27.,
       39., 117., 135., 9., 0., 1., 4., 29., 39., 29., 22., 3., 0., 0.,
       2., 0., 8., 33., 8., 9., 108., 31., 69., 79., 85., 70., 14., 11.,
       69., 61., 13., 45., 30., 17., 97., 14., 0., 1., 2., 8., 1., 1.,
       16., 5., 0., 0., 0., 0., 4., 11., 0., 0., 0., 0., 0., 6., 17.,
       22., 0., 0., 0., 0., 0., 3., 1., 0., 0., 0., 0., 0., 0., 0., 0.,
