%YAML:1.0
---
mat: !!opencv-matrix
   rows: 128
   cols: 128
   dt: f
   data: [ 0., 0., 0., 0., 0., 0., 0., 0., 5., 0., 0., 1., 7., 3., 2.,
       9., 25., 0., 0., 2., 14., 9., 54., 143., 1., 0., 0., 9., 132.,
       66., 67., 64., 0., 0., 0., 1., 2., 0., 0., 0., 69., 6., 1., 21.,
       21., 0., 0., 10., 143., 11., 2., 28., 35., 3., 11., 132., 17., 2.,
       1., 138., 143., 15., 13., 26., 0., 0., 0., 14., 14., 0., 0., 0.,
       89., 21., 3., 49., 34., 0., 0., 0., 143., 92., 64., 102., 29., 0.,
       0., 1., 6., 5., 20., 143., 143., 0., 0., 0., 0., 0., 0., 27., 36.,
       0., 0., 0., 23., 14., 2., 26., 26., 0., 0., 3., 22., 40., 68.,
       72., 9., 0., 0., 1., 3., 2., 20., 62., 50., 0., 0., 0., 59., 4.,
       1., 0., 0., 0., 0., 7., 113., 2., 0., 0., 2., 14., 39., 126., 24.,
       0., 0., 0., 34., 93., 51., 54., 31., 0., 0., 0., 2., 4., 1., 11.,
       88., 4., 0., 0., 0., 0., 0., 5., 158., 18., 4., 9., 28., 25., 15.,
       110., 57., 5., 4., 40., 158., 126., 19., 40., 7., 0., 0., 2., 15.,
       8., 1., 5., 70., 10., 0., 0., 0., 0., 0., 2., 158., 158., 54.,
       53., 11., 1., 0., 6., 29., 37., 64., 158., 92., 4., 0., 1., 1.,
       1., 3., 7., 6., 1., 0., 0., 29., 2., 0., 0., 0., 1., 5., 8., 95.,
       50., 27., 11., 0., 0., 0., 4., 32., 21., 28., 23., 0., 0., 0., 0.,
       3., 1., 0., 0., 0., 0., 0., 0., 12., 12., 0., 1., 7., 6., 3., 1.,
       46., 23., 0., 0., 2., 4., 14., 20., 86., 33., 0., 0., 0., 0., 3.,
       28., 119., 22., 0., 0., 1., 2., 14., 131., 35., 36., 1., 0., 0.,
       1., 3., 6., 98., 12., 0., 0., 0., 8., 73., 104., 53., 30., 0., 0.,
       16., 60., 66., 39., 131., 131., 2., 0., 3., 5., 0., 48., 54., 17.,
       0., 0., 0., 0., 0., 2., 131., 42., 0., 0., 1., 7., 10., 23., 59.,
       9., 0., 0., 32., 131., 26., 14., 45., 131., 22., 1., 13., 84., 2.,
       0., 16., 6., 0., 0., 0., 0., 0., 1., 131., 122., 0., 0., 0., 0.,
       1., 2., 80., 90., 30., 12., 11., 61., 11., 7., 0., 3., 20., 37.,
       65., 90., 1., 0., 10., 0., 0., 0., 0., 0., 0., 5., 64., 0., 0.,
       0., 0., 3., 30., 105., 84., 3., 0., 0., 2., 14., 47., 119., 103.,
       8., 0., 1., 11., 42., 90., 126., 30., 0., 0., 0., 0., 0., 0., 9.,
       126., 17., 2., 2., 6., 14., 10., 97., 112., 57., 9., 15., 59.,
       59., 17., 36., 126., 126., 75., 26., 31., 10., 9., 42., 18., 1.,
       0., 0., 0., 1., 6., 6., 126., 87., 36., 10., 4., 3., 11., 15.,
       14., 45., 101., 105., 42., 7., 0., 1., 2., 126., 126., 31., 5.,
       0., 0., 0., 0., 0., 0., 0., 0., 9., 10., 1., 5., 6., 6., 4., 16.,
       42., 33., 5., 0., 2., 31., 27., 44., 17., 2., 0., 0., 1., 39.,
       16., 3., 0., 0., 0., 6., 0., 0., 0., 0., 0., 2., 7., 80., 12., 0.,
       0., 0., 0., 0., 9., 60., 4., 0., 0., 0., 0., 7., 74., 1., 0., 0.,
       0., 0., 0., 33., 132., 5., 2., 4., 2., 0., 0., 11., 27., 103.,
       33., 2., 0., 0., 0., 5., 30., 132., 19., 0., 0., 0., 0., 10.,
       132., 28., 3., 1., 11., 31., 24., 63., 132., 1., 1., 6., 2., 0.,
       0., 24., 87., 35., 6., 1., 0., 1., 1., 63., 124., 132., 132., 0.,
       0., 1., 2., 15., 54., 120., 130., 0., 2., 31., 57., 30., 28., 22.,
       1., 1., 1., 0., 5., 33., 108., 5., 2., 4., 10., 3., 14., 52., 31.,
       83., 57., 11., 5., 2., 2., 15., 19., 132., 69., 0., 0., 0., 1.,
       6., 18., 62., 8., 1., 0., 0., 0., 0., 3., 130., 63., 35., 10., 0.,
       0., 3., 3., 7., 19., 113., 62., 0., 1., 18., 6., 24., 71., 29.,
       17., 0., 1., 11., 13., 82., 10., 1., 0., 0., 0., 0., 1., 130.,
       18., 5., 2., 0., 1., 30., 62., 18., 17., 10., 3., 0., 2., 130.,
       72., 7., 7., 3., 3., 1., 8., 130., 49., 88., 14., 0., 0., 0., 0.,
       0., 0., 130., 55., 27., 10., 7., 1., 3., 13., 50., 130., 114.,
       20., 13., 3., 30., 27., 40., 90., 17., 36., 24., 18., 55., 14.,
       64., 12., 0., 0., 0., 0., 0., 0., 130., 29., 2., 4., 13., 13., 7.,
       6., 83., 41., 17., 10., 27., 36., 49., 90., 105., 29., 2., 2., 6.,
       20., 20., 78., 21., 1., 0., 0., 0., 1., 11., 19., 35., 3., 0., 0.,
       1., 5., 35., 44., 51., 16., 1., 2., 6., 6., 23., 72., 7., 2., 0.,
       4., 21., 66., 48., 17., 82., 0., 0., 0., 1., 3., 11., 88., 53.,
       1., 0., 0., 41., 43., 40., 58., 125., 26., 1., 1., 7., 8., 41.,
       125., 19., 8., 1., 18., 125., 125., 84., 59., 125., 25., 7., 1.,
       3., 4., 2., 37., 47., 24., 20., 25., 93., 36., 3., 13., 125.,
       125., 38., 10., 18., 4., 1., 10., 14., 110., 67., 110., 125., 4.,
       1., 4., 31., 28., 17., 4., 4., 6., 8., 8., 3., 17., 73., 41., 19.,
       1., 0., 0., 0., 62., 57., 12., 4., 0., 0., 0., 0., 45., 90., 46.,
       10., 0., 0., 0., 27., 0., 0., 0., 0., 0., 0., 2., 157., 0., 0.,
       0., 0., 0., 0., 22., 150., 3., 0., 0., 0., 0., 0., 9., 9., 3., 0.,
       0., 1., 0., 0., 0., 48., 0., 0., 0., 0., 0., 0., 4., 157., 23.,
       7., 0., 0., 0., 0., 22., 144., 62., 79., 7., 0., 0., 0., 4., 13.,
       57., 24., 1., 1., 0., 0., 0., 51., 2., 0., 0., 0., 0., 0., 2.,
       157., 78., 35., 1., 0., 0., 5., 21., 36., 115., 148., 12., 0., 1.,
       28., 16., 18., 130., 110., 1., 0., 3., 9., 3., 50., 2., 0., 0.,
       0., 0., 0., 2., 157., 37., 2., 0., 0., 0., 11., 47., 42., 38., 6.,
       2., 4., 11., 90., 47., 6., 17., 23., 4., 6., 22., 57., 8., 6.,
       18., 73., 58., 22., 6., 2., 8., 13., 59., 129., 16., 6., 6., 0.,
       1., 77., 109., 45., 0., 7., 16., 13., 1., 9., 5., 0., 0., 2., 12.,
       62., 21., 19., 58., 10., 19., 33., 69., 10., 1., 64., 23., 36.,
       9., 26., 129., 25., 15., 129., 55., 6., 0., 0., 4., 8., 25., 30.,
       18., 4., 0., 0., 0., 0., 1., 30., 129., 2., 1., 3., 12., 2., 0.,
       43., 57., 4., 2., 9., 64., 93., 46., 91., 12., 42., 59., 0., 4.,
       53., 90., 11., 24., 129., 30., 0., 0., 0., 1., 12., 78., 9., 0.,
       0., 0., 0., 0., 30., 129., 82., 15., 0., 0., 3., 5., 3., 17.,
       100., 129., 0., 0., 4., 5., 8., 24., 97., 57., 7., 1., 1., 1.,
       57., 34., 6., 7., 0., 0., 13., 30., 11., 13., 14., 3., 0., 0.,
       64., 109., 4., 9., 10., 17., 15., 5., 75., 77., 1., 3., 60., 36.,
       12., 8., 52., 22., 107., 100., 11., 4., 1., 0., 1., 8., 30., 87.,
       119., 36., 16., 10., 7., 22., 92., 119., 58., 13., 21., 20., 20.,
       16., 12., 3., 15., 17., 16., 31., 119., 38., 78., 90., 1., 1., 1.,
       1., 0., 0., 70., 64., 13., 10., 18., 40., 37., 36., 119., 47.,
       42., 3., 1., 7., 25., 82., 26., 20., 73., 25., 0., 0., 15., 9.,
       21., 58., 20., 0., 0., 0., 0., 0., 38., 119., 99., 7., 0., 0., 7.,
       10., 12., 39., 119., 35., 0., 0., 5., 12., 1., 17., 119., 70., 2.,
       0., 0., 0., 4., 0., 0., 0., 0., 0., 0., 59., 14., 6., 2., 1., 0.,
       0., 5., 117., 20., 13., 2., 0., 1., 47., 52., 95., 4., 23., 9.,
       0., 3., 68., 15., 3., 57., 3., 0., 0., 2., 4., 6., 117., 27., 26.,
       17., 37., 28., 19., 17., 109., 117., 68., 13., 8., 2., 34., 20.,
       47., 15., 1., 4., 1., 9., 117., 26., 6., 117., 94., 0., 0., 2.,
       12., 9., 49., 46., 31., 1., 8., 22., 62., 117., 77., 72., 6., 12.,
       17., 30., 20., 82., 117., 17., 49., 51., 25., 33., 53., 3., 3.,
       79., 99., 5., 4., 1., 1., 2., 6., 117., 117., 1., 0., 0., 0., 17.,
       20., 9., 19., 1., 3., 31., 57., 16., 13., 21., 32., 6., 5., 36.,
       112., 9., 3., 0., 0., 8., 15., 2., 1., 1., 0., 0., 0., 21., 98.,
       52., 1., 0., 0., 23., 11., 22., 92., 61., 21., 4., 13., 36., 13.,
       5., 4., 4., 14., 11., 34., 0., 14., 65., 41., 32., 0., 0., 0., 8.,
       3., 52., 123., 112., 1., 0., 0., 101., 12., 20., 53., 29., 4., 5.,
       43., 59., 15., 17., 11., 8., 8., 12., 60., 0., 87., 123., 15.,
       10., 0., 0., 0., 15., 37., 123., 91., 81., 0., 0., 0., 91., 76.,
       108., 45., 9., 1., 1., 4., 14., 93., 119., 68., 4., 1., 2., 7.,
       0., 26., 74., 0., 0., 0., 0., 0., 0., 33., 123., 5., 0., 0., 0.,
       0., 1., 55., 123., 8., 0., 0., 0., 0., 1., 30., 123., 55., 1., 0.,
       0., 0., 1., 0., 0., 0., 0., 2., 103., 36., 0., 0., 0., 0., 0.,
