%YAML:1.0
---
mat: !!opencv-matrix
   rows: 82
   cols: 128
   dt: f
   data: [ 4., 2., 1., 1., 1., 1., 5., 8., 7., 3., 1., 0., 1., 4., 54.,
       43., 23., 3., 0., 0., 1., 10., 98., 38., 74., 39., 36., 22., 9.,
       6., 16., 57., 36., 3., 1., 1., 3., 7., 6., 12., 114., 22., 3., 3.,
       2., 30., 75., 114., 18., 7., 5., 45., 58., 106., 114., 33., 29.,
       9., 16., 30., 28., 19., 34., 56., 54., 10., 0., 0., 1., 23., 82.,
       49., 114., 91., 54., 25., 24., 26., 61., 50., 43., 39., 107.,
       114., 75., 25., 6., 31., 63., 3., 5., 43., 42., 8., 6., 108., 63.,
       89., 38., 6., 0., 2., 23., 24., 22., 25., 81., 48., 52., 35., 41.,
       21., 61., 12., 29., 29., 27., 24., 67., 56., 36., 12., 22., 108.,
       16., 3., 10., 37., 6., 1., 2., 0., 0., 0., 6., 24., 2., 1., 5.,
       0., 0., 6., 82., 45., 0., 1., 5., 0., 0., 24., 107., 29., 1., 0.,
       5., 0., 0., 9., 111., 34., 86., 3., 0., 0., 1., 0., 3., 58., 50.,
       13., 18., 22., 42., 17., 47., 74., 111., 27., 14., 7., 25., 26.,
       98., 111., 97., 18., 2., 16., 66., 28., 111., 78., 85., 57., 2.,
       0., 1., 0., 0., 5., 52., 81., 48., 11., 39., 36., 17., 10., 111.,
       111., 73., 16., 30., 13., 16., 28., 111., 77., 90., 24., 78., 26.,
       7., 27., 4., 24., 4., 0., 0., 0., 1., 0., 2., 51., 76., 7., 0.,
       1., 1., 1., 1., 58., 106., 17., 0., 1., 1., 0., 2., 54., 111.,
       15., 1., 1., 1., 1., 52., 0., 0., 0., 2., 13., 15., 53., 22., 0.,
       2., 7., 12., 35., 36., 64., 10., 0., 2., 10., 57., 56., 45., 37.,
       17., 3., 7., 8., 7., 20., 55., 48., 105., 4., 1., 2., 14., 13.,
       17., 112., 24., 4., 10., 56., 78., 49., 27., 27., 112., 13., 11.,
       32., 20., 16., 62., 79., 11., 3., 4., 18., 74., 95., 73., 20.,
       94., 111., 45., 4., 9., 4., 2., 19., 48., 50., 14., 9., 77., 112.,
       11., 7., 112., 51., 58., 17., 29., 53., 4., 11., 10., 10., 112.,
       62., 44., 36., 1., 1., 25., 82., 29., 0., 0., 0., 0., 0., 79.,
       112., 13., 2., 34., 45., 1., 0., 6., 24., 56., 35., 94., 84., 1.,
       1., 12., 7., 82., 30., 11., 6., 7., 25., 67., 26., 2., 0., 26.,
       24., 7., 16., 83., 10., 0., 8., 75., 73., 17., 22., 8., 0., 0.,
       3., 67., 41., 16., 23., 39., 23., 22., 2., 0., 2., 28., 33., 59.,
       1., 1., 6., 53., 25., 15., 81., 79., 3., 3., 126., 91., 3., 1.,
       44., 85., 2., 1., 31., 53., 6., 79., 126., 9., 2., 11., 12., 3.,
       12., 126., 47., 6., 0., 0., 51., 47., 27., 40., 45., 44., 10., 4.,
       126., 63., 13., 2., 9., 126., 65., 7., 22., 6., 2., 8., 36., 30.,
       13., 40., 90., 19., 14., 48., 17., 13., 5., 0., 38., 64., 25.,
       28., 18., 18., 8., 0., 13., 45., 126., 31., 9., 126., 92., 3., 2.,
       8., 25., 3., 6., 42., 34., 36., 38., 8., 16., 37., 8., 1., 37.,
       50., 4., 21., 80., 15., 7., 16., 72., 119., 17., 6., 22., 4., 0.,
       101., 46., 35., 25., 12., 1., 0., 0., 8., 23., 36., 31., 38., 27.,
       0., 0., 13., 10., 14., 11., 8., 119., 42., 10., 46., 8., 6., 0.,
       28., 119., 20., 6., 119., 12., 2., 8., 46., 23., 2., 12., 10.,
       55., 15., 21., 88., 27., 0., 1., 66., 13., 17., 50., 11., 27., 5.,
       62., 19., 5., 11., 99., 119., 119., 4., 7., 119., 95., 8., 12.,
       47., 31., 2., 4., 11., 31., 16., 6., 74., 111., 8., 1., 21., 22.,
       79., 109., 0., 0., 1., 21., 1., 2., 24., 119., 28., 11., 9., 6.,
       9., 79., 25., 16., 19., 5., 0., 0., 2., 41., 74., 17., 9., 15.,
       2., 0., 17., 10., 80., 101., 1., 0., 13., 32., 13., 3., 127., 69.,
       1., 19., 24., 13., 0., 1., 127., 65., 6., 24., 46., 1., 20., 66.,
       27., 21., 5., 8., 20., 1., 38., 17., 32., 66., 5., 2., 1., 1.,
       127., 13., 6., 8., 2., 27., 58., 41., 16., 9., 11., 16., 5., 55.,
       127., 11., 14., 19., 2., 2., 14., 112., 127., 3., 44., 2., 3., 2.,
       16., 24., 4., 6., 127., 11., 0., 11., 25., 1., 3., 30., 96., 31.,
       18., 51., 75., 4., 14., 6., 59., 18., 5., 62., 87., 35., 17., 2.,
       34., 7., 0., 2., 57., 12., 3., 4., 127., 47., 35., 39., 17., 1.,
       2., 21., 42., 40., 61., 82., 43., 1., 0., 2., 31., 23., 57., 96.,
       34., 0., 0., 3., 9., 1., 1., 2., 0., 1., 2., 10., 101., 0., 0.,
       2., 4., 1., 1., 132., 45., 6., 2., 42., 47., 2., 9., 80., 99., 6.,
       1., 10., 21., 6., 13., 63., 49., 4., 2., 2., 0., 1., 1., 10.,
       132., 5., 0., 1., 24., 9., 0., 81., 101., 3., 1., 22., 132., 30.,
       1., 34., 132., 7., 1., 21., 63., 2., 0., 39., 52., 10., 1., 1.,
       1., 4., 1., 1., 132., 90., 0., 0., 16., 8., 0., 4., 75., 28., 1.,
       1., 83., 94., 15., 20., 86., 27., 43., 92., 38., 14., 7., 16.,
       11., 7., 1., 1., 2., 1., 0., 0., 77., 132., 4., 0., 0., 1., 0.,
       0., 21., 132., 25., 1., 9., 45., 8., 1., 1., 18., 29., 35., 24.,
       69., 57., 2., 3., 1., 3., 3., 1., 0., 1., 4., 43., 0., 1., 1., 0.,
       0., 3., 111., 41., 2., 0., 0., 3., 3., 40., 123., 41., 5., 6., 4.,
       13., 17., 29., 110., 22., 2., 1., 1., 3., 2., 2., 5., 123., 5.,
       0., 0., 7., 4., 2., 99., 89., 45., 6., 10., 68., 16., 5., 44.,
       123., 103., 2., 3., 37., 40., 7., 14., 26., 6., 1., 3., 5., 0.,
       1., 2., 123., 57., 0., 0., 6., 5., 1., 8., 87., 41., 1., 5., 94.,
       103., 4., 3., 123., 123., 3., 3., 20., 37., 2., 1., 6., 3., 1.,
       1., 1., 0., 3., 3., 117., 111., 1., 0., 0., 0., 0., 1., 77., 123.,
       1., 0., 12., 77., 7., 0., 34., 38., 5., 3., 7., 74., 36., 9., 0.,
       0., 0., 3., 33., 14., 2., 0., 85., 7., 0., 0., 83., 6., 0., 3.,
       143., 37., 12., 18., 46., 16., 10., 26., 7., 7., 14., 22., 91.,
       18., 3., 1., 0., 3., 4., 9., 38., 14., 2., 0., 110., 5., 0., 2.,
       109., 12., 0., 4., 143., 11., 2., 4., 73., 43., 19., 65., 4., 1.,
       7., 15., 143., 56., 7., 6., 0., 0., 4., 14., 28., 9., 0., 0., 94.,
       13., 0., 3., 107., 12., 0., 2., 143., 95., 13., 40., 85., 5., 0.,
       15., 4., 6., 5., 49., 143., 7., 0., 2., 0., 0., 3., 8., 15., 7.,
       2., 0., 27., 15., 0., 8., 90., 2., 0., 0., 88., 108., 23., 31.,
       26., 0., 0., 0., 1., 7., 11., 57., 111., 0., 0., 0., 2., 1., 3.,
       15., 112., 140., 106., 13., 7., 15., 44., 23., 23., 13., 55., 26.,
       7., 26., 12., 1., 1., 51., 60., 4., 0., 3., 2., 0., 17., 108.,
       17., 0., 9., 2., 2., 140., 140., 36., 4., 2., 102., 13., 19., 54.,
       69., 6., 6., 63., 26., 31., 13., 6., 48., 25., 11., 31., 11., 29.,
       6., 3., 62., 45., 0., 0., 8., 1., 13., 140., 140., 15., 7., 5.,
       140., 17., 0., 12., 35., 7., 13., 31., 56., 11., 1., 4., 124.,
       33., 2., 8., 27., 15., 2., 17., 62., 7., 1., 4., 27., 25., 50.,
       55., 33., 4., 21., 26., 46., 14., 26., 13., 5., 4., 49., 46., 17.,
       5., 27., 59., 41., 6., 1., 4., 3., 1., 11., 67., 23., 2., 0., 2.,
       2., 0., 0., 0., 0., 6., 25., 31., 5., 2., 3., 1., 1., 1., 66.,
       82., 9., 2., 2., 0., 2., 11., 114., 73., 3., 2., 0., 0., 7., 64.,
       102., 3., 12., 0., 0., 1., 2., 51., 90., 95., 45., 15., 7., 19.,
       30., 67., 58., 64., 114., 21., 4., 3., 33., 45., 22., 53., 13.,
       17., 6., 26., 70., 51., 15., 4., 95., 44., 8., 9., 12., 35., 57.,
       67., 32., 12., 15., 46., 80., 114., 39., 23., 114., 76., 16., 26.,
       55., 45., 5., 18., 4., 11., 9., 86., 114., 21., 0., 1., 39., 50.,
       36., 26., 21., 61., 15., 3., 13., 18., 94., 114., 38., 15., 0.,
       4., 26., 59., 37., 75., 13., 2., 0., 15., 1., 8., 14., 114., 40.,
       0., 0., 0., 1., 0., 1., 0., 1., 2., 1., 2., 2., 0., 0., 0., 1.,
       3., 29., 19., 0., 0., 0., 1., 2., 8., 65., 10., 0., 0., 1., 1.,
       0., 0., 76., 28., 22., 2., 1., 1., 2., 1., 0., 6., 134., 4., 0.,
       0., 1., 5., 75., 103., 18., 6., 11., 6., 4., 18., 139., 75., 3.,
       7., 46., 9., 0., 1., 139., 90., 30., 3., 0., 0., 8., 7., 0., 1.,
       139., 28., 0., 1., 7., 4., 5., 16., 70., 16., 49., 42., 62., 57.,
       42., 17., 3., 13., 139., 27., 3., 11., 67., 21., 8., 5., 0., 3.,
       18., 2., 0., 0., 136., 139., 0., 0., 1., 2., 1., 2., 85., 125.,
