%YAML:1.0
---
mat: !!opencv-matrix
   rows: 126
   cols: 128
   dt: f
   data: [ 129., 0., 0., 0., 0., 0., 0., 27., 129., 23., 0., 0., 0., 0.,
       1., 43., 77., 99., 3., 0., 0., 0., 16., 46., 22., 63., 6., 0., 0.,
       2., 49., 34., 129., 0., 0., 0., 0., 0., 0., 35., 129., 17., 0.,
       0., 0., 0., 10., 107., 45., 61., 2., 0., 0., 0., 61., 93., 32.,
       70., 16., 1., 0., 6., 38., 43., 129., 1., 0., 0., 0., 0., 0., 29.,
       129., 59., 2., 0., 0., 0., 2., 37., 40., 129., 11., 0., 0., 0.,
       23., 35., 13., 110., 18., 1., 0., 8., 36., 22., 129., 1., 0., 0.,
       0., 0., 0., 36., 129., 21., 0., 0., 0., 0., 5., 57., 32., 48., 4.,
       0., 0., 1., 57., 47., 11., 51., 13., 1., 0., 4., 46., 20., 7., 0.,
       0., 0., 0., 0., 0., 0., 144., 4., 0., 0., 0., 0., 0., 17., 81.,
       12., 7., 3., 2., 11., 13., 30., 0., 1., 5., 24., 74., 63., 6., 1.,
       18., 1., 0., 0., 0., 0., 0., 0., 144., 8., 0., 0., 0., 0., 0.,
       17., 88., 17., 17., 9., 4., 9., 21., 20., 0., 1., 11., 69., 105.,
       52., 24., 4., 27., 2., 0., 0., 0., 0., 0., 1., 144., 27., 0., 0.,
       0., 0., 0., 16., 144., 26., 3., 2., 2., 9., 35., 81., 20., 6., 5.,
       22., 144., 144., 57., 35., 34., 2., 0., 0., 0., 0., 0., 2., 144.,
       9., 0., 0., 0., 0., 0., 32., 108., 59., 55., 19., 6., 0., 0., 17.,
       11., 23., 87., 141., 59., 15., 1., 3., 1., 0., 0., 0., 0., 0., 0.,
       0., 144., 10., 0., 0., 0., 0., 0., 6., 144., 7., 1., 2., 2., 10.,
       23., 50., 8., 2., 1., 16., 125., 118., 30., 17., 5., 1., 0., 0.,
       0., 0., 0., 0., 144., 8., 0., 0., 0., 0., 0., 26., 144., 59., 50.,
       19., 3., 2., 3., 30., 13., 20., 71., 144., 98., 43., 5., 7., 14.,
       2., 0., 0., 0., 0., 0., 1., 144., 15., 0., 0., 0., 0., 0., 10.,
       111., 13., 23., 22., 20., 10., 7., 6., 1., 2., 28., 82., 66., 96.,
       20., 5., 19., 0., 0., 0., 0., 0., 0., 3., 144., 3., 0., 0., 0.,
       0., 0., 32., 73., 11., 11., 17., 4., 3., 4., 10., 3., 3., 31.,
       100., 37., 32., 9., 6., 54., 1., 0., 0., 0., 1., 36., 118., 59.,
       1., 0., 0., 0., 65., 86., 75., 118., 1., 0., 0., 0., 48., 53.,
       55., 90., 1., 0., 0., 1., 66., 36., 38., 65., 1., 0., 0., 0., 59.,
       62., 46., 118., 4., 0., 0., 0., 43., 41., 49., 58., 10., 2., 0.,
       17., 105., 85., 43., 111., 72., 2., 0., 15., 28., 13., 39., 55.,
       4., 0., 0., 8., 108., 33., 22., 118., 31., 2., 0., 3., 35., 18.,
       31., 57., 31., 12., 7., 90., 87., 6., 4., 90., 93., 5., 1., 36.,
       20., 0., 1., 76., 21., 2., 0., 16., 48., 18., 18., 28., 58., 16.,
       4., 44., 59., 8., 4., 35., 81., 37., 11., 32., 20., 3., 4., 21.,
       41., 13., 3., 37., 49., 3., 2., 5., 1., 0., 0., 0., 0., 0., 0.,
       146., 11., 0., 0., 0., 0., 0., 14., 146., 47., 44., 28., 10., 7.,
       6., 25., 5., 8., 35., 130., 106., 66., 5., 4., 12., 2., 0., 0.,
       0., 0., 0., 0., 146., 23., 1., 0., 0., 0., 0., 5., 94., 18., 31.,
       32., 23., 16., 10., 6., 1., 1., 22., 94., 79., 115., 16., 4., 20.,
       0., 0., 0., 0., 0., 0., 2., 146., 7., 0., 0., 0., 0., 0., 28.,
       84., 14., 19., 38., 10., 5., 5., 12., 3., 3., 36., 146., 60., 45.,
       8., 5., 26., 1., 0., 0., 0., 0., 0., 1., 146., 2., 0., 0., 2., 0.,
       0., 16., 47., 1., 5., 45., 79., 21., 0., 5., 0., 0., 11., 114.,
       100., 23., 0., 0., 13., 22., 13., 7., 8., 44., 54., 14., 35., 8.,
       19., 34., 25., 27., 9., 49., 45., 1., 1., 37., 42., 27., 23., 89.,
       29., 1., 1., 27., 70., 32., 6., 24., 13., 59., 109., 35., 10.,
       15., 8., 2., 107., 19., 26., 32., 24., 11., 2., 82., 42., 3., 6.,
       109., 109., 2., 0., 50., 36., 1., 2., 48., 41., 8., 7., 77., 51.,
       74., 78., 1., 0., 0., 0., 1., 109., 61., 48., 72., 2., 0., 0.,
       10., 40., 39., 81., 109., 38., 2., 0., 12., 73., 22., 14., 65.,
       14., 3., 1., 47., 43., 109., 43., 0., 0., 0., 0., 0., 40., 59.,
       104., 107., 0., 0., 0., 0., 81., 66., 48., 69., 0., 0., 0., 0.,
       39., 30., 37., 109., 0., 0., 0., 0., 14., 18., 38., 45., 37., 20.,
       22., 11., 118., 4., 0., 10., 25., 18., 11., 39., 34., 3., 0., 25.,
       114., 66., 11., 13., 55., 15., 2., 9., 34., 22., 6., 23., 9., 10.,
       24., 41., 28., 35., 66., 9., 118., 27., 6., 18., 39., 20., 3.,
       15., 54., 8., 5., 48., 118., 39., 1., 7., 105., 19., 4., 23., 38.,
       16., 4., 22., 4., 29., 118., 80., 7., 1., 2., 0., 88., 118., 38.,
       48., 14., 0., 0., 2., 18., 52., 40., 118., 82., 5., 0., 1., 36.,
       109., 30., 60., 29., 1., 0., 1., 1., 20., 93., 23., 0., 0., 0.,
       0., 24., 118., 56., 32., 6., 0., 0., 0., 6., 45., 48., 118., 46.,
       0., 0., 0., 17., 92., 50., 47., 12., 0., 0., 0., 93., 2., 0., 0.,
       0., 3., 35., 110., 35., 2., 0., 0., 0., 55., 110., 46., 16., 0.,
       0., 0., 0., 23., 53., 110., 15., 0., 2., 5., 3., 11., 62., 108.,
       99., 11., 0., 0., 0., 36., 79., 40., 110., 24., 0., 0., 1., 57.,
       63., 43., 40., 15., 4., 0., 20., 110., 73., 44., 42., 25., 41.,
       50., 7., 9., 11., 40., 69., 12., 0., 0., 5., 64., 82., 26., 100.,
       110., 12., 0., 14., 43., 21., 24., 34., 87., 6., 1., 50., 110.,
       5., 3., 30., 24., 23., 10., 36., 71., 3., 12., 81., 52., 11., 2.,
       11., 30., 7., 5., 21., 45., 14., 5., 57., 71., 3., 1., 47., 109.,
       51., 11., 19., 26., 1., 0., 10., 20., 25., 19., 57., 42., 11., 3.,
       124., 33., 0., 0., 0., 0., 0., 0., 80., 16., 0., 0., 0., 0., 6.,
       13., 3., 0., 1., 2., 2., 9., 17., 15., 0., 0., 3., 20., 14., 6.,
       3., 2., 124., 30., 0., 0., 0., 0., 0., 2., 124., 17., 1., 1., 2.,
       5., 25., 99., 19., 3., 1., 5., 41., 91., 71., 54., 8., 2., 1., 8.,
       13., 64., 95., 35., 124., 8., 0., 0., 0., 0., 7., 108., 124., 65.,
       10., 5., 3., 2., 26., 89., 37., 46., 26., 52., 53., 25., 37., 21.,
       26., 48., 56., 38., 14., 33., 39., 30., 101., 95., 3., 0., 0., 0.,
       10., 104., 45., 86., 23., 1., 0., 3., 62., 108., 3., 18., 60.,
       12., 5., 34., 121., 9., 2., 10., 34., 32., 14., 53., 48., 10.,
       88., 0., 0., 2., 4., 8., 12., 110., 8., 0., 0., 16., 93., 55.,
       16., 27., 36., 0., 0., 1., 38., 23., 18., 110., 9., 0., 0., 2.,
       82., 45., 16., 42., 110., 77., 43., 8., 6., 14., 16., 67., 28.,
       15., 52., 80., 110., 85., 18., 17., 110., 27., 4., 31., 52., 13.,
       5., 67., 32., 15., 3., 51., 110., 16., 4., 18., 18., 95., 73., 6.,
       0., 0., 0., 1., 58., 25., 91., 65., 10., 0., 0., 26., 110., 19.,
       4., 24., 35., 27., 16., 88., 23., 11., 1., 29., 85., 50., 6., 11.,
       2., 23., 22., 0., 0., 0., 0., 0., 110., 25., 16., 0., 0., 0., 0.,
       16., 110., 4., 1., 58., 50., 9., 6., 37., 38., 9., 6., 69., 55.,
       16., 2., 9., 17., 13., 35., 48., 56., 62., 18., 12., 112., 36.,
       6., 23., 41., 16., 1., 26., 29., 24., 3., 37., 127., 17., 2., 8.,
       73., 73., 7., 12., 13., 3., 1., 13., 20., 29., 94., 57., 10., 0.,
       0., 3., 127., 22., 8., 21., 14., 13., 10., 67., 25., 8., 1., 30.,
       102., 100., 14., 21., 114., 14., 1., 6., 23., 18., 6., 39., 35.,
       29., 32., 2., 0., 0., 0., 0., 127., 43., 3., 17., 29., 2., 2.,
       13., 39., 17., 7., 111., 127., 11., 2., 4., 127., 65., 8., 17.,
       28., 3., 0., 7., 41., 25., 13., 1., 0., 0., 0., 0., 127., 42., 3.,
       12., 33., 0., 0., 1., 26., 15., 6., 63., 127., 0., 0., 0., 99.,
       53., 7., 12., 16., 1., 0., 9., 18., 2., 1., 7., 38., 50., 53.,
       45., 20., 1., 0., 14., 87., 87., 26., 30., 87., 0., 0., 6., 70.,
       20., 8., 66., 52., 0., 0., 4., 111., 20., 4., 35., 42., 62., 15.,
       38., 38., 37., 20., 19., 40., 25., 6., 28., 111., 79., 13., 21.,
       111., 6., 0., 3., 68., 57., 15., 65., 65., 0., 0., 1., 81., 81.,
       12., 54., 58., 16., 5., 23., 47., 35., 13., 63., 44., 10., 3.,
       18., 106., 111., 27., 41., 111., 14., 3., 17., 71., 34., 5., 19.,
       55., 26., 5., 23., 83., 24., 3., 23., 109., 3., 3., 14., 16., 16.,
       8., 35., 51., 1., 0., 31., 111., 30., 4., 20., 67., 5., 1., 14.,
