%YAML:1.0
---
mat: !!opencv-matrix
   rows: 26
   cols: 128
   dt: f
   data: [ 16., 75., 43., 34., 34., 27., 1., 0., 5., 56., 51., 70., 50.,
       18., 16., 2., 33., 107., 39., 8., 4., 5., 8., 1., 72., 46., 2.,
       0., 2., 1., 0., 1., 10., 29., 19., 10., 116., 103., 1., 0., 91.,
       54., 20., 9., 25., 49., 55., 24., 41., 57., 12., 1., 27., 123.,
       39., 9., 123., 89., 3., 0., 4., 10., 3., 4., 8., 5., 3., 3., 123.,
       123., 4., 7., 123., 27., 4., 2., 41., 62., 15., 70., 64., 2., 0.,
       0., 23., 123., 43., 22., 98., 15., 0., 0., 2., 45., 54., 45., 0.,
       0., 0., 0., 33., 94., 16., 4., 59., 0., 0., 0., 8., 57., 60., 85.,
       24., 0., 0., 0., 0., 23., 17., 18., 2., 0., 0., 1., 2., 15., 35.,
       11., 3., 1., 9., 65., 23., 0., 0., 6., 51., 81., 41., 50., 8., 0.,
       0., 0., 30., 26., 11., 16., 0., 0., 0., 1., 4., 22., 24., 10., 0.,
       0., 0., 1., 7., 2., 3., 120., 112., 4., 0., 3., 120., 44., 14.,
       56., 30., 4., 0., 21., 69., 18., 53., 120., 11., 0., 0., 5., 112.,
       64., 68., 58., 1., 0., 0., 19., 4., 2., 0., 50., 111., 30., 3.,
       3., 96., 80., 18., 33., 45., 15., 2., 12., 51., 19., 23., 120.,
       75., 23., 9., 56., 120., 5., 9., 15., 2., 2., 2., 120., 0., 0.,
       0., 6., 42., 70., 47., 10., 16., 15., 2., 6., 50., 47., 67., 61.,
       81., 4., 1., 13., 49., 27., 13., 63., 101., 0., 0., 16., 1., 0.,
       1., 79., 28., 61., 31., 83., 27., 1., 1., 1., 121., 65., 33., 53.,
       16., 1., 1., 10., 53., 11., 4., 78., 47., 0., 0., 2., 37., 67.,
       58., 104., 40., 0., 0., 0., 21., 35., 19., 23., 29., 32., 28.,
       22., 121., 10., 2., 17., 18., 13., 11., 38., 64., 4., 1., 121.,
       121., 9., 8., 6., 100., 45., 4., 67., 89., 46., 26., 5., 4., 1.,
       0., 0., 3., 78., 121., 25., 112., 9., 0., 11., 15., 60., 75., 60.,
       24., 5., 0., 58., 89., 43., 64., 69., 36., 8., 0., 3., 36., 121.,
       67., 56., 2., 6., 5., 1., 0., 10., 25., 3., 2., 7., 2., 0., 1.,
       16., 54., 19., 1., 1., 1., 0., 3., 21., 59., 29., 2., 1., 0., 0.,
       6., 56., 39., 22., 0., 2., 28., 28., 2., 4., 12., 1., 1., 4., 52.,
       66., 7., 5., 8., 1., 0., 1., 117., 82., 12., 4., 3., 0., 7., 32.,
       98., 46., 1., 0., 0., 0., 2., 32., 124., 79., 34., 32., 0., 0.,
       101., 57., 90., 68., 25., 26., 2., 6., 28., 3., 44., 49., 124.,
       95., 6., 13., 42., 40., 31., 18., 7., 18., 47., 32., 19., 31.,
       30., 9., 71., 124., 12., 6., 124., 38., 22., 4., 17., 73., 28.,
       61., 65., 1., 0., 0., 76., 124., 42., 40., 26., 0., 0., 0., 5.,
       39., 93., 100., 39., 14., 0., 0., 7., 84., 29., 29., 38., 0., 0.,
       0., 2., 50., 79., 79., 12., 0., 0., 1., 6., 29., 19., 20., 0., 0.,
       0., 1., 7., 9., 21., 13., 3., 47., 54., 24., 2., 0., 0., 1., 22.,
       61., 51., 18., 0., 0., 0., 2., 12., 19., 29., 36., 3., 0., 0., 2.,
       7., 40., 29., 9., 0., 0., 0., 0., 8., 69., 58., 62., 35., 8., 5.,
       4., 120., 68., 40., 56., 12., 0., 2., 18., 54., 39., 39., 120.,
       113., 5., 1., 1., 120., 120., 39., 44., 23., 4., 1., 1., 6., 4.,
       5., 4., 17., 61., 120., 12., 120., 8., 3., 23., 22., 23., 78.,
       58., 30., 8., 2., 70., 117., 87., 88., 17., 120., 53., 2., 7.,
       18., 58., 44., 26., 1., 5., 4., 1., 0., 15., 64., 4., 4., 9., 3.,
       0., 2., 20., 91., 22., 1., 3., 2., 0., 3., 48., 102., 23., 19.,
       4., 1., 1., 1., 51., 85., 34., 3., 3., 2., 18., 77., 16., 1., 1.,
       84., 19., 3., 10., 27., 7., 1., 17., 25., 7., 3., 12., 79., 18.,
       1., 7., 66., 16., 2., 2., 5., 1., 1., 24., 7., 7., 1., 22., 124.,
       27., 2., 1., 124., 24., 1., 14., 41., 8., 3., 20., 50., 5., 3.,
       35., 124., 27., 5., 16., 124., 10., 2., 5., 6., 3., 5., 53., 10.,
       6., 2., 15., 124., 41., 2., 5., 124., 47., 4., 18., 66., 14., 1.,
       14., 64., 11., 4., 38., 124., 30., 2., 8., 124., 20., 2., 2., 4.,
       2., 2., 25., 4., 4., 2., 12., 124., 63., 5., 6., 124., 41., 4.,
       12., 62., 35., 10., 35., 67., 12., 3., 30., 124., 34., 2., 8.,
       124., 18., 2., 3., 5., 3., 1., 14., 13., 2., 10., 44., 46., 6.,
       18., 17., 54., 78., 72., 57., 28., 0., 0., 3., 48., 40., 9., 2.,
       0., 0., 0., 2., 0., 2., 6., 3., 1., 1., 0., 0., 3., 1., 1., 81.,
       124., 1., 2., 1., 124., 48., 15., 54., 92., 0., 0., 25., 96., 32.,
       70., 82., 0., 0., 0., 13., 20., 55., 61., 20., 0., 0., 0., 7., 5.,
       2., 1., 109., 124., 0., 0., 2., 94., 85., 29., 32., 55., 0., 4.,
       37., 23., 41., 72., 63., 0., 0., 23., 124., 30., 18., 15., 28.,
       14., 1., 18., 104., 6., 0., 0., 53., 124., 23., 18., 30., 19., 3.,
       1., 6., 12., 2., 36., 124., 3., 2., 1., 7., 3., 0., 33., 124., 0.,
       0., 1., 74., 52., 1., 6., 27., 0., 0., 0., 11., 115., 9., 1., 2.,
       62., 4., 0., 7., 91., 31., 12., 44., 65., 2., 0., 24., 99., 16.,
       2., 32., 82., 3., 1., 14., 32., 11., 4., 36., 4., 6., 10., 114.,
       110., 2., 0., 0., 112., 26., 16., 43., 40., 10., 7., 60., 32., 2.,
       2., 41., 115., 8., 4., 36., 98., 1., 1., 6., 20., 6., 4., 63.,
       18., 6., 6., 89., 115., 15., 6., 25., 115., 25., 9., 23., 30.,
       12., 10., 110., 35., 4., 3., 34., 86., 60., 72., 28., 80., 2., 2.,
       3., 3., 4., 38., 92., 17., 0., 0., 10., 106., 46., 37., 53., 59.,
       0., 0., 0., 3., 6., 24., 115., 2., 0., 0., 0., 1., 21., 80., 17.,
       3., 0., 0., 0., 0., 2., 46., 25., 34., 1., 11., 62., 73., 1., 0.,
       19., 42., 48., 81., 51., 28., 0., 10., 22., 48., 83., 20., 0., 0.,
       0., 12., 23., 10., 8., 8., 0., 8., 29., 7., 1., 18., 5., 29., 38.,
       116., 6., 0., 5., 116., 18., 4., 21., 91., 4., 17., 42., 57., 11.,
       72., 90., 1., 0., 26., 46., 8., 38., 116., 16., 0., 2., 9., 15.,
       2., 2., 21., 24., 48., 58., 79., 12., 88., 5., 4., 54., 86., 18.,
       71., 91., 99., 6., 38., 116., 55., 2., 4., 85., 33., 11., 24., 6.,
       5., 26., 53., 109., 1., 1., 0., 0., 0., 18., 58., 4., 1., 0., 0.,
       6., 111., 71., 41., 12., 116., 14., 1., 10., 74., 62., 14., 46.,
       57., 27., 13., 1., 3., 12., 4., 22., 1., 2., 41., 57., 99., 17.,
       15., 3., 37., 52., 102., 13., 7., 12., 97., 44., 71., 30., 4., 0.,
       0., 0., 24., 67., 1., 0., 0., 0., 0., 5., 10., 5., 13., 13., 18.,
       105., 99., 24., 54., 15., 105., 39., 21., 9., 6., 6., 86., 105.,
       70., 15., 54., 40., 10., 0., 9., 68., 3., 39., 61., 5., 0., 2.,
       2., 1., 16., 16., 27., 38., 43., 38., 105., 40., 105., 14., 3.,
       21., 40., 26., 37., 55., 31., 21., 46., 83., 102., 15., 28., 14.,
       40., 73., 53., 7., 3., 4., 58., 43., 42., 40., 65., 30., 12., 16.,
       28., 18., 75., 8., 5., 21., 52., 12., 8., 75., 18., 33., 21., 62.,
       97., 39., 67., 23., 68., 50., 7., 2., 1., 1., 40., 59., 26., 82.,
       83., 25., 12., 4., 0., 0., 8., 41., 90., 9., 8., 38., 40., 3., 4.,
       41., 44., 3., 6., 48., 100., 8., 48., 15., 17., 1., 1., 15., 61.,
       48., 63., 56., 33., 27., 51., 30., 32., 12., 109., 48., 107., 31.,
       5., 17., 20., 44., 26., 74., 68., 24., 38., 42., 42., 21., 16.,
       48., 109., 20., 13., 4., 8., 12., 6., 3., 2., 3., 11., 109., 109.,
       22., 109., 39., 9., 5., 6., 109., 107., 40., 35., 27., 23., 50.,
       109., 72., 45., 18., 87., 18., 21., 26., 58., 40., 21., 44., 2.,
       16., 5., 0., 0., 19., 22., 3., 2., 3., 7., 8., 1., 43., 70., 6.,
       2., 3., 10., 2., 6., 74., 60., 9., 12., 6., 2., 4., 6., 57., 93.,
       9., 0., 1., 30., 15., 1., 1., 16., 5., 1., 10., 42., 24., 26., 3.,
       4., 3., 3., 6., 6., 26., 113., 32., 4., 4., 14., 18., 63., 22.,
       33., 15., 41., 25., 5., 7., 111., 113., 50., 27., 8., 3., 113.,
       90., 113., 38., 10., 6., 7., 16., 41., 17., 8., 61., 113., 42.,
       7., 6., 19., 7., 38., 16., 42., 44., 113., 42., 5., 3., 32., 64.,
       63., 102., 36., 8., 113., 30., 20., 16., 17., 28., 35., 47., 65.,
       19., 11., 36., 113., 23., 1., 8., 39., 34., 97., 60., 23., 11.,
