%YAML:1.0
---
mat: !!opencv-matrix
   rows: 89
   cols: 128
   dt: f
   data: [ 1., 0., 0., 0., 0., 0., 0., 0., 137., 1., 0., 0., 0., 0., 0.,
       2., 103., 3., 6., 2., 8., 6., 1., 4., 17., 3., 8., 3., 16., 13.,
       6., 15., 2., 0., 0., 0., 0., 0., 0., 0., 137., 2., 1., 3., 3., 0.,
       0., 5., 89., 10., 106., 99., 51., 17., 2., 3., 4., 63., 137., 34.,
       11., 14., 7., 2., 2., 0., 0., 0., 0., 0., 0., 0., 137., 4., 0.,
       1., 5., 3., 1., 2., 78., 3., 18., 41., 78., 137., 89., 8., 0.,
       28., 100., 17., 25., 137., 137., 1., 1., 0., 0., 0., 0., 0., 0.,
       0., 137., 12., 0., 0., 0., 0., 0., 1., 95., 25., 1., 0., 0., 9.,
       23., 6., 4., 9., 3., 1., 16., 121., 46., 2., 8., 3., 9., 61.,
       155., 6., 1., 2., 155., 53., 15., 23., 68., 1., 0., 11., 80., 13.,
       3., 17., 7., 4., 14., 5., 0., 1., 13., 10., 5., 8., 42., 2., 23.,
       1., 16., 155., 125., 4., 1., 3., 155., 6., 1., 27., 32., 1., 1.,
       39., 108., 7., 11., 5., 10., 7., 11., 23., 1., 2., 49., 22., 10.,
       5., 20., 3., 17., 0., 1., 34., 121., 71., 26., 17., 155., 39., 0.,
       3., 1., 5., 17., 55., 107., 42., 4., 9., 50., 10., 2., 4., 9., 1.,
       15., 16., 32., 5., 6., 13., 1., 0., 0., 0., 58., 76., 24., 13.,
       108., 13., 0., 0., 0., 5., 15., 57., 116., 24., 1., 2., 19., 13.,
       1., 3., 7., 2., 3., 6., 17., 19., 6., 4., 128., 40., 0., 0., 0.,
       6., 16., 71., 128., 80., 1., 3., 30., 31., 2., 4., 8., 5., 11.,
       30., 45., 49., 19., 5., 30., 10., 26., 7., 5., 5., 23., 51., 74.,
       4., 0., 0., 1., 34., 24., 112., 128., 33., 1., 2., 11., 19., 12.,
       55., 28., 7., 6., 13., 25., 71., 128., 19., 34., 3., 3., 2., 0.,
       4., 113., 92., 47., 0., 0., 0., 3., 50., 22., 89., 128., 36., 31.,
       8., 6., 2., 6., 94., 51., 122., 68., 7., 3., 3., 38., 8., 16.,
       19., 0., 0., 2., 10., 32., 8., 54., 2., 0., 1., 4., 35., 8., 18.,
       61., 8., 11., 13., 62., 25., 3., 19., 122., 120., 23., 13., 48.,
       10., 0., 0., 64., 36., 1., 4., 2., 1., 0., 0., 17., 4., 0., 3.,
       138., 14., 0., 0., 138., 45., 1., 6., 97., 4., 0., 0., 46., 18.,
       1., 18., 102., 2., 0., 0., 36., 18., 0., 9., 16., 0., 0., 0., 10.,
       2., 0., 1., 138., 46., 1., 4., 138., 16., 1., 1., 123., 33., 0.,
       18., 70., 7., 1., 5., 115., 28., 2., 5., 36., 12., 4., 14., 23.,
       1., 1., 2., 2., 0., 0., 2., 138., 50., 4., 4., 138., 12., 1., 5.,
       105., 46., 16., 36., 46., 23., 4., 44., 114., 5., 0., 3., 12.,
       26., 10., 20., 22., 3., 5., 8., 0., 7., 28., 3., 48., 58., 13.,
       0., 13., 3., 8., 37., 65., 73., 48., 18., 9., 22., 15., 108., 61.,
       1., 1., 2., 52., 61., 6., 9., 5., 1., 3., 14., 12., 45., 128., 2.,
       0., 0., 0., 7., 4., 48., 109., 21., 0., 0., 0., 2., 18., 47., 54.,
       13., 0., 0., 1., 1., 4., 2., 0., 1., 9., 5., 2., 1., 15., 74.,
       128., 8., 1., 17., 128., 53., 29., 101., 128., 89., 15., 57., 52.,
       20., 128., 103., 57., 42., 3., 7., 9., 27., 36., 4., 0., 0., 9.,
       9., 2., 1., 12., 6., 0., 0., 0., 23., 128., 47., 14., 2., 2., 8.,
       10., 128., 128., 31., 128., 4., 1., 3., 2., 30., 118., 128., 24.,
       1., 0., 0., 11., 2., 1., 7., 34., 6., 0., 0., 0., 0., 1., 6., 17.,
       1., 0., 0., 0., 7., 23., 6., 0., 0., 0., 0., 0., 4., 33., 10., 1.,
       0., 0., 0., 2., 5., 7., 2., 3., 0., 1., 1., 0., 0., 8., 29., 1.,
       1., 17., 14., 0., 0., 6., 11., 4., 15., 18., 5., 0., 0., 1., 2.,
       13., 12., 0., 0., 2., 2., 0., 0., 3., 2., 14., 53., 24., 6., 1.,
       3., 11., 25., 137., 137., 28., 22., 7., 4., 137., 137., 110., 29.,
       0., 2., 3., 10., 24., 17., 6., 3., 0., 0., 0., 0., 0., 0., 2.,
       22., 63., 60., 2., 0., 27., 14., 28., 80., 137., 137., 41., 16.,
       137., 98., 17., 12., 12., 15., 14., 47., 37., 18., 14., 22., 0.,
       0., 0., 0., 0., 1., 15., 5., 26., 9., 0., 0., 4., 12., 11., 22.,
       137., 82., 0., 0., 131., 137., 21., 15., 59., 29., 1., 1., 36.,
       77., 18., 23., 1., 0., 0., 0., 8., 2., 3., 10., 142., 19., 1., 5.,
       78., 9., 7., 8., 52., 10., 23., 27., 17., 0., 0., 0., 62., 56.,
       36., 27., 36., 1., 1., 0., 22., 33., 14., 34., 19., 5., 0., 42.,
       142., 4., 0., 4., 142., 17., 0., 19., 79., 3., 6., 33., 37., 1.,
       1., 15., 142., 19., 12., 27., 30., 13., 11., 7., 27., 7., 7., 19.,
       35., 4., 0., 81., 142., 0., 0., 5., 142., 20., 2., 31., 68., 0.,
       0., 22., 53., 6., 3., 46., 126., 1., 1., 9., 35., 2., 1., 5., 53.,
       3., 2., 23., 51., 0., 0., 59., 142., 0., 0., 9., 142., 1., 1.,
       25., 47., 0., 0., 36., 45., 5., 2., 41., 69., 0., 0., 2., 43., 2.,
       0., 9., 25., 1., 0., 15., 0., 1., 0., 0., 0., 0., 0., 0., 8., 13.,
       0., 0., 1., 0., 0., 0., 2., 2., 0., 0., 5., 1., 0., 0., 0., 0.,
       0., 0., 0., 0., 0., 0., 72., 125., 5., 0., 0., 0., 0., 20., 181.,
       181., 2., 0., 3., 4., 4., 72., 69., 17., 0., 0., 12., 36., 31.,
       14., 0., 0., 0., 0., 0., 1., 1., 0., 181., 58., 1., 0., 0., 0.,
       0., 39., 181., 163., 0., 0., 0., 0., 1., 94., 138., 44., 0., 0.,
       0., 22., 15., 12., 0., 0., 0., 0., 0., 4., 2., 0., 52., 22., 0.,
       0., 0., 0., 0., 0., 163., 58., 0., 0., 0., 0., 0., 0., 33., 5.,
       0., 0., 0., 1., 0., 1., 0., 0., 0., 0., 0., 0., 0., 0., 3., 20.,
       83., 6., 0., 0., 0., 6., 6., 34., 82., 8., 1., 0., 0., 4., 1.,
       11., 112., 15., 1., 0., 1., 2., 2., 26., 78., 8., 0., 0., 1., 1.,
       13., 35., 114., 17., 35., 24., 1., 1., 114., 73., 85., 14., 16.,
       17., 3., 11., 13., 8., 114., 43., 94., 49., 3., 4., 97., 63., 88.,
       18., 10., 3., 1., 4., 18., 2., 4., 2., 86., 53., 49., 28., 114.,
       5., 1., 0., 22., 15., 25., 95., 28., 1., 0., 3., 114., 106., 43.,
       13., 103., 3., 1., 1., 14., 18., 58., 68., 2., 0., 0., 0., 8.,
       40., 112., 28., 19., 1., 0., 0., 1., 7., 62., 109., 3., 1., 0.,
       0., 6., 63., 75., 14., 4., 0., 0., 0., 0., 8., 96., 42., 40., 5.,
       1., 10., 87., 124., 27., 20., 124., 11., 1., 3., 6., 32., 27.,
       77., 67., 0., 0., 0., 3., 48., 21., 40., 29., 0., 0., 0., 0., 0.,
       31., 29., 15., 8., 5., 29., 124., 124., 29., 11., 124., 46., 7.,
       16., 25., 44., 21., 52., 91., 2., 0., 0., 23., 83., 11., 29., 66.,
       1., 0., 0., 0., 2., 22., 31., 3., 2., 1., 6., 124., 124., 13., 4.,
       124., 46., 3., 9., 63., 56., 18., 42., 107., 10., 0., 0., 36.,
       70., 8., 14., 70., 3., 0., 0., 3., 8., 7., 19., 0., 0., 0., 0.,
       85., 81., 9., 1., 87., 13., 1., 1., 46., 60., 61., 64., 59., 6.,
       2., 2., 5., 24., 21., 37., 10., 0., 4., 8., 1., 6., 13., 21., 0.,
       0., 0., 6., 43., 58., 20., 1., 43., 8., 8., 60., 94., 110., 73.,
       29., 120., 14., 4., 6., 2., 7., 26., 63., 17., 0., 0., 0., 16.,
       47., 12., 13., 0., 0., 0., 4., 27., 46., 43., 1., 8., 8., 24.,
       118., 114., 113., 62., 13., 120., 64., 29., 33., 6., 11., 25.,
       45., 49., 2., 0., 0., 29., 51., 10., 16., 0., 0., 0., 1., 20.,
       45., 30., 0., 3., 2., 7., 42., 120., 120., 48., 9., 120., 50.,
       19., 26., 18., 28., 46., 63., 82., 12., 0., 0., 30., 38., 4., 12.,
       0., 0., 0., 0., 10., 23., 6., 0., 0., 0., 3., 24., 120., 92., 13.,
       1., 101., 38., 17., 23., 33., 38., 37., 53., 86., 18., 0., 0.,
       15., 16., 1., 11., 52., 3., 6., 29., 3., 0., 0., 26., 24., 2., 6.,
       112., 39., 2., 1., 13., 29., 32., 48., 109., 49., 15., 19., 22.,
       83., 24., 5., 1., 2., 4., 12., 86., 53., 11., 12., 44., 9., 0.,
       0., 19., 10., 24., 48., 114., 61., 13., 8., 4., 114., 66., 29.,
       32., 21., 16., 50., 99., 81., 8., 0., 0., 0., 0., 7., 93., 13.,
       11., 32., 114., 19., 1., 0., 2., 39., 68., 36., 101., 52., 32.,
       78., 32., 114., 41., 5., 3., 2., 6., 64., 114., 46., 31., 2., 0.,
       0., 0., 0., 11., 7., 20., 47., 114., 26., 8., 17., 8., 108., 82.,
       23., 32., 8., 5., 48., 96., 68., 48., 3., 0., 0., 0., 6., 33.,
       17., 32., 1., 0., 0., 0., 0., 1., 3., 4., 19., 9., 1., 1., 8.,
