%YAML:1.0
---
mat: !!opencv-matrix
   rows: 6
   cols: 128
   dt: f
   data: [ 80., 38., 3., 1., 1., 9., 5., 12., 12., 6., 5., 8., 34., 106.,
       29., 12., 0., 0., 0., 0., 7., 64., 53., 8., 0., 0., 0., 0., 0.,
       1., 25., 17., 81., 43., 6., 1., 0., 0., 1., 22., 128., 20., 9.,
       7., 10., 47., 79., 123., 8., 0., 0., 0., 18., 138., 112., 26., 0.,
       0., 0., 0., 2., 33., 69., 48., 52., 2., 0., 0., 0., 0., 9., 69.,
       138., 40., 5., 3., 2., 17., 11., 55., 64., 12., 11., 39., 98.,
       138., 25., 16., 0., 0., 0., 4., 24., 62., 76., 63., 9., 0., 0.,
       0., 0., 0., 15., 74., 138., 49., 19., 5., 0., 0., 5., 56., 23.,
       27., 40., 68., 25., 5., 16., 49., 0., 0., 0., 6., 8., 4., 51.,
       131., 2., 51., 93., 0., 0., 0., 0., 0., 63., 64., 71., 0., 0., 0.,
       11., 37., 15., 16., 59., 9., 18., 31., 72., 37., 0., 16., 100.,
       21., 19., 12., 4., 0., 29., 66., 48., 0., 0., 0., 0., 0., 140.,
       67., 18., 12., 0., 0., 5., 52., 70., 13., 21., 140., 64., 24.,
       34., 36., 0., 5., 65., 140., 38., 8., 1., 0., 47., 58., 15., 0.,
       0., 0., 0., 2., 140., 140., 74., 29., 2., 3., 4., 15., 12., 26.,
       99., 140., 32., 4., 1., 1., 0., 8., 75., 59., 5., 0., 0., 0., 69.,
       24., 4., 0., 0., 0., 0., 5., 87., 27., 17., 27., 12., 8., 9., 29.,
       0., 2., 18., 91., 59., 11., 3., 1., 0., 5., 33., 13., 3., 0., 0.,
       0., 18., 5., 2., 4., 8., 0., 0., 2., 167., 29., 6., 4., 20., 10.,
       14., 44., 24., 6., 2., 8., 167., 64., 16., 13., 0., 0., 0., 2.,
       37., 7., 0., 0., 32., 2., 0., 0., 14., 1., 0., 1., 167., 16., 1.,
       7., 33., 2., 1., 25., 42., 4., 1., 49., 167., 11., 1., 7., 0., 0.,
       0., 13., 55., 1., 0., 0., 35., 0., 0., 1., 14., 1., 0., 2., 167.,
       14., 1., 11., 37., 6., 2., 28., 28., 5., 1., 43., 167., 11., 2.,
       6., 0., 0., 0., 5., 49., 1., 0., 0., 34., 0., 0., 1., 7., 4., 0.,
       6., 167., 9., 1., 9., 44., 11., 5., 54., 16., 3., 1., 34., 167.,
       22., 4., 9., 0., 0., 0., 7., 30., 2., 0., 0., 62., 8., 1., 0., 0.,
       0., 0., 5., 164., 52., 5., 12., 46., 9., 1., 13., 15., 9., 4.,
       23., 164., 21., 0., 3., 8., 4., 0., 1., 14., 1., 0., 0., 59., 9.,
       0., 0., 0., 0., 0., 1., 164., 40., 2., 5., 36., 11., 1., 12., 30.,
       5., 2., 8., 164., 47., 1., 6., 13., 2., 0., 0., 25., 4., 0., 0.,
       48., 2., 0., 0., 0., 0., 0., 5., 164., 27., 1., 2., 30., 6., 0.,
       9., 46., 6., 1., 8., 164., 50., 0., 3., 12., 2., 0., 1., 39., 7.,
       0., 0., 17., 6., 0., 0., 0., 0., 0., 1., 164., 90., 11., 4., 9.,
       4., 0., 3., 39., 26., 20., 35., 164., 45., 8., 6., 6., 0., 0., 2.,
       35., 16., 4., 4., 52., 9., 0., 0., 0., 0., 0., 6., 133., 34., 9.,
       4., 5., 6., 33., 84., 7., 3., 6., 19., 102., 74., 42., 19., 0.,
       1., 1., 2., 29., 11., 2., 2., 58., 5., 0., 0., 0., 0., 4., 16.,
       160., 21., 0., 2., 18., 11., 4., 41., 35., 3., 0., 17., 160., 59.,
       5., 12., 1., 0., 0., 2., 51., 10., 4., 10., 46., 0., 0., 0., 0.,
       0., 2., 23., 160., 9., 0., 0., 14., 9., 3., 29., 60., 2., 0., 0.,
       160., 110., 5., 10., 1., 0., 0., 0., 56., 28., 4., 11., 28., 1.,
       0., 0., 0., 0., 1., 10., 160., 37., 1., 2., 3., 4., 2., 15., 78.,
       16., 2., 17., 160., 83., 5., 12., 0., 0., 0., 1., 64., 37., 15.,
       8., 65., 54., 0., 0., 0., 0., 0., 0., 183., 93., 0., 0., 0., 0.,
       0., 0., 183., 76., 0., 0., 0., 0., 0., 1., 3., 1., 0., 0., 0., 0.,
       0., 0., 79., 71., 0., 0., 0., 0., 0., 0., 183., 94., 0., 0., 0.,
       0., 0., 4., 183., 43., 0., 0., 0., 0., 0., 61., 16., 0., 0., 0.,
       0., 0., 0., 9., 73., 48., 0., 0., 0., 0., 0., 0., 183., 27., 0.,
       0., 0., 0., 0., 10., 183., 9., 0., 0., 0., 0., 0., 53., 27., 0.,
       0., 0., 0., 0., 0., 8., 8., 4., 0., 0., 0., 0., 0., 0., 13., 1.,
       0., 0., 0., 0., 0., 0., 9., 1., 0., 0., 0., 0., 0., 0., 0., 0.,
       0., 0., 0., 0., 0., 0. ]
