%YAML:1.0
---
mat: !!opencv-matrix
   rows: 10
   cols: 128
   dt: f
   data: [ 0., 2., 2., 0., 2., 11., 52., 5., 5., 11., 15., 0., 0., 5.,
       73., 58., 2., 17., 44., 1., 0., 55., 113., 11., 0., 24., 67., 0.,
       3., 44., 24., 0., 26., 24., 5., 16., 17., 31., 111., 22., 31.,
       37., 30., 15., 65., 36., 79., 54., 66., 83., 30., 29., 29., 59.,
       91., 13., 3., 3., 1., 64., 96., 86., 28., 1., 110., 29., 4., 32.,
       62., 2., 1., 7., 85., 15., 5., 41., 113., 6., 1., 7., 113., 25.,
       5., 49., 94., 0., 0., 16., 2., 2., 1., 75., 113., 3., 0., 0., 93.,
       3., 1., 14., 57., 1., 0., 27., 69., 1., 0., 29., 113., 2., 0.,
       17., 107., 2., 0., 29., 97., 0., 0., 19., 0., 0., 0., 24., 81.,
       2., 0., 0., 117., 1., 0., 0., 2., 1., 0., 10., 96., 1., 0., 3.,
       118., 4., 0., 7., 118., 6., 0., 6., 76., 3., 0., 7., 73., 2., 0.,
       7., 90., 4., 0., 5., 118., 5., 0., 0., 4., 2., 0., 34., 110., 1.,
       0., 0., 118., 34., 6., 23., 118., 18., 3., 1., 73., 28., 6., 13.,
       66., 5., 5., 4., 78., 50., 6., 23., 118., 59., 22., 0., 2., 3.,
       1., 58., 44., 41., 92., 11., 58., 86., 35., 28., 50., 31., 78.,
       63., 32., 36., 38., 11., 10., 20., 118., 38., 14., 18., 4., 7.,
       7., 45., 30., 0., 0., 9., 58., 1., 1., 46., 118., 9., 1., 7., 50.,
       2., 0., 3., 69., 61., 8., 10., 25., 0., 1., 4., 27., 11., 1., 3.,
       7., 0., 0., 1., 3., 1., 0., 27., 133., 2., 39., 2., 3., 3., 11.,
       68., 125., 7., 133., 3., 0., 0., 4., 11., 6., 19., 3., 0., 0., 0.,
       0., 0., 0., 1., 0., 2., 45., 22., 12., 40., 133., 0., 37., 4.,
       19., 132., 125., 81., 80., 3., 133., 7., 2., 24., 24., 12., 3.,
       13., 3., 0., 0., 0., 0., 0., 0., 0., 0., 1., 41., 48., 57., 44.,
       77., 0., 53., 11., 6., 113., 133., 29., 7., 1., 133., 55., 5.,
       11., 15., 1., 0., 5., 1., 0., 0., 0., 0., 0., 0., 0., 1., 17.,
       102., 63., 56., 24., 27., 0., 7., 6., 11., 64., 133., 26., 2., 0.,
       17., 36., 13., 2., 14., 8., 1., 0., 0., 0., 0., 0., 0., 0., 0.,
       0., 53., 70., 7., 10., 36., 5., 5., 2., 54., 35., 17., 46., 115.,
       13., 2., 1., 105., 46., 9., 21., 115., 25., 0., 1., 115., 48.,
       14., 13., 89., 21., 0., 1., 112., 8., 0., 0., 32., 15., 2., 12.,
       90., 5., 0., 0., 115., 61., 0., 5., 115., 14., 1., 2., 115., 52.,
       0., 6., 115., 21., 1., 2., 115., 58., 0., 5., 55., 21., 39., 11.,
       10., 14., 3., 12., 39., 18., 41., 51., 108., 31., 1., 3., 88.,
       59., 79., 61., 58., 16., 0., 3., 29., 38., 34., 75., 94., 18., 0.,
       1., 1., 10., 71., 12., 1., 0., 0., 0., 0., 4., 62., 44., 5., 0.,
       0., 0., 0., 6., 35., 29., 21., 5., 2., 0., 0., 1., 8., 19., 23.,
       9., 15., 3., 19., 4., 6., 0., 1., 15., 18., 31., 27., 3., 2., 0.,
       1., 13., 50., 35., 4., 0., 0., 0., 0., 9., 58., 26., 0., 0., 0.,
       0., 0., 13., 59., 6., 117., 9., 0., 14., 78., 42., 23., 60., 82.,
       7., 0., 22., 97., 56., 76., 58., 103., 6., 0., 9., 34., 22., 53.,
       59., 10., 5., 1., 13., 31., 37., 68., 12., 120., 12., 0., 26.,
       120., 1., 0., 3., 120., 10., 0., 52., 120., 1., 0., 3., 120., 13.,
       0., 24., 67., 1., 0., 6., 25., 12., 3., 42., 80., 1., 0., 2.,
       120., 2., 1., 5., 68., 26., 29., 51., 84., 2., 1., 14., 120., 39.,
       13., 37., 120., 3., 1., 5., 53., 19., 13., 61., 25., 1., 0., 8.,
       76., 28., 4., 7., 4., 12., 3., 0., 1., 14., 6., 5., 6., 16., 8.,
       0., 0., 4., 28., 12., 12., 36., 5., 0., 0., 4., 27., 8., 8., 12.,
       1., 1., 0., 5., 7., 4., 30., 3., 1., 21., 71., 53., 8., 18., 142.,
       12., 1., 2., 4., 19., 140., 114., 16., 10., 2., 24., 56., 117.,
       142., 20., 28., 11., 1., 8., 15., 24., 27., 24., 47., 9., 3., 40.,
       50., 1., 0., 4., 142., 25., 0., 19., 32., 4., 8., 43., 46., 5.,
       1., 142., 142., 25., 13., 9., 89., 16., 2., 30., 22., 4., 3., 18.,
       61., 4., 1., 7., 17., 0., 0., 10., 142., 1., 0., 20., 68., 0., 0.,
       64., 19., 3., 1., 74., 142., 0., 0., 6., 95., 6., 1., 4., 6., 0.,
       0., 21., 1., 3., 4., 3., 2., 27., 102., 3., 1., 2., 21., 11., 6.,
       63., 121., 3., 3., 2., 33., 9., 3., 27., 121., 18., 1., 8., 25.,
       4., 13., 42., 112., 5., 22., 33., 15., 43., 26., 6., 30., 4., 38.,
       42., 18., 76., 60., 20., 44., 5., 121., 44., 11., 28., 52., 16.,
       80., 30., 3., 0., 0., 88., 119., 38., 36., 3., 52., 6., 2., 11.,
       65., 10., 1., 15., 90., 9., 1., 18., 121., 14., 0., 18., 121.,
       18., 1., 16., 94., 16., 0., 26., 4., 1., 0., 22., 121., 67., 7.,
       1., 18., 15., 35., 29., 21., 2., 0., 4., 32., 27., 34., 67., 61.,
       4., 0., 5., 80., 100., 87., 12., 21., 11., 1., 8., 0., 8., 72.,
       41., 42., 57., 8., 0., 7., 52., 48., 28., 33., 4., 3., 2., 138.,
       32., 16., 22., 41., 5., 9., 12., 26., 33., 31., 47., 138., 11.,
       12., 5., 1., 36., 48., 50., 30., 8., 3., 1., 22., 7., 7., 1., 56.,
       5., 4., 2., 138., 9., 4., 4., 31., 14., 2., 4., 47., 4., 7., 33.,
       138., 135., 29., 2., 1., 3., 15., 24., 19., 52., 29., 3., 23., 0.,
       0., 0., 55., 6., 2., 2., 138., 4., 1., 14., 30., 5., 1., 14., 44.,
       3., 21., 138., 138., 30., 6., 5., 0., 0., 17., 52., 16., 16., 23.,
       10., 20., 2., 0., 1., 40., 11., 1., 7., 138., 16., 10., 3., 33.,
       12., 0., 46., 23., 5., 15., 11., 138., 62., 29., 35., 1., 1., 6.,
       9., 25., 29., 63., 70., 27., 1., 0., 0., 0., 0., 0., 0., 182.,
       13., 0., 0., 0., 0., 0., 0., 114., 4., 0., 0., 4., 4., 0., 1., 0.,
       0., 0., 1., 11., 7., 1., 0., 32., 0., 0., 0., 0., 0., 0., 0.,
       182., 6., 0., 0., 0., 0., 0., 1., 155., 4., 0., 4., 6., 1., 0.,
       0., 0., 0., 0., 19., 13., 2., 1., 0., 28., 0., 0., 0., 0., 0., 0.,
       2., 182., 1., 0., 0., 0., 0., 5., 71., 122., 1., 0., 2., 3., 5.,
       125., 72., 0., 0., 0., 6., 6., 12., 182., 4., 8., 0., 0., 0., 0.,
       0., 0., 1., 138., 0., 0., 0., 0., 0., 3., 54., 28., 0., 0., 0.,
       0., 0., 88., 57., 0., 0., 0., 0., 0., 1., 122., 6., 17., 1., 0.,
       0., 0., 0., 0., 0., 173., 62., 3., 0., 0., 0., 0., 0., 78., 78.,
       128., 11., 0., 0., 0., 0., 0., 5., 173., 16., 0., 0., 0., 0., 28.,
       1., 0., 0., 0., 0., 0., 0., 173., 60., 3., 0., 0., 0., 0., 1.,
       119., 65., 90., 13., 0., 1., 1., 1., 0., 0., 94., 22., 0., 3., 2.,
       1., 31., 0., 0., 0., 0., 0., 0., 0., 173., 0., 0., 0., 0., 0., 0.,
       10., 148., 1., 0., 1., 1., 2., 4., 15., 0., 0., 0., 2., 2., 7.,
       6., 2., 27., 0., 0., 0., 0., 0., 0., 0., 173., 0., 0., 0., 0., 0.,
       0., 7., 117., 0., 0., 2., 4., 2., 1., 10., 2., 0., 0., 4., 4., 2.,
       0., 2. ]
