%YAML:1.0
---
mat: !!opencv-matrix
   rows: 100
   cols: 128
   dt: f
   data: [ 0., 17., 124., 58., 27., 8., 22., 3., 22., 91., 124., 2., 1.,
       17., 25., 9., 23., 32., 8., 19., 46., 2., 9., 12., 66., 3., 0.,
       6., 13., 0., 0., 8., 6., 14., 54., 81., 124., 55., 19., 7., 124.,
       85., 66., 5., 3., 6., 24., 119., 87., 26., 3., 25., 61., 15., 4.,
       40., 90., 5., 0., 6., 9., 2., 3., 20., 14., 17., 17., 78., 108.,
       28., 46., 10., 124., 48., 8., 2., 2., 3., 24., 56., 95., 4., 0.,
       1., 18., 35., 35., 29., 25., 0., 0., 0., 2., 5., 21., 37., 2., 4.,
       3., 4., 19., 68., 124., 6., 79., 8., 2., 0., 0., 8., 124., 107.,
       38., 1., 1., 1., 0., 1., 6., 28., 1., 1., 2., 1., 0., 1., 4., 2.,
       0., 0., 6., 3., 5., 8., 142., 7., 8., 14., 12., 42., 62., 26.,
       122., 22., 112., 80., 13., 15., 8., 1., 9., 33., 21., 5., 0., 0.,
       0., 0., 1., 2., 0., 0., 142., 36., 6., 2., 17., 0., 21., 14., 74.,
       142., 110., 8., 17., 9., 142., 75., 6., 34., 20., 1., 6., 33.,
       56., 9., 0., 0., 0., 0., 1., 2., 0., 0., 75., 9., 1., 3., 142.,
       9., 7., 0., 27., 37., 7., 12., 142., 50., 110., 2., 0., 4., 2.,
       1., 99., 142., 28., 3., 2., 0., 0., 0., 1., 14., 0., 0., 0., 0.,
       0., 0., 75., 3., 0., 0., 0., 0., 0., 0., 80., 7., 0., 0., 1., 0.,
       0., 0., 27., 17., 0., 0., 1., 1., 2., 1., 1., 2., 1., 6., 35., 5.,
       0., 0., 0., 0., 1., 4., 74., 5., 0., 0., 0., 0., 0., 14., 29., 3.,
       2., 0., 0., 0., 1., 2., 0., 0., 1., 0., 2., 0., 21., 48., 108.,
       63., 15., 23., 11., 4., 7., 42., 144., 51., 8., 48., 19., 1.,
       107., 144., 107., 0., 1., 4., 2., 3., 28., 17., 1., 1., 1., 0.,
       0., 0., 128., 9., 3., 8., 13., 53., 58., 42., 21., 9., 18., 10.,
       106., 144., 77., 9., 144., 35., 6., 1., 25., 29., 5., 35., 67.,
       2., 0., 0., 0., 0., 0., 4., 144., 0., 0., 1., 20., 3., 2., 23.,
       22., 0., 0., 16., 144., 14., 2., 4., 144., 0., 0., 3., 44., 2.,
       1., 27., 45., 0., 0., 0., 0., 0., 0., 4., 0., 2., 72., 37., 2.,
       0., 1., 0., 0., 9., 120., 37., 1., 1., 0., 1., 8., 49., 120., 33.,
       2., 2., 0., 0., 16., 43., 12., 0., 1., 1., 0., 0., 6., 12., 69.,
       72., 120., 19., 0., 0., 102., 54., 103., 36., 21., 27., 17., 17.,
       88., 53., 55., 25., 30., 100., 27., 14., 120., 55., 3., 0., 1.,
       2., 1., 2., 12., 2., 1., 4., 120., 49., 8., 5., 120., 12., 1., 2.,
       36., 26., 16., 62., 93., 2., 0., 0., 80., 111., 26., 34., 120.,
       8., 0., 0., 4., 8., 11., 37., 2., 0., 0., 1., 50., 63., 73., 14.,
       40., 0., 0., 0., 5., 11., 82., 120., 13., 0., 0., 0., 5., 41.,
       44., 36., 11., 0., 0., 0., 0., 5., 23., 34., 0., 5., 16., 4., 0.,
       0., 0., 0., 0., 3., 32., 12., 0., 0., 0., 0., 0., 12., 38., 7.,
       0., 0., 0., 0., 0., 2., 20., 13., 2., 0., 0., 0., 3., 29., 51.,
       64., 38., 0., 0., 0., 9., 45., 110., 120., 39., 0., 0., 0., 87.,
       108., 110., 56., 22., 0., 0., 2., 9., 13., 120., 120., 63., 2.,
       0., 0., 5., 31., 10., 32., 120., 41., 18., 3., 30., 44., 20., 71.,
       96., 31., 71., 19., 120., 16., 5., 17., 60., 22., 34., 66., 19.,
       1., 31., 51., 120., 120., 77., 5., 1., 2., 1., 0., 21., 55., 60.,
       4., 2., 1., 1., 1., 4., 28., 120., 19., 20., 0., 3., 2., 3., 16.,
       91., 70., 2., 0., 3., 5., 8., 61., 80., 7., 0., 32., 70., 0., 0.,
       0., 8., 9., 1., 30., 43., 3., 0., 0., 8., 11., 0., 6., 45., 26.,
       1., 0., 5., 4., 0., 9., 69., 4., 0., 0., 2., 1., 8., 82., 125.,
       20., 13., 10., 17., 7., 125., 125., 116., 8., 13., 0., 5., 13.,
       29., 23., 63., 95., 118., 1., 0., 2., 33., 36., 116., 21., 13.,
       11., 5., 16., 8., 10., 17., 7., 15., 58., 125., 37., 125., 25.,
       6., 1., 20., 12., 120., 125., 35., 2., 1., 12., 125., 64., 44.,
       37., 56., 2., 1., 2., 16., 35., 41., 99., 2., 0., 0., 0., 0., 6.,
       84., 17., 2., 0., 0., 0., 1., 10., 63., 38., 0., 0., 0., 0., 6.,
       43., 70., 15., 1., 0., 0., 0., 0., 9., 53., 35., 0., 5., 47., 34.,
       1., 0., 0., 0., 3., 37., 64., 15., 1., 0., 0., 0., 1., 6., 71.,
       49., 3., 0., 0., 0., 0., 7., 101., 24., 2., 0., 0., 0., 13., 34.,
       47., 102., 58., 1., 0., 1., 126., 72., 47., 36., 38., 2., 0., 3.,
       17., 7., 114., 126., 126., 34., 10., 0., 16., 56., 126., 48., 9.,
       12., 29., 10., 14., 15., 7., 18., 42., 29., 98., 21., 126., 2.,
       0., 2., 27., 21., 60., 85., 16., 0., 2., 7., 111., 126., 126., 9.,
       9., 6., 7., 5., 6., 62., 126., 19., 0., 0., 1., 1., 0., 7., 86.,
       8., 2., 0., 4., 4., 0., 4., 52., 33., 0., 0., 7., 12., 1., 21.,
       37., 5., 0., 0., 8., 14., 1., 18., 54., 0., 8., 0., 0., 0., 125.,
       5., 1., 1., 125., 2., 1., 9., 76., 2., 0., 5., 20., 3., 32., 94.,
       82., 20., 4., 1., 3., 11., 73., 21., 10., 14., 20., 15., 10., 1.,
       0., 1., 125., 6., 1., 0., 125., 3., 0., 3., 125., 3., 0., 2., 23.,
       1., 4., 27., 125., 17., 6., 10., 11., 3., 15., 8., 12., 11., 47.,
       60., 9., 1., 0., 2., 125., 5., 0., 1., 125., 3., 0., 1., 108.,
       14., 3., 17., 25., 0., 0., 5., 96., 72., 95., 51., 7., 0., 0., 1.,
       2., 12., 125., 74., 9., 0., 0., 3., 125., 3., 0., 2., 125., 0.,
       0., 0., 60., 4., 2., 31., 21., 0., 0., 0., 0., 8., 30., 15., 0.,
       0., 0., 0., 0., 4., 24., 7., 0., 5., 26., 7., 0., 0., 0., 0., 0.,
       9., 32., 15., 18., 0., 0., 0., 56., 3., 2., 35., 125., 0., 0., 1.,
       125., 2., 0., 2., 11., 0., 0., 5., 2., 13., 125., 73., 7., 0., 0.,
       1., 98., 71., 97., 50., 24., 0., 0., 6., 107., 13., 3., 20., 125.,
       2., 0., 2., 125., 3., 0., 1., 10., 1., 0., 3., 13., 11., 46., 56.,
       10., 3., 17., 9., 125., 15., 6., 10., 24., 1., 5., 32., 125., 2.,
       0., 5., 125., 1., 0., 4., 125., 4., 1., 0., 10., 0., 0., 3., 11.,
       16., 21., 15., 3., 11., 72., 21., 81., 19., 3., 2., 24., 3., 32.,
       94., 81., 1., 0., 8., 125., 1., 1., 8., 125., 4., 1., 1., 7., 0.,
       0., 1., 8., 0., 0., 1., 89., 71., 5., 6., 39., 15., 5., 45., 81.,
       8., 1., 8., 139., 34., 4., 12., 13., 0., 5., 23., 22., 0., 0., 0.,
       0., 3., 48., 21., 1., 0., 0., 3., 139., 66., 3., 0., 41., 10., 3.,
       51., 139., 28., 13., 12., 139., 36., 2., 9., 20., 3., 9., 59.,
       57., 1., 0., 0., 0., 2., 25., 23., 2., 0., 0., 1., 139., 49., 6.,
       6., 20., 1., 0., 7., 75., 62., 139., 101., 106., 2., 0., 1., 3.,
       5., 111., 139., 24., 0., 0., 0., 0., 1., 13., 37., 12., 0., 0.,
       0., 96., 36., 4., 8., 94., 0., 0., 0., 17., 11., 32., 71., 7., 0.,
       0., 0., 0., 0., 36., 43., 0., 0., 0., 0., 0., 0., 13., 15., 15.,
       31., 41., 34., 27., 27., 28., 39., 77., 136., 45., 7., 1., 0.,
       20., 105., 30., 23., 0., 0., 0., 4., 14., 55., 0., 0., 0., 0., 0.,
       1., 0., 1., 7., 26., 45., 69., 136., 70., 20., 14., 136., 136.,
       59., 22., 23., 26., 31., 120., 136., 69., 6., 1., 1., 2., 0., 9.,
       0., 1., 1., 0., 0., 1., 0., 0., 9., 11., 10., 63., 91., 47., 20.,
       17., 136., 123., 6., 3., 5., 16., 29., 112., 120., 130., 12., 0.,
       0., 0., 0., 17., 9., 7., 1., 0., 0., 0., 0., 2., 4., 2., 2., 8.,
       24., 13., 1., 4., 44., 10., 1., 0., 0., 1., 1., 16., 39., 5., 0.,
       0., 0., 0., 0., 9., 3., 0., 0., 0., 0., 0., 0., 1., 3., 9., 18.,
       45., 118., 36., 14., 8., 100., 59., 23., 11., 12., 10., 19., 73.,
       30., 9., 9., 45., 102., 51., 19., 17., 54., 32., 15., 14., 13.,
       14., 31., 51., 16., 10., 13., 80., 118., 13., 5., 6., 118., 64.,
       19., 16., 27., 3., 5., 31., 43., 15., 22., 50., 118., 23., 12.,
       7., 103., 25., 17., 10., 13., 12., 22., 46., 17., 3., 11., 80.,
       91., 29., 21., 24., 118., 19., 38., 23., 22., 26., 17., 71., 17.,
       22., 118., 53., 63., 35., 10., 14., 118., 50., 20., 4., 7., 5.,
       7., 59., 10., 27., 14., 21., 18., 13., 54., 23., 26., 32., 15.,
       37., 22., 33., 36., 40., 31., 5., 17., 44., 28., 40., 46., 56.,
       73., 14., 3., 1., 3., 1., 12., 102., 5., 72., 118., 31., 18., 1.,
