%YAML:1.0
---
mat: !!opencv-matrix
   rows: 104
   cols: 128
   dt: f
   data: [ 0., 0., 0., 2., 0., 0., 0., 0., 51., 39., 9., 10., 0., 0., 0.,
       0., 162., 75., 2., 0., 0., 0., 0., 0., 26., 5., 0., 2., 0., 0.,
       0., 0., 0., 0., 0., 59., 3., 0., 0., 0., 73., 60., 37., 126., 3.,
       0., 0., 3., 162., 130., 10., 3., 0., 0., 0., 7., 52., 10., 1., 2.,
       1., 0., 0., 0., 0., 0., 0., 112., 9., 0., 0., 4., 113., 8., 7.,
       104., 6., 0., 0., 131., 162., 17., 2., 1., 0., 0., 0., 103., 62.,
       6., 1., 3., 0., 0., 0., 1., 0., 0., 0., 7., 1., 0., 0., 7., 48.,
       0., 0., 4., 0., 0., 0., 142., 162., 30., 0., 0., 0., 0., 0., 50.,
       46., 18., 1., 2., 0., 0., 0., 0., 4., 13., 77., 24., 2., 0., 1.,
       8., 5., 34., 122., 15., 1., 1., 0., 6., 12., 67., 121., 15., 1.,
       1., 0., 1., 32., 52., 9., 0., 0., 0., 0., 0., 6., 16., 69., 54.,
       108., 30., 0., 0., 122., 79., 98., 22., 19., 17., 16., 19., 89.,
       55., 57., 16., 20., 81., 37., 17., 122., 61., 3., 0., 1., 3., 1.,
       2., 13., 2., 0., 5., 122., 44., 11., 6., 122., 13., 0., 2., 35.,
       20., 19., 75., 107., 2., 0., 0., 57., 93., 26., 38., 122., 8., 0.,
       0., 4., 10., 10., 37., 4., 0., 0., 1., 37., 46., 74., 20., 45.,
       0., 0., 0., 4., 8., 73., 122., 26., 0., 0., 0., 3., 22., 31., 45.,
       29., 1., 0., 0., 0., 3., 14., 36., 9., 70., 53., 8., 0., 0., 17.,
       10., 17., 48., 32., 1., 0., 0., 27., 23., 13., 42., 25., 10., 0.,
       0., 20., 24., 29., 45., 21., 1., 0., 0., 4., 16., 50., 130., 66.,
       19., 31., 15., 10., 22., 130., 114., 54., 6., 13., 7., 4., 19.,
       43., 43., 56., 86., 101., 14., 13., 16., 15., 104., 130., 8., 3.,
       3., 17., 13., 33., 41., 17., 11., 29., 61., 44., 84., 130., 38.,
       6., 8., 15., 44., 20., 60., 53., 4., 2., 8., 73., 75., 125., 38.,
       11., 12., 12., 1., 2., 29., 130., 41., 59., 45., 19., 29., 16.,
       16., 9., 15., 130., 20., 8., 20., 9., 4., 3., 47., 65., 0., 0.,
       0., 0., 2., 22., 32., 13., 0., 0., 0., 0., 4., 42., 21., 0., 0.,
       44., 55., 42., 43., 15., 0., 7., 35., 135., 20., 8., 46., 28., 1.,
       65., 102., 76., 18., 6., 12., 7., 6., 4., 5., 82., 43., 10., 41.,
       39., 3., 0., 0., 6., 52., 60., 62., 20., 0., 26., 7., 30., 119.,
       44., 79., 35., 2., 135., 22., 5., 15., 10., 14., 13., 23., 48.,
       0., 0., 1., 37., 64., 69., 16., 0., 0., 10., 57., 74., 49., 5.,
       0., 26., 1., 24., 73., 54., 110., 28., 7., 135., 3., 1., 7., 10.,
       14., 5., 27., 78., 0., 0., 0., 71., 8., 1., 3., 0., 0., 8., 42.,
       48., 46., 34., 0., 6., 0., 18., 44., 15., 19., 135., 39., 114.,
       0., 0., 4., 3., 1., 48., 132., 34., 0., 0., 0., 21., 15., 2., 12.,
       9., 16., 24., 14., 4., 0., 2., 32., 10., 18., 118., 51., 12., 1.,
       0., 11., 19., 57., 118., 27., 0., 3., 7., 5., 63., 100., 26., 1.,
       0., 1., 2., 1., 68., 118., 82., 22., 26., 10., 0., 2., 54., 34.,
       55., 47., 118., 66., 4., 9., 118., 43., 33., 7., 8., 26., 43.,
       50., 118., 42., 2., 0., 0., 14., 29., 37., 118., 61., 15., 2., 7.,
       6., 61., 118., 60., 8., 0., 0., 58., 96., 82., 74., 108., 2., 0.,
       0., 3., 15., 62., 118., 46., 3., 0., 0., 0., 3., 25., 59., 22.,
       1., 0., 0., 0., 0., 44., 78., 36., 6., 0., 0., 0., 3., 21., 34.,
       37., 9., 0., 0., 0., 0., 9., 27., 30., 9., 0., 0., 0., 0., 0., 2.,
       0., 0., 4., 16., 30., 0., 0., 0., 0., 0., 13., 34., 34., 0., 0.,
       0., 0., 3., 25., 25., 34., 0., 0., 0., 0., 0., 10., 22., 27., 0.,
       0., 0., 1., 17., 43., 83., 57., 0., 0., 0., 6., 23., 89., 120.,
       63., 0., 0., 0., 70., 80., 113., 76., 26., 0., 0., 1., 7., 9.,
       108., 120., 65., 1., 0., 0., 2., 24., 16., 37., 120., 43., 14.,
       0., 23., 28., 23., 85., 120., 46., 54., 9., 120., 18., 6., 18.,
       69., 23., 30., 43., 16., 2., 27., 46., 120., 99., 55., 3., 0., 1.,
       0., 3., 42., 82., 43., 0., 1., 1., 1., 10., 13., 77., 120., 6.,
       20., 0., 3., 13., 9., 35., 94., 46., 2., 0., 6., 10., 16., 73.,
       64., 4., 1., 1., 9., 45., 32., 0., 0., 0., 83., 11., 2., 36., 26.,
       0., 0., 6., 39., 7., 11., 12., 48., 48., 16., 2., 0., 6., 22.,
       13., 29., 100., 114., 0., 4., 4., 7., 75., 55., 0., 0., 1., 114.,
       31., 8., 38., 27., 0., 0., 9., 25., 35., 96., 74., 31., 6., 3.,
       1., 5., 79., 94., 7., 1., 7., 22., 1., 19., 2., 2., 58., 81., 1.,
       0., 4., 114., 6., 2., 18., 32., 5., 0., 21., 16., 13., 24., 61.,
       114., 81., 15., 5., 14., 47., 114., 114., 38., 19., 17., 12., 28.,
       2., 1., 43., 49., 1., 0., 8., 80., 6., 13., 52., 26., 2., 0., 14.,
       2., 12., 114., 114., 86., 29., 2., 0., 2., 20., 114., 66., 66.,
       59., 59., 34., 1., 1., 8., 80., 48., 0., 0., 1., 41., 42., 38.,
       67., 39., 16., 17., 5., 31., 7., 3., 19., 22., 30., 44., 51., 11.,
       1., 4., 89., 52., 29., 28., 21., 2., 1., 4., 90., 118., 0., 0.,
       0., 118., 34., 12., 41., 83., 0., 1., 8., 78., 18., 61., 94., 13.,
       24., 5., 5., 9., 43., 49., 23., 24., 42., 52., 10., 5., 5., 11.,
       26., 112., 41., 20., 9., 114., 12., 4., 49., 71., 29., 33., 46.,
       38., 17., 43., 118., 43., 0., 0., 63., 61., 45., 32., 17., 4., 4.,
       4., 118., 1., 1., 0., 9., 26., 37., 39., 10., 5., 0., 0., 118.,
       87., 29., 32., 24., 46., 1., 3., 67., 25., 1., 2., 118., 21., 9.,
       63., 29., 1., 0., 1., 84., 1., 22., 62., 0., 0., 0., 19., 11., 6.,
       39., 36., 2., 0., 0., 18., 27., 7., 20., 51., 17., 1., 0., 7.,
       31., 10., 33., 62., 1., 0., 0., 1., 17., 6., 56., 123., 19., 13.,
       9., 16., 5., 123., 123., 110., 5., 12., 0., 6., 12., 41., 35.,
       67., 66., 123., 2., 0., 3., 62., 64., 96., 10., 11., 9., 7., 25.,
       7., 7., 15., 7., 15., 55., 123., 35., 123., 20., 6., 1., 14., 9.,
       113., 123., 46., 2., 0., 5., 123., 63., 57., 51., 87., 2., 0., 1.,
       12., 23., 47., 123., 5., 0., 0., 0., 0., 6., 68., 20., 19., 0.,
       0., 0., 0., 3., 44., 58., 16., 0., 0., 0., 2., 21., 59., 39., 14.,
       0., 0., 0., 0., 2., 31., 61., 41., 81., 7., 9., 81., 52., 1., 0.,
       94., 110., 1., 2., 16., 12., 1., 1., 3., 1., 0., 0., 14., 22.,
       14., 9., 13., 0., 0., 0., 0., 2., 16., 41., 30., 23., 2., 2.,
       117., 117., 21., 10., 117., 85., 1., 1., 13., 28., 28., 60., 34.,
       5., 0., 0., 1., 35., 75., 27., 2., 0., 0., 0., 0., 1., 49., 84.,
       2., 0., 0., 2., 35., 117., 73., 14., 91., 51., 20., 15., 27., 61.,
       63., 70., 115., 46., 4., 0., 0., 5., 57., 43., 2., 0., 0., 0., 0.,
       0., 74., 76., 0., 0., 0., 1., 11., 67., 48., 9., 21., 6., 3., 4.,
       16., 117., 117., 30., 107., 7., 1., 0., 0., 5., 50., 117., 6., 0.,
       0., 0., 0., 0., 42., 53., 1., 1., 1., 3., 91., 77., 7., 3., 91.,
       45., 3., 3., 13., 8., 7., 14., 128., 71., 0., 0., 0., 0., 1., 4.,
       12., 7., 0., 0., 0., 0., 0., 1., 0., 1., 2., 48., 128., 14., 0.,
       0., 27., 92., 38., 32., 42., 6., 3., 5., 128., 128., 7., 0., 0.,
       0., 1., 10., 53., 19., 0., 0., 0., 0., 0., 1., 0., 0., 0., 21.,
       128., 98., 2., 0., 28., 15., 13., 19., 35., 56., 37., 36., 128.,
       37., 3., 0., 0., 0., 5., 64., 89., 10., 0., 0., 0., 0., 0., 2.,
       0., 0., 1., 24., 128., 45., 0., 0., 25., 61., 66., 82., 83., 22.,
       4., 4., 128., 128., 15., 1., 0., 0., 1., 5., 77., 31., 0., 0., 0.,
       0., 0., 0., 9., 67., 106., 33., 25., 1., 4., 3., 28., 41., 136.,
       75., 13., 4., 6., 2., 140., 62., 13., 16., 3., 0., 0., 0., 36.,
       3., 0., 5., 22., 17., 2., 1., 45., 7., 23., 14., 72., 26., 31.,
       109., 61., 20., 25., 7., 32., 140., 56., 55., 140., 41., 5., 1.,
       4., 19., 9., 29., 61., 5., 0., 13., 30., 8., 0., 2., 40., 0., 0.,
       0., 23., 47., 70., 140., 22., 0., 0., 0., 18., 140., 85., 70.,
       135., 2., 0., 0., 2., 39., 84., 137., 36., 2., 0., 6., 22., 17.,
       4., 11., 3., 0., 0., 0., 0., 4., 24., 22., 9., 0., 0., 0., 0., 8.,
       17., 10., 12., 0., 0., 0., 0., 2., 20., 21., 14., 1., 0., 0., 0.,
