%YAML:1.0
---
mat: !!opencv-matrix
   rows: 84
   cols: 128
   dt: f
   data: [ 0., 0., 2., 9., 23., 6., 2., 1., 1., 3., 55., 32., 1., 1., 2.,
       4., 2., 25., 48., 6., 3., 4., 2., 1., 2., 5., 1., 2., 7., 7., 5.,
       3., 0., 0., 7., 57., 90., 26., 0., 0., 13., 39., 142., 142., 103.,
       52., 6., 6., 142., 142., 142., 20., 3., 5., 4., 22., 46., 19., 2.,
       1., 5., 6., 5., 4., 0., 0., 0., 10., 82., 71., 0., 0., 16., 9.,
       13., 34., 107., 142., 122., 37., 142., 30., 8., 4., 3., 39., 97.,
       142., 57., 2., 0., 0., 4., 2., 2., 18., 0., 0., 0., 2., 12., 13.,
       0., 0., 0., 0., 0., 0., 3., 58., 29., 3., 7., 0., 0., 0., 0., 11.,
       27., 29., 3., 0., 0., 0., 0., 0., 0., 3., 31., 3., 1., 3., 0., 0.,
       1., 23., 1., 2., 30., 46., 0., 0., 0., 3., 3., 15., 40., 14., 0.,
       0., 0., 0., 2., 2., 0., 0., 0., 0., 0., 0., 4., 4., 3., 35., 31.,
       5., 1., 5., 6., 16., 103., 139., 109., 31., 3., 3., 139., 139.,
       139., 69., 10., 7., 4., 19., 73., 16., 0., 0., 0., 0., 0., 7., 4.,
       2., 1., 7., 34., 34., 3., 3., 7., 4., 7., 49., 129., 139., 107.,
       16., 139., 29., 9., 11., 11., 68., 139., 139., 77., 2., 0., 0.,
       0., 0., 7., 59., 4., 4., 4., 0., 1., 7., 2., 2., 2., 2., 3., 1.,
       1., 47., 47., 5., 12., 0., 0., 0., 0., 16., 68., 73., 10., 0., 0.,
       0., 0., 0., 2., 37., 0., 1., 10., 10., 0., 0., 0., 0., 0., 12.,
       81., 59., 0., 0., 0., 0., 7., 49., 107., 22., 0., 0., 0., 0., 3.,
       12., 30., 4., 1., 0., 0., 0., 0., 0., 4., 54., 24., 5., 0., 0.,
       11., 27., 119., 141., 101., 45., 16., 9., 141., 141., 122., 55.,
       5., 7., 14., 40., 61., 30., 3., 2., 3., 3., 1., 3., 0., 0., 0.,
       9., 22., 36., 7., 0., 8., 3., 3., 39., 81., 141., 141., 28., 141.,
       16., 3., 5., 4., 27., 141., 141., 53., 4., 3., 3., 2., 1., 1.,
       24., 0., 0., 1., 0., 0., 4., 3., 0., 0., 1., 5., 3., 3., 21., 50.,
       1., 2., 1., 6., 4., 4., 6., 45., 20., 1., 1., 6., 6., 6., 2., 2.,
       4., 3., 1., 2., 6., 6., 1., 1., 1., 1., 9., 51., 103., 26., 1.,
       0., 0., 37., 65., 72., 29., 43., 69., 0., 0., 38., 45., 1., 0.,
       132., 132., 1., 2., 3., 1., 0., 21., 48., 6., 0., 0., 23., 15.,
       18., 132., 132., 42., 10., 6., 132., 76., 22., 36., 22., 16., 9.,
       31., 47., 7., 0., 0., 112., 132., 1., 5., 2., 7., 2., 2., 31.,
       21., 1., 0., 7., 1., 1., 7., 81., 132., 115., 20., 113., 3., 0.,
       1., 5., 26., 107., 132., 23., 0., 0., 0., 50., 68., 1., 15., 3.,
       6., 3., 1., 0., 1., 1., 1., 1., 5., 4., 0., 0., 12., 22., 2., 2.,
       3., 2., 1., 1., 3., 21., 15., 0., 1., 2., 2., 6., 9., 1., 2., 0.,
       0., 2., 10., 1., 5., 33., 4., 0., 6., 56., 52., 1., 1., 14., 12.,
       2., 37., 48., 9., 2., 0., 0., 1., 1., 5., 2., 1., 0., 1., 0., 0.,
       0., 0., 2., 53., 13., 0., 0., 0., 16., 56., 144., 144., 111., 24.,
       4., 5., 144., 144., 128., 33., 7., 6., 3., 18., 42., 25., 3., 1.,
       1., 1., 1., 1., 0., 0., 0., 8., 9., 2., 0., 0., 19., 10., 8., 49.,
       101., 144., 143., 41., 144., 42., 6., 6., 8., 42., 120., 144.,
       50., 8., 9., 6., 1., 0., 0., 16., 0., 0., 0., 0., 0., 0., 0., 0.,
       0., 0., 1., 1., 0., 17., 56., 5., 5., 1., 9., 3., 0., 7., 61.,
       53., 2., 0., 12., 20., 2., 0., 0., 6., 48., 13., 1., 7., 23., 18.,
       5., 35., 10., 14., 54., 73., 61., 65., 37., 26., 78., 69., 45.,
       11., 16., 31., 26., 37., 15., 3., 2., 6., 17., 57., 128., 37., 3.,
       0., 1., 4., 48., 20., 11., 20., 37., 11., 25., 49., 128., 104.,
       7., 9., 128., 49., 19., 8., 19., 16., 8., 36., 40., 6., 22., 52.,
       19., 5., 9., 6., 27., 47., 32., 9., 20., 15., 1., 2., 12., 7., 7.,
       23., 128., 128., 42., 20., 128., 50., 13., 13., 14., 27., 42.,
       110., 26., 6., 6., 25., 40., 54., 32., 14., 70., 25., 7., 5., 13.,
       7., 11., 52., 12., 8., 9., 37., 128., 39., 10., 7., 128., 73.,
       17., 21., 36., 17., 19., 48., 34., 8., 10., 23., 15., 7., 7., 7.,
       15., 38., 33., 6., 4., 5., 15., 10., 4., 5., 9., 51., 127., 27.,
       8., 7., 120., 30., 28., 30., 48., 23., 19., 81., 48., 8., 9., 35.,
       16., 1., 0., 15., 45., 30., 15., 16., 20., 8., 35., 64., 16., 23.,
       48., 127., 121., 18., 6., 7., 127., 96., 41., 25., 14., 14., 16.,
       59., 30., 8., 3., 28., 66., 37., 12., 11., 1., 28., 31., 29., 54.,
       5., 12., 12., 47., 10., 8., 117., 127., 41., 31., 17., 127., 31.,
       7., 13., 13., 4., 18., 63., 34., 8., 7., 1., 3., 15., 10., 4.,
       64., 97., 47., 22., 22., 10., 13., 37., 21., 32., 48., 57., 51.,
       63., 65., 22., 83., 30., 9., 7., 4., 4., 38., 82., 10., 9., 50.,
       71., 25., 3., 1., 3., 1., 2., 12., 18., 3., 0., 0., 0., 0., 6.,
       56., 50., 6., 0., 0., 0., 0., 49., 75., 52., 11., 1., 0., 0., 1.,
       23., 59., 88., 18., 0., 0., 0., 1., 3., 33., 128., 46., 0., 0.,
       0., 100., 59., 66., 96., 37., 16., 3., 6., 22., 62., 40., 33.,
       84., 94., 3., 4., 16., 42., 51., 65., 54., 11., 10., 20., 22., 7.,
       91., 128., 14., 17., 14., 14., 128., 24., 8., 41., 12., 24., 8.,
       16., 82., 4., 4., 2., 90., 128., 4., 6., 91., 14., 17., 9., 54.,
       93., 19., 39., 40., 18., 21., 18., 9., 57., 36., 17., 128., 10.,
       8., 14., 10., 15., 8., 25., 89., 1., 0., 0., 17., 61., 5., 5.,
       15., 0., 0., 0., 12., 76., 66., 47., 32., 20., 3., 0., 27., 30.,
       6., 11., 36., 2., 3., 3., 104., 125., 48., 42., 125., 10., 4.,
       16., 30., 28., 28., 94., 11., 16., 49., 90., 69., 64., 52., 19.,
       39., 6., 0., 10., 29., 10., 8., 50., 8., 14., 69., 108., 100.,
       47., 22., 12., 118., 94., 69., 15., 11., 19., 18., 33., 25., 5.,
       1., 2., 14., 66., 114., 22., 0., 3., 4., 2., 44., 17., 7., 5.,
       25., 5., 10., 24., 125., 95., 12., 11., 125., 25., 9., 5., 22.,
       18., 13., 55., 48., 3., 16., 45., 17., 5., 4., 7., 32., 38., 19.,
       4., 14., 10., 1., 5., 6., 6., 7., 26., 87., 90., 27., 12., 85.,
       38., 11., 10., 8., 17., 30., 79., 19., 3., 3., 16., 28., 38., 19.,
       9., 39., 33., 19., 8., 8., 4., 17., 39., 8., 10., 24., 91., 80.,
       17., 4., 4., 75., 68., 34., 25., 15., 15., 15., 42., 31., 11., 1.,
       12., 38., 19., 4., 9., 4., 6., 13., 14., 30., 3., 21., 28., 17.,
       7., 10., 103., 123., 18., 9., 6., 123., 50., 15., 24., 31., 5.,
       10., 32., 64., 12., 3., 0., 3., 10., 4., 4., 42., 116., 94., 17.,
       20., 6., 4., 16., 13., 19., 25., 49., 98., 89., 67., 13., 111.,
       28., 13., 6., 7., 15., 73., 113., 30., 5., 21., 48., 15., 0., 0.,
       11., 51., 30., 10., 17., 23., 8., 50., 90., 37., 42., 50., 123.,
       115., 4., 3., 6., 123., 109., 30., 15., 6., 0., 3., 7., 8., 7.,
       8., 38., 63., 28., 7., 1., 0., 0., 0., 1., 63., 31., 1., 0., 39.,
       4., 2., 14., 137., 76., 12., 11., 137., 27., 1., 2., 17., 14., 8.,
       26., 22., 2., 0., 0., 87., 137., 40., 3., 0., 0., 0., 2., 46.,
       31., 1., 0., 15., 6., 3., 53., 137., 119., 15., 6., 137., 35., 5.,
       19., 17., 16., 11., 19., 66., 2., 0., 0., 1., 34., 38., 11., 0.,
       0., 0., 1., 33., 17., 0., 0., 7., 3., 2., 36., 137., 118., 10.,
       6., 137., 15., 3., 14., 22., 30., 15., 34., 90., 3., 0., 0., 0.,
       0., 3., 7., 0., 0., 0., 0., 22., 6., 0., 0., 5., 2., 1., 18.,
       137., 40., 9., 4., 137., 10., 2., 8., 32., 12., 15., 42., 66., 0.,
       0., 0., 0., 0., 0., 9., 9., 15., 89., 19., 1., 0., 113., 120.,
       74., 53., 46., 25., 4., 1., 29., 91., 20., 70., 27., 3., 0., 0.,
       0., 1., 5., 7., 0., 1., 3., 1., 0., 1., 5., 0., 0., 8., 29., 5.,
       78., 65., 13., 46., 68., 124., 124., 52., 20., 19., 124., 124.,
       59., 25., 12., 11., 6., 20., 47., 16., 0., 0., 2., 2., 0., 3.,
       11., 4., 0., 0., 15., 13., 0., 1., 10., 5., 2., 9., 97., 124.,
       72., 19., 124., 20., 2., 3., 8., 54., 97., 124., 46., 8., 27., 9.,
       0., 0., 0., 11., 5., 9., 65., 4., 0., 0., 0., 0., 2., 13., 96.,
       29., 0., 16., 19., 2., 7., 57., 54., 15., 8., 6., 29., 23., 3.,
