%YAML:1.0
---
mat: !!opencv-matrix
   rows: 48
   cols: 128
   dt: f
   data: [ 57., 21., 0., 4., 25., 100., 14., 2., 170., 88., 0., 0., 13.,
       14., 1., 1., 30., 5., 0., 2., 79., 49., 0., 1., 0., 0., 0., 4.,
       18., 3., 0., 0., 44., 7., 20., 119., 47., 34., 1., 1., 170., 36.,
       2., 8., 15., 4., 0., 1., 78., 6., 0., 9., 167., 13., 0., 0., 0.,
       0., 0., 5., 64., 8., 0., 0., 63., 2., 11., 52., 2., 1., 0., 6.,
       170., 12., 2., 6., 8., 0., 0., 30., 66., 7., 1., 45., 132., 0.,
       0., 4., 0., 0., 0., 18., 49., 3., 0., 0., 60., 0., 0., 1., 2., 5.,
       1., 23., 170., 3., 1., 9., 9., 0., 0., 60., 28., 2., 2., 53., 82.,
       0., 0., 4., 0., 0., 3., 19., 23., 1., 0., 0., 52., 19., 5., 91.,
       31., 15., 0., 0., 174., 91., 2., 4., 11., 2., 0., 0., 42., 14.,
       1., 12., 135., 17., 0., 0., 0., 0., 0., 5., 49., 11., 0., 0., 68.,
       8., 3., 38., 6., 2., 0., 1., 174., 48., 1., 2., 7., 0., 0., 4.,
       80., 13., 1., 21., 153., 5., 0., 1., 0., 0., 0., 12., 61., 5., 0.,
       0., 63., 0., 0., 1., 2., 9., 2., 12., 174., 14., 1., 4., 4., 0.,
       0., 28., 72., 11., 3., 63., 111., 1., 0., 1., 0., 0., 5., 38.,
       34., 1., 0., 0., 56., 0., 0., 0., 2., 4., 1., 35., 174., 1., 0.,
       4., 9., 0., 0., 89., 30., 1., 0., 40., 97., 0., 0., 6., 0., 1.,
       3., 12., 19., 1., 0., 1., 2., 1., 0., 10., 22., 11., 37., 52.,
       111., 67., 0., 0., 4., 25., 69., 33., 144., 109., 3., 3., 8., 4.,
       2., 3., 3., 2., 1., 3., 12., 1., 0., 0., 10., 5., 18., 31., 4.,
       3., 44., 104., 79., 22., 53., 91., 28., 33., 35., 27., 144., 48.,
       5., 13., 34., 6., 1., 3., 16., 2., 0., 16., 90., 2., 0., 0., 0.,
       0., 11., 122., 40., 2., 8., 8., 114., 9., 36., 79., 7., 2., 1.,
       29., 144., 16., 4., 22., 23., 0., 0., 44., 12., 3., 0., 49., 80.,
       0., 0., 0., 0., 0., 0., 25., 47., 18., 3., 3., 87., 0., 0., 2.,
       6., 8., 6., 130., 143., 2., 1., 25., 27., 1., 1., 94., 1., 0., 0.,
       40., 31., 0., 0., 0., 0., 0., 51., 92., 40., 7., 1., 1., 144.,
       29., 3., 22., 11., 2., 1., 4., 170., 75., 2., 5., 9., 4., 0., 2.,
       12., 6., 2., 21., 96., 22., 0., 1., 1., 1., 3., 28., 20., 2., 1.,
       1., 131., 25., 2., 1., 1., 1., 1., 8., 170., 69., 2., 5., 9., 2.,
       0., 17., 25., 8., 2., 22., 119., 12., 1., 4., 0., 0., 1., 4., 6.,
       5., 6., 4., 138., 5., 1., 3., 3., 3., 2., 11., 170., 26., 2., 4.,
       8., 1., 0., 25., 26., 7., 2., 23., 115., 10., 1., 3., 0., 0., 0.,
       2., 8., 6., 3., 2., 104., 2., 1., 1., 2., 3., 4., 27., 170., 18.,
       2., 4., 4., 0., 0., 31., 16., 6., 2., 36., 75., 0., 0., 1., 11.,
       16., 12., 1., 4., 4., 0., 0., 98., 48., 3., 3., 4., 1., 1., 8.,
       14., 10., 4., 30., 108., 5., 1., 3., 44., 21., 3., 9., 24., 0.,
       1., 14., 29., 4., 2., 1., 11., 118., 6., 4., 131., 25., 7., 4.,
       6., 11., 17., 68., 10., 7., 8., 36., 131., 35., 17., 16., 28.,
       44., 14., 12., 40., 0., 0., 2., 14., 13., 0., 0., 1., 131., 59.,
       3., 72., 49., 58., 16., 4., 131., 59., 11., 4., 10., 66., 107.,
       76., 31., 24., 2., 0., 2., 4., 12., 22., 5., 13., 1., 3., 72.,
       17., 0., 0., 64., 20., 0., 2., 16., 18., 2., 1., 131., 109., 1.,
       1., 1., 6., 7., 2., 131., 131., 2., 0., 0., 0., 1., 0., 52., 131.,
       0., 0., 22., 133., 2., 0., 0., 0., 1., 1., 102., 133., 3., 2., 2.,
       5., 6., 0., 133., 133., 0., 1., 16., 25., 2., 0., 63., 39., 0.,
       2., 68., 21., 0., 21., 5., 37., 2., 0., 0., 1., 11., 76., 34.,
       42., 2., 4., 10., 58., 106., 4., 104., 84., 10., 76., 54., 52.,
       18., 0., 133., 102., 3., 14., 9., 0., 0., 38., 2., 0., 0., 12.,
       40., 22., 7., 133., 50., 15., 14., 8., 6., 7., 25., 9., 11., 15.,
       54., 133., 38., 7., 5., 3., 63., 9., 2., 33., 11., 4., 2., 13.,
       1., 2., 15., 60., 40., 7., 4., 123., 14., 1., 1., 6., 6., 3., 15.,
       16., 3., 1., 3., 78., 64., 4., 6., 1., 1., 0., 0., 16., 31., 14.,
       1., 112., 98., 4., 1., 0., 0., 0., 0., 173., 124., 0., 1., 8., 3.,
       0., 0., 16., 8., 1., 30., 31., 5., 1., 0., 0., 0., 0., 13., 4.,
       0., 0., 2., 116., 82., 4., 2., 0., 0., 0., 3., 173., 98., 0., 1.,
       8., 3., 0., 5., 58., 5., 0., 20., 87., 26., 1., 4., 12., 1., 0.,
       9., 13., 7., 2., 19., 142., 16., 0., 1., 1., 0., 0., 6., 173.,
       16., 0., 2., 5., 2., 0., 19., 65., 4., 1., 8., 61., 31., 3., 5.,
       6., 1., 0., 2., 9., 19., 8., 12., 123., 4., 1., 1., 0., 0., 0.,
       23., 173., 2., 0., 1., 6., 3., 1., 98., 30., 0., 0., 4., 39., 21.,
       2., 15., 1., 0., 0., 2., 11., 11., 3., 2., 3., 34., 112., 7., 0.,
       0., 0., 2., 3., 16., 121., 13., 0., 0., 15., 22., 4., 19., 89.,
       4., 0., 2., 28., 19., 11., 25., 46., 1., 0., 0., 23., 45., 38.,
       7., 7., 5., 1., 0., 0., 14., 116., 19., 4., 2., 2., 11., 99.,
       121., 19., 10., 4., 17., 30., 94., 121., 85., 41., 28., 10., 4.,
       3., 7., 91., 121., 55., 18., 1., 3., 3., 2., 0., 2., 121., 121.,
       69., 19., 3., 4., 8., 33., 20., 72., 119., 121., 41., 27., 13.,
       13., 35., 121., 95., 23., 3., 2., 3., 18., 10., 8., 0., 1., 7.,
       2., 0., 0., 20., 72., 34., 4., 0., 0., 0., 0., 8., 34., 63., 26.,
       0., 0., 0., 1., 22., 58., 22., 2., 0., 0., 3., 27., 2., 3., 6.,
       95., 65., 0., 0., 0., 116., 61., 7., 13., 3., 0., 2., 19., 106.,
       80., 74., 70., 32., 6., 4., 15., 1., 3., 30., 99., 83., 3., 0.,
       0., 27., 6., 6., 76., 71., 0., 0., 4., 116., 39., 8., 6., 3., 11.,
       34., 116., 24., 27., 53., 64., 116., 90., 49., 40., 0., 4., 51.,
       71., 51., 6., 0., 0., 21., 21., 6., 51., 48., 0., 0., 1., 114.,
       116., 116., 12., 3., 2., 3., 17., 11., 42., 116., 116., 90., 18.,
       4., 5., 0., 1., 19., 54., 52., 2., 0., 0., 0., 2., 2., 12., 8.,
       10., 9., 0., 0., 24., 41., 3., 6., 6., 2., 0., 0., 11., 75., 12.,
       0., 1., 2., 0., 0., 3., 26., 11., 0., 1., 0., 0., 24., 18., 33.,
       113., 8., 0., 0., 1., 110., 51., 20., 63., 3., 0., 0., 22., 90.,
       54., 57., 64., 41., 16., 18., 54., 11., 5., 22., 101., 56., 6.,
       1., 1., 23., 11., 21., 113., 17., 0., 0., 1., 113., 48., 18., 23.,
       7., 2., 2., 47., 36., 36., 84., 113., 64., 4., 2., 17., 57., 10.,
       45., 70., 8., 0., 0., 49., 52., 7., 6., 70., 22., 0., 1., 31.,
       113., 47., 37., 35., 24., 10., 12., 53., 14., 21., 70., 113., 48.,
       2., 0., 1., 113., 78., 21., 16., 3., 0., 0., 51., 52., 54., 15.,
       20., 8., 0., 1., 14., 30., 48., 75., 63., 45., 9., 8., 21., 2.,
       12., 31., 70., 38., 1., 0., 0., 23., 111., 47., 5., 0., 0., 0.,
       0., 11., 3., 6., 9., 4., 0., 0., 1., 143., 48., 7., 1., 1., 0.,
       1., 25., 143., 55., 12., 0., 0., 0., 3., 24., 90., 19., 18., 6.,
       0., 0., 0., 2., 5., 9., 23., 7., 0., 0., 0., 1., 88., 133., 31.,
       1., 0., 0., 11., 23., 143., 143., 27., 1., 0., 0., 3., 17., 57.,
       47., 76., 24., 3., 0., 0., 0., 31., 8., 19., 2., 0., 0., 0., 16.,
       102., 26., 7., 0., 0., 1., 58., 100., 143., 22., 3., 3., 5., 1.,
       21., 91., 41., 7., 12., 62., 62., 2., 0., 4., 66., 6., 7., 1., 0.,
       0., 0., 33., 121., 18., 7., 1., 2., 5., 6., 72., 143., 5., 2., 7.,
       10., 1., 1., 83., 14., 1., 1., 26., 64., 9., 5., 5., 4., 0., 0.,
       6., 9., 1., 5., 21., 4., 0., 0., 0., 0., 5., 72., 55., 27., 8.,
       0., 0., 0., 19., 59., 29., 71., 25., 3., 2., 3., 11., 11., 43.,
       51., 0., 0., 0., 3., 3., 10., 48., 134., 1., 0., 0., 6., 35., 96.,
       134., 18., 1., 0., 0., 73., 134., 93., 25., 85., 31., 1., 0., 9.,
       18., 7., 40., 44., 1., 0., 0., 0., 4., 24., 48., 134., 42., 0.,
       0., 19., 15., 5., 34., 55., 11., 0., 0., 134., 134., 9., 8., 75.,
       16., 0., 0., 20., 39., 9., 40., 10., 0., 0., 0., 2., 13., 14.,
       27., 134., 65., 0., 0., 1., 3., 2., 13., 108., 49., 2., 1., 62.,
       134., 12., 5., 19., 7., 0., 1., 50., 88., 6., 5., 6., 0., 0., 0.,
       0., 8., 92., 30., 13., 1., 0., 0., 1., 26., 50., 22., 14., 1., 0.,
