%YAML:1.0
---
mat: !!opencv-matrix
   rows: 24
   cols: 128
   dt: f
   data: [ 15., 24., 19., 78., 89., 55., 15., 10., 118., 67., 13., 3.,
       5., 5., 8., 83., 61., 5., 0., 0., 43., 31., 4., 34., 45., 2., 0.,
       1., 16., 12., 6., 35., 11., 22., 29., 43., 53., 118., 94., 8.,
       118., 71., 9., 1., 1., 26., 73., 118., 72., 9., 0., 6., 56., 17.,
       4., 39., 37., 0., 0., 1., 13., 7., 9., 58., 3., 40., 36., 28.,
       118., 77., 27., 3., 118., 118., 20., 1., 2., 13., 39., 66., 87.,
       19., 1., 6., 30., 49., 8., 25., 56., 8., 0., 1., 5., 10., 7., 31.,
       7., 30., 51., 18., 85., 35., 16., 2., 118., 73., 19., 2., 5., 7.,
       16., 40., 73., 22., 41., 29., 21., 20., 4., 23., 55., 3., 2., 7.,
       8., 6., 2., 30., 56., 55., 60., 15., 29., 27., 19., 15., 116.,
       66., 7., 0., 4., 14., 4., 18., 31., 6., 0., 0., 24., 57., 9., 11.,
       62., 5., 0., 0., 1., 2., 4., 18., 39., 44., 9., 31., 43., 71.,
       116., 22., 116., 116., 6., 0., 3., 6., 37., 74., 55., 18., 0., 2.,
       42., 37., 5., 17., 52., 11., 0., 0., 3., 5., 4., 39., 1., 14.,
       50., 42., 83., 106., 78., 8., 97., 116., 77., 3., 3., 10., 48.,
       55., 110., 65., 2., 2., 15., 44., 18., 12., 53., 29., 0., 2., 7.,
       28., 7., 7., 0., 9., 49., 16., 85., 105., 12., 0., 69., 74., 36.,
       10., 21., 32., 30., 23., 116., 87., 52., 24., 7., 7., 3., 12.,
       58., 10., 20., 30., 13., 9., 1., 22., 30., 8., 0., 0., 0., 120.,
       69., 17., 122., 62., 0., 0., 0., 32., 27., 22., 86., 16., 0., 0.,
       0., 0., 10., 73., 1., 0., 0., 0., 0., 0., 8., 36., 53., 1., 0.,
       0., 0., 68., 69., 62., 86., 18., 0., 0., 0., 122., 108., 33.,
       122., 27., 0., 0., 0., 9., 17., 90., 21., 0., 0., 0., 0., 0., 18.,
       87., 122., 29., 0., 0., 0., 6., 10., 42., 41., 1., 0., 0., 0.,
       95., 122., 63., 61., 1., 0., 0., 0., 15., 95., 122., 11., 0., 0.,
       0., 1., 3., 17., 63., 122., 79., 0., 0., 4., 13., 6., 8., 119.,
       34., 0., 0., 0., 1., 15., 37., 14., 0., 0., 1., 0., 1., 24., 60.,
       0., 0., 0., 8., 12., 3., 7., 8., 1., 24., 17., 0., 0., 0., 0., 0.,
       4., 41., 53., 3., 0., 0., 0., 1., 3., 43., 35., 0., 0., 0., 1.,
       2., 1., 9., 23., 6., 0., 3., 3., 0., 0., 45., 72., 19., 0., 0.,
       0., 0., 11., 49., 125., 119., 0., 0., 0., 1., 61., 125., 105.,
       10., 0., 0., 0., 2., 4., 26., 64., 81., 5., 0., 0., 0., 0., 27.,
       72., 113., 0., 0., 0., 0., 116., 31., 66., 125., 0., 0., 0., 8.,
       125., 62., 54., 17., 0., 0., 0., 15., 4., 10., 68., 125., 8., 0.,
       0., 0., 11., 19., 34., 125., 3., 0., 0., 1., 125., 34., 24., 63.,
       1., 0., 0., 10., 67., 30., 99., 40., 0., 0., 0., 2., 12., 9., 51.,
       125., 3., 0., 0., 1., 120., 53., 3., 5., 7., 17., 26., 34., 122.,
       67., 0., 6., 14., 10., 4., 9., 25., 16., 21., 34., 35., 35., 15.,
       15., 59., 15., 5., 1., 0., 1., 3., 23., 39., 44., 32., 9., 17.,
       112., 39., 26., 122., 122., 21., 1., 6., 20., 11., 50., 50., 6.,
       1., 1., 36., 79., 30., 32., 50., 4., 1., 0., 1., 3., 9., 64., 23.,
       33., 65., 81., 26., 91., 30., 23., 122., 71., 5., 1., 1., 10.,
       19., 104., 82., 11., 1., 1., 19., 66., 26., 29., 39., 14., 4., 2.,
       10., 17., 10., 37., 38., 46., 30., 15., 7., 82., 101., 22., 109.,
       122., 6., 0., 0., 6., 43., 68., 77., 72., 1., 1., 16., 31., 6.,
       19., 33., 14., 4., 4., 24., 28., 7., 14., 13., 9., 22., 104., 4.,
       0., 0., 1., 2., 9., 31., 116., 25., 6., 3., 1., 116., 85., 19.,
       24., 8., 6., 4., 8., 92., 36., 1., 0., 0., 0., 0., 11., 13., 5.,
       17., 116., 56., 1., 0., 1., 98., 13., 16., 39., 15., 32., 46.,
       34., 104., 72., 1., 4., 13., 109., 75., 18., 95., 116., 1., 0.,
       2., 5., 1., 1., 33., 15., 20., 108., 28., 0., 0., 12., 116., 15.,
       3., 2., 3., 6., 7., 67., 53., 16., 1., 3., 87., 99., 13., 9., 39.,
       116., 3., 2., 44., 26., 0., 0., 50., 7., 6., 28., 8., 6., 12.,
       94., 110., 7., 1., 0., 0., 0., 1., 85., 14., 8., 3., 4., 53., 22.,
       0., 2., 24., 31., 1., 1., 63., 51., 10., 9., 38., 27., 21., 37.,
       120., 34., 3., 9., 140., 56., 10., 4., 9., 9., 5., 31., 39., 5.,
       1., 3., 29., 53., 53., 36., 32., 4., 1., 0., 0., 3., 22., 60.,
       36., 1., 0., 11., 130., 116., 22., 24., 140., 25., 0., 1., 2., 7.,
       11., 40., 76., 11., 12., 25., 24., 23., 25., 15., 44., 21., 10.,
       5., 2., 3., 10., 32., 8., 8., 25., 24., 93., 140., 5., 7., 140.,
       45., 2., 2., 11., 30., 9., 66., 98., 6., 1., 3., 23., 61., 19.,
       41., 39., 2., 1., 1., 2., 10., 12., 76., 25., 15., 84., 47., 23.,
       63., 20., 10., 140., 11., 5., 3., 4., 8., 8., 99., 72., 2., 0.,
       0., 10., 42., 17., 45., 24., 0., 0., 0., 3., 10., 10., 45., 2.,
       7., 1., 1., 15., 127., 46., 1., 7., 30., 31., 20., 15., 58., 102.,
       26., 23., 22., 11., 9., 5., 26., 58., 82., 75., 4., 0., 0., 4.,
       16., 8., 18., 0., 0., 0., 2., 41., 49., 22., 5., 21., 44., 41.,
       34., 132., 64., 17., 7., 132., 104., 25., 6., 23., 27., 20., 24.,
       60., 2., 0., 0., 10., 24., 28., 55., 2., 46., 22., 4., 27., 32.,
       10., 3., 32., 10., 3., 5., 132., 132., 9., 12., 132., 17., 1., 3.,
       23., 37., 17., 36., 57., 9., 3., 4., 5., 11., 25., 41., 4., 84.,
       28., 5., 7., 56., 73., 2., 10., 32., 55., 48., 68., 112., 19., 5.,
       132., 7., 5., 11., 18., 31., 11., 67., 46., 1., 0., 0., 1., 14.,
       27., 54., 3., 15., 23., 56., 15., 1., 1., 1., 9., 19., 16., 120.,
       128., 1., 1., 2., 85., 77., 7., 33., 35., 16., 54., 41., 14.,
       112., 49., 1., 11., 61., 25., 7., 5., 17., 36., 55., 32., 4., 2.,
       3., 20., 24., 17., 105., 128., 6., 1., 5., 128., 103., 8., 28.,
       40., 8., 3., 18., 46., 29., 7., 2., 16., 83., 15., 4., 22., 26.,
       20., 55., 47., 1., 0., 0., 30., 21., 26., 41., 128., 98., 19.,
       12., 128., 33., 8., 6., 18., 35., 26., 56., 43., 28., 15., 4., 0.,
       2., 1., 2., 6., 16., 16., 34., 57., 5., 1., 0., 6., 23., 93., 60.,
       14., 25., 23., 14., 33., 128., 61., 3., 7., 24., 17., 17., 16.,
       79., 18., 3., 0., 0., 0., 1., 3., 39., 37., 11., 3., 93., 104.,
       3., 17., 11., 39., 30., 7., 17., 119., 107., 47., 11., 4., 3.,
       29., 33., 26., 53., 77., 8., 1., 0., 1., 1., 2., 29., 4., 109.,
       61., 34., 55., 31., 39., 3., 52., 115., 15., 1., 23., 20., 72.,
       41., 46., 3., 0., 5., 96., 58., 15., 32., 75., 1., 0., 0., 1., 3.,
       8., 53., 56., 46., 21., 80., 119., 24., 5., 27., 119., 77., 10.,
       6., 20., 15., 4., 86., 53., 6., 1., 16., 75., 57., 35., 45., 57.,
       2., 0., 1., 1., 5., 22., 66., 60., 1., 0., 13., 85., 50., 19.,
       46., 119., 1., 0., 4., 4., 9., 8., 89., 20., 9., 12., 13., 9.,
       34., 49., 32., 13., 5., 1., 0., 2., 6., 26., 38., 14., 14., 27.,
       26., 4., 0., 0., 2., 9., 35., 65., 42., 13., 8., 6., 4., 12., 25.,
       10., 97., 73., 2., 6., 11., 23., 14., 13., 112., 87., 1., 0., 3.,
       3., 7., 18., 72., 31., 0., 0., 0., 70., 35., 25., 58., 40., 2.,
       3., 34., 30., 21., 6., 112., 112., 25., 2., 11., 63., 16., 12.,
       111., 69., 18., 7., 85., 8., 5., 6., 90., 49., 0., 0., 1., 112.,
       30., 31., 33., 22., 1., 0., 16., 18., 13., 54., 23., 110., 112.,
       4., 3., 96., 6., 3., 3., 24., 109., 31., 72., 6., 4., 3., 43.,
       62., 7., 2., 2., 26., 21., 78., 69., 23., 8., 14., 9., 2., 79.,
       112., 30., 7., 30., 41., 8., 22., 112., 24., 0., 3., 30., 25.,
       25., 5., 54., 25., 5., 3., 5., 9., 4., 6., 74., 67., 1., 0., 0.,
       7., 8., 12., 85., 20., 0., 1., 8., 15., 9., 20., 28., 3., 0., 0.,
       19., 66., 16., 18., 22., 20., 33., 38., 19., 7., 5., 118., 54.,
       31., 12., 17., 4., 23., 39., 26., 69., 46., 5., 0., 7., 68., 33.,
       58., 62., 15., 2., 1., 3., 11., 33., 20., 15., 56., 43., 25., 9.,
       30., 66., 107., 13., 27., 59., 32., 28., 24., 105., 15., 106.,
       118., 80., 15., 44., 34., 9., 14., 118., 102., 1., 1., 5., 12.,
