%YAML:1.0
---
mat: !!opencv-matrix
   rows: 54
   cols: 128
   dt: f
   data: [ 20., 30., 7., 2., 75., 55., 12., 18., 122., 47., 2., 3., 113.,
       119., 6., 6., 137., 33., 0., 0., 0., 2., 2., 45., 15., 0., 0., 0.,
       0., 0., 12., 35., 9., 2., 0., 0., 38., 54., 93., 51., 82., 10.,
       0., 0., 137., 137., 22., 21., 137., 34., 0., 0., 9., 12., 12.,
       73., 24., 0., 0., 0., 0., 0., 25., 45., 0., 0., 0., 0., 13., 34.,
       44., 13., 10., 0., 0., 0., 63., 137., 137., 48., 86., 1., 0., 0.,
       2., 14., 109., 137., 10., 0., 0., 0., 0., 0., 20., 46., 0., 0.,
       0., 0., 0., 2., 33., 17., 0., 0., 0., 0., 0., 9., 62., 13., 0.,
       0., 0., 0., 0., 0., 31., 20., 0., 0., 0., 0., 0., 0., 3., 3., 0.,
       0., 27., 113., 48., 0., 0., 0., 59., 77., 116., 77., 21., 0., 0.,
       7., 83., 87., 24., 0., 0., 0., 0., 4., 1., 12., 29., 0., 0., 0.,
       0., 0., 4., 2., 9., 127., 127., 0., 0., 0., 127., 29., 10., 54.,
       51., 0., 0., 39., 127., 42., 42., 3., 0., 0., 0., 22., 1., 27.,
       49., 0., 0., 0., 0., 0., 13., 2., 2., 95., 127., 3., 0., 3., 127.,
       24., 5., 24., 42., 2., 0., 30., 64., 38., 84., 40., 22., 8., 1.,
       4., 0., 80., 106., 2., 1., 1., 2., 0., 11., 0., 0., 10., 126.,
       20., 4., 13., 127., 0., 0., 2., 21., 11., 4., 77., 24., 2., 3.,
       8., 39., 35., 7., 9., 1., 15., 17., 6., 18., 14., 9., 1., 9., 9.,
       39., 74., 66., 22., 22., 6., 137., 46., 23., 16., 10., 3., 8.,
       16., 99., 4., 0., 1., 88., 5., 0., 2., 87., 1., 0., 0., 3., 0.,
       0., 4., 11., 9., 31., 61., 107., 54., 49., 11., 137., 43., 19.,
       6., 10., 5., 29., 49., 130., 3., 0., 0., 106., 18., 1., 11., 107.,
       0., 0., 0., 4., 1., 1., 13., 11., 6., 16., 45., 101., 98., 33.,
       8., 137., 38., 10., 5., 6., 14., 18., 61., 107., 5., 0., 0., 34.,
       46., 33., 38., 44., 0., 0., 0., 1., 4., 14., 40., 9., 1., 12.,
       39., 80., 67., 21., 14., 137., 24., 3., 7., 3., 7., 10., 83., 69.,
       4., 0., 0., 0., 6., 24., 27., 1., 0., 0., 0., 0., 2., 19., 8.,
       14., 7., 32., 4., 2., 7., 2., 5., 21., 17., 45., 5., 2., 9., 11.,
       7., 80., 50., 7., 1., 36., 10., 0., 1., 4., 1., 6., 38., 132.,
       65., 8., 2., 2., 5., 41., 17., 11., 5., 8., 1., 17., 30., 101.,
       31., 12., 18., 14., 5., 132., 93., 26., 5., 19., 9., 3., 14., 24.,
       4., 1., 26., 132., 94., 6., 1., 0., 0., 0., 2., 5., 16., 132.,
       21., 13., 3., 4., 7., 8., 127., 132., 34., 132., 7., 2., 1., 8.,
       24., 49., 125., 22., 0., 0., 13., 132., 115., 6., 10., 0., 0., 0.,
       0., 0., 4., 61., 8., 0., 0., 0., 0., 0., 48., 69., 9., 5., 0., 0.,
       1., 4., 11., 54., 50., 1., 0., 5., 42., 110., 47., 4., 5., 0.,
       30., 97., 34., 1., 1., 2., 1., 6., 28., 118., 33., 1., 1., 4., 1.,
       1., 34., 118., 16., 2., 2., 4., 0., 1., 10., 118., 36., 0., 0.,
       2., 1., 5., 34., 78., 52., 38., 75., 3., 1., 118., 43., 67., 50.,
       14., 21., 8., 22., 30., 26., 87., 27., 93., 64., 10., 11., 53.,
       18., 75., 38., 8., 9., 8., 13., 11., 6., 10., 20., 80., 118., 8.,
       6., 118., 19., 5., 11., 30., 71., 14., 33., 52., 7., 4., 38.,
       118., 50., 22., 10., 95., 7., 4., 3., 14., 22., 32., 26., 2., 2.,
       5., 6., 7., 46., 67., 27., 44., 0., 0., 0., 9., 61., 85., 71.,
       14., 0., 0., 2., 17., 91., 86., 25., 30., 3., 0., 1., 5., 29.,
       98., 34., 2., 2., 54., 47., 33., 18., 25., 13., 123., 50., 26.,
       21., 11., 3., 4., 20., 83., 9., 0., 2., 79., 3., 0., 6., 82., 0.,
       0., 0., 2., 0., 0., 3., 11., 10., 60., 85., 70., 23., 26., 5.,
       137., 41., 29., 19., 16., 5., 7., 22., 125., 2., 0., 4., 111., 2.,
       0., 7., 106., 0., 0., 0., 2., 0., 0., 7., 16., 10., 37., 71.,
       100., 54., 54., 15., 137., 35., 18., 7., 16., 4., 29., 59., 129.,
       2., 0., 0., 117., 7., 0., 11., 103., 0., 0., 0., 3., 0., 0., 13.,
       17., 9., 24., 43., 71., 58., 23., 7., 137., 32., 11., 3., 9., 8.,
       11., 35., 80., 2., 0., 0., 52., 31., 15., 27., 50., 0., 0., 0.,
       1., 2., 5., 27., 0., 0., 16., 9., 0., 0., 0., 0., 0., 0., 33.,
       27., 0., 0., 0., 0., 0., 14., 44., 11., 0., 0., 0., 0., 0., 5.,
       7., 4., 0., 0., 0., 0., 4., 36., 118., 48., 5., 0., 0., 0., 7.,
       22., 118., 118., 63., 10., 1., 1., 118., 118., 118., 40., 9., 3.,
       1., 9., 36., 25., 6., 1., 0., 0., 0., 1., 82., 62., 51., 32., 43.,
       17., 3., 7., 67., 31., 11., 28., 118., 82., 2., 9., 118., 75., 6.,
       10., 48., 26., 2., 23., 64., 24., 7., 13., 1., 0., 0., 2., 80.,
       34., 1., 1., 80., 41., 1., 4., 92., 38., 0., 2., 116., 68., 2.,
       7., 118., 106., 1., 5., 87., 57., 1., 0., 73., 60., 5., 23., 32.,
       7., 0., 0., 1., 23., 72., 35., 12., 18., 8., 4., 8., 73., 104.,
       19., 10., 9., 2., 1., 1., 56., 110., 30., 5., 6., 3., 0., 5., 29.,
       110., 27., 0., 1., 5., 1., 34., 8., 5., 9., 101., 56., 14., 24.,
       110., 36., 16., 10., 81., 62., 8., 14., 21., 38., 63., 40., 85.,
       110., 6., 6., 110., 29., 57., 39., 18., 18., 5., 23., 53., 14.,
       1., 17., 110., 25., 10., 13., 110., 31., 12., 18., 85., 26., 35.,
       20., 25., 12., 19., 28., 90., 110., 24., 16., 110., 5., 3., 10.,
       35., 67., 17., 43., 6., 0., 0., 0., 14., 38., 38., 14., 7., 2.,
       2., 1., 7., 30., 110., 16., 1., 1., 3., 1., 4., 39., 108., 21.,
       16., 0., 0., 0., 6., 42., 74., 46., 38., 21., 17., 77., 27., 2.,
       5., 49., 79., 92., 56., 47., 7., 0., 2., 1., 8., 87., 70., 2., 1.,
       1., 3., 1., 1., 45., 22., 0., 0., 1., 0., 0., 37., 10., 9., 112.,
       73., 21., 31., 22., 112., 31., 10., 31., 18., 13., 29., 49., 32.,
       44., 43., 66., 76., 18., 24., 32., 75., 86., 33., 17., 8., 0., 0.,
       42., 5., 1., 1., 11., 22., 112., 112., 13., 112., 31., 6., 35.,
       37., 78., 42., 25., 101., 11., 6., 101., 79., 6., 2., 84., 64.,
       3., 6., 47., 45., 1., 3., 100., 0., 24., 11., 0., 3., 49., 18.,
       0., 5., 4., 1., 4., 25., 112., 55., 6., 77., 17., 8., 10., 29.,
       83., 33., 23., 31., 12., 17., 42., 11., 3., 17., 22., 5., 0., 0.,
       3., 121., 16., 1., 2., 121., 5., 0., 2., 45., 9., 3., 29., 69.,
       2., 1., 35., 112., 10., 0., 3., 84., 1., 0., 12., 88., 16., 3.,
       11., 11., 5., 2., 98., 121., 5., 1., 3., 121., 23., 3., 20., 33.,
       5., 2., 32., 48., 2., 3., 81., 116., 12., 2., 4., 85., 6., 8.,
       31., 37., 17., 11., 9., 9., 2., 1., 57., 79., 64., 94., 13., 121.,
       11., 1., 7., 14., 10., 80., 95., 31., 1., 4., 22., 121., 77., 32.,
       14., 61., 8., 18., 26., 19., 25., 73., 54., 0., 0., 0., 0., 2.,
       24., 83., 3., 3., 0., 0., 0., 1., 5., 78., 38., 1., 0., 0., 0.,
       6., 51., 55., 8., 2., 0., 0., 0., 1., 13., 98., 29., 0., 3., 18.,
       83., 28., 0., 0., 0., 2., 89., 92., 45., 6., 4., 2., 1., 1., 66.,
       69., 1., 0., 22., 21., 1., 2., 23., 15., 0., 1., 64., 40., 1., 7.,
       6., 10., 111., 111., 14., 4., 1., 111., 71., 36., 51., 24., 9.,
       18., 47., 46., 60., 56., 44., 54., 11., 22., 31., 98., 65., 30.,
       7., 3., 4., 1., 10., 4., 0., 0., 24., 74., 111., 54., 2., 111.,
       42., 10., 27., 16., 107., 49., 23., 53., 38., 16., 104., 67., 14.,
       14., 10., 58., 107., 55., 5., 3., 1., 1., 7., 0., 0., 0., 0., 1.,
       54., 24., 0., 4., 3., 2., 4., 2., 111., 86., 3., 3., 5., 2., 10.,
       5., 111., 100., 2., 5., 16., 16., 7., 10., 52., 37., 3., 35., 52.,
       134., 15., 1., 0., 0., 1., 0., 62., 147., 0., 0., 0., 0., 0., 0.,
       37., 55., 1., 0., 0., 0., 0., 0., 1., 5., 0., 0., 0., 0., 0., 23.,
       40., 97., 30., 39., 46., 19., 3., 12., 147., 147., 14., 27., 10.,
       9., 1., 111., 147., 64., 2., 2., 0., 0., 1., 13., 13., 1., 0., 0.,
       0., 0., 0., 22., 1., 4., 23., 72., 31., 12., 3., 72., 14., 12.,
       44., 142., 12., 6., 8., 147., 43., 5., 4., 10., 0., 0., 39., 36.,
       3., 0., 0., 0., 0., 0., 2., 15., 9., 6., 29., 88., 4., 0., 0.,
       89., 5., 4., 47., 88., 3., 0., 6., 147., 16., 0., 2., 4., 0., 0.,
