%YAML:1.0
---
mat: !!opencv-matrix
   rows: 140
   cols: 128
   dt: f
   data: [ 0., 0., 0., 0., 0., 0., 0., 0., 0., 1., 6., 3., 0., 0., 0.,
       0., 5., 18., 12., 1., 0., 0., 0., 1., 5., 3., 0., 0., 0., 0., 4.,
       10., 0., 0., 0., 8., 17., 1., 0., 0., 7., 14., 70., 140., 112.,
       13., 0., 1., 140., 140., 101., 35., 9., 3., 0., 14., 70., 14., 0.,
       0., 0., 0., 6., 40., 0., 0., 0., 2., 15., 6., 0., 0., 19., 4., 6.,
       34., 140., 140., 5., 8., 140., 38., 7., 8., 31., 60., 9., 38.,
       139., 10., 0., 0., 0., 0., 7., 36., 0., 0., 0., 0., 0., 1., 0.,
       0., 1., 0., 0., 0., 57., 140., 5., 2., 140., 11., 0., 0., 32.,
       110., 19., 32., 140., 12., 0., 0., 0., 0., 1., 14., 67., 1., 0.,
       0., 71., 30., 9., 80., 48., 32., 3., 9., 157., 42., 2., 1., 157.,
       42., 1., 2., 6., 0., 0., 11., 42., 0., 0., 0., 3., 1., 0., 8.,
       36., 0., 0., 0., 98., 27., 3., 60., 69., 11., 0., 3., 157., 127.,
       6., 8., 157., 31., 0., 1., 17., 15., 6., 23., 52., 4., 0., 1., 2.,
       1., 0., 3., 3., 0., 0., 0., 34., 25., 1., 10., 12., 0., 0., 0.,
       94., 157., 89., 20., 152., 7., 0., 0., 3., 39., 103., 117., 33.,
       3., 0., 3., 1., 0., 1., 11., 0., 0., 0., 1., 6., 3., 0., 0., 0.,
       0., 0., 1., 5., 25., 25., 1., 1., 0., 0., 0., 3., 9., 36., 14.,
       1., 0., 0., 1., 2., 1., 1., 3., 1., 98., 142., 6., 0., 0., 0., 0.,
       62., 142., 104., 0., 0., 0., 0., 2., 62., 45., 6., 1., 2., 0., 0.,
       2., 0., 0., 0., 2., 2., 0., 0., 0., 31., 40., 52., 19., 12., 16.,
       5., 5., 142., 84., 18., 0., 0., 0., 1., 40., 142., 13., 0., 0.,
       3., 1., 0., 26., 1., 0., 0., 1., 5., 1., 0., 0., 21., 1., 1., 2.,
       7., 84., 142., 25., 142., 35., 0., 0., 0., 2., 80., 96., 142.,
       35., 0., 0., 3., 1., 1., 21., 1., 0., 0., 0., 5., 1., 0., 0., 0.,
       0., 0., 0., 3., 30., 142., 3., 36., 3., 0., 0., 1., 5., 115., 87.,
       46., 3., 0., 0., 2., 1., 3., 49., 1., 0., 0., 0., 4., 1., 0., 0.,
       0., 2., 18., 12., 3., 0., 0., 0., 2., 2., 7., 140., 89., 2., 0.,
       0., 131., 30., 17., 64., 31., 3., 2., 9., 39., 4., 0., 0., 0., 0.,
       0., 5., 0., 2., 40., 52., 19., 0., 0., 0., 26., 15., 14., 145.,
       145., 0., 0., 0., 145., 38., 13., 56., 16., 0., 0., 6., 30., 2.,
       0., 0., 0., 0., 0., 1., 0., 1., 21., 123., 67., 10., 1., 0., 81.,
       13., 8., 145., 145., 33., 27., 34., 145., 20., 4., 18., 4., 0.,
       6., 58., 7., 1., 0., 0., 0., 0., 0., 0., 0., 0., 3., 17., 42.,
       28., 3., 0., 16., 0., 0., 15., 40., 77., 102., 66., 46., 0., 0.,
       0., 0., 1., 26., 97., 0., 0., 0., 0., 0., 0., 0., 0., 0., 0., 0.,
       13., 21., 1., 0., 0., 17., 28., 76., 109., 66., 7., 0., 2., 142.,
       97., 52., 9., 1., 1., 0., 16., 22., 2., 0., 0., 0., 0., 11., 31.,
       0., 0., 0., 6., 35., 17., 0., 0., 66., 10., 14., 43., 151., 151.,
       7., 15., 151., 42., 8., 4., 9., 26., 6., 41., 61., 3., 0., 0., 0.,
       0., 13., 41., 0., 0., 0., 0., 2., 6., 0., 0., 15., 0., 0., 0.,
       88., 151., 11., 9., 151., 21., 0., 0., 22., 80., 17., 38., 114.,
       8., 0., 0., 0., 0., 4., 21., 0., 0., 0., 0., 0., 0., 0., 0., 0.,
       0., 0., 0., 37., 83., 2., 1., 112., 16., 4., 2., 33., 91., 18.,
       26., 87., 37., 8., 1., 0., 0., 1., 8., 0., 0., 3., 3., 0., 4.,
       30., 0., 0., 2., 21., 9., 0., 2., 33., 4., 4., 15., 14., 1., 0.,
       0., 36., 16., 2., 1., 0., 0., 0., 0., 37., 21., 3., 31., 121.,
       54., 3., 2., 4., 0., 8., 30., 121., 121., 32., 16., 2., 2., 121.,
       121., 78., 14., 3., 3., 3., 13., 41., 7., 0., 0., 0., 0., 20.,
       25., 119., 121., 94., 53., 8., 8., 3., 5., 99., 44., 13., 24.,
       42., 121., 29., 20., 121., 24., 7., 3., 7., 48., 22., 79., 83.,
       1., 0., 0., 0., 0., 12., 25., 121., 18., 1., 2., 4., 26., 46.,
       70., 121., 11., 0., 0., 31., 44., 8., 51., 121., 1., 0., 0., 20.,
       27., 7., 42., 61., 3., 0., 0., 0., 0., 1., 13., 0., 20., 137., 7.,
       0., 0., 0., 0., 5., 78., 76., 1., 0., 1., 1., 0., 5., 16., 2., 0.,
       0., 2., 3., 0., 0., 0., 0., 0., 0., 5., 3., 0., 35., 97., 137.,
       9., 0., 0., 0., 11., 137., 137., 85., 1., 0., 0., 0., 30., 64.,
       43., 41., 10., 0., 0., 0., 2., 1., 19., 35., 3., 0., 1., 1., 0.,
       137., 35., 16., 0., 0., 0., 0., 137., 137., 15., 5., 4., 3., 1.,
       1., 137., 36., 18., 57., 40., 10., 3., 1., 8., 49., 36., 30., 5.,
       1., 1., 0., 6., 137., 0., 0., 0., 0., 0., 0., 137., 77., 0., 0.,
       1., 11., 9., 3., 93., 9., 0., 1., 5., 21., 25., 5., 10., 63., 1.,
       0., 0., 1., 3., 2., 29., 3., 1., 1., 4., 8., 58., 57., 9., 139.,
       5., 1., 0., 0., 3., 24., 100., 139., 20., 0., 0., 0., 0., 0.,
       107., 27., 3., 0., 0., 2., 0., 0., 19., 0., 0., 0., 0., 0., 128.,
       139., 4., 115., 13., 0., 0., 0., 54., 139., 71., 139., 64., 0.,
       0., 0., 1., 12., 54., 51., 9., 0., 1., 3., 0., 0., 4., 0., 1., 4.,
       6., 2., 70., 133., 0., 12., 6., 2., 1., 0., 72., 139., 50., 76.,
       2., 0., 0., 0., 1., 83., 139., 21., 0., 0., 1., 4., 0., 1., 17.,
       0., 3., 10., 20., 5., 5., 8., 0., 31., 35., 6., 3., 1., 2., 19.,
       16., 27., 13., 0., 0., 0., 0., 11., 18., 0., 0., 0., 2., 4., 0.,
       0., 1., 0., 5., 16., 5., 0., 0., 4., 1., 0., 3., 42., 12., 0., 1.,
       4., 0., 1., 16., 21., 0., 0., 1., 4., 1., 0., 1., 2., 1., 0., 1.,
       3., 0., 0., 54., 146., 43., 0., 0., 0., 0., 9., 46., 146., 106.,
       0., 0., 0., 0., 74., 146., 82., 5., 0., 0., 0., 0., 8., 20., 31.,
       28., 0., 0., 0., 0., 11., 74., 146., 18., 1., 0., 0., 0., 146.,
       73., 146., 33., 0., 0., 0., 24., 146., 60., 13., 5., 2., 1., 0.,
       50., 19., 14., 17., 36., 10., 6., 1., 2., 45., 15., 15., 2., 3.,
       5., 6., 24., 146., 12., 2., 0., 0., 0., 0., 78., 146., 1., 0., 0.,
       2., 4., 1., 49., 9., 0., 0., 1., 6., 24., 7., 5., 5., 21., 42.,
       31., 31., 39., 2., 1., 13., 40., 27., 25., 16., 25., 23., 4., 72.,
       120., 4., 0., 1., 10., 7., 1., 43., 60., 0., 0., 0., 0., 0., 0.,
       16., 17., 3., 1., 120., 117., 2., 3., 118., 46., 3., 1., 23., 59.,
       37., 23., 44., 99., 3., 1., 25., 120., 27., 10., 104., 120., 0.,
       0., 1., 11., 6., 9., 23., 2., 0., 0., 120., 120., 8., 8., 120.,
       16., 0., 0., 43., 65., 27., 84., 64., 4., 0., 0., 7., 120., 71.,
       35., 60., 21., 0., 0., 0., 37., 81., 69., 3., 0., 0., 0., 32.,
       60., 25., 8., 25., 0., 0., 0., 7., 31., 69., 98., 13., 0., 0., 0.,
       1., 15., 16., 28., 0., 0., 0., 0., 1., 11., 22., 7., 0., 2., 18.,
       57., 32., 0., 0., 0., 41., 93., 59., 37., 9., 0., 0., 0., 29.,
       27., 14., 5., 0., 0., 0., 1., 1., 9., 18., 1., 0., 0., 0., 0., 5.,
       2., 4., 95., 119., 1., 0., 2., 119., 54., 20., 53., 55., 1., 0.,
       22., 71., 30., 96., 119., 2., 0., 0., 4., 53., 80., 86., 23., 0.,
       0., 0., 16., 8., 2., 0., 81., 119., 1., 0., 2., 117., 48., 19.,
       55., 49., 2., 0., 15., 63., 13., 29., 119., 39., 3., 1., 76.,
       119., 15., 14., 18., 0., 0., 0., 119., 2., 2., 0., 37., 55., 44.,
       31., 2., 24., 19., 4., 14., 33., 24., 23., 20., 96., 3., 3., 14.,
       22., 4., 2., 109., 53., 2., 12., 95., 8., 0., 0., 56., 7., 3.,
       96., 32., 13., 91., 87., 18., 145., 46., 24., 11., 2., 13., 21.,
       38., 101., 11., 0., 0., 0., 0., 3., 8., 0., 0., 0., 0., 0., 0.,
       9., 1., 19., 24., 145., 31., 15., 31., 21., 3., 145., 63., 44.,
       11., 1., 2., 0., 30., 145., 16., 4., 0., 0., 0., 0., 7., 1., 1.,
       12., 1., 0., 0., 1., 0., 18., 4., 9., 46., 25., 21., 145., 55.,
       145., 22., 0., 2., 1., 1., 67., 96., 126., 29., 12., 2., 0., 0.,
       0., 8., 0., 1., 29., 4., 0., 0., 0., 0., 0., 0., 0., 1., 0., 4.,
       145., 34., 35., 1., 0., 0., 0., 4., 119., 69., 29., 8., 8., 1.,
       0., 0., 2., 17., 0., 0., 16., 3., 0., 0., 0., 0., 0., 7., 134.,
       70., 0., 0., 1., 0., 21., 101., 114., 28., 0., 0., 0., 0., 9.,
       37., 37., 25., 1., 0., 0., 0., 7., 14., 19., 11., 4., 4., 1., 0.,
