%YAML:1.0
---
mat: !!opencv-matrix
   rows: 119
   cols: 128
   dt: f
   data: [ 88., 104., 0., 0., 0., 1., 0., 1., 83., 128., 5., 1., 96.,
       84., 2., 2., 1., 2., 0., 0., 122., 128., 1., 0., 0., 0., 0., 0.,
       3., 6., 0., 0., 70., 32., 0., 0., 0., 0., 1., 4., 128., 107., 11.,
       9., 24., 38., 16., 61., 16., 9., 12., 52., 128., 128., 18., 18.,
       0., 0., 0., 6., 44., 26., 0., 0., 33., 17., 0., 0., 0., 4., 3.,
       3., 124., 128., 122., 33., 4., 2., 1., 12., 7., 22., 126., 128.,
       81., 13., 2., 3., 0., 0., 1., 27., 27., 2., 0., 0., 1., 2., 0.,
       0., 1., 27., 4., 0., 1., 14., 24., 4., 1., 3., 0., 0., 0., 1.,
       21., 15., 0., 0., 0., 0., 0., 0., 0., 1., 0., 0., 0., 0., 1., 0.,
       5., 1., 0., 0., 0., 2., 1., 0., 7., 5., 1., 4., 29., 17., 0., 0.,
       1., 3., 2., 21., 32., 2., 0., 0., 0., 0., 2., 3., 8., 0., 27., 1.,
       0., 0., 0., 0., 0., 11., 140., 18., 3., 2., 2., 27., 108., 140.,
       11., 6., 6., 8., 15., 140., 140., 34., 1., 1., 2., 0., 1., 37.,
       140., 12., 30., 12., 0., 0., 0., 0., 0., 1., 140., 140., 100., 9.,
       2., 6., 7., 29., 15., 64., 140., 60., 22., 57., 43., 10., 2., 49.,
       140., 7., 1., 13., 109., 15., 1., 3., 0., 0., 0., 0., 0., 0., 2.,
       31., 40., 1., 0., 0., 0., 0., 0., 10., 109., 7., 0., 0., 0., 0.,
       0., 13., 104., 1., 0., 0., 0., 0., 53., 62., 0., 7., 47., 7., 1.,
       2., 159., 159., 1., 0., 8., 8., 0., 10., 85., 47., 1., 0., 64.,
       43., 2., 9., 93., 6., 0., 0., 3., 3., 1., 7., 35., 5., 1., 9.,
       10., 2., 6., 18., 159., 56., 0., 0., 4., 2., 1., 156., 150., 15.,
       0., 0., 100., 33., 3., 61., 131., 10., 1., 0., 10., 3., 0., 14.,
       38., 5., 0., 0., 0., 0., 7., 9., 159., 109., 0., 0., 4., 1., 0.,
       26., 113., 42., 1., 0., 88., 24., 0., 10., 49., 39., 11., 0., 9.,
       5., 0., 2., 3., 1., 0., 0., 0., 0., 1., 1., 37., 15., 0., 0., 0.,
       0., 0., 0., 11., 5., 0., 0., 4., 1., 0., 0., 0., 1., 0., 0., 1.,
       0., 0., 0., 0., 0., 0., 0., 0., 2., 4., 2., 33., 0., 0., 0., 0.,
       0., 2., 116., 86., 0., 0., 0., 0., 0., 0., 158., 23., 0., 0., 2.,
       10., 1., 1., 77., 15., 0., 0., 0., 1., 1., 2., 7., 158., 5., 0.,
       0., 0., 0., 0., 158., 120., 2., 0., 0., 0., 0., 0., 158., 2., 0.,
       0., 6., 25., 1., 1., 10., 23., 2., 0., 0., 0., 2., 3., 2., 158.,
       73., 0., 0., 0., 0., 0., 20., 158., 33., 0., 0., 1., 0., 0., 11.,
       1., 0., 0., 18., 42., 0., 0., 0., 8., 1., 0., 0., 0., 1., 2., 1.,
       158., 54., 0., 0., 0., 0., 0., 1., 158., 39., 0., 0., 2., 0., 0.,
       0., 1., 0., 0., 12., 55., 1., 0., 0., 138., 153., 1., 0., 11.,
       10., 0., 4., 78., 35., 1., 0., 67., 50., 2., 6., 133., 12., 0.,
       0., 3., 3., 1., 7., 1., 0., 0., 0., 0., 0., 0., 0., 153., 63., 0.,
       0., 4., 3., 1., 131., 132., 13., 0., 0., 104., 42., 4., 49., 153.,
       11., 0., 0., 12., 5., 0., 15., 5., 1., 0., 0., 0., 0., 0., 1.,
       153., 106., 0., 0., 5., 1., 0., 37., 105., 37., 1., 0., 113., 37.,
       0., 14., 98., 62., 15., 0., 15., 8., 0., 4., 3., 6., 5., 0., 0.,
       0., 0., 0., 80., 39., 0., 0., 0., 0., 0., 0., 22., 13., 0., 0.,
       13., 5., 0., 0., 1., 7., 2., 0., 3., 1., 0., 0., 0., 0., 1., 0.,
       0., 0., 0., 0., 1., 1., 0., 0., 1., 3., 4., 21., 0., 0., 0., 1.,
       1., 9., 76., 54., 49., 1., 1., 1., 1., 8., 69., 118., 66., 0., 1.,
       14., 10., 3., 48., 118., 67., 2., 0., 0., 1., 4., 7., 94., 31.,
       5., 14., 44., 52., 44., 56., 115., 118., 46., 33., 32., 8., 13.,
       33., 72., 62., 19., 44., 118., 22., 2., 5., 38., 110., 76., 4.,
       0., 1., 5., 1., 14., 58., 102., 70., 21., 41., 118., 29., 18.,
       57., 14., 62., 118., 10., 38., 38., 34., 9., 7., 60., 118., 4.,
       1., 0., 0., 4., 30., 5., 0., 2., 5., 0., 0., 2., 65., 109., 16.,
       3., 4., 0., 0., 0., 1., 64., 87., 3., 4., 1., 0., 0., 0., 2., 25.,
       2., 3., 3., 1., 3., 0., 0., 0., 0., 12., 116., 24., 1., 1., 1.,
       1., 2., 21., 116., 9., 3., 1., 1., 0., 1., 43., 102., 5., 5., 1.,
       0., 0., 2., 23., 7., 1., 2., 4., 42., 66., 25., 27., 116., 35.,
       12., 20., 30., 116., 54., 48., 112., 7., 91., 48., 17., 15., 40.,
       105., 82., 21., 6., 0., 0., 7., 93., 94., 8., 1., 2., 33., 116.,
       116., 8., 1., 1., 1., 20., 73., 71., 64., 25., 21., 47., 24., 92.,
       25., 80., 98., 40., 9., 22., 49., 6., 1., 7., 91., 96., 8., 0.,
       1., 9., 22., 28., 14., 0., 0., 0., 1., 6., 60., 71., 1., 0., 0.,
       1., 1., 2., 8., 104., 42., 1., 0., 1., 1., 7., 1., 7., 24., 2.,
       0., 0., 0., 24., 2., 5., 137., 36., 3., 1., 2., 144., 8., 5., 16.,
       41., 13., 1., 36., 34., 0., 0., 18., 144., 61., 17., 35., 3., 0.,
       0., 81., 65., 1., 3., 18., 59., 4., 4., 52., 3., 0., 0., 5., 144.,
       51., 9., 10., 24., 21., 3., 50., 34., 11., 8., 128., 144., 64.,
       6., 11., 0., 0., 0., 76., 71., 1., 1., 1., 22., 15., 0., 0., 0.,
       0., 0., 1., 107., 144., 93., 24., 7., 0., 0., 2., 7., 42., 104.,
       144., 113., 1., 0., 0., 0., 0., 0., 22., 25., 0., 0., 1., 1., 1.,
       0., 0., 2., 2., 0., 1., 1., 17., 17., 1., 0., 0., 0., 1., 1., 6.,
       26., 13., 1., 0., 0., 0., 1., 0., 0., 2., 1., 0., 0., 0., 0., 0.,
       0., 0., 1., 1., 1., 2., 0., 0., 0., 0., 1., 3., 28., 9., 0., 0.,
       0., 0., 2., 13., 19., 0., 4., 9., 2., 0., 1., 1., 0., 0., 30., 2.,
       0., 0., 1., 0., 1., 13., 136., 5., 0., 0., 3., 33., 135., 129.,
       11., 2., 0., 0., 79., 136., 119., 20., 6., 0., 0., 0., 23., 25.,
       1., 12., 63., 2., 0., 0., 1., 0., 0., 4., 136., 81., 10., 2., 8.,
       11., 10., 32., 31., 65., 13., 6., 136., 136., 11., 7., 41., 0.,
       0., 0., 93., 54., 1., 42., 58., 0., 0., 0., 0., 0., 0., 7., 136.,
       53., 16., 21., 11., 0., 0., 12., 64., 118., 13., 11., 115., 61.,
       0., 0., 29., 3., 2., 4., 83., 73., 9., 41., 14., 3., 6., 2., 0.,
       0., 0., 2., 114., 5., 10., 4., 2., 5., 11., 68., 18., 19., 55.,
       19., 32., 48., 44., 30., 1., 3., 5., 15., 78., 36., 3., 0., 34.,
       9., 15., 2., 0., 0., 0., 1., 154., 12., 3., 2., 5., 30., 24., 65.,
       31., 10., 11., 39., 115., 126., 42., 22., 1., 2., 8., 68., 73.,
       6., 0., 0., 49., 7., 7., 3., 1., 0., 0., 2., 154., 28., 1., 4.,
       9., 5., 2., 17., 64., 13., 1., 76., 154., 77., 3., 5., 0., 1., 6.,
       37., 110., 23., 0., 0., 46., 7., 5., 1., 5., 9., 0., 2., 154.,
       18., 1., 7., 21., 0., 0., 17., 39., 6., 2., 118., 154., 1., 0.,
       3., 0., 1., 7., 42., 42., 0., 0., 0., 1., 22., 22., 0., 0., 0.,
       1., 2., 89., 111., 47., 0., 0., 0., 0., 1., 190., 98., 8., 0., 0.,
       0., 0., 2., 33., 3., 0., 0., 5., 8., 0., 2., 0., 0., 0., 0., 0.,
       0., 1., 3., 167., 12., 0., 0., 0., 0., 0., 3., 190., 27., 0., 0.,
       0., 0., 0., 4., 53., 3., 0., 0., 1., 2., 1., 2., 2., 1., 1., 1.,
       0., 0., 0., 2., 164., 2., 0., 0., 0., 0., 0., 14., 190., 5., 0.,
       0., 0., 0., 0., 33., 55., 1., 0., 0., 0., 0., 1., 6., 1., 0., 0.,
       0., 0., 0., 1., 5., 127., 11., 0., 0., 0., 0., 0., 4., 190., 41.,
       0., 0., 0., 0., 0., 6., 42., 7., 0., 0., 0., 0., 0., 2., 1., 0.,
       0., 0., 0., 2., 50., 21., 1., 0., 0., 0., 0., 22., 48., 9., 2.,
       0., 0., 0., 0., 2., 59., 36., 1., 0., 0., 0., 1., 14., 77., 21.,
       80., 12., 0., 0., 3., 19., 112., 102., 28., 2., 0., 1., 91., 120.,
       103., 33., 120., 14., 3., 0., 16., 18., 111., 120., 8., 5., 9.,
       6., 45., 56., 120., 53., 120., 61., 21., 10., 8., 5., 4., 17.,
       36., 25., 28., 83., 120., 43., 7., 6., 120., 120., 34., 6., 43.,
       8., 10., 18., 9., 43., 110., 48., 46., 8., 10., 6., 28., 23., 29.,
       13., 7., 13., 21., 14., 11., 11., 49., 46., 25., 9., 16., 21.,
       14., 22., 22., 8., 13., 43., 45., 24., 29., 29., 45., 9., 5., 11.,
       7., 13., 11., 10., 9., 13., 14., 29., 47., 18., 12., 32., 25.,
       12., 21., 43., 32., 7., 18., 19., 33., 37., 12., 10., 37., 29.,
       22., 22., 15., 8., 12., 17., 40., 18., 63., 15., 35., 9., 10.,
