%YAML:1.0
---
mat: !!opencv-matrix
   rows: 111
   cols: 128
   dt: f
   data: [ 22., 0., 0., 0., 0., 0., 0., 4., 56., 1., 0., 0., 0., 0., 0.,
       8., 88., 1., 0., 0., 0., 0., 0., 10., 5., 0., 0., 0., 0., 0., 0.,
       1., 51., 1., 0., 0., 0., 0., 0., 16., 194., 14., 0., 0., 0., 0.,
       0., 13., 194., 38., 0., 0., 0., 0., 0., 14., 53., 2., 0., 0., 0.,
       0., 1., 2., 45., 0., 0., 0., 0., 0., 0., 30., 194., 2., 0., 0.,
       0., 0., 0., 29., 194., 7., 0., 0., 0., 0., 0., 58., 60., 1., 0.,
       0., 0., 0., 0., 5., 21., 0., 0., 0., 0., 0., 0., 22., 173., 0.,
       0., 0., 0., 0., 0., 71., 194., 0., 0., 0., 0., 0., 0., 87., 31.,
       0., 0., 0., 0., 0., 0., 6., 22., 0., 0., 0., 0., 0., 0., 2., 37.,
       0., 0., 0., 0., 0., 0., 4., 53., 1., 0., 0., 0., 0., 0., 4., 4.,
       0., 0., 0., 0., 0., 0., 0., 69., 4., 0., 0., 0., 0., 0., 9., 184.,
       9., 0., 0., 0., 0., 0., 14., 184., 31., 0., 0., 0., 0., 0., 9.,
       66., 3., 0., 0., 0., 0., 0., 2., 76., 1., 0., 0., 0., 0., 0., 26.,
       184., 2., 0., 0., 0., 0., 0., 29., 184., 7., 0., 0., 0., 0., 0.,
       36., 85., 1., 0., 0., 0., 0., 0., 5., 47., 0., 0., 0., 0., 0., 0.,
       40., 111., 0., 0., 0., 0., 0., 0., 144., 184., 0., 0., 0., 0., 0.,
       0., 152., 42., 0., 0., 0., 0., 0., 0., 11., 0., 0., 12., 6., 1.,
       0., 0., 2., 1., 0., 9., 6., 0., 2., 36., 25., 0., 0., 1., 1., 0.,
       23., 54., 4., 0., 0., 0., 0., 0., 3., 23., 1., 26., 1., 0., 1.,
       1., 0., 0., 10., 152., 30., 5., 1., 2., 23., 107., 152., 19., 11.,
       16., 11., 14., 152., 152., 48., 0., 1., 12., 3., 1., 30., 152.,
       16., 24., 9., 0., 0., 1., 0., 0., 1., 152., 152., 86., 5., 2., 4.,
       4., 21., 18., 66., 152., 59., 16., 47., 36., 9., 0., 13., 152.,
       14., 1., 9., 72., 5., 0., 1., 0., 0., 0., 0., 0., 0., 2., 22.,
       14., 0., 0., 0., 0., 0., 0., 6., 47., 3., 0., 0., 0., 0., 0., 2.,
       32., 0., 0., 0., 0., 0., 97., 123., 0., 0., 0., 2., 1., 1., 75.,
       102., 0., 0., 81., 115., 3., 2., 1., 1., 0., 0., 67., 96., 0., 0.,
       0., 0., 0., 0., 0., 0., 0., 0., 89., 52., 0., 0., 0., 0., 0., 2.,
       131., 116., 14., 13., 33., 63., 12., 60., 12., 6., 11., 60., 131.,
       131., 10., 14., 0., 0., 0., 6., 22., 5., 0., 0., 39., 30., 1., 0.,
       0., 6., 1., 1., 123., 131., 131., 52., 7., 3., 1., 13., 5., 15.,
       117., 131., 88., 11., 1., 3., 0., 0., 1., 21., 15., 0., 0., 0.,
       0., 3., 0., 0., 3., 46., 2., 0., 0., 15., 27., 5., 0., 4., 1., 0.,
       0., 1., 18., 14., 0., 0., 1., 0., 0., 0., 0., 1., 0., 0., 0., 0.,
       0., 0., 0., 0., 0., 0., 0., 1., 0., 0., 1., 0., 0., 1., 24., 9.,
       0., 1., 1., 0., 0., 10., 27., 1., 14., 8., 1., 0., 0., 2., 1., 0.,
       14., 0., 0., 0., 0., 0., 1., 23., 87., 6., 1., 4., 5., 20., 152.,
       152., 5., 1., 1., 22., 110., 152., 152., 32., 8., 7., 0., 2., 37.,
       25., 1., 0., 42., 5., 0., 0., 0., 0., 0., 6., 152., 72., 14., 42.,
       33., 9., 17., 63., 19., 13., 13., 152., 152., 49., 19., 11., 1.,
       1., 0., 21., 57., 4., 0., 0., 23., 1., 0., 0., 0., 0., 0., 1.,
       152., 21., 1., 6., 55., 7., 0., 6., 20., 4., 1., 23., 152., 29.,
       0., 1., 0., 0., 0., 3., 30., 3., 0., 0., 40., 13., 0., 0., 0., 0.,
       0., 0., 143., 64., 0., 0., 0., 0., 0., 0., 143., 89., 0., 0., 0.,
       0., 0., 0., 8., 3., 0., 0., 0., 0., 1., 0., 74., 13., 0., 0., 0.,
       0., 0., 3., 143., 29., 0., 0., 0., 0., 0., 15., 143., 73., 0., 0.,
       0., 0., 0., 21., 29., 4., 0., 0., 0., 0., 0., 1., 92., 1., 0., 0.,
       0., 0., 0., 12., 140., 1., 0., 0., 0., 0., 0., 143., 143., 4., 0.,
       0., 0., 0., 0., 143., 18., 0., 0., 0., 0., 0., 0., 7., 96., 3.,
       0., 0., 0., 0., 0., 16., 143., 45., 0., 0., 0., 0., 0., 143., 67.,
       22., 0., 0., 0., 0., 0., 82., 1., 0., 1., 0., 0., 0., 0., 1., 27.,
       35., 0., 0., 0., 0., 0., 0., 117., 144., 0., 0., 0., 0., 0., 0.,
       64., 109., 0., 0., 0., 0., 0., 0., 1., 2., 0., 0., 0., 0., 0., 0.,
       44., 44., 0., 0., 0., 0., 0., 0., 144., 144., 0., 0., 0., 0., 0.,
       2., 144., 144., 0., 0., 0., 0., 0., 5., 18., 8., 0., 0., 0., 0.,
       0., 0., 63., 34., 0., 0., 0., 0., 0., 0., 144., 20., 0., 0., 0.,
       0., 0., 49., 144., 22., 0., 0., 0., 0., 0., 108., 26., 1., 0., 0.,
       0., 0., 0., 5., 49., 18., 0., 0., 1., 1., 0., 0., 144., 47., 0.,
       0., 0., 0., 0., 34., 144., 94., 6., 0., 0., 0., 0., 54., 5., 15.,
       4., 0., 0., 0., 0., 2., 0., 0., 5., 9., 0., 0., 0., 0., 0., 0.,
       51., 23., 0., 0., 0., 0., 1., 20., 59., 5., 0., 0., 0., 0., 3.,
       11., 3., 0., 0., 0., 0., 0., 0., 4., 9., 47., 41., 13., 0., 0.,
       4., 10., 135., 135., 64., 34., 0., 0., 126., 116., 127., 22., 6.,
       4., 0., 7., 63., 26., 2., 0., 0., 0., 0., 5., 21., 61., 0., 3.,
       30., 49., 1., 0., 13., 4., 5., 16., 135., 135., 2., 2., 135., 35.,
       5., 4., 43., 25., 2., 17., 99., 7., 0., 0., 0., 0., 0., 7., 61.,
       135., 1., 1., 9., 4., 0., 0., 6., 21., 1., 3., 135., 35., 0., 0.,
       135., 57., 1., 2., 94., 8., 0., 0., 95., 20., 0., 0., 0., 0., 0.,
       0., 0., 0., 0., 9., 8., 0., 0., 0., 1., 0., 0., 108., 126., 1.,
       0., 1., 119., 0., 0., 51., 106., 2., 0., 111., 76., 0., 0., 0.,
       84., 38., 3., 73., 0., 0., 0., 48., 44., 3., 0., 0., 17., 5., 0.,
       126., 126., 19., 6., 5., 126., 22., 0., 33., 33., 4., 5., 78.,
       78., 12., 0., 0., 81., 20., 0., 24., 0., 0., 0., 10., 47., 43.,
       5., 0., 7., 1., 0., 27., 79., 126., 126., 12., 126., 16., 0., 2.,
       4., 23., 126., 97., 58., 12., 0., 0., 39., 14., 4., 26., 0., 0.,
       0., 0., 1., 9., 3., 0., 0., 0., 0., 0., 0., 27., 50., 0., 1., 0.,
       0., 0., 0., 8., 71., 18., 3., 0., 0., 0., 4., 7., 8., 14., 22.,
       6., 1., 3., 84., 94., 12., 26., 45., 132., 22., 13., 81., 55., 0.,
       0., 137., 49., 20., 17., 6., 0., 0., 3., 56., 0., 0., 0., 0., 0.,
       0., 2., 43., 0., 0., 0., 89., 80., 2., 32., 28., 56., 18., 5.,
       137., 137., 10., 7., 137., 76., 13., 2., 7., 11., 9., 26., 73.,
       3., 0., 0., 0., 0., 0., 1., 13., 0., 0., 0., 22., 30., 1., 15.,
       9., 2., 0., 0., 76., 137., 116., 20., 137., 6., 0., 0., 3., 33.,
       133., 137., 37., 2., 0., 0., 0., 0., 1., 17., 1., 2., 0., 0., 0.,
       2., 0., 1., 0., 0., 0., 0., 0., 14., 24., 1., 0., 0., 0., 0., 0.,
       2., 32., 13., 0., 0., 0., 0., 0., 0., 1., 3., 0., 0., 0., 3., 1.,
       0., 0., 0., 0., 5., 31., 18., 1., 0., 0., 0., 0., 20., 23., 1.,
       0., 0., 0., 0., 0., 2., 0., 0., 0., 0., 0., 0., 0., 0., 0., 29.,
       29., 0., 0., 0., 8., 40., 104., 145., 107., 1., 0., 1., 115.,
       145., 95., 24., 6., 0., 0., 2., 25., 16., 1., 1., 0., 0., 0., 0.,
       0., 0., 0., 84., 85., 1., 1., 0., 36., 9., 8., 135., 145., 59.,
       7., 10., 145., 44., 8., 10., 18., 18., 3., 37., 64., 4., 3., 54.,
       4., 0., 0., 3., 2., 0., 0., 84., 70., 3., 6., 15., 30., 0., 0.,
       17., 131., 70., 23., 27., 145., 9., 5., 13., 36., 14., 1., 30.,
       28., 4., 5., 120., 36., 3., 1., 2., 70., 42., 1., 0., 0., 0., 0.,
       6., 109., 136., 111., 21., 10., 17., 7., 28., 2., 9., 78., 115.,
       70., 67., 7., 3., 0., 0., 1., 9., 5., 5., 0., 0., 33., 15., 1.,
       0., 1., 0., 0., 7., 136., 49., 37., 5., 5., 13., 44., 136., 12.,
       3., 25., 34., 102., 135., 72., 44., 0., 0., 0., 3., 14., 12., 0.,
       0., 61., 2., 0., 0., 0., 0., 0., 4., 136., 57., 6., 13., 15., 4.,
       4., 46., 35., 20., 7., 61., 136., 27., 6., 12., 0., 0., 0., 3.,
       34., 2., 0., 0., 44., 4., 0., 0., 0., 0., 0., 3., 136., 43., 4.,
       7., 8., 3., 2., 25., 21., 11., 6., 51., 136., 19., 3., 5., 0., 0.,
       0., 6., 24., 2., 0., 0., 44., 7., 0., 0., 0., 0., 0., 7., 132.,
       31., 5., 7., 38., 22., 7., 35., 3., 1., 1., 10., 132., 62., 3.,
       2., 0., 0., 0., 0., 24., 5., 0., 0., 44., 6., 0., 0., 0., 0., 0.,
       2., 132., 38., 5., 11., 41., 28., 9., 37., 12., 4., 4., 35., 132.,
