%YAML:1.0
---
mat: !!opencv-matrix
   rows: 35
   cols: 128
   dt: f
   data: [ 15., 19., 6., 34., 3., 0., 0., 0., 13., 15., 2., 108., 128.,
       1., 1., 1., 128., 15., 7., 43., 68., 2., 3., 29., 95., 10., 4.,
       14., 15., 0., 0., 6., 10., 56., 37., 27., 6., 0., 0., 0., 17.,
       20., 20., 128., 128., 4., 1., 3., 128., 54., 16., 47., 29., 2.,
       2., 14., 75., 28., 21., 14., 17., 0., 0., 1., 1., 127., 104., 15.,
       5., 0., 0., 0., 13., 24., 73., 68., 100., 34., 19., 18., 128.,
       63., 43., 6., 11., 12., 18., 54., 21., 56., 102., 2., 1., 0., 0.,
       0., 1., 38., 31., 0., 0., 0., 0., 0., 0., 25., 73., 2., 1., 2.,
       2., 1., 5., 49., 104., 0., 0., 1., 2., 3., 0., 46., 128., 0., 0.,
       0., 0., 0., 0., 0., 0., 0., 0., 0., 47., 16., 1., 1., 2., 2., 1.,
       1., 72., 26., 5., 3., 1., 0., 0., 5., 124., 33., 0., 0., 0., 0.,
       0., 28., 128., 2., 0., 0., 0., 0., 7., 21., 128., 49., 18., 22.,
       24., 34., 98., 67., 73., 19., 128., 51., 17., 8., 8., 8., 57.,
       53., 14., 0., 0., 0., 0., 26., 109., 24., 7., 2., 0., 0., 9., 33.,
       68., 28., 20., 4., 2., 4., 128., 128., 24., 16., 128., 26., 2.,
       2., 22., 42., 14., 54., 60., 3., 0., 0., 3., 43., 17., 25., 36.,
       11., 0., 0., 2., 8., 9., 14., 10., 3., 1., 1., 126., 128., 6., 4.,
       128., 40., 2., 2., 67., 50., 7., 11., 94., 12., 0., 0., 4., 27.,
       6., 8., 8., 0., 0., 0., 78., 5., 0., 3., 115., 1., 0., 4., 84.,
       7., 0., 11., 90., 2., 0., 18., 115., 7., 1., 15., 113., 3., 0.,
       0., 4., 0., 0., 14., 10., 3., 0., 8., 97., 1., 0., 1., 115., 7.,
       0., 11., 104., 7., 0., 3., 108., 15., 0., 4., 115., 30., 0., 6.,
       115., 22., 0., 0., 3., 1., 0., 5., 11., 0., 0., 2., 108., 6., 0.,
       3., 115., 6., 0., 3., 97., 11., 0., 9., 73., 20., 1., 0., 99.,
       95., 1., 2., 71., 93., 25., 3., 10., 23., 1., 0., 7., 3., 1., 7.,
       79., 10., 1., 1., 77., 75., 31., 11., 66., 16., 15., 5., 16., 33.,
       101., 14., 20., 42., 14., 4., 4., 29., 73., 61., 50., 35., 16.,
       1., 12., 13., 4., 8., 114., 24., 4., 7., 33., 57., 37., 38., 57.,
       30., 29., 38., 92., 42., 15., 54., 53., 30., 9., 6., 61., 20., 0.,
       0., 15., 3., 0., 0., 41., 19., 5., 10., 114., 51., 3., 4., 34.,
       48., 42., 34., 77., 60., 45., 89., 114., 26., 13., 40., 31., 94.,
       55., 33., 114., 19., 0., 0., 15., 3., 1., 6., 46., 39., 5., 15.,
       114., 36., 2., 3., 114., 9., 0., 8., 87., 40., 16., 52., 72., 12.,
       0., 0., 114., 76., 14., 13., 98., 26., 0., 0., 17., 4., 0., 2.,
       30., 48., 8., 23., 61., 9., 0., 2., 114., 7., 0., 12., 49., 6.,
       0., 26., 43., 5., 0., 0., 114., 40., 0., 6., 87., 18., 0., 0.,
       21., 7., 0., 1., 0., 0., 3., 13., 0., 0., 6., 29., 0., 0., 12.,
       103., 1., 0., 4., 16., 1., 0., 14., 91., 0., 0., 9., 105., 0., 0.,
       5., 27., 0., 0., 12., 112., 2., 2., 26., 112., 9., 3., 7., 8.,
       85., 25., 51., 112., 3., 2., 10., 69., 20., 8., 39., 67., 0., 0.,
       14., 112., 1., 0., 65., 98., 0., 0., 16., 39., 32., 8., 15., 82.,
       19., 22., 67., 54., 64., 48., 50., 25., 61., 50., 64., 35., 36.,
       38., 89., 60., 4., 1., 17., 112., 2., 0., 14., 40., 27., 6., 71.,
       89., 44., 67., 42., 18., 17., 9., 16., 38., 6., 8., 18., 28., 56.,
       20., 54., 112., 13., 3., 12., 51., 6., 2., 33., 112., 12., 2.,
       26., 103., 25., 1., 4., 37., 13., 1., 0., 10., 61., 0., 0., 1.,
       111., 0., 0., 13., 66., 0., 0., 14., 67., 1., 0., 58., 82., 0.,
       0., 11., 47., 3., 0., 22., 54., 8., 3., 33., 13., 1., 1., 17.,
       94., 1., 0., 4., 111., 46., 12., 27., 78., 1., 0., 14., 84., 17.,
       16., 83., 109., 0., 0., 21., 98., 3., 1., 10., 42., 31., 6., 65.,
       11., 2., 2., 31., 111., 6., 2., 3., 39., 98., 38., 44., 83., 21.,
       29., 57., 111., 47., 57., 89., 25., 43., 21., 31., 111., 13., 3.,
       17., 65., 5., 1., 23., 10., 4., 1., 17., 110., 5., 1., 5., 63.,
       42., 20., 19., 51., 25., 27., 70., 87., 8., 19., 25., 38., 64.,
       25., 47., 100., 1., 0., 1., 51., 16., 1., 33., 0., 43., 112., 29.,
       0., 0., 0., 0., 1., 23., 112., 28., 1., 1., 1., 1., 0., 31., 112.,
       18., 3., 2., 1., 0., 0., 18., 90., 11., 4., 0., 0., 0., 9., 57.,
       107., 19., 5., 20., 12., 10., 98., 34., 101., 21., 11., 17., 13.,
       27., 13., 36., 95., 24., 105., 43., 11., 11., 0., 40., 112., 22.,
       11., 3., 2., 0., 7., 6., 3., 1., 4., 109., 112., 34., 85., 29.,
       9., 11., 9., 81., 106., 18., 12., 13., 10., 27., 95., 55., 94.,
       9., 1., 3., 13., 13., 55., 69., 42., 27., 0., 0., 0., 1., 3., 36.,
       48., 1., 1., 0., 0., 1., 3., 70., 95., 2., 0., 0., 0., 0., 10.,
       62., 105., 8., 0., 0., 0., 0., 14., 92., 79., 26., 17., 92., 81.,
       27., 0., 0., 0., 0., 12., 69., 103., 6., 0., 0., 0., 0., 3., 72.,
       91., 2., 1., 0., 0., 1., 4., 37., 40., 0., 0., 0., 0., 1., 56.,
       62., 38., 25., 1., 4., 17., 15., 98., 57., 90., 8., 12., 12., 10.,
       29., 9., 87., 103., 19., 83., 27., 9., 12., 4., 113., 113., 30.,
       7., 5., 2., 1., 10., 2., 1., 0., 0., 48., 113., 18., 105., 40.,
       11., 11., 14., 39., 95., 24., 11., 17., 13., 29., 99., 35., 100.,
       18., 6., 25., 15., 12., 10., 59., 99., 16., 4., 0., 0., 0., 0.,
       20., 84., 10., 2., 2., 1., 0., 0., 34., 113., 17., 0., 1., 1., 1.,
       1., 28., 113., 23., 0., 0., 0., 0., 1., 51., 113., 28., 87., 58.,
       38., 40., 9., 0., 0., 12., 8., 12., 85., 53., 2., 0., 0., 0., 1.,
       25., 95., 34., 5., 0., 0., 0., 0., 24., 34., 10., 1., 0., 0., 0.,
       112., 11., 19., 97., 65., 10., 6., 40., 112., 40., 77., 96., 63.,
       15., 3., 17., 58., 75., 73., 65., 112., 15., 4., 17., 59., 89.,
       68., 12., 10., 7., 9., 21., 23., 5., 2., 12., 38., 94., 88., 22.,
       112., 15., 3., 14., 50., 107., 79., 39., 57., 11., 3., 22., 112.,
       66., 81., 58., 73., 25., 18., 12., 32., 17., 25., 69., 10., 2.,
       0., 3., 6., 21., 15., 4., 1., 0., 0., 2., 10., 46., 52., 5., 1.,
       0., 1., 2., 16., 58., 57., 5., 1., 10., 11., 7., 16., 52., 36.,
       4., 13., 54., 41., 3., 1., 5., 9., 4., 13., 46., 62., 4., 1., 0.,
       0., 1., 9., 47., 60., 6., 1., 0., 0., 2., 4., 20., 24., 7., 14.,
       3., 0., 2., 29., 20., 28., 61., 73., 24., 23., 11., 113., 70.,
       90., 54., 58., 13., 3., 13., 52., 104., 85., 36., 113., 24., 3.,
       12., 44., 82., 87., 29., 34., 8., 3., 14., 13., 9., 12., 24., 68.,
       79., 63., 14., 113., 23., 4., 16., 60., 76., 72., 57., 67., 16.,
       3., 11., 113., 48., 75., 97., 68., 7., 2., 26., 113., 18., 19.,
       100., 1., 0., 0., 0., 0., 23., 42., 12., 7., 1., 0., 0., 1., 27.,
       96., 40., 3., 0., 0., 0., 4., 8., 78., 58., 6., 0., 0., 4., 66.,
       59., 38., 35., 1., 1., 1., 14., 32., 0., 0., 2., 2., 0., 0., 46.,
       116., 15., 11., 5., 116., 19., 0., 1., 18., 18., 15., 10., 98.,
       12., 0., 0., 0., 0., 0., 1., 1., 1., 2., 42., 73., 1., 0., 0.,
       38., 1., 1., 63., 103., 28., 23., 58., 116., 43., 0., 0., 27.,
       113., 23., 24., 113., 71., 0., 0., 2., 2., 0., 1., 3., 0., 0., 8.,
       116., 12., 0., 2., 116., 7., 0., 9., 88., 22., 4., 30., 69., 24.,
       0., 0., 116., 98., 5., 10., 116., 81., 0., 0., 22., 10., 0., 1.,
       3., 1., 0., 2., 94., 7., 0., 0., 116., 27., 0., 4., 75., 9., 0.,
       7., 48., 12., 0., 3., 116., 24., 0., 4., 116., 11., 0., 1., 34.,
       9., 0., 10., 0., 0., 0., 35., 43., 0., 0., 0., 35., 0., 1., 116.,
       82., 0., 0., 46., 51., 1., 1., 41., 16., 1., 0., 117., 14., 0.,
       3., 85., 55., 0., 0., 36., 2., 0., 0., 87., 101., 0., 0., 0.,
       117., 12., 8., 70., 90., 0., 0., 64., 52., 5., 11., 117., 28., 0.,
       0., 53., 32., 0., 2., 66., 20., 0., 1., 117., 9., 5., 3., 117.,
       71., 0., 0., 2., 89., 41., 50., 55., 17., 0., 7., 39., 26., 8.,
       36., 83., 11., 1., 36., 117., 31., 0., 1., 7., 1., 0., 3., 112.,
       23., 15., 11., 102., 50., 3., 3., 64., 19., 10., 5., 2., 0., 0.,
