%YAML:1.0
---
mat: !!opencv-matrix
   rows: 81
   cols: 128
   dt: f
   data: [ 91., 9., 0., 0., 0., 0., 4., 41., 54., 17., 0., 0., 2., 8.,
       22., 45., 18., 6., 0., 1., 21., 33., 21., 22., 0., 0., 0., 0.,
       84., 78., 11., 3., 125., 41., 0., 0., 1., 1., 6., 44., 89., 16.,
       0., 3., 85., 32., 30., 41., 125., 6., 0., 2., 31., 30., 15., 43.,
       14., 2., 0., 0., 125., 125., 10., 9., 125., 64., 0., 0., 1., 0.,
       0., 0., 125., 40., 0., 1., 102., 26., 1., 6., 125., 13., 6., 2.,
       32., 13., 2., 24., 19., 15., 9., 2., 125., 94., 0., 1., 125., 42.,
       0., 0., 0., 0., 0., 0., 125., 60., 15., 0., 20., 24., 9., 10.,
       28., 12., 31., 21., 22., 14., 12., 39., 4., 35., 39., 33., 53.,
       20., 0., 0., 27., 2., 0., 0., 0., 0., 0., 3., 150., 8., 0., 2.,
       11., 1., 0., 10., 59., 3., 0., 16., 150., 24., 3., 2., 4., 10.,
       3., 4., 40., 20., 10., 8., 43., 4., 0., 0., 0., 0., 0., 2., 150.,
       14., 1., 1., 5., 8., 6., 54., 63., 5., 4., 19., 87., 150., 27.,
       23., 0., 2., 4., 15., 34., 135., 34., 0., 34., 1., 0., 0., 0., 0.,
       3., 10., 150., 63., 8., 10., 4., 1., 3., 22., 54., 30., 47., 146.,
       61., 24., 3., 3., 0., 0., 44., 121., 35., 30., 14., 3., 5., 0.,
       0., 0., 0., 7., 13., 8., 150., 5., 0., 3., 12., 7., 15., 34., 38.,
       3., 6., 50., 123., 6., 0., 2., 2., 9., 37., 30., 18., 10., 17.,
       7., 23., 68., 36., 0., 1., 5., 4., 1., 132., 87., 16., 5., 52.,
       7., 0., 1., 9., 3., 1., 6., 146., 42., 0., 1., 0., 0., 0., 1.,
       30., 6., 0., 0., 46., 15., 9., 27., 7., 8., 4., 4., 146., 32., 1.,
       0., 37., 13., 0., 7., 30., 1., 0., 1., 146., 103., 1., 4., 0., 0.,
       0., 1., 50., 29., 2., 0., 42., 2., 4., 13., 2., 3., 6., 44., 146.,
       6., 0., 0., 10., 11., 9., 121., 39., 1., 0., 0., 110., 146., 89.,
       34., 0., 0., 0., 0., 18., 106., 66., 0., 20., 1., 1., 1., 0., 0.,
       1., 62., 59., 0., 0., 0., 0., 1., 8., 144., 9., 0., 0., 0., 2.,
       64., 59., 34., 0., 0., 0., 0., 5., 41., 18., 0., 9., 39., 8., 0.,
       0., 0., 0., 0., 25., 139., 32., 7., 0., 0., 0., 0., 1., 17., 31.,
       107., 6., 0., 0., 0., 0., 0., 10., 55., 2., 0., 0., 0., 43., 57.,
       12., 0., 0., 0., 0., 1., 139., 139., 30., 20., 14., 0., 0., 5.,
       24., 21., 33., 139., 137., 0., 0., 0., 1., 1., 23., 110., 24., 0.,
       1., 1., 88., 3., 0., 0., 0., 0., 0., 21., 139., 3., 1., 21., 41.,
       0., 0., 44., 22., 0., 1., 92., 139., 4., 2., 2., 4., 4., 4., 18.,
       27., 5., 20., 24., 98., 2., 0., 0., 0., 0., 0., 26., 139., 0., 0.,
       11., 50., 15., 3., 65., 5., 1., 0., 31., 139., 60., 8., 1., 5.,
       20., 4., 3., 9., 19., 7., 7., 22., 7., 0., 0., 0., 0., 1., 4.,
       119., 15., 0., 1., 61., 42., 13., 59., 3., 0., 4., 24., 163., 86.,
       22., 10., 0., 0., 23., 17., 19., 47., 50., 8., 56., 11., 0., 0.,
       0., 0., 0., 0., 163., 34., 0., 0., 45., 81., 11., 31., 36., 2.,
       3., 3., 163., 163., 29., 29., 7., 4., 19., 47., 66., 82., 48.,
       25., 35., 1., 0., 0., 0., 0., 0., 0., 163., 8., 0., 0., 14., 18.,
       2., 7., 41., 1., 2., 5., 163., 136., 2., 4., 1., 1., 19., 66.,
       65., 17., 0., 0., 0., 0., 0., 0., 0., 0., 0., 0., 0., 0., 0., 0.,
       0., 0., 0., 0., 0., 0., 0., 0., 0., 0., 0., 0., 0., 0., 0., 0.,
       0., 0., 0., 0., 3., 0., 0., 5., 2., 1., 32., 24., 15., 0., 0., 0.,
       0., 0., 5., 18., 1., 0., 0., 0., 0., 0., 0., 1., 0., 0., 0., 0.,
       0., 0., 0., 0., 77., 28., 19., 9., 4., 10., 69., 71., 161., 16.,
       6., 21., 10., 4., 14., 82., 49., 4., 2., 127., 84., 0., 0., 12.,
       0., 0., 0., 12., 9., 0., 0., 0., 107., 79., 59., 7., 1., 3., 5.,
       38., 161., 47., 20., 83., 40., 0., 0., 51., 34., 12., 7., 161.,
       161., 0., 0., 1., 0., 0., 0., 19., 15., 0., 0., 0., 60., 4., 1.,
       2., 0., 10., 29., 147., 118., 18., 30., 85., 34., 0., 0., 69., 2.,
       2., 6., 78., 83., 0., 0., 0., 0., 0., 0., 0., 0., 0., 0., 0., 72.,
       2., 0., 38., 141., 6., 0., 15., 141., 0., 0., 8., 40., 6., 7.,
       49., 49., 0., 4., 17., 18., 31., 40., 29., 5., 10., 16., 23., 29.,
       32., 19., 6., 61., 3., 7., 141., 79., 0., 0., 12., 141., 14., 4.,
       20., 14., 0., 0., 26., 78., 7., 6., 94., 84., 4., 1., 8., 42., 8.,
       6., 52., 77., 0., 0., 11., 90., 7., 20., 102., 5., 0., 0., 14.,
       141., 75., 18., 11., 1., 0., 0., 14., 35., 37., 36., 92., 30., 0.,
       0., 4., 34., 13., 29., 79., 78., 0., 0., 11., 100., 2., 3., 3.,
       0., 0., 0., 39., 117., 11., 2., 1., 1., 1., 0., 41., 11., 8., 13.,
       26., 43., 2., 0., 5., 1., 5., 31., 105., 49., 0., 0., 0., 6., 7.,
       32., 12., 1., 1., 3., 9., 121., 16., 9., 0., 0., 0., 1., 35.,
       154., 4., 0., 0., 0., 0., 0., 50., 73., 0., 0., 1., 77., 16., 1.,
       18., 4., 1., 0., 1., 1., 1., 36., 62., 121., 4., 0., 0., 0., 0.,
       10., 82., 154., 11., 0., 0., 0., 0., 0., 28., 93., 8., 1., 5.,
       93., 14., 0., 7., 8., 35., 20., 8., 1., 1., 14., 19., 102., 27.,
       16., 2., 0., 0., 4., 20., 154., 14., 0., 0., 0., 0., 0., 8., 88.,
       10., 1., 10., 81., 2., 0., 1., 3., 22., 18., 2., 0., 0., 59., 34.,
       71., 22., 8., 0., 0., 0., 64., 116., 154., 2., 0., 0., 0., 0.,
       31., 154., 42., 1., 0., 1., 30., 30., 56., 43., 6., 146., 29., 4.,
       1., 0., 0., 0., 11., 146., 11., 0., 0., 36., 12., 0., 18., 58.,
       5., 0., 0., 126., 105., 36., 4., 0., 0., 0., 0., 25., 146., 146.,
       31., 51., 10., 15., 12., 0., 0., 9., 72., 146., 15., 0., 0., 0.,
       0., 4., 146., 146., 4., 0., 0., 2., 12., 45., 63., 6., 0., 0., 0.,
       1., 28., 75., 12., 2., 2., 11., 12., 2., 5., 30., 146., 32., 8.,
       8., 1., 0., 0., 43., 146., 37., 0., 0., 0., 0., 0., 28., 15., 5.,
       0., 0., 0., 0., 0., 0., 6., 2., 2., 21., 19., 2., 4., 5., 75.,
       19., 1., 4., 2., 0., 0., 13., 20., 4., 0., 0., 0., 0., 0., 3., 0.,
       0., 0., 0., 0., 0., 0., 0., 40., 116., 17., 2., 5., 10., 1., 1.,
       3., 43., 18., 9., 105., 68., 1., 0., 0., 0., 0., 2., 46., 51., 4.,
       1., 0., 0., 0., 1., 6., 10., 18., 8., 29., 76., 2., 0., 1., 108.,
       31., 3., 87., 74., 9., 3., 22., 44., 13., 19., 4., 1., 1., 2.,
       26., 116., 42., 15., 0., 0., 0., 0., 0., 11., 93., 100., 13., 1.,
       1., 0., 41., 116., 41., 11., 94., 29., 4., 3., 16., 48., 29., 55.,
       8., 8., 4., 6., 16., 31., 85., 116., 0., 0., 3., 10., 1., 3.,
       105., 116., 5., 1., 0., 0., 51., 83., 69., 27., 4., 1., 1., 6.,
       14., 43., 116., 100., 1., 0., 28., 45., 1., 0., 57., 108., 0., 0.,
       56., 108., 1., 0., 14., 23., 0., 87., 115., 0., 0., 1., 5., 1.,
       1., 83., 115., 0., 0., 7., 22., 1., 0., 52., 107., 0., 0., 29.,
       50., 0., 10., 41., 34., 0., 0., 25., 95., 15., 16., 73., 77., 0.,
       0., 0., 0., 0., 90., 83., 74., 3., 2., 2., 4., 19., 12., 54.,
       115., 39., 22., 5., 5., 8., 71., 115., 76., 7., 1., 0., 0., 30.,
       42., 9., 2., 0., 0., 0., 2., 22., 115., 20., 10., 23., 19., 5.,
       3., 48., 54., 20., 23., 115., 50., 4., 1., 6., 115., 39., 13.,
       11., 1., 1., 0., 54., 58., 0., 0., 0., 0., 0., 3., 56., 51., 0.,
       0., 8., 78., 25., 10., 80., 54., 18., 2., 29., 115., 9., 0., 1.,
       115., 68., 16., 3., 1., 1., 1., 3., 8., 0., 2., 18., 2., 3., 32.,
       32., 16., 0., 0., 0., 0., 13., 55., 25., 38., 0., 0., 0., 0., 0.,
       1., 18., 1., 0., 0., 0., 0., 0., 0., 1., 105., 30., 7., 4., 2.,
       5., 21., 53., 96., 16., 13., 32., 36., 43., 47., 30., 146., 14.,
       1., 12., 11., 2., 1., 52., 22., 1., 0., 88., 70., 0., 0., 13.,
       39., 76., 40., 5., 0., 3., 5., 3., 132., 32., 69., 43., 9., 1.,
       0., 38., 146., 26., 7., 56., 32., 0., 0., 40., 16., 6., 3., 146.,
       146., 0., 0., 1., 4., 4., 4., 0., 0., 29., 26., 20., 111., 5., 5.,
       0., 0., 1., 5., 139., 120., 21., 19., 67., 44., 0., 0., 45., 1.,
       1., 2., 91., 110., 0., 0., 0., 11., 4., 24., 39., 2., 0., 6., 30.,
       48., 13., 5., 10., 2., 0., 10., 75., 107., 14., 1., 5., 2., 0.,
