%YAML:1.0
---
mat: !!opencv-matrix
   rows: 32
   cols: 128
   dt: f
   data: [ 0., 0., 0., 0., 97., 45., 7., 1., 81., 40., 3., 9., 155., 64.,
       0., 1., 155., 76., 1., 1., 6., 2., 0., 0., 14., 2., 0., 0., 0.,
       0., 0., 0., 1., 0., 0., 1., 86., 38., 6., 2., 74., 7., 0., 0.,
       155., 129., 11., 16., 155., 50., 0., 0., 21., 13., 9., 50., 39.,
       8., 0., 0., 0., 0., 0., 1., 0., 0., 2., 5., 41., 17., 0., 0., 10.,
       0., 0., 1., 128., 152., 101., 48., 100., 3., 0., 0., 5., 16., 79.,
       155., 22., 4., 1., 0., 0., 0., 0., 9., 0., 0., 8., 7., 3., 2., 0.,
       0., 1., 0., 2., 1., 3., 16., 21., 4., 2., 0., 0., 0., 1., 3., 16.,
       13., 4., 0., 0., 0., 0., 0., 1., 9., 0., 0., 2., 8., 2., 1., 0.,
       0., 1., 2., 17., 15., 2., 0., 0., 0., 3., 14., 22., 3., 0., 0.,
       0., 0., 2., 2., 0., 1., 1., 1., 7., 2., 0., 0., 0., 10., 24., 2.,
       0., 0., 7., 14., 91., 174., 93., 1., 0., 0., 134., 128., 118.,
       45., 5., 0., 0., 5., 42., 13., 0., 0., 0., 0., 5., 7., 0., 0., 0.,
       7., 67., 1., 0., 0., 54., 8., 11., 108., 174., 1., 0., 1., 174.,
       36., 12., 23., 37., 0., 0., 17., 74., 9., 3., 2., 1., 1., 1., 6.,
       0., 0., 0., 6., 55., 0., 0., 0., 46., 1., 0., 24., 174., 24., 1.,
       11., 174., 10., 1., 2., 26., 7., 1., 23., 49., 11., 10., 2., 0.,
       0., 0., 0., 0., 0., 0., 0., 41., 17., 15., 2., 11., 22., 10., 29.,
       158., 15., 1., 3., 125., 77., 9., 7., 7., 0., 0., 9., 18., 2., 0.,
       0., 0., 0., 0., 1., 0., 0., 0., 0., 66., 17., 9., 1., 25., 14.,
       3., 22., 164., 19., 0., 1., 164., 49., 2., 10., 32., 1., 0., 7.,
       60., 1., 0., 0., 0., 0., 0., 3., 0., 0., 0., 1., 70., 14., 4., 2.,
       32., 1., 0., 4., 164., 29., 2., 7., 164., 3., 0., 1., 44., 6., 2.,
       36., 75., 1., 0., 0., 0., 0., 0., 3., 0., 0., 1., 4., 44., 7., 0.,
       0., 8., 0., 0., 2., 164., 81., 50., 26., 125., 0., 0., 0., 12.,
       13., 45., 127., 34., 1., 0., 0., 0., 0., 0., 9., 0., 0., 0., 9.,
       34., 1., 0., 0., 12., 12., 44., 127., 125., 0., 0., 0., 164., 80.,
       50., 27., 8., 0., 0., 3., 45., 7., 0., 0., 0., 0., 1., 4., 0., 0.,
       0., 3., 74., 1., 0., 0., 44., 5., 2., 38., 164., 3., 0., 1., 164.,
       27., 2., 8., 32., 1., 0., 4., 70., 14., 4., 2., 0., 0., 0., 1.,
       0., 0., 0., 3., 60., 1., 0., 0., 32., 1., 0., 8., 164., 48., 2.,
       10., 164., 18., 0., 1., 25., 13., 2., 23., 66., 17., 9., 1., 0.,
       0., 0., 0., 0., 0., 0., 1., 18., 2., 0., 0., 7., 0., 0., 9., 125.,
       77., 9., 7., 159., 15., 1., 3., 10., 21., 10., 29., 41., 17., 15.,
       2., 0., 0., 0., 0., 29., 52., 85., 2., 0., 0., 0., 1., 38., 104.,
       72., 0., 0., 0., 0., 0., 47., 35., 2., 0., 0., 0., 0., 0., 6., 2.,
       0., 0., 1., 2., 0., 0., 15., 46., 122., 28., 5., 6., 34., 24.,
       122., 122., 113., 11., 2., 2., 10., 51., 110., 66., 77., 6., 0.,
       0., 0., 2., 5., 53., 45., 1., 0., 1., 0., 0., 28., 22., 17., 6.,
       2., 7., 102., 51., 122., 46., 22., 3., 1., 6., 33., 90., 25., 45.,
       122., 28., 1., 8., 29., 24., 57., 108., 59., 3., 0., 0., 12., 41.,
       75., 18., 8., 4., 0., 0., 9., 79., 59., 1., 1., 0., 0., 4., 29.,
       102., 20., 2., 3., 1., 1., 10., 103., 81., 20., 3., 0., 0., 0.,
       0., 48., 92., 0., 0., 0., 3., 2., 0., 0., 0., 9., 9., 11., 131.,
       77., 0., 0., 0., 146., 67., 18., 39., 13., 0., 0., 8., 61., 25.,
       11., 0., 0., 0., 0., 1., 0., 0., 0., 7., 9., 0., 0., 0., 28., 29.,
       13., 146., 146., 4., 1., 4., 146., 118., 14., 32., 18., 1., 1.,
       21., 66., 28., 20., 1., 0., 0., 0., 1., 0., 0., 0., 12., 14., 0.,
       0., 0., 39., 15., 11., 86., 146., 32., 10., 31., 146., 48., 8.,
       6., 13., 9., 9., 98., 43., 20., 43., 4., 0., 0., 0., 2., 0., 0.,
       0., 15., 15., 0., 0., 0., 63., 29., 20., 88., 70., 11., 2., 15.,
       146., 78., 12., 3., 0., 1., 0., 20., 11., 21., 49., 4., 0., 0.,
       0., 0., 3., 11., 72., 8., 4., 23., 121., 33., 16., 27., 71., 2.,
       1., 21., 121., 93., 22., 29., 68., 9., 1., 0., 28., 89., 22., 29.,
       12., 2., 0., 0., 0., 9., 10., 18., 105., 6., 25., 38., 53., 54.,
       94., 51., 94., 7., 20., 31., 15., 58., 51., 50., 75., 21., 23.,
       87., 14., 19., 67., 80., 60., 22., 5., 5., 1., 2., 15., 4., 0.,
       2., 121., 22., 24., 34., 121., 17., 0., 2., 88., 16., 4., 18.,
       61., 8., 2., 0., 50., 121., 6., 8., 19., 26., 40., 19., 33., 46.,
       5., 11., 17., 9., 0., 10., 97., 12., 6., 6., 121., 5., 0., 2.,
       57., 11., 12., 43., 61., 7., 0., 0., 21., 50., 1., 6., 4., 3., 6.,
       9., 33., 88., 20., 19., 2., 4., 8., 11., 25., 17., 45., 33., 0.,
       1., 29., 66., 5., 2., 48., 63., 16., 6., 49., 111., 5., 1., 12.,
       25., 10., 8., 41., 46., 46., 37., 7., 13., 1., 1., 3., 80., 49.,
       4., 22., 26., 15., 7., 109., 122., 95., 21., 5., 4., 122., 26.,
       62., 82., 7., 3., 2., 75., 38., 3., 1., 22., 122., 34., 8., 49.,
       0., 0., 0., 24., 91., 53., 5., 0., 22., 3., 4., 19., 122., 122.,
       56., 11., 122., 61., 10., 9., 9., 43., 66., 42., 24., 23., 10.,
       44., 73., 7., 26., 41., 1., 1., 2., 43., 71., 26., 3., 3., 40.,
       6., 4., 26., 30., 35., 47., 49., 18., 7., 1., 0., 0., 37., 122.,
       36., 3., 4., 2., 2., 2., 3., 63., 44., 9., 73., 84., 30., 16.,
       11., 1., 0., 13., 118., 96., 7., 5., 0., 0., 0., 9., 28., 16.,
       49., 60., 7., 2., 10., 7., 10., 27., 12., 4., 2., 12., 54., 7.,
       27., 76., 112., 51., 88., 41., 5., 118., 118., 66., 11., 7., 23.,
       16., 27., 68., 36., 21., 55., 81., 3., 2., 9., 6., 22., 99., 10.,
       6., 1., 32., 21., 10., 57., 23., 7., 22., 118., 65., 11., 118.,
       17., 7., 5., 17., 92., 41., 55., 77., 26., 5., 27., 103., 11., 3.,
       14., 50., 41., 7., 4., 7., 2., 42., 30., 4., 91., 88., 11., 38.,
       40., 9., 7., 101., 48., 45., 6., 9., 13., 10., 41., 40., 5., 5.,
       19., 32., 44., 16., 14., 28., 19., 37., 32., 3., 8., 12., 14., 2.,
       5., 14., 34., 9., 6., 34., 42., 15., 6., 39., 80., 8., 4., 14.,
       31., 9., 25., 78., 74., 51., 30., 3., 6., 13., 36., 61., 78., 24.,
       15., 16., 10., 4., 4., 39., 115., 82., 16., 15., 11., 115., 41.,
       65., 96., 20., 10., 5., 32., 56., 10., 5., 13., 115., 72., 13.,
       56., 54., 8., 2., 3., 25., 26., 63., 115., 6., 2., 2., 26., 115.,
       115., 34., 7., 115., 37., 7., 10., 18., 43., 115., 58., 32., 18.,
       6., 14., 54., 15., 63., 98., 14., 0., 0., 0., 3., 9., 25., 102.,
       13., 1., 0., 17., 55., 27., 31., 46., 11., 0., 0., 0., 1., 10.,
       115., 66., 1., 0., 0., 0., 2., 9., 61., 37., 0., 0., 0., 0., 3.,
       14., 8., 7., 14., 53., 71., 39., 2., 31., 21., 3., 16., 42., 26.,
       23., 9., 86., 93., 18., 12., 30., 24., 45., 24., 85., 113., 33.,
       69., 32., 8., 8., 4., 13., 102., 113., 75., 48., 37., 87., 8., 7.,
       38., 86., 113., 52., 18., 20., 14., 21., 68., 38., 46., 41., 24.,
       7., 45., 43., 66., 39., 54., 75., 20., 1., 9., 26., 20., 46., 24.,
       2., 0., 5., 6., 53., 66., 113., 113., 15., 1., 5., 27., 32., 42.,
       68., 84., 2., 1., 12., 94., 30., 32., 81., 63., 4., 3., 1., 44.,
       73., 13., 58., 20., 0., 0., 0., 0., 7., 19., 35., 26., 0., 0., 0.,
       2., 9., 30., 62., 23., 0., 0., 0., 5., 13., 52., 75., 19., 0., 0.,
       0., 7., 33., 24., 41., 8., 13., 51., 40., 0., 0., 0., 4., 21.,
       65., 40., 6., 6., 9., 2., 2., 9., 5., 2., 1., 34., 122., 55., 16.,
       23., 11., 38., 20., 9., 82., 53., 40., 23., 19., 89., 122., 0.,
       3., 34., 30., 122., 93., 39., 18., 4., 2., 11., 22., 37., 30.,
       74., 72., 31., 21., 12., 3., 2., 88., 66., 8., 4., 58., 58., 7.,
       11., 1., 6., 21., 26., 42., 101., 122., 122., 8., 0., 3., 24.,
       27., 24., 34., 49., 9., 15., 33., 53., 72., 105., 25., 5., 59.,
       32., 12., 28., 42., 100., 28., 4., 1., 0., 3., 91., 22., 9., 31.,
       122., 11., 0., 2., 48., 11., 6., 21., 70., 1., 0., 11., 10., 5.,
       26., 18., 15., 0., 0., 73., 76., 10., 15., 17., 26., 43., 60.,
