%YAML:1.0
---
mat: !!opencv-matrix
   rows: 21
   cols: 128
   dt: f
   data: [ 9., 21., 30., 33., 34., 14., 26., 5., 93., 41., 10., 7., 6.,
       8., 14., 30., 19., 2., 7., 12., 34., 71., 6., 6., 29., 3., 8.,
       15., 33., 115., 34., 22., 30., 83., 128., 17., 7., 7., 17., 8.,
       128., 78., 53., 5., 8., 7., 13., 33., 29., 3., 53., 94., 58., 41.,
       20., 5., 26., 10., 89., 59., 18., 26., 56., 21., 9., 31., 79., 6.,
       0., 2., 128., 58., 128., 45., 23., 0., 3., 6., 121., 128., 22.,
       1., 2., 9., 30., 80., 110., 23., 5., 1., 6., 4., 2., 14., 128.,
       35., 2., 33., 46., 5., 1., 1., 98., 11., 4., 31., 26., 0., 0., 1.,
       60., 30., 2., 2., 0., 0., 0., 2., 25., 8., 0., 0., 0., 0., 0., 4.,
       21., 0., 1., 2., 49., 53., 20., 1., 0., 0., 9., 25., 115., 67.,
       6., 1., 2., 2., 9., 5., 18., 86., 13., 5., 23., 23., 39., 37.,
       29., 9., 3., 2., 3., 20., 6., 4., 18., 53., 146., 14., 1., 1.,
       146., 58., 56., 42., 73., 1., 5., 29., 48., 13., 26., 29., 15.,
       32., 40., 31., 24., 29., 26., 10., 19., 52., 30., 18., 13., 1.,
       0., 24., 146., 2., 0., 2., 146., 30., 6., 19., 110., 8., 3., 38.,
       79., 38., 55., 69., 22., 39., 15., 24., 75., 20., 11., 2., 1.,
       12., 31., 30., 18., 0., 0., 32., 146., 5., 1., 4., 146., 4., 1.,
       7., 62., 15., 6., 51., 46., 4., 5., 11., 7., 69., 48., 35., 31.,
       9., 31., 35., 2., 2., 11., 22., 63., 21., 22., 30., 69., 25., 45.,
       27., 111., 26., 4., 3., 37., 52., 33., 64., 42., 10., 5., 10.,
       45., 73., 90., 88., 32., 7., 1., 0., 4., 21., 20., 48., 16., 10.,
       29., 12., 21., 56., 111., 37., 111., 12., 5., 5., 24., 26., 54.,
       108., 39., 18., 10., 26., 95., 81., 31., 31., 58., 16., 3., 1.,
       1., 7., 17., 55., 12., 40., 87., 38., 33., 35., 52., 17., 111.,
       73., 21., 13., 13., 15., 34., 64., 30., 3., 1., 41., 47., 57.,
       81., 47., 42., 0., 0., 1., 1., 6., 33., 79., 5., 10., 22., 16.,
       20., 53., 111., 37., 42., 37., 18., 2., 1., 6., 86., 111., 6., 1.,
       0., 0., 2., 24., 111., 27., 6., 0., 0., 0., 11., 29., 33., 22.,
       5., 10., 26., 45., 2., 0., 0., 0., 15., 64., 94., 20., 2., 0., 1.,
       1., 4., 51., 75., 30., 17., 5., 0., 1., 1., 11., 69., 39., 39.,
       56., 30., 7., 2., 5., 30., 88., 18., 1., 0., 1., 62., 46., 47.,
       57., 15., 2., 12., 48., 20., 36., 63., 83., 87., 19., 7., 25.,
       20., 77., 106., 41., 31., 41., 21., 9., 6., 24., 43., 58., 37.,
       14., 5., 7., 106., 61., 33., 47., 19., 9., 9., 49., 15., 28., 68.,
       103., 63., 20., 9., 7., 21., 41., 29., 2., 11., 61., 61., 29.,
       22., 24., 45., 105., 47., 4., 4., 16., 96., 80., 35., 67., 38.,
       2., 2., 27., 11., 45., 92., 106., 96., 5., 4., 8., 106., 106.,
       50., 2., 2., 3., 5., 34., 39., 37., 13., 49., 107., 48., 0., 3.,
       115., 100., 8., 5., 3., 16., 5., 4., 18., 3., 0., 1., 23., 48.,
       7., 8., 52., 30., 0., 2., 20., 30., 6., 4., 40., 20., 5., 19.,
       115., 115., 52., 37., 115., 48., 9., 4., 9., 32., 52., 115., 34.,
       8., 3., 0., 5., 66., 20., 32., 28., 3., 0., 0., 5., 49., 73., 48.,
       87., 41., 3., 3., 32., 64., 88., 50., 35., 50., 49., 62., 74.,
       63., 76., 72., 99., 68., 20., 4., 2., 26., 18., 24., 51., 3., 0.,
       0., 0., 5., 33., 33., 77., 40., 4., 4., 14., 19., 9., 33., 26.,
       10., 4., 43., 55., 115., 46., 13., 115., 31., 4., 14., 7., 22.,
       26., 32., 58., 4., 0., 0., 0., 9., 12., 10., 16., 97., 15., 0.,
       0., 6., 15., 5., 13., 23., 2., 0., 1., 31., 30., 4., 18., 27., 4.,
       0., 2., 47., 59., 19., 48., 24., 0., 0., 0., 2., 21., 62., 31.,
       114., 61., 20., 42., 60., 20., 7., 114., 114., 14., 1., 0., 9.,
       30., 25., 39., 17., 13., 1., 0., 13., 55., 22., 38., 29., 0., 0.,
       0., 1., 13., 53., 37., 39., 9., 2., 18., 114., 111., 62., 112.,
       33., 28., 34., 39., 49., 59., 114., 45., 114., 68., 32., 20., 23.,
       40., 22., 30., 78., 2., 0., 0., 3., 17., 11., 82., 114., 75., 10.,
       0., 12., 20., 31., 41., 57., 9., 3., 18., 63., 60., 30., 19., 28.,
       5., 13., 55., 58., 114., 28., 67., 55., 7., 8., 17., 7., 13., 53.,
       1., 31., 73., 5., 0., 0., 35., 4., 4., 43., 37., 0., 0., 0., 54.,
       9., 4., 20., 27., 9., 0., 0., 55., 11., 1., 24., 35., 1., 0., 0.,
       35., 6., 8., 73., 114., 30., 26., 15., 17., 14., 114., 114., 70.,
       3., 6., 8., 8., 10., 40., 27., 67., 85., 80., 34., 15., 10., 22.,
       81., 103., 16., 8., 8., 22., 45., 7., 8., 6., 2., 20., 83., 114.,
       63., 114., 17., 3., 0., 3., 48., 91., 109., 47., 4., 2., 6., 45.,
       98., 75., 39., 12., 7., 2., 2., 17., 26., 82., 114., 16., 95.,
       61., 25., 13., 10., 30., 8., 18., 60., 96., 51., 10., 7., 30.,
       26., 25., 75., 46., 9., 2., 2., 10., 9., 4., 23., 47., 8., 5., 5.,
       8., 9., 6., 8., 20., 41., 119., 16., 0., 1., 84., 66., 46., 30.,
       62., 6., 1., 1., 55., 52., 52., 34., 88., 11., 1., 9., 79., 46.,
       7., 1., 7., 3., 0., 6., 9., 4., 2., 2., 120., 30., 0., 1., 120.,
       30., 2., 5., 114., 33., 6., 21., 72., 47., 4., 8., 118., 108., 7.,
       17., 113., 111., 2., 1., 11., 7., 1., 6., 11., 7., 2., 3., 120.,
       51., 17., 6., 120., 8., 0., 0., 64., 48., 59., 64., 52., 12., 1.,
       1., 69., 120., 38., 21., 82., 42., 1., 1., 9., 44., 56., 43., 2.,
       0., 0., 0., 9., 31., 26., 6., 5., 0., 7., 12., 6., 17., 71., 28.,
       3., 9., 28., 14., 2., 21., 23., 12., 2., 8., 24., 21., 1., 12.,
       33., 11., 9., 18., 32., 30., 31., 2., 2., 6., 26., 88., 37., 13.,
       5., 4., 8., 2., 6., 16., 25., 7., 2., 24., 27., 9., 7., 15., 10.,
       0., 0., 3., 13., 22., 14., 7., 8., 34., 115., 15., 1., 7., 115.,
       67., 16., 31., 58., 8., 1., 17., 45., 43., 70., 115., 60., 0., 0.,
       7., 64., 85., 37., 9., 1., 0., 0., 19., 20., 1., 3., 90., 115.,
       23., 4., 16., 115., 20., 9., 62., 64., 8., 6., 59., 107., 10., 8.,
       115., 99., 0., 1., 77., 115., 7., 2., 7., 11., 7., 2., 97., 10.,
       0., 0., 9., 42., 81., 40., 22., 29., 2., 0., 27., 75., 41., 42.,
       52., 110., 0., 0., 21., 58., 14., 21., 115., 54., 1., 5., 8., 3.,
       4., 1., 41., 9., 10., 17., 22., 35., 28., 15., 11., 57., 41., 27.,
       15., 10., 7., 12., 37., 7., 11., 48., 77., 53., 8., 1., 5., 7.,
       37., 108., 9., 4., 12., 12., 9., 13., 13., 53., 104., 59., 4., 3.,
       2., 108., 85., 79., 31., 19., 3., 2., 11., 18., 12., 39., 108.,
       108., 67., 5., 1., 39., 40., 97., 26., 13., 38., 23., 24., 21.,
       4., 2., 40., 108., 22., 14., 23., 108., 8., 3., 18., 25., 11.,
       15., 96., 14., 5., 30., 88., 80., 52., 73., 15., 29., 15., 33.,
       18., 4., 7., 108., 60., 59., 5., 2., 28., 50., 1., 2., 13., 76.,
       4., 1., 28., 37., 8., 3., 38., 0., 11., 103., 72., 49., 43., 48.,
       4., 19., 62., 108., 2., 0., 7., 54., 19., 19., 6., 7., 20., 126.,
       50., 4., 10., 126., 33., 5., 2., 19., 19., 4., 33., 50., 3., 0.,
       1., 32., 30., 1., 7., 18., 4., 3., 12., 34., 25., 3., 4., 14.,
       15., 64., 115., 93., 71., 5., 5., 126., 107., 40., 9., 11., 13.,
       4., 16., 86., 10., 0., 0., 48., 40., 2., 6., 30., 3., 2., 7., 63.,
       34., 2., 4., 14., 2., 2., 34., 126., 113., 66., 39., 126., 10.,
       1., 5., 14., 10., 69., 126., 88., 2., 0., 0., 48., 48., 3., 27.,
       34., 1., 0., 2., 52., 52., 6., 9., 11., 2., 1., 17., 35., 49.,
       111., 30., 19., 34., 60., 54., 15., 4., 81., 74., 37., 39., 13.,
       1., 31., 36., 3., 19., 37., 0., 0., 0., 13., 30., 16., 14., 2.,
       1., 1., 0., 6., 108., 40., 6., 130., 29., 2., 1., 5., 30., 5., 2.,
       161., 61., 0., 0., 0., 0., 0., 1., 24., 11., 0., 0., 0., 0., 0.,
       0., 0., 0., 0., 0., 0., 161., 84., 0., 91., 6., 0., 0., 1., 161.,
       83., 15., 161., 45., 0., 0., 0., 12., 16., 25., 47., 15., 0., 0.,
       0., 0., 0., 0., 0., 4., 1., 0., 0., 74., 21., 0., 11., 1., 0., 0.,
       0., 161., 126., 16., 147., 5., 0., 0., 0., 40., 91., 110., 37.,
