%YAML:1.0
---
mat: !!opencv-matrix
   rows: 28
   cols: 128
   dt: f
   data: [ 82., 63., 6., 1., 10., 20., 28., 29., 108., 10., 0., 0., 0.,
       11., 55., 53., 114., 6., 0., 0., 0., 0., 9., 89., 27., 3., 0., 0.,
       0., 8., 28., 28., 75., 28., 7., 3., 22., 113., 101., 61., 114.,
       59., 7., 2., 3., 11., 36., 102., 85., 8., 0., 0., 0., 8., 50.,
       114., 43., 10., 0., 0., 0., 8., 22., 16., 3., 4., 2., 2., 18.,
       114., 112., 13., 114., 64., 5., 2., 12., 78., 79., 67., 114., 60.,
       0., 0., 0., 7., 22., 44., 9., 0., 0., 1., 1., 5., 31., 20., 0.,
       0., 0., 0., 1., 45., 46., 19., 16., 5., 1., 0., 8., 113., 87.,
       51., 52., 6., 0., 1., 2., 3., 22., 94., 1., 0., 0., 3., 4., 0.,
       2., 3., 8., 19., 77., 49., 32., 1., 4., 6., 103., 113., 90., 30.,
       16., 0., 0., 1., 49., 25., 6., 41., 26., 0., 0., 1., 10., 58.,
       66., 69., 32., 2., 0., 0., 14., 5., 26., 86., 103., 31., 10., 5.,
       131., 34., 7., 34., 53., 13., 1., 12., 112., 8., 2., 69., 78.,
       12., 2., 4., 35., 48., 11., 36., 97., 113., 7., 3., 6., 8., 6.,
       12., 52., 69., 43., 28., 131., 8., 1., 5., 26., 39., 76., 128.,
       60., 9., 4., 45., 22., 16., 39., 42., 17., 4., 0., 3., 42., 125.,
       33., 33., 2., 1., 1., 0., 2., 24., 55., 81., 5., 0., 0., 0., 0.,
       3., 67., 82., 4., 0., 0., 0., 1., 6., 47., 27., 2., 0., 0., 0.,
       1., 19., 30., 16., 5., 15., 21., 27., 21., 9., 116., 33., 70.,
       42., 14., 14., 8., 6., 31., 56., 10., 2., 30., 43., 30., 89., 17.,
       5., 61., 8., 23., 20., 17., 62., 28., 28., 20., 72., 104., 39.,
       25., 9., 9., 5., 116., 66., 39., 11., 19., 17., 18., 27., 26., 4.,
       43., 74., 63., 74., 99., 9., 44., 13., 40., 24., 7., 10., 116.,
       74., 11., 46., 97., 36., 7., 9., 116., 46., 116., 75., 50., 0.,
       1., 3., 98., 116., 47., 3., 0., 0., 2., 25., 80., 29., 0., 0., 0.,
       0., 4., 5., 85., 23., 2., 31., 38., 5., 2., 5., 116., 27., 11.,
       33., 36., 1., 0., 0., 83., 58., 6., 5., 0., 0., 0., 0., 9., 15.,
       0., 0., 0., 0., 3., 2., 7., 3., 13., 7., 8., 16., 137., 29., 1.,
       1., 137., 75., 24., 24., 46., 4., 5., 10., 43., 37., 49., 60., 9.,
       24., 19., 10., 44., 15., 4., 1., 1., 10., 39., 31., 12., 2., 0.,
       1., 137., 27., 0., 1., 137., 34., 5., 8., 94., 25., 17., 40., 88.,
       20., 15., 25., 12., 68., 85., 55., 67., 20., 36., 32., 1., 1.,
       10., 24., 6., 0., 0., 10., 137., 44., 16., 2., 137., 35., 4., 0.,
       71., 31., 52., 51., 49., 27., 28., 42., 14., 21., 46., 17., 26.,
       15., 24., 88., 26., 16., 40., 25., 0., 0., 0., 2., 31., 50., 54.,
       1., 13., 3., 1., 0., 5., 19., 137., 39., 5., 3., 8., 5., 3., 5.,
       88., 12., 2., 0., 3., 3., 5., 11., 81., 17., 1., 5., 62., 39.,
       16., 2., 0., 1., 6., 24., 124., 62., 4., 0., 2., 1., 9., 7., 35.,
       108., 9., 4., 13., 16., 46., 43., 30., 7., 1., 0., 1., 19., 7.,
       4., 25., 65., 133., 10., 2., 3., 133., 54., 73., 43., 51., 1.,
       11., 37., 32., 14., 32., 29., 16., 49., 49., 29., 31., 51., 31.,
       8., 13., 41., 28., 21., 18., 1., 0., 62., 133., 1., 0., 4., 133.,
       37., 20., 32., 67., 13., 8., 51., 85., 45., 81., 59., 13., 38.,
       19., 30., 67., 14., 7., 1., 1., 17., 50., 39., 30., 0., 0., 48.,
       133., 10., 4., 13., 133., 7., 2., 5., 28., 27., 18., 87., 39., 5.,
       10., 20., 5., 69., 60., 49., 36., 18., 43., 21., 0., 0., 5., 22.,
       108., 51., 0., 0., 0., 0., 0., 25., 131., 120., 0., 0., 0., 0.,
       0., 33., 131., 70., 0., 0., 0., 0., 0., 13., 16., 3., 0., 0., 0.,
       0., 0., 3., 85., 17., 9., 3., 0., 0., 1., 131., 131., 75., 14.,
       3., 0., 0., 2., 131., 131., 20., 0., 0., 0., 0., 1., 131., 14.,
       1., 0., 0., 0., 0., 0., 15., 106., 47., 14., 14., 14., 9., 7.,
       24., 131., 104., 24., 12., 10., 9., 13., 96., 131., 40., 16., 0.,
       0., 0., 0., 40., 3., 3., 7., 0., 0., 0., 0., 4., 34., 28., 0., 0.,
       1., 3., 4., 8., 94., 12., 0., 0., 0., 2., 7., 55., 37., 37., 30.,
       0., 0., 0., 0., 3., 0., 3., 12., 0., 0., 0., 0., 0., 28., 28.,
       59., 14., 0., 8., 16., 37., 10., 63., 74., 12., 0., 11., 38., 26.,
       5., 18., 52., 15., 10., 31., 21., 22., 33., 32., 62., 14., 2., 6.,
       12., 23., 9., 100., 87., 69., 45., 13., 0., 2., 117., 117., 73.,
       59., 10., 5., 3., 10., 56., 25., 40., 44., 42., 33., 13., 7., 60.,
       42., 62., 96., 48., 7., 1., 2., 10., 15., 3., 8., 52., 77., 117.,
       29., 117., 9., 2., 9., 10., 23., 91., 117., 66., 4., 2., 37., 83.,
       52., 14., 21., 53., 2., 1., 17., 50., 56., 60., 54., 5., 6., 1.,
       0., 1., 18., 111., 16., 15., 1., 0., 0., 0., 5., 93., 80., 6., 0.,
       0., 0., 7., 61., 52., 29., 2., 0., 0., 0., 1., 12., 74., 81., 12.,
       7., 11., 75., 94., 30., 14., 5., 110., 53., 5., 6., 22., 13., 11.,
       35., 64., 6., 0., 0., 37., 26., 1., 16., 27., 4., 2., 5., 51.,
       24., 2., 8., 4., 4., 9., 39., 28., 91., 110., 4., 84., 49., 20.,
       14., 9., 42., 110., 87., 69., 10., 1., 0., 40., 39., 4., 38., 39.,
       2., 0., 2., 86., 42., 3., 12., 13., 1., 18., 85., 86., 45., 28.,
       6., 98., 106., 100., 83., 38., 39., 33., 37., 104., 34., 2., 0.,
       34., 34., 2., 27., 40., 0., 0., 0., 34., 58., 37., 17., 8., 1.,
       11., 20., 43., 103., 17., 6., 97., 10., 15., 19., 28., 110., 58.,
       55., 110., 3., 0., 0., 23., 25., 3., 31., 51., 0., 0., 0., 1., 8.,
       25., 19., 10., 16., 34., 52., 111., 18., 0., 0., 61., 62., 58.,
       32., 58., 6., 1., 0., 71., 72., 58., 28., 68., 9., 1., 7., 68.,
       38., 3., 1., 17., 6., 0., 2., 19., 7., 1., 3., 122., 45., 0., 2.,
       122., 42., 4., 6., 89., 43., 8., 26., 85., 66., 4., 6., 104.,
       111., 8., 14., 108., 110., 2., 2., 14., 5., 1., 3., 16., 7., 1.,
       3., 122., 61., 21., 7., 122., 12., 0., 0., 51., 46., 55., 66.,
       45., 17., 0., 1., 64., 122., 56., 23., 75., 48., 1., 2., 6., 29.,
       59., 42., 3., 0., 0., 1., 12., 40., 36., 6., 6., 0., 1., 1., 3.,
       17., 82., 32., 3., 0., 6., 17., 11., 21., 30., 13., 2., 15., 25.,
       13., 3., 8., 33., 10., 14., 19., 27., 21., 27., 4., 2., 11., 19.,
       90., 43., 15., 8., 6., 10., 3., 10., 24., 25., 6., 0., 1., 7.,
       11., 4., 17., 10., 0., 1., 9., 7., 2., 9., 4., 6., 31., 115., 11.,
       2., 11., 115., 75., 20., 33., 79., 6., 1., 18., 51., 42., 67.,
       106., 56., 0., 0., 6., 61., 96., 47., 13., 2., 0., 0., 19., 11.,
       0., 1., 87., 115., 19., 3., 11., 115., 21., 9., 55., 66., 11., 6.,
       63., 89., 13., 11., 115., 94., 2., 1., 62., 115., 10., 3., 10.,
       11., 5., 1., 115., 6., 0., 0., 8., 48., 82., 34., 15., 28., 1.,
       1., 20., 61., 49., 48., 56., 95., 0., 0., 21., 71., 19., 24.,
       110., 71., 1., 6., 7., 2., 4., 1., 58., 3., 0., 0., 0., 57., 58.,
       2., 1., 56., 33., 1., 6., 117., 124., 7., 6., 107., 124., 16.,
       14., 21., 11., 3., 8., 19., 11., 10., 38., 124., 11., 1., 1., 7.,
       2., 0., 6., 51., 13., 0., 0., 24., 9., 4., 81., 124., 82., 5., 3.,
       124., 59., 9., 22., 28., 20., 14., 59., 26., 9., 5., 13., 124.,
       76., 13., 17., 14., 6., 0., 1., 25., 15., 0., 2., 12., 1., 1., 8.,
       96., 124., 68., 7., 121., 33., 4., 4., 9., 51., 124., 61., 14.,
       13., 5., 11., 82., 56., 75., 18., 7., 0., 0., 0., 0., 2., 1., 7.,
       2., 0., 0., 0., 0., 26., 30., 3., 2., 0., 0., 0., 0., 10., 85.,
       14., 1., 0., 0., 0., 0., 6., 59., 14., 7., 9., 15., 73., 84., 0.,
       0., 0., 96., 78., 54., 40., 37., 0., 0., 1., 69., 37., 11., 60.,
       53., 0., 0., 0., 42., 10., 3., 59., 112., 30., 4., 0., 7., 6., 3.,
       74., 115., 2., 1., 1., 115., 17., 3., 32., 61., 3., 2., 25., 104.,
       18., 6., 80., 64., 0., 0., 3., 57., 25., 37., 78., 52., 34., 8.,
       1., 6., 4., 5., 67., 110., 10., 3., 4., 115., 23., 6., 26., 36.,
       8., 6., 34., 87., 13., 3., 69., 70., 1., 0., 3., 45., 13., 25.,
       84., 115., 31., 1., 2., 4., 4., 8., 41., 53., 21., 15., 8., 56.,
