%YAML:1.0
---
mat: !!opencv-matrix
   rows: 28
   cols: 128
   dt: f
   data: [ 1., 5., 41., 24., 5., 0., 0., 0., 1., 13., 85., 57., 7., 0.,
       1., 0., 18., 16., 38., 94., 18., 3., 9., 18., 46., 48., 27., 3.,
       0., 0., 1., 13., 8., 8., 35., 53., 137., 20., 2., 6., 137., 59.,
       91., 48., 65., 2., 13., 30., 30., 14., 34., 27., 19., 60., 57.,
       29., 60., 63., 34., 6., 11., 40., 25., 33., 15., 1., 0., 16.,
       137., 3., 0., 2., 137., 29., 13., 23., 122., 7., 6., 22., 86.,
       40., 69., 59., 18., 35., 29., 29., 65., 14., 9., 1., 2., 14., 34.,
       54., 14., 0., 0., 23., 137., 7., 3., 3., 137., 10., 2., 5., 77.,
       14., 16., 46., 47., 8., 16., 26., 6., 40., 66., 38., 37., 25.,
       43., 45., 1., 1., 6., 17., 1., 2., 21., 44., 77., 4., 0., 0., 90.,
       83., 87., 41., 43., 0., 0., 3., 58., 27., 5., 2., 0., 0., 0., 5.,
       0., 0., 15., 10., 1., 0., 0., 0., 2., 1., 1., 13., 130., 6., 0.,
       1., 130., 24., 5., 14., 130., 1., 0., 7., 123., 13., 32., 65., 4.,
       0., 0., 6., 4., 3., 90., 130., 18., 2., 1., 4., 1., 1., 0., 9.,
       130., 49., 16., 2., 130., 15., 6., 8., 89., 50., 87., 62., 44.,
       14., 52., 96., 18., 23., 61., 22., 15., 2., 20., 71., 34., 57.,
       93., 43., 0., 3., 17., 0., 9., 25., 16., 0., 1., 3., 14., 0., 2.,
       21., 96., 16., 1., 1., 13., 1., 2., 12., 94., 17., 0., 1., 9., 0.,
       0., 23., 75., 14., 6., 8., 10., 43., 107., 102., 80., 5., 109.,
       29., 4., 7., 8., 27., 83., 109., 53., 4., 2., 28., 62., 73., 34.,
       43., 72., 4., 1., 5., 8., 9., 24., 61., 6., 63., 109., 42., 24.,
       34., 40., 1., 109., 46., 31., 16., 12., 14., 46., 60., 49., 21.,
       17., 69., 99., 26., 13., 25., 59., 37., 8., 8., 7., 4., 10., 27.,
       21., 47., 45., 19., 38., 67., 109., 32., 109., 55., 17., 23., 13.,
       18., 59., 87., 43., 7., 23., 70., 49., 34., 46., 32., 86., 4., 1.,
       1., 2., 2., 6., 34., 20., 70., 85., 29., 4., 10., 58., 26., 37.,
       61., 10., 0., 2., 15., 39., 40., 3., 3., 9., 12., 8., 28., 65.,
       14., 26., 10., 2., 14., 7., 2., 10., 11., 5., 20., 56., 30., 2.,
       15., 55., 16., 21., 56., 82., 28., 1., 5., 18., 23., 3., 16., 74.,
       29., 5., 9., 26., 7., 5., 15., 64., 34., 10., 24., 11., 8., 10.,
       88., 70., 79., 70., 17., 0., 2., 115., 93., 69., 67., 32., 7., 4.,
       10., 66., 21., 29., 41., 48., 48., 19., 8., 38., 24., 40., 91.,
       82., 10., 2., 2., 10., 11., 1., 6., 67., 98., 113., 22., 115., 6.,
       1., 6., 21., 40., 97., 111., 71., 4., 1., 42., 91., 50., 9., 22.,
       28., 1., 0., 16., 72., 57., 44., 36., 0., 1., 1., 1., 1., 35.,
       107., 2., 5., 0., 0., 0., 1., 13., 113., 49., 2., 0., 0., 0., 15.,
       83., 34., 16., 0., 0., 0., 0., 2., 22., 75., 54., 9., 9., 75.,
       108., 58., 33., 28., 3., 108., 67., 58., 25., 25., 5., 26., 39.,
       86., 11., 3., 62., 100., 4., 1., 8., 101., 8., 1., 9., 6., 0., 0.,
       4., 21., 17., 15., 53., 109., 80., 95., 15., 109., 51., 8., 9.,
       23., 27., 61., 98., 59., 12., 6., 24., 59., 68., 58., 52., 53.,
       11., 2., 5., 15., 6., 10., 41., 5., 34., 97., 45., 29., 38., 62.,
       6., 109., 50., 30., 19., 23., 10., 38., 47., 53., 28., 16., 52.,
       89., 22., 9., 15., 63., 24., 4., 2., 3., 3., 4., 13., 9., 25.,
       39., 19., 41., 50., 88., 21., 79., 49., 16., 14., 8., 14., 51.,
       71., 30., 5., 8., 36., 22., 27., 53., 29., 51., 7., 1., 2., 2.,
       1., 6., 17., 21., 37., 20., 18., 86., 61., 1., 1., 75., 109., 11.,
       12., 47., 10., 1., 1., 59., 22., 13., 35., 121., 7., 0., 0., 121.,
       25., 4., 2., 8., 4., 1., 4., 9., 6., 0., 11., 121., 84., 2., 1.,
       121., 70., 6., 14., 61., 26., 3., 13., 90., 13., 3., 11., 121.,
       53., 1., 7., 121., 27., 0., 1., 11., 5., 0., 2., 4., 1., 0., 7.,
       102., 90., 18., 2., 103., 13., 1., 7., 37., 58., 77., 43., 44.,
       7., 1., 5., 106., 74., 74., 28., 121., 16., 0., 0., 7., 11., 38.,
       59., 1., 0., 0., 0., 2., 28., 12., 1., 1., 0., 0., 0., 0., 22.,
       79., 10., 1., 0., 0., 0., 1., 13., 86., 10., 3., 0., 0., 0., 0.,
       1., 40., 26., 1., 3., 43., 32., 12., 0., 0., 0., 3., 36., 92.,
       10., 1., 0., 0., 0., 1., 25., 65., 4., 0., 0., 0., 0., 1., 22.,
       10., 0., 0., 0., 1., 0., 10., 7., 21., 58., 123., 4., 0., 1.,
       123., 62., 54., 34., 48., 4., 0., 14., 33., 62., 80., 53., 82.,
       6., 0., 10., 81., 97., 21., 3., 3., 0., 0., 9., 22., 2., 0., 40.,
       123., 0., 0., 4., 123., 15., 2., 19., 71., 11., 4., 40., 65., 21.,
       4., 32., 123., 38., 3., 28., 123., 35., 1., 2., 4., 1., 0., 38.,
       20., 0., 0., 24., 123., 27., 15., 16., 123., 0., 0., 2., 34., 20.,
       16., 73., 40., 16., 2., 3., 123., 80., 8., 11., 123., 48., 1., 2.,
       9., 8., 5., 10., 9., 8., 22., 35., 115., 16., 0., 1., 97., 58.,
       51., 26., 62., 8., 1., 4., 59., 61., 53., 28., 81., 12., 1., 9.,
       78., 46., 5., 1., 8., 3., 0., 5., 11., 7., 1., 2., 120., 22., 0.,
       2., 120., 37., 1., 6., 120., 26., 5., 18., 85., 48., 4., 9., 116.,
       95., 7., 16., 120., 94., 2., 1., 11., 5., 1., 6., 18., 10., 2.,
       6., 120., 47., 20., 10., 120., 7., 0., 0., 64., 43., 57., 78.,
       53., 13., 1., 1., 71., 120., 42., 26., 90., 43., 1., 1., 9., 31.,
       49., 47., 3., 0., 0., 1., 6., 22., 27., 8., 4., 1., 14., 15., 5.,
       11., 59., 34., 3., 8., 44., 5., 1., 17., 23., 12., 1., 13., 17.,
       2., 0., 6., 29., 15., 0., 21., 93., 88., 22., 15., 3., 0., 8.,
       78., 109., 5., 5., 90., 51., 3., 55., 41., 15., 5., 4., 39., 85.,
       65., 24., 6., 11., 67., 23., 0., 3., 20., 9., 35., 56., 86., 49.,
       46., 25., 5., 82., 91., 63., 3., 2., 4., 71., 104., 77., 27., 15.,
       83., 12., 1., 11., 76., 19., 2., 15., 109., 31., 1., 1., 22., 11.,
       27., 16., 10., 13., 109., 108., 13., 109., 40., 2., 4., 8., 32.,
       78., 109., 23., 2., 4., 90., 69., 56., 13., 27., 53., 3., 6., 37.,
       11., 13., 19., 65., 30., 34., 23., 17., 3., 13., 13., 22., 39.,
       4., 4., 23., 13., 8., 20., 60., 10., 19., 26., 39., 24., 56., 23.,
       7., 22., 9., 2., 4., 3., 16., 49., 37., 26., 25., 77., 48., 1.,
       1., 55., 83., 63., 49., 20., 6., 26., 16., 7., 35., 14., 22., 2.,
       7., 108., 46., 1., 1., 56., 77., 1., 2., 10., 4., 0., 1., 5., 3.,
       53., 108., 10., 3., 65., 59., 101., 97., 70., 56., 13., 3., 5.,
       30., 27., 25., 4., 5., 108., 57., 16., 4., 48., 44., 4., 3., 16.,
       15., 31., 45., 8., 4., 31., 97., 85., 44., 14., 18., 96., 100.,
       96., 22., 2., 2., 19., 70., 90., 78., 14., 0., 18., 34., 40., 26.,
       6., 8., 18., 22., 35., 22., 54., 32., 0., 0., 5., 14., 64., 85.,
       74., 25., 19., 9., 24., 16., 11., 8., 108., 108., 64., 53., 11.,
       9., 11., 4., 13., 38., 10., 15., 3., 14., 37., 50., 5., 1., 0.,
       37., 69., 23., 0., 0., 9., 0., 3., 9., 105., 50., 2., 1., 10., 0.,
       9., 36., 117., 40., 8., 1., 9., 0., 28., 46., 21., 3., 2., 1., 9.,
       0., 17., 57., 69., 62., 27., 23., 22., 24., 117., 39., 73., 60.,
       50., 18., 2., 16., 117., 41., 36., 45., 117., 13., 0., 7., 117.,
       35., 6., 6., 17., 3., 0., 3., 6., 1., 0., 3., 29., 117., 63., 52.,
       110., 14., 1., 10., 45., 97., 82., 36., 102., 5., 1., 11., 117.,
       55., 57., 49., 117., 2., 0., 0., 7., 8., 10., 46., 1., 1., 11.,
       7., 1., 30., 14., 11., 1., 7., 21., 2., 1., 48., 86., 4., 5., 2.,
       8., 6., 3., 32., 117., 28., 18., 3., 25., 4., 0., 1., 21., 40.,
       0., 1., 21., 40., 18., 3., 25., 4., 3., 32., 117., 28., 5., 2.,
       9., 6., 1., 48., 86., 4., 1., 7., 21., 2., 1., 30., 14., 11., 1.,
       1., 12., 7., 7., 8., 10., 46., 117., 1., 0., 0., 117., 54., 56.,
       49., 102., 5., 1., 11., 45., 97., 82., 36., 110., 14., 1., 10.,
       29., 117., 63., 51., 6., 1., 0., 3., 17., 2., 0., 3., 117., 35.,
       6., 6., 117., 12., 0., 7., 117., 40., 36., 45., 50., 18., 2., 16.,
       117., 39., 73., 60., 28., 23., 22., 24., 17., 57., 68., 61., 2.,
