%YAML:1.0
---
mat: !!opencv-matrix
   rows: 128
   cols: 128
   dt: f
   data: [ 17., 0., 0., 0., 0., 0., 0., 8., 138., 2., 6., 22., 8., 2.,
       4., 119., 22., 15., 94., 121., 17., 13., 42., 55., 39., 74., 48.,
       30., 11., 14., 41., 26., 52., 1., 0., 0., 0., 0., 0., 5., 141.,
       11., 7., 14., 17., 31., 24., 44., 21., 8., 49., 52., 34., 88.,
       141., 27., 42., 27., 49., 8., 13., 27., 111., 100., 36., 9., 1.,
       0., 0., 0., 0., 1., 141., 96., 83., 37., 0., 3., 6., 6., 10., 15.,
       141., 92., 2., 10., 41., 4., 0., 13., 141., 3., 0., 4., 22., 12.,
       2., 4., 0., 0., 0., 0., 1., 0., 6., 28., 37., 13., 0., 0., 0., 0.,
       0., 1., 38., 24., 0., 0., 0., 0., 0., 1., 29., 1., 0., 0., 1., 0.,
       1., 0., 0., 1., 1., 0., 2., 6., 1., 0., 0., 0., 0., 5., 39., 11.,
       0., 0., 0., 0., 1., 13., 28., 0., 0., 0., 0., 0., 0., 3., 4., 0.,
       43., 8., 0., 0., 0., 0., 3., 18., 123., 17., 1., 5., 4., 29.,
       123., 76., 8., 6., 10., 23., 12., 123., 123., 7., 1., 4., 2., 0.,
       2., 120., 70., 1., 64., 7., 0., 0., 0., 0., 0., 16., 123., 16.,
       3., 40., 52., 5., 8., 69., 50., 60., 45., 123., 106., 28., 25.,
       8., 78., 63., 9., 5., 52., 123., 29., 6., 84., 0., 0., 0., 0., 0.,
       0., 44., 123., 1., 5., 27., 73., 26., 2., 89., 32., 17., 9., 29.,
       99., 61., 65., 46., 73., 14., 3., 55., 67., 7., 18., 43., 62.,
       16., 0., 0., 0., 0., 0., 0., 137., 63., 0., 15., 76., 10., 0., 0.,
       12., 27., 40., 51., 137., 28., 1., 2., 90., 119., 25., 5., 15.,
       15., 1., 9., 55., 6., 0., 0., 1., 0., 0., 7., 137., 44., 12., 3.,
       48., 26., 3., 20., 28., 6., 25., 17., 137., 137., 52., 20., 74.,
       9., 24., 56., 9., 11., 42., 94., 33., 17., 2., 0., 0., 0., 0., 5.,
       111., 92., 137., 15., 4., 3., 0., 12., 6., 10., 137., 77., 16.,
       30., 15., 3., 1., 0., 112., 92., 1., 2., 12., 10., 1., 3., 1., 0.,
       0., 0., 0., 0., 1., 7., 27., 2., 0., 0., 0., 0., 0., 0., 29., 6.,
       1., 0., 1., 0., 0., 0., 8., 4., 0., 0., 3., 1., 1., 0., 0., 0.,
       0., 0., 0., 3., 3., 0., 0., 0., 0., 6., 30., 19., 0., 1., 0., 0.,
       0., 13., 41., 1., 0., 0., 1., 1., 0., 0., 34., 2., 27., 0., 1.,
       0., 0., 0., 1., 5., 146., 5., 4., 2., 0., 20., 93., 101., 13., 3.,
       42., 11., 2., 58., 146., 21., 0., 9., 41., 1., 0., 1., 146., 17.,
       41., 2., 1., 0., 1., 0., 0., 1., 146., 38., 23., 36., 19., 4., 6.,
       13., 21., 12., 146., 120., 39., 15., 39., 5., 32., 75., 146., 6.,
       1., 1., 37., 19., 19., 6., 0., 0., 1., 0., 0., 1., 139., 78., 0.,
       5., 22., 20., 2., 0., 16., 28., 12., 16., 47., 95., 85., 12., 36.,
       9., 15., 12., 1., 6., 71., 125., 57., 27., 0., 0., 0., 0., 0., 5.,
       141., 56., 2., 11., 28., 5., 20., 24., 22., 36., 23., 62., 89.,
       20., 31., 5., 40., 53., 8., 6., 32., 58., 23., 6., 73., 5., 0.,
       0., 0., 0., 0., 1., 141., 14., 1., 4., 29., 20., 1., 12., 39.,
       13., 8., 22., 105., 109., 38., 37., 49., 26., 4., 13., 60., 25.,
       24., 64., 75., 0., 0., 0., 0., 0., 0., 1., 141., 12., 1., 21.,
       27., 3., 0., 4., 28., 39., 51., 124., 102., 19., 7., 7., 37.,
       129., 38., 8., 29., 31., 5., 11., 57., 0., 0., 0., 0., 0., 0.,
       10., 141., 5., 1., 4., 43., 8., 2., 29., 18., 8., 6., 22., 141.,
       52., 14., 11., 92., 39., 6., 14., 12., 6., 10., 36., 40., 3., 1.,
       1., 1., 0., 0., 1., 164., 16., 1., 6., 26., 7., 0., 18., 40., 2.,
       1., 48., 164., 28., 0., 5., 62., 0., 0., 7., 50., 1., 0., 3., 51.,
       4., 0., 2., 3., 0., 0., 2., 164., 43., 9., 4., 38., 7., 0., 20.,
       54., 11., 12., 23., 164., 47., 0., 4., 84., 0., 0., 2., 71., 8.,
       0., 3., 18., 15., 1., 2., 6., 3., 0., 0., 107., 164., 107., 11.,
       6., 1., 0., 2., 10., 38., 155., 130., 115., 11., 0., 0., 74., 9.,
       4., 24., 36., 3., 0., 2., 0., 1., 0., 1., 2., 3., 1., 0., 0., 11.,
       16., 1., 0., 1., 2., 1., 1., 3., 26., 11., 2., 0., 0., 0., 14.,
       17., 8., 5., 1., 0., 0., 0., 1., 0., 0., 0., 22., 19., 9., 7., 2.,
       0., 0., 0., 1., 3., 28., 11., 0., 1., 2., 1., 0., 11., 16., 1.,
       2., 2., 1., 0., 0., 1., 0., 1., 39., 2., 0., 7., 78., 6., 3., 23.,
       124., 6., 0., 1., 11., 40., 152., 128., 6., 1., 0., 4., 107.,
       162., 104., 11., 6., 3., 1., 1., 18., 14., 1., 2., 80., 4., 0.,
       9., 74., 0., 0., 4., 162., 24., 0., 10., 60., 11., 11., 30., 32.,
       4., 0., 46., 162., 40., 9., 5., 3., 0., 0., 5., 43., 3., 0., 2.,
       63., 0., 0., 7., 48., 0., 0., 15., 162., 17., 0., 9., 58., 2., 1.,
       65., 16., 4., 0., 32., 162., 5., 1., 4., 2., 0., 0., 2., 27., 1.,
       1., 1., 0., 0., 14., 62., 62., 5., 1., 3., 79., 46., 27., 10., 1.,
       0., 0., 0., 123., 48., 2., 3., 72., 7., 0., 0., 1., 0., 0., 7.,
       123., 16., 0., 0., 1., 1., 0., 2., 82., 111., 12., 0., 91., 9.,
       0., 0., 2., 17., 32., 20., 123., 25., 0., 0., 64., 13., 2., 24.,
       4., 0., 0., 0., 123., 37., 0., 0., 10., 46., 6., 8., 10., 123.,
       55., 0., 17., 8., 25., 22., 3., 50., 123., 51., 88., 40., 12., 1.,
       49., 12., 17., 88., 3., 2., 0., 0., 123., 40., 0., 2., 50., 33.,
       10., 45., 29., 7., 3., 14., 7., 23., 77., 90., 25., 7., 6., 1.,
       95., 108., 30., 3., 22., 3., 1., 2., 14., 8., 0., 1., 123., 28.,
       0., 0., 59., 47., 2., 6., 54., 33., 2., 13., 35., 22., 3., 10.,
       53., 112., 38., 23., 109., 13., 2., 3., 85., 18., 19., 64., 2.,
       0., 0., 2., 115., 11., 0., 1., 96., 51., 4., 38., 71., 3., 0., 9.,
       73., 50., 29., 71., 48., 48., 17., 16., 91., 90., 23., 22., 105.,
       17., 10., 29., 3., 2., 0., 2., 115., 23., 0., 1., 83., 73., 5.,
       42., 21., 1., 0., 5., 56., 94., 52., 12., 51., 76., 14., 15.,
       103., 29., 68., 16., 51., 40., 20., 55., 6., 2., 20., 32., 115.,
       61., 1., 2., 3., 31., 6., 7., 1., 0., 0., 0., 2., 70., 97., 1.,
       1., 2., 1., 1., 4., 17., 115., 15., 3., 1., 1., 2., 0., 1., 54.,
       48., 18., 2., 0., 0., 58., 1., 0., 0., 0., 0., 16., 37., 31., 1.,
       2., 8., 5., 64., 107., 35., 0., 1., 1., 3., 3., 107., 62., 0., 0.,
       0., 0., 0., 3., 30., 4., 0., 107., 1., 0., 1., 3., 1., 1., 72.,
       91., 14., 17., 99., 74., 27., 20., 43., 72., 40., 17., 31., 47.,
       106., 31., 12., 2., 0., 0., 6., 87., 80., 6., 5., 107., 1., 4.,
       20., 10., 2., 1., 107., 36., 23., 25., 56., 95., 47., 36., 44.,
       62., 19., 3., 60., 88., 19., 38., 55., 8., 0., 0., 52., 88., 8.,
       13., 82., 65., 2., 4., 51., 53., 3., 1., 67., 56., 64., 35., 71.,
       38., 5., 6., 16., 62., 38., 2., 20., 106., 22., 6., 18., 42., 0.,
       0., 22., 55., 10., 5., 91., 3., 1., 0., 0., 14., 109., 26., 14.,
       1., 1., 2., 1., 1., 7., 103., 51., 3., 3., 4., 1., 1., 33., 111.,
       9., 0., 1., 5., 1., 8., 46., 35., 0., 45., 12., 1., 6., 57., 94.,
       29., 43., 21., 13., 10., 35., 77., 36., 72., 78., 111., 32., 11.,
       31., 50., 37., 81., 40., 5., 1., 0., 49., 111., 60., 24., 2., 89.,
       28., 12., 76., 36., 5., 1., 13., 72., 30., 15., 20., 55., 87.,
       26., 35., 68., 13., 5., 47., 111., 22., 31., 96., 2., 0., 0., 71.,
       111., 0., 0., 1., 87., 41., 18., 50., 5., 1., 0., 11., 70., 44.,
       23., 25., 37., 18., 6., 26., 44., 25., 9., 49., 111., 4., 4., 25.,
       0., 0., 0., 29., 109., 1., 0., 0., 118., 13., 0., 0., 1., 0., 1.,
       10., 117., 15., 4., 24., 60., 39., 15., 21., 33., 18., 4., 11.,
       85., 56., 19., 25., 18., 0., 0., 5., 67., 31., 13., 84., 118., 2.,
       1., 1., 1., 0., 0., 22., 118., 28., 31., 90., 76., 23., 7., 18.,
       48., 96., 30., 29., 63., 45., 11., 19., 58., 19., 3., 9., 79.,
       41., 9., 44., 118., 39., 14., 1., 3., 1., 0., 30., 76., 31., 69.,
       39., 114., 49., 10., 22., 71., 35., 60., 97., 23., 17., 11., 29.,
       24., 118., 38., 67., 22., 11., 0., 1., 20., 47., 35., 0., 0., 0.,
       1., 1., 4., 27., 118., 17., 5., 2., 4., 0., 0., 1., 93., 63., 1.,
       1., 3., 1., 1., 53., 25., 22., 0., 0., 1., 0., 78., 41., 0., 0.,
