%YAML:1.0
---
mat: !!opencv-matrix
   rows: 111
   cols: 128
   dt: f
   data: [ 20., 0., 0., 0., 0., 0., 0., 7., 140., 2., 5., 25., 10., 4.,
       3., 106., 21., 14., 91., 132., 21., 15., 34., 44., 47., 80., 53.,
       27., 11., 11., 33., 23., 54., 0., 0., 0., 1., 0., 0., 4., 140.,
       13., 10., 12., 15., 33., 25., 45., 16., 7., 60., 43., 27., 91.,
       140., 20., 38., 20., 63., 5., 10., 23., 122., 100., 37., 9., 0.,
       0., 0., 0., 0., 0., 140., 96., 93., 42., 0., 2., 4., 5., 7., 12.,
       140., 91., 0., 8., 28., 3., 1., 14., 140., 2., 0., 2., 16., 8.,
       2., 4., 1., 0., 0., 0., 0., 0., 4., 20., 31., 12., 0., 0., 0., 0.,
       0., 1., 27., 18., 0., 0., 1., 1., 0., 1., 21., 1., 0., 0., 0., 0.,
       1., 0., 0., 1., 2., 1., 2., 5., 1., 0., 0., 0., 0., 5., 38., 12.,
       0., 0., 0., 0., 0., 13., 29., 0., 0., 0., 0., 0., 0., 3., 4., 0.,
       34., 8., 0., 0., 1., 0., 2., 13., 125., 20., 0., 4., 2., 22.,
       125., 79., 12., 5., 9., 25., 12., 125., 125., 10., 1., 5., 3., 1.,
       2., 117., 79., 1., 46., 5., 0., 0., 1., 0., 0., 14., 125., 18.,
       0., 33., 39., 3., 6., 71., 51., 50., 39., 125., 112., 24., 22.,
       9., 83., 74., 14., 7., 37., 113., 32., 5., 70., 0., 0., 0., 0.,
       0., 0., 36., 125., 1., 4., 22., 64., 22., 2., 98., 26., 12., 8.,
       35., 117., 65., 57., 36., 91., 19., 1., 45., 51., 7., 23., 52.,
       27., 21., 0., 0., 0., 0., 0., 1., 139., 67., 0., 8., 30., 2., 9.,
       10., 23., 33., 22., 57., 135., 12., 13., 3., 58., 87., 11., 6.,
       22., 33., 14., 6., 34., 2., 0., 0., 0., 0., 0., 1., 139., 7., 0.,
       2., 26., 14., 1., 5., 45., 7., 8., 18., 126., 110., 45., 23., 59.,
       27., 9., 11., 35., 21., 42., 83., 33., 1., 0., 0., 0., 0., 0., 0.,
       139., 8., 1., 14., 24., 3., 0., 2., 42., 20., 53., 115., 118.,
       21., 10., 5., 29., 137., 58., 10., 16., 21., 10., 13., 26., 0.,
       0., 0., 0., 0., 0., 5., 139., 1., 0., 1., 37., 4., 0., 23., 27.,
       2., 2., 10., 139., 33., 8., 4., 77., 34., 3., 4., 12., 5., 12.,
       29., 53., 3., 1., 0., 0., 0., 0., 1., 163., 10., 0., 6., 31., 8.,
       1., 15., 34., 2., 0., 42., 163., 30., 1., 4., 58., 0., 0., 6.,
       42., 2., 0., 4., 66., 6., 1., 0., 0., 0., 0., 1., 163., 37., 8.,
       4., 45., 7., 0., 15., 46., 9., 9., 18., 163., 48., 0., 4., 78.,
       0., 0., 1., 62., 9., 0., 5., 30., 18., 2., 1., 1., 1., 1., 2.,
       118., 163., 111., 13., 8., 1., 0., 2., 9., 33., 147., 129., 123.,
       14., 0., 0., 73., 9., 3., 22., 34., 4., 0., 1., 2., 2., 0., 0.,
       0., 1., 3., 2., 1., 12., 25., 1., 0., 0., 1., 0., 1., 2., 34.,
       13., 0., 0., 0., 0., 15., 18., 8., 5., 0., 0., 0., 0., 1., 0., 0.,
       0., 24., 20., 9., 6., 0., 0., 0., 0., 1., 3., 35., 13., 0., 0.,
       1., 0., 1., 13., 25., 1., 0., 1., 4., 2., 1., 2., 1., 0., 37., 3.,
       0., 7., 76., 5., 2., 21., 134., 8., 0., 1., 11., 35., 144., 128.,
       8., 0., 0., 4., 118., 161., 110., 12., 1., 1., 1., 3., 31., 16.,
       1., 1., 73., 4., 0., 12., 67., 0., 0., 3., 161., 22., 0., 10.,
       53., 8., 9., 29., 38., 3., 0., 48., 161., 34., 7., 5., 0., 0., 0.,
       4., 56., 5., 1., 0., 59., 1., 0., 8., 43., 0., 0., 16., 161., 17.,
       1., 10., 52., 1., 1., 61., 18., 4., 1., 36., 161., 1., 0., 4., 0.,
       0., 0., 3., 36., 1., 1., 0., 0., 0., 0., 0., 0., 36., 23., 31.,
       2., 2., 2., 1., 1., 0., 95., 74., 6., 4., 1., 0., 10., 36., 119.,
       24., 4., 0., 0., 1., 28., 47., 26., 0., 21., 10., 0., 0., 18.,
       119., 39., 79., 31., 25., 12., 27., 73., 43., 50., 92., 107., 57.,
       9., 16., 106., 32., 51., 38., 4., 1., 0., 17., 119., 26., 6., 0.,
       72., 52., 6., 37., 64., 22., 4., 7., 63., 54., 11., 22., 39., 97.,
       34., 26., 66., 33., 7., 14., 119., 33., 27., 79., 4., 0., 0., 4.,
       119., 8., 1., 0., 64., 31., 11., 84., 27., 0., 0., 4., 85., 65.,
       22., 25., 31., 21., 4., 8., 56., 43., 22., 20., 99., 22., 5., 26.,
       3., 0., 2., 8., 119., 26., 0., 1., 5., 0., 1., 4., 0., 0., 2.,
       40., 12., 9., 3., 0., 1., 11., 58., 119., 3., 6., 2., 0., 32.,
       119., 62., 27., 10., 46., 0., 0., 11., 32., 0., 0., 80., 0., 0.,
       1., 2., 4., 9., 92., 50., 68., 41., 18., 27., 42., 19., 97., 60.,
       90., 21., 2., 44., 119., 16., 18., 3., 5., 0., 0., 37., 119., 2.,
       0., 73., 17., 7., 0., 3., 35., 115., 40., 46., 53., 29., 5., 19.,
       87., 82., 29., 72., 55., 41., 21., 29., 46., 58., 36., 17., 32.,
       22., 8., 36., 119., 8., 2., 6., 119., 42., 1., 12., 29., 23., 2.,
       9., 92., 40., 10., 74., 37., 5., 1., 15., 97., 54., 20., 28., 32.,
       17., 3., 24., 24., 54., 74., 12., 25., 11., 6., 5., 0., 0., 48.,
       9., 0., 0., 34., 55., 0., 2., 4., 6., 0., 2., 118., 37., 5., 20.,
       54., 45., 22., 17., 97., 17., 6., 9., 22., 63., 87., 6., 12., 44.,
       7., 1., 6., 3., 0., 1., 118., 46., 15., 48., 87., 34., 2., 2.,
       118., 70., 43., 49., 53., 57., 18., 32., 28., 12., 1., 1., 97.,
       81., 14., 33., 32., 66., 118., 24., 7., 5., 0., 0., 39., 21., 73.,
       66., 65., 71., 18., 18., 41., 99., 33., 59., 44., 34., 6., 13.,
       65., 24., 4., 6., 56., 64., 9., 29., 68., 0., 44., 13., 0., 0.,
       4., 1., 0., 1., 70., 99., 1., 1., 1., 2., 3., 75., 45., 114., 16.,
       0., 0., 1., 5., 86., 25., 7., 42., 85., 3., 0., 9., 116., 6., 0.,
       2., 8., 0., 0., 13., 116., 11., 5., 26., 47., 32., 16., 28., 37.,
       21., 5., 19., 77., 57., 24., 25., 10., 0., 0., 6., 75., 40., 16.,
       69., 116., 1., 0., 1., 6., 0., 0., 33., 116., 25., 26., 87., 60.,
       23., 6., 30., 45., 91., 30., 32., 72., 43., 14., 24., 51., 9., 2.,
       8., 85., 41., 7., 62., 116., 36., 12., 1., 4., 1., 0., 38., 83.,
       33., 62., 40., 115., 45., 9., 27., 82., 41., 59., 82., 29., 20.,
       11., 30., 41., 111., 32., 60., 32., 14., 0., 3., 20., 49., 32.,
       1., 1., 0., 0., 0., 5., 36., 116., 15., 6., 3., 1., 1., 2., 2.,
       105., 65., 1., 2., 2., 2., 4., 78., 27., 25., 0., 0., 0., 0., 98.,
       30., 0., 0., 0., 0., 0., 4., 140., 91., 8., 11., 68., 20., 7.,
       18., 24., 11., 2., 8., 140., 77., 5., 2., 78., 59., 6., 1., 18.,
       5., 0., 0., 65., 21., 0., 0., 0., 0., 0., 1., 140., 88., 10., 8.,
       18., 27., 21., 68., 28., 12., 10., 28., 140., 140., 27., 29., 14.,
       78., 30., 5., 53., 21., 16., 4., 30., 2., 0., 0., 0., 0., 4., 10.,
       140., 108., 51., 20., 6., 3., 11., 52., 16., 28., 60., 100., 140.,
       48., 24., 6., 2., 4., 1., 3., 30., 24., 114., 19., 0., 0., 0., 0.,
       0., 0., 2., 3., 5., 3., 2., 0., 0., 0., 6., 16., 1., 1., 2., 2.,
       1., 3., 2., 1., 0., 0., 0., 0., 0., 1., 4., 0., 0., 0., 0., 0.,
       0., 4., 48., 15., 29., 0., 0., 0., 2., 19., 31., 16., 106., 5.,
       1., 1., 1., 47., 71., 95., 37., 15., 1., 1., 2., 119., 43., 9.,
       5., 0., 30., 60., 18., 15., 96., 78., 64., 1., 29., 52., 48., 52.,
       47., 10., 119., 23., 15., 26., 8., 15., 7., 24., 12., 22., 82.,
       39., 14., 119., 16., 2., 18., 14., 25., 60., 79., 68., 45., 30.,
       26., 3., 27., 54., 18., 18., 94., 83., 111., 43., 59., 104., 19.,
       7., 16., 12., 2., 17., 108., 111., 18., 1., 0., 0., 4., 65., 107.,
       15., 4., 31., 31., 5., 0., 1., 67., 119., 12., 7., 29., 16., 0.,
       5., 44., 61., 7., 1., 1., 0., 0., 0., 8., 18., 2., 0., 0., 0., 1.,
       1., 5., 1., 0., 0., 0., 1., 13., 0., 8., 1., 0., 0., 7., 87., 4.,
       0., 5., 16., 1., 0., 115., 122., 26., 13., 32., 18., 4., 1., 87.,
       78., 13., 0., 0., 0., 0., 0., 0., 4., 122., 6., 1., 5., 4., 0.,
       1., 122., 53., 3., 13., 122., 74., 0., 20., 106., 7., 55., 98.,
       106., 14., 0., 8., 7., 16., 4., 0., 0., 0., 0., 0., 0., 122., 82.,
       2., 7., 12., 1., 0., 6., 52., 32., 3., 74., 122., 40., 18., 8.,
       6., 6., 3., 20., 26., 11., 58., 113., 2., 2., 0., 0., 0., 1., 0.,
       0., 66., 96., 0., 0., 1., 1., 0., 0., 68., 114., 1., 2., 21., 41.,
       54., 19., 5., 7., 8., 61., 7., 9., 86., 87., 3., 19., 8., 4., 5.,
