%YAML:1.0
---
mat: !!opencv-matrix
   rows: 61
   cols: 128
   dt: f
   data: [ 3., 8., 72., 67., 38., 0., 0., 0., 35., 92., 133., 17., 4.,
       0., 0., 1., 32., 28., 8., 0., 0., 0., 0., 3., 1., 0., 0., 0., 0.,
       0., 1., 1., 15., 6., 27., 70., 133., 11., 0., 1., 133., 73., 41.,
       16., 52., 6., 1., 27., 109., 43., 15., 0., 0., 0., 0., 15., 1.,
       3., 2., 1., 0., 0., 0., 0., 10., 1., 42., 91., 101., 24., 36., 5.,
       133., 63., 45., 11., 34., 13., 40., 23., 116., 133., 82., 4., 1.,
       3., 6., 23., 31., 13., 1., 0., 0., 0., 1., 3., 0., 0., 2., 4., 8.,
       49., 133., 3., 8., 5., 6., 3., 3., 37., 133., 25., 73., 14., 7.,
       2., 1., 10., 82., 111., 22., 2., 1., 0., 0., 0., 1., 11., 18.,
       127., 127., 17., 10., 17., 13., 6., 35., 127., 76., 4., 0., 0.,
       3., 4., 9., 67., 47., 2., 0., 0., 1., 1., 3., 6., 1., 2., 1., 0.,
       0., 0., 21., 29., 12., 6., 11., 127., 127., 21., 86., 85., 79.,
       71., 29., 76., 59., 33., 127., 119., 65., 24., 3., 5., 8., 16.,
       39., 8., 0., 1., 3., 0., 0., 1., 10., 14., 1., 0., 1., 67., 53.,
       2., 16., 2., 1., 10., 21., 127., 127., 20., 127., 6., 1., 3., 2.,
       29., 113., 122., 29., 1., 0., 2., 5., 0., 0., 13., 16., 6., 0.,
       0., 0., 0., 4., 13., 12., 9., 0., 0., 0., 11., 25., 5., 3., 1.,
       0., 0., 1., 4., 31., 16., 0., 0., 0., 2., 8., 0., 1., 3., 0., 0.,
       104., 40., 3., 0., 0., 0., 6., 38., 112., 16., 2., 1., 0., 2., 2.,
       21., 93., 37., 3., 1., 2., 1., 3., 19., 95., 55., 3., 0., 1., 0.,
       11., 3., 75., 46., 67., 93., 22., 1., 112., 46., 75., 15., 32.,
       20., 5., 74., 26., 38., 72., 70., 112., 56., 9., 28., 47., 58.,
       65., 69., 56., 34., 13., 20., 7., 1., 0., 0., 104., 112., 39., 6.,
       112., 12., 0., 0., 40., 51., 68., 98., 30., 2., 0., 0., 90., 112.,
       82., 38., 17., 2., 0., 0., 14., 57., 112., 71., 0., 0., 0., 0.,
       6., 23., 26., 2., 2., 0., 0., 0., 1., 10., 55., 30., 1., 0., 0.,
       0., 1., 13., 32., 8., 0., 0., 0., 0., 3., 5., 33., 6., 3., 30.,
       80., 7., 0., 0., 0., 0., 4., 38., 53., 2., 0., 0., 0., 0., 1.,
       10., 31., 10., 0., 0., 0., 0., 2., 12., 17., 1., 0., 0., 0., 0.,
       48., 77., 103., 51., 37., 11., 4., 16., 111., 103., 71., 32., 16.,
       3., 1., 9., 45., 40., 80., 111., 93., 0., 0., 1., 100., 80., 49.,
       10., 5., 0., 0., 3., 25., 3., 1., 6., 27., 73., 111., 69., 111.,
       11., 12., 38., 25., 53., 79., 69., 54., 13., 15., 111., 110., 35.,
       46., 6., 111., 100., 8., 3., 8., 2., 22., 17., 0., 2., 3., 0., 0.,
       10., 54., 5., 2., 1., 1., 2., 7., 52., 63., 7., 2., 1., 0., 5.,
       8., 65., 111., 3., 22., 14., 1., 0., 0., 11., 106., 43., 2., 0.,
       0., 0., 63., 74., 17., 4., 63., 3., 1., 4., 120., 110., 46., 52.,
       124., 17., 1., 1., 23., 56., 18., 62., 49., 1., 0., 0., 30., 93.,
       82., 65., 17., 2., 0., 1., 31., 60., 28., 11., 18., 18., 15., 75.,
       124., 124., 39., 16., 124., 86., 17., 23., 12., 13., 21., 52.,
       46., 3., 0., 0., 0., 10., 55., 35., 54., 6., 0., 0., 16., 30., 9.,
       13., 6., 2., 1., 9., 88., 124., 124., 24., 103., 6., 1., 3., 5.,
       23., 124., 124., 26., 0., 0., 0., 0., 0., 7., 34., 47., 21., 0.,
       0., 1., 2., 1., 8., 0., 0., 0., 0., 1., 13., 32., 6., 0., 0., 0.,
       0., 0., 2., 34., 14., 3., 0., 0., 0., 0., 0., 3., 6., 40., 42.,
       43., 0., 0., 0., 93., 103., 78., 38., 49., 1., 0., 0., 5., 43.,
       14., 35., 22., 0., 0., 0., 0., 0., 3., 8., 3., 0., 0., 0., 0., 0.,
       23., 124., 124., 7., 1., 4., 30., 30., 22., 71., 124., 53., 20.,
       30., 15., 18., 124., 124., 97., 4., 1., 3., 6., 25., 34., 13., 0.,
       0., 0., 0., 0., 3., 32., 29., 11., 1., 1., 16., 124., 120., 24.,
       11., 11., 11., 16., 97., 124., 112., 124., 21., 5., 1., 1., 10.,
       97., 124., 34., 2., 0., 0., 0., 0., 1., 14., 21., 10., 13., 1.,
       0., 0., 32., 40., 22., 14., 34., 1., 0., 2., 35., 34., 6., 15.,
       34., 1., 0., 0., 20., 26., 3., 7., 22., 4., 0., 0., 1., 2., 0.,
       2., 9., 8., 1., 0., 0., 0., 0., 5., 33., 17., 0., 0., 0., 0., 1.,
       19., 30., 1., 0., 0., 0., 0., 1., 3., 8., 3., 2., 0., 0., 0., 0.,
       6., 30., 36., 17., 0., 0., 0., 7., 33., 123., 123., 80., 3., 2.,
       4., 103., 123., 120., 20., 4., 1., 2., 12., 25., 22., 4., 11., 9.,
       0., 0., 1., 45., 89., 62., 51., 49., 0., 0., 0., 19., 26., 26.,
       115., 123., 33., 30., 42., 123., 77., 15., 7., 6., 6., 21., 123.,
       36., 19., 15., 34., 39., 0., 0., 4., 123., 32., 8., 79., 44., 0.,
       0., 3., 63., 41., 40., 123., 63., 2., 2., 26., 123., 92., 14., 2.,
       0., 0., 1., 36., 9., 20., 21., 42., 50., 3., 0., 0., 13., 144.,
       144., 2., 0., 11., 9., 0., 56., 144., 10., 0., 0., 0., 0., 2.,
       20., 6., 0., 0., 0., 0., 0., 6., 5., 0., 0., 0., 1., 1., 0., 2.,
       55., 94., 23., 8., 13., 109., 60., 24., 144., 144., 1., 0., 0.,
       3., 11., 35., 80., 16., 0., 0., 0., 0., 1., 6., 5., 0., 0., 0.,
       1., 1., 0., 3., 30., 18., 24., 21., 8., 17., 82., 77., 144., 15.,
       1., 0., 0., 1., 22., 144., 88., 2., 0., 0., 0., 0., 1., 22., 4.,
       0., 0., 0., 1., 1., 0., 3., 9., 0., 0., 0., 0., 2., 96., 141.,
       33., 2., 0., 0., 0., 0., 24., 144., 14., 3., 1., 1., 0., 0., 0.,
       13., 5., 0., 0., 0., 0., 1., 0., 2., 3., 6., 71., 16., 0., 0., 0.,
       0., 7., 43., 71., 10., 1., 0., 0., 0., 5., 21., 71., 29., 3., 0.,
       0., 0., 2., 21., 82., 7., 0., 0., 0., 0., 8., 11., 86., 94., 65.,
       13., 1., 1., 116., 99., 79., 48., 40., 5., 1., 10., 55., 47., 70.,
       84., 116., 14., 1., 9., 45., 67., 95., 46., 18., 9., 2., 10., 7.,
       1., 0., 24., 64., 68., 104., 15., 116., 4., 0., 5., 33., 38., 85.,
       116., 47., 3., 0., 2., 116., 100., 79., 57., 32., 5., 1., 6., 16.,
       59., 109., 70., 2., 0., 0., 0., 1., 11., 76., 10., 7., 1., 0., 0.,
       0., 5., 60., 50., 2., 1., 2., 0., 1., 19., 53., 17., 0., 1., 2.,
       0., 0., 7., 60., 10., 103., 118., 59., 1., 0., 5., 12., 22., 147.,
       147., 1., 0., 0., 0., 0., 3., 20., 11., 0., 0., 0., 1., 2., 3.,
       1., 0., 0., 0., 0., 0., 4., 4., 82., 11., 3., 0., 0., 54., 121.,
       57., 147., 71., 0., 0., 0., 2., 12., 43., 80., 12., 0., 0., 0.,
       0., 2., 10., 1., 1., 1., 0., 0., 1., 2., 3., 8., 5., 58., 19., 2.,
       59., 117., 28., 147., 40., 22., 4., 1., 6., 34., 75., 91., 7., 1.,
       0., 0., 0., 1., 6., 0., 0., 3., 1., 1., 2., 1., 0., 18., 23.,
       147., 38., 1., 2., 26., 15., 147., 84., 55., 7., 0., 0., 3., 51.,
       78., 4., 0., 0., 0., 0., 1., 14., 0., 0., 0., 0., 1., 4., 2., 1.,
       75., 34., 2., 0., 0., 2., 77., 56., 163., 67., 0., 0., 0., 1., 6.,
       18., 74., 12., 0., 0., 1., 3., 0., 1., 0., 0., 0., 0., 2., 6., 1.,
       0., 54., 101., 92., 4., 2., 5., 24., 19., 163., 88., 22., 1., 0.,
       1., 4., 13., 135., 11., 0., 0., 1., 1., 0., 3., 0., 0., 0., 0.,
       3., 4., 0., 0., 46., 28., 24., 0., 3., 28., 46., 105., 163., 18.,
       4., 0., 0., 0., 3., 136., 127., 1., 0., 0., 1., 0., 0., 17., 1.,
       0., 0., 0., 3., 3., 1., 0., 46., 0., 0., 0., 4., 40., 25., 67.,
       163., 0., 0., 0., 0., 0., 1., 123., 54., 0., 0., 0., 0., 0., 1.,
       20., 0., 0., 0., 0., 1., 1., 2., 2., 51., 19., 1., 0., 0., 0.,
       41., 40., 109., 44., 4., 1., 0., 2., 63., 57., 146., 65., 0., 0.,
       0., 0., 1., 7., 24., 6., 0., 0., 0., 3., 0., 0., 52., 66., 18.,
       0., 4., 49., 25., 10., 74., 103., 108., 5., 1., 5., 20., 22.,
       146., 84., 11., 1., 0., 0., 1., 9., 57., 6., 0., 0., 1., 1., 0.,
       1., 3., 6., 5., 0., 10., 146., 35., 14., 76., 22., 19., 0., 1.,
       23., 44., 125., 146., 11., 1., 0., 0., 0., 1., 90., 60., 1., 0.,
       0., 1., 0., 0., 6., 1., 0., 0., 0., 12., 122., 21., 9., 61., 0.,
       0., 0., 2., 43., 26., 69., 146., 0., 0., 0., 0., 0., 0., 87., 27.,
       0., 0., 0., 0., 0., 1., 9., 4., 4., 1., 2., 93., 104., 9., 1.,
       130., 94., 1., 0., 18., 11., 1., 8., 130., 113., 0., 0., 0., 0.,
