%YAML:1.0
---
mat: !!opencv-matrix
   rows: 39
   cols: 128
   dt: f
   data: [ 3., 0., 0., 10., 55., 27., 11., 9., 34., 47., 54., 72., 112.,
       53., 15., 11., 136., 85., 18., 3., 4., 7., 3., 13., 16., 1., 0.,
       0., 55., 36., 1., 2., 11., 0., 0., 0., 52., 37., 3., 14., 44.,
       20., 5., 15., 136., 135., 13., 16., 136., 67., 4., 5., 16., 12.,
       7., 35., 35., 2., 0., 0., 42., 47., 19., 10., 6., 0., 0., 0., 36.,
       15., 7., 23., 17., 10., 5., 23., 136., 105., 16., 24., 136., 53.,
       5., 6., 17., 20., 15., 95., 44., 6., 0., 0., 0., 11., 21., 12.,
       2., 0., 0., 0., 23., 10., 6., 11., 4., 7., 4., 21., 136., 87.,
       44., 22., 87., 37., 4., 6., 9., 12., 46., 127., 29., 4., 0., 0.,
       0., 0., 1., 16., 0., 1., 4., 6., 12., 0., 0., 0., 1., 1., 34.,
       105., 108., 18., 2., 1., 99., 71., 84., 48., 20., 12., 6., 36.,
       58., 26., 7., 4., 0., 0., 0., 7., 12., 36., 25., 19., 24., 0., 0.,
       0., 13., 13., 18., 141., 141., 20., 3., 3., 141., 47., 20., 36.,
       26., 13., 8., 63., 65., 6., 8., 19., 0., 0., 0., 13., 66., 24.,
       5., 17., 45., 0., 0., 4., 28., 15., 10., 89., 141., 24., 6., 11.,
       141., 61., 10., 16., 25., 8., 6., 40., 46., 10., 6., 24., 4., 0.,
       0., 1., 47., 18., 2., 9., 34., 3., 0., 1., 13., 8., 8., 38., 141.,
       85., 38., 17., 141., 39., 9., 7., 9., 16., 35., 79., 29., 9., 5.,
       12., 3., 0., 0., 2., 1., 6., 81., 19., 0., 0., 0., 0., 5., 44.,
       74., 10., 1., 0., 0., 0., 2., 21., 68., 26., 3., 0., 0., 0., 2.,
       26., 62., 4., 0., 0., 0., 0., 10., 14., 72., 105., 65., 10., 1.,
       1., 115., 103., 65., 38., 41., 5., 1., 7., 50., 51., 71., 84.,
       115., 9., 1., 3., 48., 78., 94., 45., 22., 4., 1., 5., 9., 1., 1.,
       21., 57., 72., 113., 13., 115., 6., 1., 3., 36., 33., 87., 107.,
       46., 4., 1., 3., 115., 97., 79., 42., 46., 6., 1., 6., 22., 44.,
       101., 63., 1., 0., 0., 0., 0., 11., 87., 5., 4., 0., 0., 0., 0.,
       6., 71., 38., 2., 0., 0., 0., 2., 28., 69., 14., 1., 0., 0., 0.,
       0., 7., 79., 15., 0., 9., 84., 14., 1., 0., 0., 0., 2., 30., 73.,
       13., 2., 0., 0., 0., 1., 7., 68., 35., 3., 0., 0., 0., 0., 11.,
       82., 5., 1., 0., 0., 0., 24., 44., 96., 61., 48., 7., 2., 7.,
       116., 93., 79., 41., 45., 4., 1., 5., 38., 33., 88., 110., 116.,
       4., 1., 3., 54., 75., 116., 14., 9., 1., 1., 20., 20., 3., 1., 4.,
       47., 81., 98., 44., 116., 6., 1., 3., 51., 51., 71., 87., 40., 5.,
       2., 9., 116., 100., 64., 38., 66., 11., 1., 2., 10., 13., 69.,
       104., 0., 0., 0., 0., 2., 25., 57., 3., 2., 0., 0., 0., 3., 21.,
       65., 24., 1., 0., 0., 0., 6., 47., 77., 9., 0., 0., 0., 0., 1.,
       7., 84., 19., 17., 26., 82., 4., 0., 1., 8., 5., 132., 128., 19.,
       0., 0., 0., 0., 1., 43., 19., 1., 1., 0., 0., 0., 1., 1., 1., 2.,
       2., 2., 1., 0., 1., 34., 59., 147., 16., 0., 0., 0., 3., 147.,
       127., 23., 0., 0., 0., 0., 5., 121., 18., 1., 1., 0., 0., 1., 2.,
       0., 0., 1., 1., 1., 3., 3., 1., 63., 14., 17., 5., 0., 0., 19.,
       106., 147., 10., 1., 0., 0., 0., 1., 129., 123., 0., 0., 0., 0.,
       0., 1., 19., 1., 0., 0., 0., 0., 2., 2., 2., 26., 0., 0., 0., 0.,
       0., 20., 147., 147., 0., 0., 0., 0., 0., 1., 147., 46., 0., 0.,
       0., 0., 0., 1., 22., 0., 0., 0., 1., 1., 1., 1., 0., 6., 0., 0.,
       0., 0., 10., 76., 21., 140., 54., 0., 0., 0., 1., 32., 49., 140.,
       78., 0., 0., 1., 1., 0., 2., 4., 1., 0., 0., 6., 5., 1., 0., 3.,
       2., 1., 0., 0., 7., 107., 29., 127., 10., 0., 0., 0., 10., 40.,
       50., 140., 43., 0., 0., 1., 0., 1., 10., 17., 3., 0., 1., 10., 3.,
       1., 0., 2., 109., 80., 1., 0., 11., 45., 3., 67., 46., 45., 1.,
       0., 23., 39., 32., 140., 15., 1., 0., 0., 0., 3., 48., 20., 1.,
       0., 0., 3., 3., 5., 3., 9., 111., 113., 0., 0., 0., 3., 4., 132.,
       140., 87., 0., 0., 0., 1., 33., 140., 27., 3., 0., 0., 0., 0.,
       49., 9., 1., 2., 1., 2., 1., 1., 4., 15., 92., 134., 22., 0., 0.,
       0., 1., 10., 134., 64., 0., 0., 0., 0., 0., 10., 74., 7., 0., 0.,
       0., 0., 0., 7., 6., 0., 0., 0., 0., 0., 0., 92., 54., 51., 15.,
       4., 9., 15., 28., 61., 134., 113., 17., 0., 0., 0., 5., 134.,
       134., 28., 1., 0., 0., 0., 2., 26., 21., 0., 0., 0., 0., 0., 0.,
       12., 18., 42., 15., 59., 28., 22., 13., 110., 31., 75., 15., 1.,
       1., 8., 99., 134., 37., 4., 0., 0., 0., 0., 62., 52., 19., 0., 0.,
       0., 0., 0., 1., 1., 0., 0., 1., 20., 37., 69., 19., 56., 0., 0.,
       0., 0., 2., 33., 134., 134., 2., 0., 0., 0., 0., 0., 91., 33.,
       10., 0., 0., 0., 0., 0., 3., 128., 20., 2., 1., 25., 12., 1., 6.,
       47., 10., 2., 6., 128., 34., 2., 3., 128., 17., 1., 1., 27., 10.,
       1., 6., 23., 4., 1., 4., 118., 39., 3., 7., 128., 20., 5., 1.,
       21., 10., 22., 56., 55., 3., 0., 0., 128., 54., 2., 6., 128., 15.,
       0., 0., 36., 12., 2., 8., 27., 5., 1., 5., 128., 50., 4., 7., 53.,
       32., 5., 3., 19., 10., 26., 54., 32., 1., 0., 0., 128., 59., 1.,
       9., 128., 6., 0., 0., 31., 16., 2., 22., 27., 1., 0., 0., 90.,
       70., 14., 11., 91., 31., 1., 2., 16., 5., 1., 5., 24., 4., 0., 1.,
       128., 36., 1., 4., 128., 19., 0., 1., 27., 9., 1., 8., 30., 2.,
       0., 0., 8., 27., 26., 8., 31., 42., 34., 14., 9., 0., 0., 0., 11.,
       6., 2., 29., 128., 2., 0., 1., 128., 8., 1., 10., 37., 2., 0.,
       11., 34., 2., 1., 17., 86., 6., 0., 2., 128., 37., 8., 18., 18.,
       0., 0., 1., 34., 8., 2., 65., 128., 0., 0., 1., 128., 18., 1.,
       18., 34., 0., 0., 8., 31., 7., 17., 26., 65., 23., 3., 2., 128.,
       16., 2., 10., 25., 3., 1., 19., 45., 5., 2., 41., 128., 0., 0.,
       2., 128., 16., 3., 15., 39., 0., 0., 16., 16., 8., 49., 95., 111.,
       11., 5., 2., 120., 13., 2., 9., 19., 0., 0., 9., 31., 4., 2., 26.,
       128., 4., 2., 7., 128., 11., 2., 7., 36., 2., 1., 14., 17., 7.,
       3., 28., 128., 11., 7., 3., 4., 0., 0., 0., 17., 5., 11., 7., 12.,
       13., 6., 33., 137., 22., 4., 7., 137., 45., 6., 11., 19., 9., 4.,
       33., 19., 1., 0., 0., 54., 36., 3., 11., 6., 0., 0., 2., 42., 17.,
       32., 15., 29., 19., 8., 86., 137., 53., 14., 10., 137., 61., 8.,
       22., 28., 11., 11., 56., 43., 1., 0., 1., 77., 34., 2., 14., 0.,
       0., 0., 0., 20., 44., 37., 6., 9., 5., 6., 19., 117., 137., 102.,
       33., 117., 16., 5., 4., 12., 32., 92., 137., 17., 0., 0., 2., 64.,
       52., 14., 26., 0., 0., 0., 1., 19., 12., 11., 4., 14., 13., 15.,
       48., 133., 29., 10., 5., 125., 44., 14., 11., 14., 8., 8., 31.,
       13., 1., 0., 0., 47., 25., 5., 8., 36., 26., 2., 6., 35., 5., 0.,
       0., 30., 11., 8., 17., 120., 61., 18., 19., 121., 44., 14., 3.,
       3., 5., 9., 31., 5., 12., 16., 4., 0., 0., 0., 0., 41., 68., 14.,
       26., 21., 2., 0., 0., 10., 32., 88., 136., 126., 25., 7., 6.,
       110., 136., 111., 33., 10., 4., 4., 12., 17., 37., 43., 13., 1.,
       0., 0., 0., 71., 45., 3., 11., 37., 2., 0., 0., 23., 14., 11.,
       47., 136., 97., 8., 13., 136., 61., 13., 10., 34., 31., 10., 53.,
       49., 19., 25., 15., 5., 0., 0., 1., 38., 53., 4., 8., 14., 0., 0.,
       0., 13., 14., 3., 19., 134., 60., 5., 5., 136., 37., 5., 11., 26.,
       26., 8., 20., 33., 14., 7., 8., 1., 0., 0., 0., 26., 27., 5., 34.,
       40., 19., 7., 2., 101., 131., 1., 0., 0., 0., 0., 1., 86., 131.,
       3., 0., 0., 0., 0., 0., 38., 69., 10., 4., 7., 2., 2., 1., 41.,
       14., 9., 51., 27., 1., 22., 80., 69., 81., 0., 0., 1., 12., 45.,
       41., 131., 107., 0., 0., 0., 1., 2., 12., 98., 89., 10., 0., 0.,
       0., 1., 2., 93., 85., 59., 9., 4., 1., 15., 54., 38., 55., 105.,
       5., 4., 21., 33., 25., 131., 45., 4., 0., 0., 2., 3., 40., 88.,
       41., 4., 0., 0., 0., 0., 8., 22., 41., 62., 1., 0., 3., 31., 27.,
       73., 60., 79., 0., 0., 0., 16., 77., 131., 63., 3., 0., 0., 0.,
       0., 25., 44., 42., 5., 0., 0., 0., 0., 1., 16., 22., 0., 0., 31.,
