%YAML:1.0
---
mat: !!opencv-matrix
   rows: 61
   cols: 128
   dt: f
   data: [ 33., 1., 0., 0., 0., 0., 1., 9., 28., 0., 0., 0., 0., 7., 77.,
       70., 1., 0., 1., 1., 0., 46., 128., 10., 0., 0., 0., 1., 0., 27.,
       110., 5., 83., 2., 0., 0., 0., 0., 0., 7., 128., 12., 2., 2., 3.,
       12., 48., 114., 30., 6., 4., 8., 40., 106., 128., 52., 12., 0.,
       0., 0., 38., 69., 100., 36., 86., 7., 0., 0., 0., 0., 0., 2.,
       128., 128., 41., 4., 2., 1., 1., 7., 33., 94., 92., 31., 34., 11.,
       2., 10., 21., 18., 25., 15., 57., 23., 3., 15., 33., 10., 0., 0.,
       0., 0., 0., 1., 24., 91., 54., 0., 0., 0., 0., 0., 1., 100., 128.,
       1., 0., 0., 0., 0., 4., 67., 128., 7., 2., 0., 0., 1., 0., 0., 0.,
       0., 0., 2., 10., 2., 0., 0., 0., 0., 0., 1., 8., 6., 0., 0., 0.,
       0., 0., 2., 16., 1., 0., 0., 0., 0., 0., 2., 6., 0., 10., 2., 1.,
       2., 31., 91., 123., 48., 66., 1., 0., 0., 21., 44., 90., 111.,
       13., 1., 0., 0., 0., 49., 123., 33., 0., 0., 0., 0., 10., 96.,
       123., 1., 23., 37., 123., 60., 79., 37., 21., 19., 123., 76., 41.,
       28., 59., 19., 10., 25., 45., 58., 123., 6., 0., 15., 64., 16.,
       2., 22., 85., 35., 70., 77., 58., 3., 6., 22., 106., 11., 1., 0.,
       0., 0., 16., 84., 74., 8., 1., 0., 0., 0., 4., 46., 123., 1., 0.,
       0., 0., 0., 1., 16., 123., 33., 10., 0., 0., 0., 14., 0., 0., 0.,
       0., 0., 1., 3., 125., 2., 0., 0., 0., 0., 15., 92., 49., 3., 2.,
       17., 124., 42., 59., 53., 0., 0., 1., 5., 125., 25., 4., 0., 22.,
       2., 0., 0., 0., 0., 0., 1., 125., 38., 14., 2., 0., 0., 0., 23.,
       56., 15., 46., 58., 125., 14., 0., 6., 0., 0., 5., 34., 125., 8.,
       0., 0., 7., 6., 0., 0., 0., 0., 0., 0., 86., 114., 68., 3., 0.,
       0., 12., 36., 10., 23., 125., 81., 38., 28., 64., 30., 0., 0.,
       14., 71., 82., 15., 4., 0., 3., 1., 0., 0., 0., 0., 0., 0., 125.,
       48., 7., 0., 0., 0., 16., 74., 38., 29., 28., 30., 104., 55., 79.,
       55., 0., 0., 4., 15., 125., 23., 3., 0., 15., 0., 1., 31., 15.,
       5., 10., 29., 63., 11., 1., 24., 13., 2., 29., 42., 133., 27., 0.,
       1., 92., 13., 3., 11., 2., 0., 0., 0., 133., 22., 0., 0., 1., 2.,
       9., 18., 11., 43., 90., 46., 39., 10., 6., 76., 35., 11., 64.,
       53., 133., 19., 3., 10., 91., 19., 3., 12., 8., 0., 0., 0., 133.,
       34., 0., 3., 14., 35., 52., 76., 17., 6., 15., 11., 85., 8., 11.,
       133., 29., 1., 3., 11., 133., 15., 3., 9., 79., 6., 0., 16., 12.,
       2., 0., 2., 133., 27., 1., 8., 22., 4., 1., 51., 69., 2., 1., 24.,
       88., 1., 1., 34., 21., 0., 0., 52., 133., 30., 3., 3., 30., 5.,
       0., 29., 7., 5., 1., 3., 101., 50., 7., 9., 44., 21., 0., 0., 0.,
       5., 65., 33., 15., 2., 0., 0., 0., 13., 130., 100., 65., 9., 0.,
       0., 0., 1., 39., 130., 60., 23., 11., 1., 0., 1., 3., 27., 130.,
       130., 1., 0., 1., 6., 22., 34., 130., 54., 1., 1., 0., 12., 130.,
       99., 11., 3., 2., 5., 14., 42., 130., 114., 2., 5., 4., 0., 4.,
       16., 6., 7., 103., 17., 0., 0., 0., 11., 47., 130., 130., 57.,
       16., 3., 1., 1., 5., 101., 16., 24., 31., 18., 14., 14., 10., 6.,
       0., 0., 0., 0., 2., 3., 0., 0., 4., 0., 0., 0., 0., 0., 10., 130.,
       17., 6., 2., 0., 0., 0., 2., 62., 1., 4., 2., 0., 0., 0., 0., 0.,
       0., 0., 0., 0., 0., 0., 0., 0., 91., 1., 0., 0., 0., 0., 9., 36.,
       119., 7., 5., 5., 12., 8., 8., 36., 1., 1., 4., 15., 119., 30.,
       5., 1., 0., 0., 0., 0., 27., 5., 0., 0., 119., 1., 0., 0., 0., 0.,
       10., 24., 119., 18., 9., 5., 7., 28., 49., 81., 4., 3., 9., 30.,
       119., 119., 43., 13., 0., 0., 0., 2., 41., 12., 0., 0., 75., 9.,
       0., 0., 0., 1., 11., 30., 119., 97., 108., 26., 4., 4., 40., 36.,
       4., 10., 88., 119., 110., 47., 36., 4., 0., 0., 0., 12., 27., 10.,
       0., 0., 67., 1., 0., 0., 0., 0., 7., 52., 73., 6., 9., 3., 4., 8.,
       114., 97., 1., 0., 5., 13., 104., 94., 87., 6., 0., 0., 0., 1.,
       31., 17., 0., 0., 4., 79., 30., 15., 4., 21., 38., 3., 9., 13.,
       77., 25., 5., 7., 43., 56., 13., 8., 64., 46., 13., 4., 50., 86.,
       0., 0., 38., 32., 14., 6., 117., 51., 24., 106., 15., 5., 1., 1.,
       1., 2., 117., 39., 11., 16., 10., 4., 29., 117., 12., 2., 27.,
       117., 55., 6., 34., 114., 0., 0., 117., 117., 10., 12., 15., 8.,
       54., 11., 0., 0., 0., 13., 32., 6., 117., 42., 2., 33., 30., 2.,
       3., 14., 17., 17., 21., 117., 117., 21., 3., 4., 0., 20., 20.,
       14., 10., 55., 40., 0., 9., 11., 33., 1., 0., 46., 81., 5., 96.,
       39., 9., 3., 21., 17., 31., 26., 13., 17., 11., 13., 87., 104.,
       2., 3., 0., 44., 33., 1., 5., 36., 6., 0., 4., 95., 73., 2., 3.,
       6., 28., 3., 15., 50., 19., 16., 39., 86., 20., 2., 1., 0., 72.,
       34., 39., 75., 4., 2., 0., 0., 63., 30., 3., 2., 0., 0., 18., 45.,
       31., 2., 0., 1., 78., 11., 120., 69., 6., 1., 23., 63., 17., 25.,
       20., 1., 1., 7., 120., 120., 11., 3., 0., 0., 1., 2., 9., 55.,
       46., 0., 20., 16., 76., 6., 0., 0., 12., 41., 120., 34., 12., 33.,
       28., 4., 2., 94., 30., 6., 6., 120., 120., 41., 17., 21., 21., 6.,
       18., 17., 5., 30., 80., 39., 6., 0., 3., 15., 0., 0., 26., 120.,
       33., 3., 11., 120., 14., 1., 3., 120., 22., 2., 3., 69., 56., 13.,
       44., 73., 6., 2., 31., 77., 33., 13., 22., 25., 0., 1., 28., 16.,
       6., 3., 102., 13., 1., 11., 24., 0., 0., 24., 112., 3., 2., 5.,
       1., 1., 2., 99., 84., 0., 0., 0., 1., 3., 6., 32., 4., 0., 0., 4.,
       112., 16., 0., 0., 15., 4., 30., 99., 112., 0., 0., 4., 30., 8.,
       96., 81., 9., 4., 49., 112., 42., 10., 1., 0., 0., 9., 112., 92.,
       3., 0., 0., 0., 8., 2., 1., 1., 46., 24., 37., 13., 13., 4., 0.,
       0., 46., 112., 107., 15., 23., 112., 53., 5., 3., 92., 1., 0., 1.,
       101., 112., 6., 0., 0., 0., 1., 59., 13., 0., 0., 68., 39., 2.,
       3., 108., 64., 0., 0., 35., 61., 3., 0., 67., 112., 4., 0., 1.,
       13., 0., 0., 2., 46., 8., 0., 0., 0., 37., 20., 18., 34., 2., 0.,
       0., 3., 124., 26., 6., 10., 20., 6., 1., 46., 17., 102., 24., 10.,
       24., 38., 5., 13., 10., 26., 4., 0., 31., 124., 4., 4., 49., 66.,
       13., 2., 0., 0., 0., 1., 124., 60., 4., 3., 13., 26., 16., 21.,
       33., 28., 20., 27., 18., 57., 87., 23., 35., 67., 12., 16., 12.,
       60., 12., 9., 87., 37., 2., 0., 0., 4., 15., 62., 124., 32., 25.,
       64., 7., 3., 9., 99., 32., 52., 115., 124., 8., 9., 14., 5., 40.,
       65., 34., 41., 15., 7., 22., 14., 70., 12., 4., 13., 4., 14., 53.,
       90., 44., 4., 13., 124., 18., 3., 9., 65., 20., 59., 28., 94.,
       18., 14., 19., 14., 16., 80., 93., 40., 9., 2., 6., 3., 32., 58.,
       42., 11., 0., 1., 14., 63., 22., 69., 12., 23., 54., 66., 32.,
       10., 81., 0., 1., 17., 50., 36., 12., 87., 24., 0., 0., 90., 103.,
       1., 0., 25., 64., 24., 27., 35., 8., 2., 6., 65., 86., 41., 15.,
       104., 31., 2., 1., 24., 113., 9., 4., 39., 52., 11., 1., 31., 14.,
       0., 0., 27., 113., 57., 14., 8., 9., 4., 35., 22., 14., 7., 36.,
       107., 25., 5., 43., 57., 55., 15., 10., 25., 113., 113., 30., 6.,
       14., 14., 3., 17., 11., 43., 12., 5., 83., 108., 6., 2., 1., 5.,
       113., 31., 1., 0., 2., 4., 1., 5., 103., 33., 3., 1., 0., 0., 4.,
       113., 63., 2., 0., 0., 0., 1., 4., 113., 55., 2., 10., 21., 2.,
       3., 0., 102., 20., 0., 0., 0., 0., 0., 5., 117., 80., 0., 0., 27.,
       10., 6., 5., 98., 68., 0., 0., 80., 81., 5., 5., 17., 61., 4., 0.,
       21., 111., 38., 12., 7., 6., 3., 0., 0., 0., 5., 97., 42., 16.,
       3., 0., 0., 28., 117., 20., 54., 59., 30., 7., 56., 103., 74., 2.,
       29., 117., 14., 10., 74., 18., 3., 22., 11., 5., 7., 1., 0., 0.,
       1., 117., 117., 13., 21., 4., 0., 3., 40., 22., 50., 85., 117.,
       59., 26., 12., 15., 13., 89., 65., 14., 11., 47., 18., 3., 2., 5.,
       8., 5., 0., 0., 0., 0., 15., 117., 10., 2., 2., 0., 2., 1., 4.,
