%YAML:1.0
---
mat: !!opencv-matrix
   rows: 49
   cols: 128
   dt: f
   data: [ 103., 10., 0., 0., 115., 63., 5., 18., 133., 24., 0., 1.,
       100., 75., 7., 7., 133., 76., 0., 0., 7., 6., 1., 0., 14., 7., 2.,
       0., 0., 0., 0., 0., 49., 7., 24., 42., 100., 78., 8., 21., 92.,
       14., 25., 59., 94., 18., 13., 32., 133., 47., 0., 5., 16., 3., 5.,
       50., 39., 11., 2., 0., 0., 0., 0., 2., 1., 1., 37., 59., 10., 4.,
       127., 66., 7., 1., 15., 21., 3., 1., 133., 133., 75., 1., 0., 1.,
       1., 0., 64., 133., 17., 2., 1., 0., 0., 0., 2., 11., 0., 0., 0.,
       0., 0., 1., 90., 57., 0., 0., 0., 0., 0., 0., 54., 57., 0., 0.,
       0., 0., 0., 0., 19., 22., 0., 0., 0., 0., 0., 0., 8., 4., 0., 46.,
       127., 1., 1., 0., 0., 0., 0., 35., 87., 1., 1., 0., 0., 0., 0.,
       17., 21., 1., 1., 0., 0., 0., 4., 1., 1., 0., 0., 0., 0., 1., 1.,
       84., 134., 0., 0., 19., 96., 12., 15., 134., 134., 0., 4., 33.,
       29., 1., 105., 134., 54., 0., 0., 2., 0., 1., 24., 7., 0., 0., 0.,
       0., 0., 3., 5., 86., 93., 1., 2., 27., 113., 10., 62., 42., 28.,
       16., 63., 63., 36., 13., 134., 31., 2., 1., 8., 4., 0., 30., 43.,
       6., 0., 0., 0., 0., 0., 2., 3., 13., 6., 0., 19., 60., 134., 10.,
       66., 7., 4., 6., 111., 40., 35., 23., 134., 2., 0., 1., 6., 1.,
       0., 38., 25., 8., 0., 0., 0., 0., 0., 1., 4., 1., 1., 34., 49.,
       14., 0., 0., 34., 19., 19., 139., 137., 46., 8., 15., 139., 50.,
       11., 16., 4., 3., 3., 33., 41., 12., 3., 0., 0., 0., 0., 1., 5.,
       1., 1., 14., 73., 40., 0., 0., 36., 24., 10., 52., 139., 132.,
       20., 25., 139., 99., 9., 10., 14., 8., 10., 67., 49., 18., 1., 1.,
       1., 0., 0., 4., 4., 0., 0., 5., 48., 14., 1., 1., 9., 3., 1., 8.,
       139., 129., 108., 49., 131., 12., 1., 2., 9., 17., 86., 139., 23.,
       3., 0., 0., 1., 1., 6., 18., 3., 0., 0., 0., 7., 8., 5., 3., 1.,
       0., 0., 0., 2., 17., 46., 24., 3., 0., 0., 0., 0., 1., 29., 40.,
       2., 0., 0., 0., 1., 3., 6., 6., 1., 4., 5., 5., 1., 0., 0., 0.,
       0., 0., 31., 35., 2., 0., 0., 0., 1., 14., 53., 22., 0., 0., 0.,
       0., 5., 9., 9., 4., 1., 0., 0., 1., 1., 1., 5., 17., 24., 4., 0.,
       0., 9., 16., 94., 140., 125., 11., 1., 3., 140., 121., 124., 48.,
       8., 3., 2., 15., 48., 13., 1., 1., 2., 0., 0., 7., 0., 0., 0.,
       10., 65., 13., 1., 0., 18., 12., 13., 101., 140., 69., 9., 15.,
       140., 100., 18., 22., 25., 17., 10., 73., 64., 20., 0., 1., 6.,
       0., 2., 14., 0., 0., 0., 9., 79., 9., 1., 0., 13., 7., 6., 60.,
       140., 34., 19., 38., 131., 41., 7., 11., 12., 10., 18., 140., 31.,
       8., 0., 1., 6., 0., 1., 26., 3., 2., 22., 11., 0., 0., 0., 1., 1.,
       9., 80., 3., 0., 0., 0., 0., 1., 24., 28., 0., 0., 0., 0., 0., 0.,
       4., 3., 0., 0., 0., 0., 0., 0., 0., 72., 136., 95., 1., 2., 1.,
       14., 54., 146., 54., 13., 8., 23., 7., 134., 146., 93., 0., 0.,
       2., 2., 5., 18., 16., 4., 0., 0., 0., 0., 0., 16., 0., 3., 42.,
       146., 6., 8., 23., 70., 10., 24., 12., 68., 70., 77., 71., 146.,
       27., 5., 0., 13., 20., 9., 45., 36., 8., 3., 0., 0., 0., 0., 2.,
       31., 0., 6., 16., 146., 13., 2., 19., 92., 1., 3., 11., 102., 14.,
       2., 36., 146., 0., 0., 1., 25., 5., 0., 31., 20., 3., 2., 0., 0.,
       0., 0., 1., 13., 24., 70., 0., 0., 0., 0., 0., 3., 22., 68., 0.,
       0., 0., 0., 0., 1., 18., 19., 0., 0., 0., 0., 0., 0., 2., 1., 1.,
       0., 0., 0., 0., 1., 30., 142., 9., 3., 40., 48., 0., 13., 109.,
       142., 9., 18., 28., 11., 0., 113., 142., 74., 1., 1., 0., 0., 2.,
       19., 7., 0., 0., 0., 1., 4., 3., 0., 8., 102., 24., 8., 52., 83.,
       0., 69., 19., 39., 70., 88., 59., 47., 25., 142., 39., 5., 3., 7.,
       1., 6., 68., 42., 1., 0., 0., 0., 0., 2., 10., 0., 0., 13., 5.,
       1., 47., 142., 0., 13., 0., 4., 12., 6., 48., 142., 52., 86., 0.,
       0., 0., 0., 1., 58., 137., 12., 0., 0., 0., 0., 0., 0., 10., 39.,
       79., 86., 81., 44., 27., 16., 19., 86., 113., 56., 7., 0., 0., 3.,
       15., 2., 35., 35., 4., 4., 1., 0., 0., 0., 1., 0., 0., 2., 2., 0.,
       0., 22., 7., 3., 8., 46., 109., 113., 50., 56., 59., 102., 108.,
       97., 41., 35., 48., 113., 113., 78., 17., 5., 5., 6., 25., 17.,
       16., 12., 4., 8., 2., 0., 0., 0., 10., 6., 1., 24., 30., 16., 0.,
       10., 5., 4., 15., 93., 113., 98., 28., 108., 33., 65., 30., 32.,
       36., 67., 85., 19., 80., 101., 11., 2., 1., 2., 3., 1., 33., 9.,
       0., 0., 1., 0., 0., 0., 2., 10., 2., 12., 26., 13., 0., 2., 2.,
       10., 15., 55., 92., 33., 4., 17., 34., 34., 20., 43., 28., 22.,
       10., 6., 7., 3., 5., 124., 44., 4., 3., 120., 93., 5., 7., 54.,
       11., 3., 12., 73., 30., 3., 8., 60., 33., 4., 11., 89., 29., 11.,
       20., 12., 4., 4., 8., 2., 3., 2., 15., 124., 27., 1., 1., 124.,
       66., 6., 16., 101., 22., 4., 30., 110., 38., 7., 41., 76., 6., 1.,
       5., 105., 42., 4., 16., 46., 1., 0., 2., 2., 1., 0., 37., 124.,
       25., 2., 2., 124., 14., 1., 17., 83., 26., 8., 47., 106., 6., 0.,
       7., 90., 24., 11., 20., 100., 14., 2., 14., 27., 8., 8., 19., 0.,
       0., 0., 5., 51., 57., 30., 2., 41., 0., 0., 0., 15., 40., 72.,
       97., 19., 0., 0., 0., 7., 27., 74., 56., 11., 0., 0., 0., 3., 10.,
       48., 39., 0., 2., 62., 11., 0., 0., 0., 0., 0., 19., 38., 4., 0.,
       0., 0., 0., 0., 5., 30., 18., 1., 0., 0., 0., 0., 8., 33., 8., 0.,
       0., 0., 0., 17., 43., 118., 46., 13., 4., 1., 2., 118., 118.,
       102., 16., 18., 2., 0., 9., 31., 59., 63., 94., 118., 15., 0., 1.,
       15., 96., 84., 74., 21., 2., 0., 0., 36., 17., 11., 8., 21., 49.,
       118., 59., 118., 16., 3., 2., 15., 8., 60., 118., 46., 17., 2.,
       9., 118., 118., 33., 15., 25., 46., 15., 32., 35., 92., 77., 5.,
       0., 0., 0., 0., 0., 19., 118., 17., 5., 0., 0., 0., 1., 2., 59.,
       57., 2., 0., 0., 0., 4., 43., 26., 7., 1., 0., 0., 0., 1., 85.,
       73., 3., 0., 0., 6., 59., 54., 2., 0., 0., 96., 98., 52., 93.,
       52., 29., 30., 17., 72., 32., 3., 26., 14., 12., 54., 67., 15.,
       4., 3., 11., 6., 10., 12., 13., 0., 2., 19., 108., 120., 18., 2.,
       0., 122., 82., 24., 75., 104., 44., 21., 87., 122., 35., 7., 51.,
       30., 19., 3., 31., 41., 23., 15., 14., 6., 3., 1., 5., 2., 3.,
       19., 120., 88., 45., 26., 9., 122., 59., 24., 61., 34., 27., 51.,
       122., 119., 17., 16., 60., 29., 36., 5., 20., 9., 21., 72., 24.,
       6., 5., 2., 2., 0., 0., 0., 0., 9., 21., 19., 5., 33., 4., 2., 2.,
       2., 9., 33., 63., 17., 6., 9., 51., 23., 2., 0., 5., 0., 6., 25.,
       15., 7., 6., 6., 0., 1., 8., 22., 1., 0., 0., 11., 5., 1., 10.,
       12., 1., 0., 0., 19., 8., 0., 1., 18., 12., 0., 0., 21., 3., 0.,
       1., 46., 8., 0., 0., 10., 5., 7., 63., 129., 55., 13., 12., 9.,
       6., 86., 129., 102., 24., 13., 5., 5., 17., 17., 13., 82., 129.,
       101., 38., 7., 2., 16., 51., 129., 67., 14., 15., 30., 25., 7.,
       12., 16., 19., 16., 63., 129., 31., 113., 37., 11., 6., 10., 26.,
       113., 129., 24., 3., 4., 19., 80., 129., 86., 22., 12., 11., 16.,
       12., 13., 53., 129., 93., 0., 0., 0., 0., 0., 5., 60., 7., 1., 0.,
       0., 0., 0., 2., 40., 29., 1., 0., 0., 0., 0., 7., 24., 14., 0.,
       0., 0., 0., 0., 2., 38., 13., 0., 0., 0., 20., 115., 22., 1., 0.,
       94., 9., 3., 20., 90., 44., 22., 87., 89., 6., 4., 23., 62., 1.,
       1., 48., 91., 10., 3., 6., 31., 6., 1., 26., 2., 2., 2., 82.,
       115., 1., 0., 1., 115., 26., 8., 48., 72., 3., 3., 24., 104., 6.,
       2., 28., 85., 12., 4., 30., 115., 5., 9., 7., 13., 12., 5., 41.,
       13., 1., 1., 111., 115., 5., 2., 13., 115., 8., 4., 42., 50., 5.,
       4., 101., 107., 15., 10., 59., 30., 5., 2., 30., 80., 13., 16.,
       46., 23., 1., 1., 22., 17., 0., 1., 34., 81., 30., 20., 39., 63.,
       0., 0., 19., 33., 13., 12., 79., 79., 1., 1., 24., 28., 6., 7.,
       49., 45., 2., 2., 38., 27., 2., 1., 21., 0., 0., 0., 1., 104.,
