%YAML:1.0
---
mat: !!opencv-matrix
   rows: 49
   cols: 128
   dt: f
   data: [ 0., 0., 0., 0., 0., 0., 0., 0., 0., 0., 0., 0., 0., 7., 2.,
       0., 1., 0., 0., 0., 0., 40., 51., 6., 11., 1., 0., 0., 0., 11.,
       113., 64., 54., 3., 0., 0., 0., 0., 0., 13., 140., 6., 0., 0., 0.,
       33., 30., 44., 11., 0., 0., 0., 1., 111., 140., 91., 0., 0., 0.,
       0., 2., 26., 140., 140., 122., 2., 0., 0., 0., 0., 6., 104., 140.,
       42., 0., 0., 0., 3., 8., 39., 95., 25., 1., 3., 2., 14., 87., 60.,
       1., 2., 23., 23., 11., 9., 32., 55., 45., 1., 0., 0., 0., 0., 2.,
       77., 140., 50., 0., 0., 0., 0., 0., 12., 123., 71., 1., 6., 14.,
       1., 1., 1., 4., 5., 39., 49., 61., 12., 0., 0., 50., 26., 1., 1.,
       8., 32., 43., 20., 80., 20., 3., 3., 3., 17., 105., 133., 37.,
       16., 54., 57., 7., 6., 19., 101., 74., 86., 49., 19., 1., 1., 12.,
       33., 54., 25., 0., 0., 0., 0., 0., 3., 133., 44., 7., 3., 1., 14.,
       31., 68., 20., 8., 37., 47., 12., 53., 133., 60., 31., 12., 60.,
       44., 1., 1., 57., 88., 7., 0., 0., 0., 0., 0., 0., 1., 107., 45.,
       116., 12., 0., 2., 4., 14., 12., 65., 133., 68., 1., 7., 17., 5.,
       3., 47., 124., 37., 0., 0., 2., 1., 0., 0., 0., 0., 0., 0., 0.,
       0., 0., 6., 26., 4., 0., 0., 0., 0., 16., 129., 66., 3., 0., 0.,
       0., 0., 33., 114., 10., 0., 0., 0., 0., 0., 0., 0., 0., 0., 0.,
       0., 0., 0., 0., 0., 0., 0., 0., 2., 4., 0., 0., 0., 0., 0., 0.,
       4., 43., 13., 0., 0., 4., 21., 22., 10., 51., 19., 30., 2., 0.,
       0., 0., 0., 1., 14., 126., 7., 0., 2., 4., 19., 93., 51., 6., 2.,
       1., 14., 27., 85., 130., 30., 1., 1., 3., 24., 124., 130., 88.,
       18., 59., 1., 0., 0., 0., 0., 30., 130., 130., 46., 1., 10., 21.,
       5., 12., 75., 38., 40., 12., 67., 130., 48., 23., 7., 48., 40.,
       6., 5., 29., 130., 36., 12., 10., 0., 0., 0., 0., 0., 39., 90.,
       130., 29., 0., 0., 5., 3., 3., 40., 55., 31., 2., 2., 79., 89.,
       39., 17., 54., 18., 1., 1., 10., 26., 68., 76., 51., 2., 0., 2.,
       143., 13., 1., 12., 100., 6., 0., 4., 118., 17., 4., 16., 143.,
       29., 0., 1., 35., 3., 0., 1., 44., 12., 4., 0., 0., 0., 0., 0.,
       23., 8., 66., 62., 89., 21., 2., 13., 65., 20., 56., 104., 74.,
       4., 8., 18., 143., 40., 2., 24., 24., 0., 2., 22., 61., 14., 8.,
       0., 0., 0., 0., 1., 0., 2., 54., 29., 1., 2., 143., 26., 12., 3.,
       32., 31., 2., 3., 143., 86., 143., 7., 2., 5., 0., 0., 66., 143.,
       34., 12., 14., 0., 0., 0., 0., 6., 1., 2., 6., 0., 0., 0., 90.,
       15., 2., 7., 9., 0., 0., 0., 84., 26., 4., 9., 15., 0., 0., 0.,
       22., 28., 1., 5., 24., 0., 0., 0., 0., 1., 1., 0., 58., 56., 12.,
       17., 60., 8., 46., 16., 9., 56., 44., 25., 9., 0., 120., 40., 0.,
       1., 91., 19., 0., 0., 8., 6., 0., 1., 101., 18., 0., 0., 2., 5.,
       41., 27., 3., 38., 120., 22., 40., 6., 5., 18., 29., 120., 44.,
       5., 120., 24., 0., 2., 88., 17., 5., 10., 12., 5., 1., 3., 120.,
       12., 0., 0., 22., 17., 46., 22., 11., 25., 32., 29., 18., 7., 58.,
       45., 35., 120., 27., 17., 98., 21., 15., 21., 77., 34., 20., 20.,
       8., 5., 0., 6., 120., 4., 0., 0., 2., 6., 120., 51., 3., 4., 5.,
       4., 6., 6., 120., 77., 5., 4., 0., 2., 116., 51., 32., 20., 43.,
       7., 0., 0., 15., 5., 1., 2., 120., 16., 0., 0., 5., 0., 0., 18.,
       27., 5., 1., 34., 44., 0., 0., 16., 13., 1., 1., 117., 15., 0.,
       0., 96., 78., 31., 27., 36., 1., 0., 0., 18., 12., 21., 24., 5.,
       43., 0., 0., 12., 9., 1., 1., 117., 32., 12., 12., 117., 30., 1.,
       2., 117., 98., 40., 14., 35., 19., 57., 85., 25., 8., 3., 8., 7.,
       4., 117., 117., 4., 64., 0., 0., 67., 42., 0., 0., 117., 46., 10.,
       5., 117., 66., 1., 5., 19., 117., 87., 11., 17., 10., 7., 5., 17.,
       23., 32., 31., 25., 17., 42., 31., 10., 23., 0., 0., 99., 60., 0.,
       0., 41., 32., 14., 1., 33., 25., 5., 54., 52., 29., 93., 15., 0.,
       1., 45., 82., 10., 2., 54., 78., 14., 2., 22., 19., 4., 95., 24.,
       2., 24., 56., 11., 8., 6., 110., 31., 2., 30., 59., 0., 0., 0.,
       114., 58., 13., 17., 15., 2., 1., 11., 47., 29., 27., 36., 13.,
       6., 1., 4., 114., 21., 5., 50., 59., 0., 0., 0., 114., 23., 4.,
       52., 71., 0., 0., 2., 114., 42., 6., 15., 26., 6., 1., 23., 83.,
       19., 9., 13., 39., 11., 1., 4., 114., 45., 33., 65., 13., 0., 0.,
       0., 114., 38., 7., 51., 77., 0., 0., 6., 114., 89., 75., 20., 15.,
       2., 1., 35., 78., 29., 51., 30., 26., 6., 1., 4., 114., 30., 26.,
       13., 1., 0., 1., 34., 68., 32., 21., 84., 37., 0., 0., 3., 4.,
       92., 74., 9., 3., 0., 0., 0., 86., 76., 40., 9., 2., 0., 0., 0.,
       2., 10., 147., 10., 0., 4., 11., 0., 8., 57., 147., 10., 3., 6.,
       3., 0., 57., 103., 47., 0., 0., 0., 0., 0., 11., 3., 0., 0., 0.,
       0., 0., 1., 2., 6., 119., 20., 5., 25., 103., 6., 71., 41., 90.,
       47., 80., 60., 43., 16., 147., 87., 13., 1., 5., 1., 5., 32., 30.,
       2., 0., 0., 0., 0., 0., 7., 0., 5., 59., 9., 1., 2., 147., 28.,
       20., 0., 13., 23., 20., 14., 147., 85., 139., 2., 0., 0., 1., 1.,
       78., 147., 19., 0., 0., 0., 0., 0., 0., 11., 4., 0., 0., 0., 0.,
       0., 61., 14., 5., 0., 0., 0., 0., 0., 63., 20., 4., 0., 0., 0.,
       0., 0., 17., 22., 7., 0., 0., 0., 0., 0., 0., 4., 16., 29., 59.,
       0., 0., 0., 0., 0., 5., 31., 53., 0., 0., 0., 0., 0., 7., 25.,
       12., 0., 0., 0., 0., 0., 7., 6., 0., 0., 0., 0., 0., 0., 3., 37.,
       144., 7., 2., 25., 50., 1., 17., 109., 144., 10., 21., 23., 12.,
       0., 131., 144., 66., 1., 1., 0., 0., 2., 23., 4., 0., 0., 0., 0.,
       0., 3., 1., 21., 102., 16., 6., 33., 111., 1., 72., 18., 41., 61.,
       83., 52., 77., 33., 144., 35., 5., 2., 6., 1., 12., 82., 30., 0.,
       0., 0., 0., 0., 0., 11., 0., 2., 11., 2., 0., 21., 144., 2., 9.,
       0., 3., 7., 4., 27., 144., 50., 67., 0., 0., 0., 0., 1., 59.,
       119., 9., 0., 0., 0., 0., 0., 0., 11., 106., 64., 5., 8., 12., 1.,
       9., 37., 39., 29., 12., 52., 73., 34., 26., 21., 133., 17., 2.,
       20., 49., 6., 1., 1., 41., 10., 1., 22., 69., 0., 0., 1., 133.,
       40., 4., 8., 13., 1., 1., 31., 75., 23., 11., 70., 113., 21., 4.,
       20., 133., 7., 1., 27., 63., 2., 0., 14., 47., 13., 2., 31., 80.,
       0., 0., 2., 133., 24., 7., 12., 14., 1., 1., 25., 78., 17., 16.,
       97., 84., 9., 1., 10., 133., 6., 2., 33., 63., 1., 0., 12., 46.,
       12., 2., 39., 68., 0., 0., 17., 76., 62., 37., 15., 9., 0., 0.,
       3., 77., 19., 42., 73., 29., 0., 0., 3., 133., 8., 2., 26., 55.,
       0., 0., 7., 39., 31., 6., 20., 51., 0., 0., 14., 34., 32., 9., 6.,
       23., 1., 17., 41., 39., 33., 55., 17., 6., 25., 46., 19., 129.,
       18., 5., 19., 30., 3., 1., 3., 32., 15., 2., 32., 49., 0., 0., 2.,
       129., 70., 6., 12., 18., 3., 19., 61., 65., 29., 12., 62., 89.,
       52., 45., 28., 129., 16., 2., 29., 69., 5., 1., 1., 58., 16., 2.,
       30., 66., 0., 0., 7., 129., 42., 5., 12., 15., 3., 2., 36., 92.,
       20., 10., 74., 120., 19., 3., 21., 129., 6., 1., 32., 73., 1., 0.,
       16., 60., 20., 2., 26., 62., 0., 0., 6., 129., 19., 7., 14., 13.,
       1., 1., 23., 86., 11., 12., 75., 67., 6., 1., 10., 129., 3., 1.,
       34., 61., 0., 0., 13., 53., 16., 2., 24., 36., 0., 0., 22., 75.,
       7., 2., 63., 64., 0., 0., 7., 112., 53., 7., 13., 9., 1., 6., 33.,
       44., 29., 28., 50., 24., 26., 26., 22., 112., 3., 2., 24., 32.,
       7., 2., 19., 89., 8., 3., 65., 94., 0., 0., 9., 112., 49., 11.,
       9., 5., 6., 13., 94., 55., 21., 29., 56., 50., 41., 18., 32.,
       112., 6., 3., 37., 41., 2., 0., 19., 83., 11., 3., 56., 77., 0.,
       0., 11., 112., 70., 41., 18., 13., 13., 7., 42., 98., 27., 82.,
       84., 33., 15., 2., 13., 112., 8., 6., 56., 44., 0., 0., 14., 70.,
       14., 3., 41., 36., 0., 0., 38., 92., 27., 5., 13., 34., 19., 9.,
       53., 112., 3., 5., 19., 52., 17., 2., 19., 82., 3., 2., 51., 60.,
