%YAML:1.0
---
mat: !!opencv-matrix
   rows: 104
   cols: 128
   dt: f
   data: [ 32., 0., 0., 1., 1., 2., 2., 8., 144., 4., 0., 2., 24., 3.,
       2., 42., 71., 1., 0., 16., 144., 14., 3., 18., 130., 1., 1., 4.,
       51., 19., 4., 57., 43., 3., 1., 1., 0., 4., 4., 7., 144., 28., 7.,
       11., 34., 0., 0., 26., 103., 14., 7., 55., 144., 4., 0., 9., 144.,
       38., 17., 24., 65., 6., 1., 31., 22., 20., 7., 5., 1., 0., 0., 2.,
       98., 101., 119., 32., 5., 0., 0., 9., 22., 33., 109., 144., 55.,
       0., 0., 0., 38., 79., 123., 53., 10., 0., 0., 0., 0., 3., 1., 1.,
       1., 0., 0., 0., 0., 6., 24., 2., 0., 0., 0., 0., 0., 1., 20., 8.,
       0., 0., 0., 0., 0., 2., 16., 4., 0., 0., 0., 0., 49., 0., 0., 7.,
       125., 16., 3., 10., 125., 2., 1., 5., 56., 17., 4., 49., 49., 2.,
       1., 18., 122., 54., 5., 16., 125., 0., 0., 2., 40., 5., 1., 21.,
       72., 6., 1., 15., 125., 5., 0., 6., 125., 17., 3., 9., 77., 9.,
       1., 41., 66., 7., 4., 31., 125., 30., 2., 14., 125., 20., 7., 19.,
       57., 3., 0., 19., 31., 22., 58., 97., 72., 1., 0., 1., 84., 96.,
       91., 52., 27., 1., 0., 2., 20., 34., 80., 125., 68., 1., 0., 1.,
       41., 75., 90., 42., 13., 0., 0., 1., 0., 3., 35., 20., 0., 0., 0.,
       0., 0., 9., 36., 10., 0., 0., 0., 0., 0., 2., 27., 17., 0., 0.,
       0., 0., 0., 4., 21., 2., 0., 0., 0., 0., 0., 0., 0., 0., 0., 2.,
       15., 2., 0., 0., 0., 0., 0., 1., 25., 19., 0., 0., 0., 0., 0., 9.,
       36., 13., 1., 0., 0., 0., 0., 5., 41., 29., 11., 0., 0., 0., 29.,
       71., 93., 40., 71., 1., 0., 0., 17., 33., 78., 125., 32., 1., 0.,
       1., 82., 99., 86., 53., 87., 3., 0., 1., 36., 22., 50., 92., 57.,
       3., 0., 9., 125., 29., 11., 22., 125., 40., 1., 10., 70., 10., 3.,
       28., 74., 14., 1., 29., 125., 20., 3., 7., 125., 13., 0., 4., 71.,
       7., 0., 6., 47., 6., 1., 11., 125., 2., 0., 1., 115., 61., 5.,
       11., 58., 2., 1., 14., 49., 22., 5., 41., 125., 3., 1., 5., 125.,
       24., 3., 7., 45., 0., 0., 4., 44., 4., 2., 22., 79., 38., 4., 14.,
       132., 3., 0., 5., 50., 13., 2., 18., 56., 2., 0., 1., 132., 18.,
       1., 9., 132., 6., 0., 1., 57., 6., 0., 21., 69., 3., 1., 9., 132.,
       45., 3., 17., 132., 16., 4., 12., 88., 13., 1., 15., 67., 9., 3.,
       38., 132., 6., 0., 6., 132., 41., 9., 19., 60., 1., 0., 6., 33.,
       35., 64., 110., 73., 4., 0., 2., 72., 94., 86., 60., 37., 1., 0.,
       2., 16., 26., 67., 127., 79., 0., 0., 1., 34., 49., 69., 32., 12.,
       0., 0., 2., 0., 5., 36., 25., 0., 0., 0., 0., 0., 8., 30., 8., 0.,
       0., 0., 0., 0., 1., 20., 12., 0., 0., 0., 0., 0., 1., 10., 2., 0.,
       0., 0., 0., 0., 0., 0., 0., 0., 0., 1., 1., 0., 0., 0., 0., 0.,
       1., 19., 13., 4., 0., 0., 0., 0., 6., 31., 28., 6., 0., 0., 0.,
       2., 16., 55., 61., 10., 0., 0., 0., 10., 29., 61., 30., 95., 1.,
       0., 0., 10., 24., 68., 118., 63., 7., 0., 0., 64., 99., 76., 59.,
       114., 26., 0., 2., 48., 39., 33., 71., 54., 5., 0., 1., 100., 75.,
       26., 24., 121., 50., 0., 1., 56., 25., 4., 20., 75., 29., 1., 2.,
       121., 61., 3., 7., 108., 101., 5., 8., 64., 9., 0., 1., 71., 24.,
       0., 1., 115., 37., 1., 1., 121., 58., 1., 2., 74., 20., 0., 0.,
       61., 34., 3., 6., 121., 32., 0., 0., 80., 43., 5., 4., 52., 15.,
       1., 13., 20., 1., 0., 0., 0., 2., 5., 11., 156., 0., 0., 0., 0.,
       0., 0., 70., 148., 0., 0., 0., 0., 0., 0., 58., 145., 0., 0., 0.,
       1., 0., 0., 38., 43., 12., 1., 0., 0., 0., 1., 6., 156., 7., 0.,
       0., 0., 0., 0., 36., 156., 1., 0., 0., 0., 0., 0., 32., 156., 0.,
       0., 0., 1., 1., 0., 15., 31., 5., 0., 0., 0., 0., 0., 3., 156.,
       13., 0., 0., 0., 0., 0., 26., 156., 12., 0., 0., 0., 0., 0., 13.,
       156., 11., 0., 0., 0., 1., 0., 6., 1., 0., 0., 0., 0., 0., 0., 0.,
       43., 0., 0., 0., 0., 0., 0., 17., 74., 5., 0., 0., 0., 0., 0.,
       12., 156., 19., 0., 0., 0., 0., 0., 2., 0., 0., 0., 0., 48., 144.,
       20., 2., 99., 6., 0., 0., 0., 26., 22., 42., 121., 27., 16., 31.,
       23., 41., 17., 31., 22., 20., 10., 9., 21., 81., 26., 19., 0., 0.,
       0., 0., 37., 144., 13., 0., 83., 5., 0., 0., 1., 144., 58., 27.,
       144., 39., 4., 0., 4., 59., 95., 64., 18., 22., 10., 13., 11.,
       66., 144., 58., 0., 0., 0., 0., 4., 78., 11., 0., 11., 1., 0., 0.,
       1., 144., 79., 15., 97., 53., 11., 2., 1., 33., 81., 60., 29.,
       70., 61., 39., 38., 7., 24., 10., 0., 0., 0., 0., 0., 0., 0., 0.,
       0., 0., 0., 0., 0., 8., 4., 0., 1., 1., 2., 4., 1., 4., 15., 4.,
       3., 15., 57., 18., 5., 2., 2., 1., 89., 113., 13., 7., 4., 17.,
       45., 22., 9., 33., 8., 33., 75., 44., 46., 28., 5., 16., 6., 10.,
       17., 29., 11., 3., 0., 0., 0., 0., 0., 0., 0., 0., 105., 130.,
       36., 29., 11., 4., 4., 23., 57., 95., 86., 132., 55., 5., 0., 2.,
       108., 78., 39., 32., 9., 0., 0., 6., 10., 1., 0., 0., 0., 0., 0.,
       1., 31., 12., 59., 113., 15., 20., 26., 24., 90., 24., 86., 132.,
       0., 0., 0., 8., 132., 21., 11., 10., 0., 0., 0., 40., 30., 1., 0.,
       0., 0., 0., 0., 5., 2., 29., 87., 57., 2., 0., 0., 0., 132., 22.,
       15., 12., 0., 0., 0., 38., 132., 1., 0., 0., 0., 0., 3., 99., 16.,
       1., 0., 0., 0., 0., 10., 22., 127., 0., 0., 1., 13., 5., 4., 55.,
       28., 1., 0., 5., 127., 39., 5., 17., 88., 15., 4., 6., 48., 28.,
       19., 67., 4., 2., 2., 13., 102., 67., 12., 8., 127., 12., 5., 13.,
       14., 4., 1., 63., 40., 4., 4., 67., 127., 24., 0., 5., 127., 13.,
       2., 16., 69., 13., 4., 25., 13., 4., 1., 18., 127., 31., 3., 4.,
       92., 26., 55., 39., 8., 5., 1., 18., 23., 12., 46., 127., 115.,
       21., 1., 2., 127., 79., 49., 37., 33., 5., 1., 6., 6., 7., 28.,
       88., 127., 10., 0., 1., 8., 14., 53., 34., 0., 0., 0., 1., 1., 6.,
       34., 53., 1., 0., 0., 0., 3., 30., 32., 12., 0., 0., 0., 0., 0.,
       1., 15., 29., 5., 0., 0., 0., 3., 0., 0., 0., 0., 1., 12., 19.,
       1., 0., 0., 0., 1., 22., 25., 12., 4., 0., 0., 0., 0., 3., 34.,
       85., 0., 0., 0., 2., 20., 22., 54., 43., 106., 14., 0., 1., 6.,
       10., 32., 93., 32., 7., 0., 2., 108., 94., 52., 38., 124., 35.,
       2., 1., 19., 11., 32., 124., 8., 6., 2., 14., 108., 35., 30., 31.,
       124., 51., 2., 2., 8., 4., 1., 11., 69., 19., 3., 12., 124., 41.,
       2., 11., 124., 46., 0., 2., 44., 8., 3., 42., 23., 8., 0., 36.,
       124., 13., 4., 11., 95., 81., 10., 3., 2., 0., 1., 5., 37., 44.,
       24., 59., 93., 19., 5., 7., 124., 70., 5., 14., 32., 4., 0., 0.,
       26., 16., 7., 33., 124., 2., 0., 0., 40., 68., 44., 24., 0., 0.,
       6., 38., 71., 121., 7., 3., 39., 28., 1., 3., 5., 8., 16., 29.,
       74., 43., 4., 3., 10., 45., 55., 28., 8., 5., 3., 2., 56., 45.,
       36., 42., 0., 0., 0., 12., 123., 102., 7., 2., 15., 18., 2., 22.,
       27., 6., 6., 36., 123., 93., 5., 3., 24., 14., 20., 69., 49., 18.,
       16., 26., 39., 2., 2., 2., 0., 0., 5., 123., 123., 21., 55., 53.,
       22., 3., 1., 123., 12., 30., 123., 73., 78., 32., 5., 1., 5., 9.,
       65., 19., 22., 35., 44., 28., 14., 14., 52., 21., 0., 0., 13.,
       95., 8., 13., 74., 104., 57., 1., 0., 24., 1., 23., 83., 57., 34.,
       0., 0., 0., 18., 19., 84., 8., 0., 0., 0., 9., 18., 23., 7., 3.,
       3., 24., 33., 45., 43., 10., 6., 10., 12., 51., 32., 31., 89.,
       24., 4., 12., 38., 30., 7., 23., 50., 17., 2., 8., 67., 44., 3.,
       5., 72., 4., 0., 1., 59., 40., 16., 40., 72., 7., 1., 14., 105.,
       57., 18., 28., 119., 6., 0., 2., 57., 41., 7., 31., 63., 2., 0.,
       0., 119., 71., 3., 14., 96., 2., 0., 0., 94., 31., 2., 24., 86.,
       2., 1., 4., 113., 91., 7., 28., 119., 14., 1., 3., 79., 27., 3.,
       4., 60., 13., 1., 7., 119., 22., 0., 1., 68., 27., 8., 16., 83.,
       11., 0., 4., 60., 35., 33., 62., 93., 19., 0., 6., 68., 72., 50.,
       49., 54., 6., 0., 1., 14., 20., 35., 81., 81., 1., 0., 0., 2., 1.,
