%YAML:1.0
---
mat: !!opencv-matrix
   rows: 49
   cols: 128
   dt: f
   data: [ 33., 5., 2., 7., 81., 87., 44., 25., 132., 13., 0., 3., 42.,
       20., 4., 22., 32., 6., 1., 3., 132., 70., 3., 9., 76., 48., 48.,
       27., 27., 9., 1., 5., 34., 29., 43., 70., 132., 31., 9., 10.,
       132., 25., 2., 8., 58., 23., 6., 35., 27., 6., 3., 31., 132., 76.,
       7., 15., 2., 11., 40., 25., 72., 11., 0., 0., 19., 11., 17., 17.,
       52., 50., 36., 30., 132., 95., 57., 33., 44., 23., 2., 11., 14.,
       24., 50., 132., 132., 3., 1., 2., 0., 0., 0., 12., 50., 14., 5.,
       0., 33., 8., 2., 2., 72., 38., 8., 15., 0., 17., 29., 14., 95.,
       34., 0., 0., 0., 4., 23., 45., 11., 2., 6., 6., 0., 0., 0., 2.,
       4., 16., 16., 3., 3., 7., 15., 8., 1., 0., 0., 3., 19., 5., 2.,
       5., 1., 4., 26., 42., 88., 81., 3., 1., 1., 12., 26., 9., 31.,
       36., 13., 21., 46., 21., 1., 2., 50., 15., 12., 1., 0., 0., 0.,
       8., 125., 7., 1., 1., 13., 30., 55., 125., 40., 34., 8., 6., 125.,
       106., 52., 24., 49., 43., 33., 30., 19., 16., 33., 33., 61., 22.,
       1., 0., 0., 2., 17., 17., 125., 117., 8., 8., 19., 7., 5., 13.,
       46., 38., 10., 20., 125., 73., 2., 4., 125., 79., 16., 10., 40.,
       29., 22., 38., 27., 5., 0., 1., 24., 38., 64., 61., 112., 108.,
       3., 4., 35., 23., 9., 2., 57., 48., 4., 9., 125., 31., 0., 2.,
       35., 69., 32., 10., 70., 17., 1., 3., 10., 1., 0., 0., 1., 11.,
       13., 9., 74., 35., 8., 4., 1., 3., 17., 61., 21., 13., 12., 34.,
       60., 51., 26., 19., 115., 5., 0., 2., 16., 17., 6., 34., 26., 0.,
       0., 0., 3., 14., 17., 22., 123., 20., 4., 4., 7., 15., 68., 123.,
       31., 6., 5., 23., 123., 123., 84., 46., 123., 1., 0., 4., 35.,
       15., 4., 51., 30., 5., 0., 2., 4., 19., 20., 11., 123., 123., 51.,
       20., 8., 3., 8., 37., 42., 33., 56., 122., 123., 20., 7., 12.,
       123., 2., 1., 9., 40., 11., 5., 52., 9., 1., 0., 6., 7., 8., 4.,
       12., 48., 24., 10., 3., 3., 6., 28., 80., 20., 10., 13., 17., 64.,
       50., 29., 18., 110., 51., 26., 25., 20., 7., 1., 26., 23., 10.,
       1., 15., 97., 58., 28., 19., 59., 52., 35., 24., 16., 9., 13.,
       14., 2., 3., 20., 75., 53., 27., 11., 3., 8., 8., 6., 7., 6., 1.,
       0., 6., 43., 12., 4., 39., 125., 8., 1., 7., 125., 24., 8., 11.,
       38., 36., 62., 109., 8., 4., 7., 34., 125., 125., 54., 18., 3.,
       18., 22., 10., 33., 5., 0., 1., 37., 15., 4., 34., 125., 4., 0.,
       3., 125., 125., 81., 46., 36., 7., 5., 18., 8., 17., 64., 125.,
       125., 25., 5., 4., 2., 12., 18., 24., 29., 1., 0., 0., 13., 21.,
       6., 28., 123., 10., 0., 1., 62., 56., 25., 16., 28., 10., 10.,
       30., 4., 6., 17., 58., 74., 43., 11., 8., 1., 8., 12., 12., 17.,
       2., 0., 0., 25., 0., 0., 3., 8., 2., 0., 9., 153., 1., 0., 2., 2.,
       0., 0., 59., 62., 6., 4., 33., 35., 3., 0., 10., 2., 4., 2., 4.,
       153., 64., 0., 0., 61., 7., 3., 12., 1., 0., 0., 3., 153., 4., 0.,
       2., 13., 0., 0., 23., 64., 22., 5., 33., 96., 1., 0., 4., 20.,
       29., 3., 4., 133., 63., 0., 0., 85., 7., 3., 13., 2., 0., 0., 1.,
       153., 13., 0., 3., 16., 0., 0., 3., 54., 28., 5., 35., 153., 0.,
       0., 0., 37., 75., 5., 8., 63., 26., 0., 0., 69., 2., 0., 1., 2.,
       1., 0., 5., 153., 21., 0., 2., 11., 0., 0., 2., 35., 16., 3., 20.,
       153., 0., 0., 0., 30., 85., 5., 9., 35., 3., 0., 0., 86., 21., 0.,
       0., 46., 82., 19., 17., 4., 2., 0., 2., 45., 87., 35., 38., 54.,
       4., 1., 2., 8., 16., 51., 95., 57., 3., 3., 3., 29., 47., 21.,
       35., 120., 73., 5., 8., 35., 45., 1., 4., 34., 12., 4., 64., 120.,
       82., 8., 6., 120., 16., 1., 28., 50., 4., 4., 42., 77., 1., 0.,
       26., 103., 12., 3., 27., 64., 120., 69., 39., 10., 2., 0., 0.,
       46., 39., 49., 120., 66., 3., 0., 1., 120., 111., 55., 49., 26.,
       0., 0., 6., 54., 47., 53., 56., 46., 0., 0., 5., 0., 10., 22.,
       10., 3., 1., 0., 0., 4., 14., 16., 23., 9., 2., 0., 0., 7., 50.,
       86., 13., 3., 1., 0., 0., 1., 38., 115., 17., 2., 0., 0., 0.,
       116., 14., 0., 0., 0., 0., 1., 11., 155., 31., 0., 0., 13., 8.,
       0., 3., 38., 1., 0., 0., 107., 46., 2., 18., 96., 0., 0., 5., 28.,
       5., 1., 56., 97., 7., 0., 0., 0., 0., 0., 24., 155., 29., 0., 0.,
       14., 4., 0., 4., 80., 1., 0., 1., 127., 33., 3., 30., 90., 0., 0.,
       23., 64., 4., 1., 60., 70., 1., 0., 0., 0., 0., 0., 26., 155., 6.,
       0., 1., 12., 0., 0., 9., 87., 2., 0., 3., 81., 13., 4., 40., 47.,
       0., 0., 62., 99., 1., 1., 35., 50., 1., 0., 0., 0., 0., 1., 14.,
       155., 1., 0., 0., 3., 1., 0., 19., 56., 0., 0., 11., 26., 6., 4.,
       46., 7., 0., 0., 105., 108., 0., 0., 14., 16., 24., 0., 0., 30.,
       72., 1., 0., 76., 10., 0., 0., 11., 52., 7., 8., 122., 17., 0.,
       0., 33., 26., 1., 4., 1., 0., 0., 0., 103., 61., 1., 0., 89., 92.,
       0., 0., 8., 39., 2., 1., 52., 5., 0., 0., 23., 122., 8., 8., 122.,
       10., 0., 0., 33., 22., 3., 8., 9., 0., 0., 0., 122., 43., 0., 1.,
       122., 122., 0., 0., 1., 5., 1., 1., 65., 37., 0., 0., 27., 104.,
       6., 6., 122., 3., 0., 0., 33., 38., 5., 15., 18., 0., 0., 0.,
       122., 31., 0., 1., 107., 81., 0., 0., 0., 0., 0., 3., 117., 90.,
       0., 0., 13., 31., 2., 1., 79., 2., 0., 0., 29., 33., 4., 15., 17.,
       0., 0., 1., 122., 13., 0., 1., 125., 69., 4., 1., 1., 7., 18.,
       49., 34., 43., 13., 11., 82., 125., 43., 22., 94., 2., 0., 0.,
       30., 92., 16., 19., 125., 3., 0., 0., 1., 2., 4., 35., 99., 104.,
       5., 0., 0., 25., 19., 13., 125., 108., 18., 7., 20., 63., 17.,
       36., 54., 3., 1., 0., 27., 125., 43., 46., 125., 1., 0., 5., 10.,
       10., 10., 87., 35., 2., 0., 0., 0., 44., 68., 30., 125., 100., 8.,
       0., 3., 9., 12., 36., 40., 59., 26., 10., 43., 69., 11., 24.,
       101., 9., 5., 29., 11., 9., 6., 46., 1., 0., 0., 0., 0., 40., 38.,
       4., 29., 21., 1., 0., 0., 24., 24., 25., 48., 33., 9., 2., 1., 0.,
       0., 7., 22., 3., 2., 7., 1., 0., 0., 5., 1., 1., 15., 53., 4., 2.,
       44., 52., 6., 4., 32., 86., 10., 7., 22., 8., 2., 0., 7., 50.,
       29., 11., 3., 3., 10., 5., 8., 11., 4., 0., 0., 0., 12., 10., 74.,
       128., 1., 0., 1., 7., 128., 33., 51., 69., 10., 9., 4., 35., 19.,
       2., 13., 87., 128., 30., 5., 16., 33., 42., 27., 31., 15., 0., 0.,
       0., 58., 16., 23., 128., 6., 0., 0., 10., 128., 48., 29., 56.,
       27., 9., 5., 38., 11., 13., 42., 128., 99., 8., 1., 2., 38., 76.,
       31., 33., 4., 0., 0., 0., 100., 36., 12., 32., 1., 0., 0., 21.,
       113., 43., 31., 59., 72., 19., 10., 65., 11., 10., 10., 128.,
       128., 14., 2., 1., 53., 29., 5., 9., 3., 0., 0., 0., 90., 26., 3.,
       18., 18., 1., 2., 19., 33., 16., 7., 58., 64., 5., 3., 9., 68.,
       29., 10., 24., 20., 8., 11., 33., 4., 5., 8., 35., 45., 25., 9.,
       7., 107., 82., 8., 17., 14., 2., 2., 16., 53., 37., 13., 95.,
       111., 8., 3., 9., 121., 33., 1., 31., 39., 6., 7., 36., 11., 5.,
       5., 67., 121., 17., 6., 6., 121., 13., 2., 9., 26., 3., 1., 64.,
       74., 13., 2., 46., 121., 9., 1., 21., 121., 42., 1., 27., 61., 1.,
       0., 25., 7., 5., 6., 69., 121., 1., 0., 2., 90., 50., 15., 20.,
       24., 0., 0., 19., 59., 11., 11., 65., 103., 0., 0., 11., 121.,
       29., 6., 29., 50., 1., 0., 34., 3., 4., 3., 51., 106., 0., 0., 1.,
       6., 49., 19., 0., 1., 1., 1., 1., 130., 51., 5., 1., 0., 0., 0.,
       20., 114., 19., 15., 130., 45., 1., 0., 25., 0., 1., 17., 81.,
       32., 0., 0., 0., 32., 29., 12., 28., 38., 12., 7., 10., 130., 63.,
       10., 13., 8., 3., 2., 40., 59., 16., 27., 130., 116., 11., 3.,
       18., 0., 19., 67., 41., 13., 0., 0., 0., 41., 16., 5., 62., 53.,
       5., 16., 20., 130., 96., 28., 37., 11., 7., 12., 70., 17., 22.,
       47., 130., 80., 12., 4., 5., 0., 32., 72., 25., 6., 0., 0., 0.,
       40., 16., 8., 11., 8., 5., 34., 35., 84., 17., 10., 87., 26., 9.,
