%YAML:1.0
---
mat: !!opencv-matrix
   rows: 97
   cols: 128
   dt: f
   data: [ 5., 3., 1., 0., 0., 0., 119., 40., 119., 0., 0., 0., 0., 0.,
       94., 118., 119., 0., 0., 0., 0., 0., 1., 28., 0., 0., 0., 0., 0.,
       0., 0., 0., 24., 9., 2., 0., 3., 2., 52., 119., 54., 8., 0., 2.,
       30., 17., 69., 91., 119., 21., 0., 1., 2., 1., 3., 20., 8., 0.,
       0., 0., 0., 0., 0., 0., 106., 59., 4., 0., 4., 3., 10., 44., 29.,
       12., 27., 5., 32., 35., 41., 31., 119., 44., 22., 2., 1., 3., 13.,
       57., 33., 10., 0., 0., 0., 0., 0., 3., 61., 119., 84., 0., 0., 0.,
       1., 4., 12., 39., 119., 60., 13., 13., 10., 8., 119., 119., 112.,
       24., 4., 4., 6., 47., 99., 35., 0., 0., 0., 0., 0., 25., 51., 36.,
       1., 1., 0., 0., 3., 31., 26., 78., 29., 3., 0., 0., 0., 2., 12.,
       58., 17., 0., 0., 0., 0., 0., 4., 3., 0., 0., 0., 0., 0., 0., 7.,
       1., 15., 92., 4., 1., 6., 46., 13., 51., 137., 137., 7., 1., 0.,
       3., 137., 137., 88., 10., 0., 0., 0., 5., 60., 22., 0., 0., 0.,
       0., 1., 1., 3., 3., 16., 137., 36., 27., 2., 4., 40., 10., 27.,
       101., 53., 62., 23., 40., 137., 59., 11., 4., 1., 1., 6., 67.,
       106., 38., 0., 0., 0., 1., 1., 2., 52., 29., 12., 7., 5., 30., 9.,
       10., 15., 0., 0., 0., 6., 77., 109., 44., 137., 11., 0., 0., 0.,
       1., 40., 112., 71., 32., 4., 0., 0., 0., 0., 12., 20., 27., 33.,
       44., 6., 1., 14., 27., 44., 96., 64., 8., 2., 1., 6., 10., 4.,
       84., 119., 3., 1., 2., 1., 0., 6., 64., 14., 0., 0., 0., 0., 0.,
       6., 5., 5., 40., 80., 18., 37., 84., 106., 28., 42., 50., 37.,
       14., 17., 48., 42., 57., 52., 8., 26., 100., 28., 35., 112., 89.,
       7., 0., 1., 6., 5., 31., 9., 3., 4., 35., 132., 11., 6., 19.,
       132., 45., 1., 15., 97., 10., 3., 16., 80., 7., 0., 0., 24., 85.,
       51., 50., 44., 1., 0., 0., 1., 7., 21., 93., 5., 18., 23., 32.,
       132., 14., 0., 1., 132., 23., 0., 1., 80., 15., 2., 23., 108., 6.,
       0., 0., 0., 4., 17., 21., 1., 0., 1., 2., 0., 0., 5., 11., 34.,
       10., 3., 1., 7., 129., 73., 17., 46., 65., 31., 9., 16., 29., 13.,
       7., 104., 72., 2., 1., 5., 89., 65., 6., 6., 1., 0., 3., 33.,
       129., 69., 10., 0., 0., 0., 0., 32., 129., 32., 3., 42., 8., 0.,
       1., 54., 129., 20., 9., 129., 34., 1., 9., 16., 14., 8., 19., 15.,
       5., 7., 71., 93., 44., 5., 0., 0., 0., 0., 2., 21., 51., 18., 3.,
       6., 0., 0., 1., 18., 129., 69., 11., 53., 7., 1., 15., 36., 40.,
       87., 56., 4., 2., 6., 119., 129., 34., 3., 2., 0., 0., 0., 0., 4.,
       48., 11., 0., 0., 0., 0., 2., 14., 31., 12., 4., 1., 0., 0., 1.,
       25., 40., 30., 13., 0., 0., 0., 5., 55., 129., 51., 0., 11., 4.,
       0., 0., 2., 62., 102., 61., 81., 13., 4., 2., 1., 0., 78., 124.,
       67., 30., 14., 1., 0., 0., 1., 37., 19., 15., 28., 3., 0., 0., 1.,
       8., 82., 7., 0., 23., 7., 3., 52., 99., 14., 32., 41., 124., 26.,
       2., 35., 42., 97., 120., 37., 16., 0., 0., 1., 10., 43., 10., 1.,
       0., 0., 0., 2., 15., 124., 68., 5., 97., 57., 0., 2., 12., 59.,
       9., 12., 124., 59., 1., 1., 28., 124., 48., 6., 8., 0., 0., 0.,
       32., 49., 18., 3., 0., 0., 0., 2., 18., 124., 96., 5., 26., 54.,
       21., 7., 23., 47., 25., 9., 35., 56., 29., 9., 18., 124., 53., 6.,
       2., 0., 0., 0., 24., 39., 23., 14., 0., 0., 0., 1., 22., 24., 1.,
       1., 60., 77., 0., 1., 15., 146., 15., 4., 28., 29., 0., 0., 39.,
       86., 14., 42., 55., 11., 11., 3., 12., 15., 19., 18., 15., 6.,
       15., 10., 4., 47., 4., 4., 123., 59., 0., 0., 7., 146., 7., 2.,
       26., 29., 0., 0., 52., 69., 33., 30., 131., 104., 1., 0., 7., 52.,
       111., 21., 13., 2., 0., 0., 0., 66., 8., 6., 80., 19., 0., 1.,
       10., 146., 51., 20., 53., 19., 0., 0., 9., 38., 33., 21., 137.,
       102., 0., 0., 0., 30., 98., 68., 13., 2., 0., 0., 0., 94., 20.,
       6., 19., 2., 0., 1., 28., 78., 20., 26., 41., 7., 0., 1., 33., 2.,
       11., 34., 66., 25., 1., 2., 1., 18., 24., 40., 29., 6., 2., 2.,
       1., 0., 54., 106., 37., 7., 5., 0., 0., 6., 23., 112., 59., 9.,
       3., 1., 4., 20., 45., 68., 54., 5., 5., 22., 15., 55., 45., 14.,
       2., 0., 0., 18., 30., 16., 72., 38., 11., 40., 120., 3., 3., 120.,
       48., 25., 12., 15., 50., 14., 33., 27., 120., 19., 4., 35., 120.,
       16., 14., 45., 120., 8., 0., 1., 16., 8., 17., 43., 35., 0., 0.,
       37., 120., 19., 10., 120., 16., 0., 2., 17., 81., 50., 71., 36.,
       11., 4., 36., 97., 120., 11., 13., 95., 69., 4., 8., 11., 44.,
       14., 49., 28., 8., 0., 0., 1., 22., 25., 33., 10., 1., 0., 0., 5.,
       23., 47., 39., 3., 1., 1., 9., 39., 69., 51., 15., 16., 0., 2.,
       3., 3., 10., 54., 82., 2., 2., 8., 72., 82., 1., 0., 1., 41., 30.,
       71., 69., 28., 4., 15., 21., 73., 64., 23., 2., 1., 2., 11., 39.,
       6., 4., 4., 2., 5., 0., 0., 1., 8., 9., 22., 39., 120., 17., 0.,
       1., 120., 17., 4., 19., 93., 16., 14., 48., 56., 28., 56., 120.,
       11., 1., 14., 58., 39., 66., 45., 19., 1., 0., 0., 1., 4., 32.,
       31., 33., 72., 43., 35., 4., 109., 20., 23., 58., 53., 28., 15.,
       26., 96., 20., 29., 120., 58., 14., 2., 11., 120., 28., 15., 41.,
       37., 0., 0., 20., 0., 1., 0., 0., 5., 82., 62., 1., 1., 1., 4.,
       9., 24., 107., 67., 12., 80., 2., 2., 10., 93., 77., 26., 21.,
       118., 8., 9., 53., 50., 6., 3., 17., 12., 34., 37., 23., 0., 0.,
       0., 0., 30., 31., 56., 27., 1., 1., 1., 6., 21., 5., 2., 6., 10.,
       37., 46., 24., 66., 1., 0., 0., 1., 6., 29., 62., 13., 28., 100.,
       140., 0., 0., 0., 0., 140., 90., 59., 23., 0., 0., 0., 26., 83.,
       8., 16., 22., 1., 4., 37., 48., 34., 18., 11., 7., 0., 1., 20.,
       28., 49., 21., 53., 140., 1., 1., 23., 55., 140., 49., 12., 10.,
       2., 0., 4., 138., 80., 13., 20., 47., 9., 0., 0., 20., 75., 9.,
       7., 6., 0., 0., 0., 34., 14., 1., 3., 8., 1., 0., 132., 140., 56.,
       0., 2., 37., 10., 1., 36., 140., 52., 11., 11., 46., 11., 1., 1.,
       32., 78., 4., 0., 0., 0., 0., 0., 30., 20., 89., 43., 59., 14.,
       0., 0., 0., 61., 134., 9., 13., 10., 0., 0., 3., 23., 27., 6.,
       23., 22., 2., 0., 0., 47., 40., 1., 0., 0., 0., 0., 0., 27., 82.,
       31., 92., 85., 0., 0., 4., 134., 134., 11., 5., 6., 2., 0., 14.,
       58., 34., 7., 19., 55., 7., 1., 3., 76., 64., 4., 4., 3., 0., 0.,
       5., 60., 5., 1., 66., 59., 1., 2., 102., 134., 14., 1., 3., 8.,
       0., 0., 134., 56., 3., 1., 11., 75., 16., 7., 30., 113., 6., 1.,
       1., 4., 3., 4., 43., 134., 1., 0., 9., 8., 1., 2., 105., 134.,
       14., 14., 10., 1., 0., 0., 89., 17., 20., 13., 12., 8., 5., 6.,
       17., 41., 18., 0., 0., 0., 1., 3., 25., 0., 0., 20., 112., 29.,
       3., 0., 0., 18., 53., 139., 77., 8., 0., 0., 3., 41., 56., 25.,
       1., 2., 6., 1., 4., 2., 0., 0., 0., 2., 18., 1., 0., 5., 4., 23.,
       139., 101., 0., 0., 0., 139., 44., 36., 93., 30., 0., 0., 52.,
       139., 33., 15., 1., 0., 1., 0., 49., 3., 3., 16., 3., 2., 5., 0.,
       0., 24., 14., 27., 139., 97., 0., 0., 0., 139., 70., 6., 35., 16.,
       0., 0., 8., 77., 60., 63., 0., 0., 0., 0., 5., 0., 7., 42., 0.,
       0., 0., 0., 0., 45., 14., 18., 136., 27., 0., 0., 2., 139., 65.,
       10., 7., 2., 0., 0., 6., 22., 58., 73., 0., 0., 0., 0., 0., 0.,
       7., 23., 0., 0., 0., 0., 0., 1., 4., 28., 37., 12., 1., 0., 2.,
       24., 53., 42., 36., 13., 3., 2., 12., 27., 89., 37., 2., 0., 0.,
       0., 6., 15., 87., 6., 0., 0., 0., 0., 0., 0., 3., 49., 81., 19.,
       0., 0., 0., 15., 103., 100., 138., 71., 0., 0., 0., 111., 138.,
       62., 6., 2., 0., 0., 4., 71., 80., 8., 0., 0., 0., 0., 5., 0., 4.,
       20., 100., 37., 0., 0., 0., 80., 14., 7., 129., 138., 0., 0., 12.,
       138., 54., 7., 6., 7., 0., 0., 41., 81., 51., 8., 0., 0., 0., 1.,
       13., 0., 2., 30., 64., 33., 1., 0., 0., 81., 1., 1., 37., 72.,
       10., 2., 30., 138., 16., 5., 1., 2., 1., 1., 50., 14., 65., 17.,
