%YAML:1.0
---
mat: !!opencv-matrix
   rows: 90
   cols: 128
   dt: f
   data: [ 2., 28., 101., 22., 9., 40., 39., 16., 82., 85., 55., 1., 0.,
       2., 47., 60., 81., 25., 4., 47., 56., 3., 1., 16., 56., 33., 6.,
       25., 32., 3., 0., 8., 3., 24., 50., 15., 16., 90., 110., 12.,
       110., 86., 32., 4., 9., 27., 48., 74., 71., 20., 8., 109., 59.,
       1., 0., 14., 108., 28., 9., 34., 22., 1., 0., 16., 6., 29., 110.,
       19., 41., 33., 20., 7., 110., 34., 24., 25., 38., 17., 7., 24.,
       43., 19., 17., 110., 83., 5., 1., 7., 110., 35., 13., 15., 8., 3.,
       1., 11., 9., 24., 75., 4., 0., 5., 65., 52., 51., 14., 28., 34.,
       9., 0., 8., 55., 30., 18., 16., 107., 56., 0., 0., 1., 90., 51.,
       14., 5., 2., 0., 0., 0., 22., 43., 38., 26., 15., 72., 61., 7.,
       40., 63., 10., 34., 54., 36., 65., 16., 29., 10., 11., 60., 21.,
       20., 112., 58., 13., 3., 41., 69., 3., 9., 40., 27., 5., 7., 66.,
       110., 43., 46., 31., 2., 112., 70., 15., 61., 46., 11., 9., 14.,
       33., 17., 7., 100., 110., 4., 11., 18., 27., 17., 8., 30., 9., 3.,
       25., 88., 28., 8., 112., 112., 2., 0., 25., 112., 112., 17., 28.,
       78., 8., 0., 4., 112., 26., 20., 12., 91., 53., 12., 7., 7., 53.,
       67., 15., 15., 5., 2., 3., 12., 2., 0., 6., 22., 7., 0., 62.,
       112., 3., 7., 11., 79., 16., 0., 5., 34., 11., 8., 16., 27., 7.,
       6., 3., 2., 9., 19., 44., 42., 14., 2., 1., 2., 32., 2., 1., 0.,
       5., 13., 10., 22., 55., 0., 0., 4., 8., 5., 12., 33., 32., 0., 0.,
       123., 123., 6., 5., 40., 12., 0., 1., 72., 38., 2., 12., 123.,
       21., 8., 10., 5., 9., 28., 22., 16., 91., 13., 10., 4., 24., 20.,
       7., 45., 62., 7., 0., 18., 123., 95., 20., 95., 76., 23., 25., 5.,
       7., 6., 10., 123., 14., 2., 1., 9., 31., 77., 35., 10., 123., 50.,
       3., 11., 29., 35., 13., 21., 64., 27., 11., 22., 27., 123., 19.,
       12., 28., 43., 85., 28., 9., 64., 34., 11., 14., 15., 16., 64.,
       35., 8., 4., 12., 69., 7., 11., 42., 37., 5., 2., 71., 57., 25.,
       64., 123., 29., 21., 10., 20., 97., 31., 19., 15., 11., 45., 40.,
       33., 3., 0., 0., 0., 0., 0., 64., 121., 20., 0., 0., 0., 0., 1.,
       72., 121., 43., 0., 0., 0., 0., 0., 58., 121., 1., 0., 0., 0., 1.,
       1., 79., 67., 1., 0., 0., 0., 0., 17., 121., 87., 41., 13., 2.,
       2., 9., 57., 67., 50., 121., 21., 1., 0., 1., 6., 17., 80., 15.,
       0., 0., 0., 5., 40., 39., 23., 2., 0., 0., 0., 0., 40., 113., 52.,
       14., 2., 0., 0., 5., 121., 108., 14., 121., 33., 0., 0., 3., 39.,
       28., 47., 53., 16., 0., 0., 3., 62., 22., 13., 23., 0., 0., 0.,
       0., 25., 41., 38., 6., 0., 0., 0., 3., 110., 87., 7., 58., 43.,
       1., 1., 13., 119., 33., 6., 107., 50., 0., 0., 1., 21., 20., 12.,
       71., 37., 15., 35., 34., 0., 0., 0., 13., 12., 3., 70., 128., 10.,
       0., 3., 65., 47., 9., 40., 39., 15., 5., 11., 11., 28., 25., 28.,
       16., 11., 13., 25., 71., 44., 15., 40., 43., 0., 0., 0., 13., 16.,
       21., 128., 128., 17., 2., 4., 128., 72., 21., 26., 25., 17., 24.,
       32., 24., 6., 3., 2., 6., 12., 68., 74., 45., 79., 35., 25., 28.,
       0., 0., 0., 10., 12., 26., 86., 128., 49., 15., 19., 128., 90.,
       23., 9., 11., 14., 16., 72., 28., 42., 48., 0., 0., 0., 4., 11.,
       31., 59., 36., 35., 10., 0., 0., 0., 5., 23., 39., 128., 90., 1.,
       0., 1., 57., 128., 37., 18., 8., 1., 0., 1., 8., 56., 65., 1., 0.,
       0., 0., 0., 0., 0., 0., 0., 8., 59., 66., 2., 10., 1., 0., 1.,
       54., 128., 39., 20., 95., 1., 0., 1., 4., 20., 39., 128., 9., 0.,
       0., 0., 32., 62., 35., 32., 0., 0., 3., 9., 27., 43., 51., 0.,
       11., 15., 15., 69., 128., 92., 24., 10., 128., 52., 15., 19., 10.,
       11., 25., 83., 29., 0., 0., 0., 45., 81., 35., 24., 5., 11., 65.,
       76., 24., 7., 4., 1., 24., 17., 25., 32., 128., 75., 20., 25.,
       128., 18., 2., 4., 13., 17., 21., 128., 46., 0., 0., 0., 68., 45.,
       15., 40., 15., 10., 14., 26., 11., 27., 24., 26., 37., 16., 5.,
       10., 63., 48., 10., 40., 128., 11., 0., 3., 14., 13., 3., 64.,
       40., 0., 0., 0., 65., 38., 15., 35., 43., 14., 4., 3., 0., 0., 0.,
       0., 26., 16., 58., 13., 0., 0., 0., 0., 12., 41., 81., 3., 0., 0.,
       0., 0., 5., 17., 82., 51., 15., 1., 0., 0., 34., 12., 19., 78.,
       18., 0., 0., 1., 84., 27., 94., 90., 7., 5., 10., 33., 32., 38.,
       90., 9., 10., 72., 38., 31., 39., 30., 41., 39., 134., 47., 11.,
       20., 30., 9., 5., 83., 134., 1., 0., 0., 134., 47., 9., 46., 50.,
       3., 3., 15., 85., 9., 2., 0., 1., 51., 55., 27., 11., 2., 4., 2.,
       134., 52., 36., 30., 19., 7., 1., 8., 134., 43., 0., 0., 134.,
       65., 0., 3., 53., 31., 1., 2., 89., 30., 16., 31., 4., 0., 1., 1.,
       6., 23., 37., 27., 106., 21., 1., 1., 0., 2., 82., 69., 24., 52.,
       12., 0., 2., 5., 43., 50., 80., 69., 4., 2., 1., 3., 9., 24., 40.,
       14., 6., 3., 0., 0., 1., 31., 87., 21., 0., 0., 21., 13., 109.,
       100., 98., 11., 1., 1., 109., 37., 75., 50., 19., 15., 10., 26.,
       24., 8., 6., 29., 109., 40., 12., 16., 18., 6., 4., 9., 75., 44.,
       2., 8., 23., 3., 2., 8., 96., 106., 86., 18., 109., 21., 5., 8.,
       12., 37., 109., 62., 21., 9., 5., 19., 109., 65., 57., 19., 10.,
       1., 0., 1., 109., 26., 24., 22., 36., 26., 8., 1., 2., 44., 78.,
       14., 3., 0., 0., 0., 21., 54., 109., 18., 0., 0., 0., 0., 61.,
       69., 39., 2., 0., 0., 0., 0., 109., 27., 7., 0., 109., 21., 6.,
       0., 0., 0., 0., 1., 66., 68., 36., 2., 0., 0., 0., 0., 25., 57.,
       109., 14., 2., 0., 0., 0., 2., 44., 73., 14., 38., 24., 6., 0.,
       109., 22., 22., 22., 11., 1., 0., 4., 109., 63., 53., 19., 21.,
       8., 5., 21., 12., 40., 109., 63., 109., 17., 5., 9., 88., 109.,
       89., 19., 21., 3., 1., 8., 76., 40., 2., 8., 16., 6., 4., 10.,
       109., 37., 12., 16., 24., 7., 7., 32., 18., 14., 9., 29., 109.,
       35., 78., 46., 106., 11., 1., 1., 23., 12., 109., 89., 84., 15.,
       0., 0., 0., 0., 2., 37., 37., 15., 6., 3., 1., 3., 9., 24., 83.,
       65., 3., 2., 2., 6., 50., 53., 21., 44., 10., 0., 0., 3., 96.,
       68., 4., 27., 52., 4., 0., 0., 1., 4., 8., 39., 44., 3., 0., 0.,
       3., 13., 5., 13., 19., 8., 0., 0., 5., 17., 1., 10., 18., 6., 1.,
       0., 11., 6., 50., 46., 75., 32., 37., 3., 0., 5., 126., 90., 72.,
       26., 39., 3., 0., 9., 64., 58., 65., 115., 99., 2., 0., 4., 78.,
       107., 51., 34., 43., 10., 0., 0., 112., 10., 0., 12., 72., 14.,
       2., 12., 126., 13., 2., 15., 84., 5., 1., 10., 82., 25., 6., 49.,
       126., 53., 2., 2., 126., 108., 5., 7., 54., 37., 2., 2., 25., 2.,
       1., 1., 21., 33., 59., 40., 81., 10., 3., 5., 21., 24., 72., 49.,
       17., 6., 3., 9., 32., 78., 64., 22., 70., 25., 2., 3., 7., 64.,
       64., 31., 40., 18., 19., 28., 2., 1., 17., 113., 60., 99., 23.,
       14., 14., 9., 2., 22., 20., 21., 29., 28., 16., 20., 18., 14.,
       42., 41., 12., 6., 7., 0., 1., 9., 18., 17., 113., 113., 5., 4.,
       34., 55., 113., 97., 46., 26., 16., 2., 2., 45., 56., 35., 39.,
       60., 87., 6., 1., 2., 113., 64., 15., 7., 8., 0., 0., 0., 12., 4.,
       71., 42., 6., 24., 113., 59., 113., 73., 29., 14., 17., 2., 17.,
       57., 51., 33., 2., 25., 113., 2., 0., 1., 108., 75., 4., 6., 8.,
       0., 0., 0., 3., 6., 113., 37., 4., 5., 26., 6., 110., 75., 42.,
       10., 5., 1., 5., 15., 40., 26., 5., 26., 77., 1., 0., 1., 65.,
       58., 4., 5., 7., 0., 0., 0., 13., 1., 0., 0., 50., 65., 5., 6.,
       76., 3., 0., 0., 43., 36., 4., 20., 2., 1., 7., 13., 88., 80.,
       55., 17., 6., 7., 32., 6., 1., 2., 108., 60., 11., 1., 0., 0.,
       87., 94., 4., 5., 111., 7., 0., 1., 41., 43., 2., 15., 15., 2.,
       17., 58., 111., 78., 29., 16., 9., 21., 111., 77., 16., 3., 55.,
       59., 10., 0., 0., 0., 103., 73., 12., 6., 93., 10., 0., 1., 52.,
       39., 34., 55., 18., 3., 1., 30., 111., 111., 43., 30., 5., 2.,
