%YAML:1.0
---
mat: !!opencv-matrix
   rows: 86
   cols: 128
   dt: f
   data: [ 1., 0., 0., 0., 0., 0., 0., 0., 161., 0., 0., 0., 0., 0., 0.,
       62., 161., 0., 0., 0., 0., 0., 0., 48., 44., 6., 2., 0., 1., 0.,
       0., 8., 11., 1., 0., 0., 0., 0., 0., 1., 161., 47., 1., 0., 0.,
       0., 0., 57., 161., 45., 9., 0., 0., 0., 0., 25., 12., 25., 20.,
       1., 0., 0., 0., 0., 11., 7., 0., 0., 0., 0., 0., 0., 161., 161.,
       20., 0., 0., 0., 0., 2., 36., 161., 140., 0., 0., 0., 0., 1., 0.,
       111., 86., 1., 1., 0., 0., 0., 1., 0., 0., 0., 0., 0., 0., 0., 8.,
       28., 3., 0., 0., 0., 0., 0., 2., 88., 34., 0., 0., 0., 0., 0., 0.,
       94., 47., 0., 0., 0., 0., 0., 14., 129., 19., 0., 0., 0., 0., 0.,
       5., 86., 134., 18., 2., 10., 6., 3., 0., 1., 63., 93., 44., 18.,
       27., 3., 0., 0., 0., 15., 46., 25., 55., 53., 22., 32., 14., 0.,
       0., 0., 0., 4., 94., 25., 31., 2., 0., 0., 44., 115., 8., 1., 13.,
       11., 1., 4., 134., 61., 5., 0., 0., 1., 1., 2., 134., 134., 39.,
       64., 30., 0., 0., 0., 0., 1., 134., 77., 1., 0., 0., 0., 7., 44.,
       99., 12., 0., 0., 0., 0., 76., 56., 21., 4., 0., 0., 0., 2., 66.,
       58., 16., 40., 13., 0., 0., 0., 0., 0., 134., 98., 1., 0., 0., 0.,
       0., 4., 128., 43., 1., 0., 0., 0., 0., 5., 14., 30., 12., 0., 0.,
       3., 4., 3., 30., 9., 0., 0., 4., 49., 76., 25., 140., 103., 0.,
       0., 1., 6., 5., 16., 113., 74., 14., 2., 0., 0., 0., 6., 7., 6.,
       13., 19., 4., 0., 0., 6., 17., 1., 0., 11., 115., 73., 23., 25.,
       140., 40., 6., 3., 25., 11., 1., 35., 113., 58., 69., 1., 0., 0.,
       0., 10., 2., 12., 104., 22., 1., 0., 0., 0., 3., 5., 15., 140.,
       94., 2., 1., 4., 51., 132., 89., 26., 17., 0., 0., 1., 11., 67.,
       140., 31., 0., 0., 0., 0., 0., 20., 140., 32., 0., 0., 0., 0., 0.,
       0., 17., 78., 4., 0., 0., 0., 0., 7., 25., 32., 9., 0., 0., 0.,
       0., 3., 67., 78., 17., 0., 0., 0., 0., 2., 47., 31., 3., 0., 0.,
       0., 9., 124., 26., 0., 0., 0., 0., 0., 2., 73., 137., 20., 1., 2.,
       6., 4., 0., 0., 101., 97., 26., 6., 27., 3., 0., 0., 2., 25., 37.,
       18., 40., 36., 13., 18., 14., 0., 0., 0., 0., 3., 93., 16., 32.,
       2., 0., 0., 52., 116., 11., 0., 16., 7., 0., 2., 137., 57., 4.,
       0., 0., 2., 1., 1., 137., 116., 24., 42., 32., 0., 0., 0., 0., 1.,
       137., 70., 2., 0., 0., 0., 7., 34., 101., 13., 0., 0., 0., 1.,
       63., 35., 26., 2., 0., 0., 0., 11., 74., 39., 7., 44., 32., 0.,
       0., 0., 0., 0., 137., 137., 6., 0., 0., 0., 0., 2., 131., 51., 0.,
       0., 0., 0., 0., 2., 28., 30., 8., 0., 0., 8., 3., 3., 24., 9., 0.,
       0., 10., 54., 55., 18., 144., 76., 1., 0., 2., 5., 2., 15., 108.,
       45., 17., 1., 0., 0., 1., 17., 5., 6., 27., 19., 4., 0., 1., 15.,
       19., 1., 0., 4., 144., 71., 14., 9., 144., 42., 9., 1., 26., 6.,
       0., 28., 83., 40., 84., 2., 0., 0., 0., 9., 0., 7., 117., 23., 0.,
       0., 0., 0., 5., 5., 7., 124., 141., 3., 0., 1., 58., 124., 90.,
       17., 21., 0., 0., 1., 9., 48., 144., 35., 1., 0., 0., 0., 0., 6.,
       144., 89., 2., 0., 0., 0., 0., 0., 12., 83., 8., 0., 0., 0., 0.,
       4., 15., 18., 10., 0., 0., 0., 0., 1., 38., 57., 26., 0., 0., 0.,
       0., 0., 24., 53., 17., 0., 0., 0., 0., 0., 0., 0., 0., 0., 0., 0.,
       83., 15., 0., 0., 0., 1., 3., 20., 60., 35., 67., 22., 31., 119.,
       32., 30., 2., 100., 141., 9., 11., 97., 28., 1., 12., 7., 0., 0.,
       0., 0., 0., 0., 141., 55., 4., 2., 0., 0., 1., 47., 126., 19.,
       53., 72., 32., 89., 26., 39., 7., 20., 55., 53., 39., 138., 47.,
       11., 32., 11., 0., 0., 0., 0., 0., 1., 141., 126., 21., 1., 0.,
       0., 0., 11., 64., 98., 71., 42., 34., 31., 15., 13., 22., 26.,
       35., 29., 22., 71., 141., 39., 0., 0., 0., 0., 0., 0., 0., 0., 5.,
       4., 1., 0., 0., 0., 0., 0., 21., 11., 2., 0., 0., 1., 4., 11., 8.,
       0., 0., 2., 3., 7., 69., 26., 0., 0., 0., 0., 0., 0., 0., 0., 29.,
       22., 6., 1., 1., 2., 5., 8., 41., 69., 81., 7., 24., 146., 39.,
       21., 18., 18., 31., 3., 29., 146., 146., 31., 7., 2., 0., 0., 0.,
       0., 0., 0., 127., 25., 7., 5., 5., 22., 11., 34., 14., 58., 122.,
       26., 37., 140., 17., 13., 5., 141., 97., 2., 7., 51., 76., 26.,
       44., 12., 0., 0., 0., 0., 0., 0., 146., 85., 12., 18., 4., 5., 3.,
       14., 21., 20., 17., 89., 41., 63., 47., 17., 50., 18., 5., 15.,
       13., 18., 79., 66., 5., 1., 0., 0., 0., 0., 0., 0., 25., 17., 2.,
       1., 1., 0., 1., 2., 5., 5., 2., 3., 4., 11., 72., 20., 14., 0.,
       0., 65., 40., 9., 66., 24., 16., 8., 0., 0., 0., 0., 0., 2., 43.,
       1., 0., 0., 1., 3., 8., 105., 10., 0., 7., 19., 3., 3., 27., 118.,
       0., 0., 32., 28., 26., 19., 4., 12., 51., 14., 0., 0., 0., 0., 0.,
       6., 118., 24., 2., 6., 12., 0., 0., 70., 25., 7., 45., 118., 89.,
       18., 5., 27., 4., 6., 113., 78., 7., 6., 17., 35., 52., 8., 0.,
       0., 0., 3., 30., 105., 63., 61., 21., 7., 10., 51., 50., 36., 5.,
       26., 51., 102., 90., 47., 8., 1., 5., 32., 105., 58., 19., 17.,
       18., 29., 22., 0., 0., 0., 0., 6., 28., 118., 1., 1., 3., 2., 5.,
       118., 77., 27., 0., 1., 9., 28., 18., 118., 118., 1., 0., 4., 21.,
       21., 17., 108., 118., 0., 16., 97., 120., 0., 0., 1., 11., 18.,
       15., 120., 120., 2., 0., 1., 7., 23., 2., 120., 83., 40., 3., 1.,
       3., 1., 0., 3., 22., 120., 37., 0., 0., 0., 23., 22., 17., 24.,
       4., 23., 104., 70., 86., 53., 9., 1., 5., 26., 49., 101., 8., 44.,
       50., 40., 64., 65., 21., 6., 0., 1., 21., 87., 57., 13., 0., 0.,
       7., 6., 17., 45., 5., 8., 97., 81., 97., 23., 6., 21., 23., 8.,
       41., 120., 14., 0., 0., 61., 120., 27., 2., 6., 0., 0., 0., 5.,
       49., 16., 0., 0., 26., 23., 2., 7., 0., 0., 38., 38., 4., 3., 19.,
       118., 12., 0., 9., 25., 1., 3., 8., 111., 50., 0., 0., 1., 0., 0.,
       0., 3., 14., 8., 0., 0., 8., 5., 13., 19., 124., 16., 10., 3.,
       136., 26., 10., 4., 17., 4., 7., 23., 91., 5., 0., 2., 98., 20.,
       0., 15., 117., 1., 0., 0., 2., 1., 1., 12., 26., 20., 12., 48.,
       136., 25., 0., 1., 136., 51., 9., 10., 27., 4., 0., 17., 106.,
       13., 0., 15., 120., 24., 2., 15., 136., 12., 0., 2., 5., 1., 1.,
       11., 20., 2., 0., 11., 136., 82., 56., 25., 136., 8., 1., 1., 18.,
       14., 46., 118., 65., 2., 8., 2., 37., 62., 42., 43., 56., 3., 17.,
       2., 2., 3., 12., 42., 0., 0., 12., 8., 15., 45., 59., 9., 18., 5.,
       26., 2., 1., 3., 46., 55., 7., 5., 59., 6., 0., 3., 6., 6., 1.,
       1., 57., 8., 0., 0., 2., 2., 15., 1., 0., 11., 125., 44., 7., 13.,
       126., 24., 0., 1., 23., 7., 5., 40., 76., 6., 0., 2., 102., 11.,
       1., 13., 71., 0., 0., 0., 2., 1., 18., 43., 8., 6., 15., 22.,
       126., 22., 9., 3., 126., 34., 13., 7., 20., 5., 7., 23., 108., 8.,
       0., 3., 100., 26., 0., 15., 125., 4., 0., 1., 2., 1., 0., 7., 17.,
       14., 7., 34., 126., 30., 0., 1., 126., 52., 7., 10., 30., 6., 0.,
       13., 99., 13., 0., 10., 100., 28., 6., 15., 111., 12., 0., 2., 5.,
       2., 2., 14., 8., 1., 1., 5., 126., 65., 43., 14., 126., 5., 2.,
       0., 14., 13., 47., 92., 45., 2., 12., 2., 14., 36., 28., 29., 26.,
       2., 22., 3., 1., 2., 8., 24., 5., 18., 21., 2., 0., 0., 0., 0.,
       115., 40., 4., 2., 0., 0., 0., 10., 48., 12., 58., 29., 1., 0.,
       1., 21., 1., 21., 116., 34., 0., 0., 0., 3., 10., 19., 36., 20.,
       0., 0., 0., 0., 130., 43., 12., 10., 17., 1., 0., 3., 42., 4.,
       66., 130., 128., 11., 0., 1., 29., 39., 112., 106., 15., 1., 3.,
       29., 40., 15., 27., 59., 0., 0., 0., 4., 130., 18., 6., 5., 20.,
       3., 0., 26., 36., 4., 3., 25., 130., 68., 7., 11., 26., 37., 13.,
       16., 28., 17., 37., 125., 51., 2., 7., 21., 2., 1., 3., 54., 130.,
       1., 1., 1., 8., 2., 0., 85., 14., 5., 6., 19., 130., 48., 2., 5.,
       17., 95., 49., 10., 60., 13., 10., 30., 52., 23., 8., 12., 75.,
