%YAML:1.0
---
mat: !!opencv-matrix
   rows: 39
   cols: 128
   dt: f
   data: [ 16., 142., 19., 5., 52., 49., 0., 0., 84., 142., 5., 0., 3.,
       6., 1., 3., 29., 10., 0., 0., 3., 25., 23., 18., 9., 1., 3., 5.,
       0., 1., 9., 21., 38., 57., 7., 0., 142., 142., 3., 4., 142., 140.,
       8., 1., 20., 17., 4., 22., 95., 11., 27., 52., 3., 12., 18., 17.,
       3., 0., 33., 116., 3., 2., 4., 5., 42., 6., 1., 8., 113., 142.,
       29., 30., 142., 35., 21., 5., 23., 74., 43., 77., 38., 22., 74.,
       76., 0., 0., 0., 1., 0., 0., 14., 43., 0., 0., 0., 0., 3., 0.,
       13., 55., 25., 24., 7., 8., 5., 3., 2., 6., 13., 15., 8., 6., 1.,
       2., 3., 1., 0., 0., 0., 0., 0., 0., 0., 0., 0., 0., 0., 0., 0.,
       0., 73., 32., 0., 0., 0., 0., 1., 4., 100., 81., 9., 0., 1., 1.,
       4., 43., 60., 82., 17., 3., 8., 2., 2., 31., 70., 46., 4., 2., 2.,
       1., 3., 2., 104., 92., 20., 50., 29., 7., 111., 30., 112., 38.,
       14., 24., 12., 48., 31., 7., 9., 14., 35., 37., 47., 43., 11., 8.,
       13., 13., 67., 52., 21., 26., 16., 7., 0., 3., 93., 100., 39.,
       28., 112., 30., 0., 1., 89., 60., 3., 17., 94., 26., 2., 3., 103.,
       25., 4., 13., 35., 39., 10., 5., 112., 38., 4., 11., 31., 25., 0.,
       1., 90., 27., 3., 9., 112., 32., 0., 0., 112., 38., 0., 0., 104.,
       30., 2., 0., 43., 72., 5., 1., 5., 33., 12., 5., 53., 53., 27.,
       5., 18., 96., 16., 30., 81., 14., 0., 0., 130., 33., 20., 23.,
       65., 2., 0., 18., 64., 77., 39., 2., 7., 8., 1., 8., 12., 16., 2.,
       2., 130., 31., 0., 2., 11., 44., 30., 40., 70., 72., 11., 1.,
       130., 20., 18., 30., 21., 25., 9., 29., 97., 70., 22., 4., 24.,
       62., 11., 14., 58., 34., 1., 6., 130., 2., 0., 1., 47., 9., 5.,
       19., 76., 98., 43., 32., 130., 24., 6., 8., 53., 57., 9., 24.,
       106., 21., 12., 33., 55., 25., 3., 12., 60., 10., 5., 31., 130.,
       1., 0., 8., 58., 62., 10., 6., 49., 31., 22., 15., 55., 16., 8.,
       5., 34., 35., 56., 36., 24., 28., 30., 20., 8., 18., 16., 14.,
       11., 13., 20., 44., 42., 15., 46., 18., 0., 0., 0., 1., 37., 15.,
       46., 19., 23., 7., 5., 38., 153., 80., 6., 7., 153., 32., 6., 13.,
       28., 15., 4., 22., 58., 1., 0., 0., 0., 0., 1., 24., 0., 0., 0.,
       8., 60., 9., 4., 0., 21., 4., 2., 96., 153., 75., 13., 12., 153.,
       23., 4., 22., 36., 20., 15., 64., 84., 2., 0., 0., 0., 1., 3.,
       15., 0., 1., 0., 2., 36., 22., 1., 0., 4., 1., 0., 24., 119.,
       153., 142., 34., 99., 3., 0., 5., 7., 15., 132., 153., 31., 0.,
       0., 0., 0., 1., 3., 23., 1., 1., 0., 0., 0., 3., 1., 0., 0., 1.,
       1., 1., 0., 14., 32., 3., 0., 0., 2., 2., 0., 1., 26., 14., 0.,
       1., 4., 1., 0., 0., 1., 2., 2., 96., 117., 1., 0., 0., 0., 0., 6.,
       96., 88., 0., 0., 0., 0., 0., 3., 36., 26., 0., 0., 0., 0., 2.,
       2., 2., 0., 1., 1., 0., 0., 1., 8., 63., 98., 7., 11., 89., 127.,
       17., 20., 127., 127., 6., 8., 64., 68., 15., 127., 127., 73., 1.,
       1., 8., 4., 20., 27., 11., 0., 1., 2., 0., 0., 2., 7., 0., 0., 0.,
       1., 86., 127., 9., 12., 6., 3., 1., 5., 127., 127., 32., 127.,
       20., 2., 0., 1., 31., 87., 127., 26., 1., 0., 0., 3., 1., 0., 13.,
       9., 0., 0., 0., 0., 2., 5., 7., 1., 0., 0., 1., 0., 20., 36., 4.,
       2., 0., 0., 1., 0., 3., 28., 22., 1., 0., 1., 1., 2., 0., 0., 2.,
       0., 0., 0., 1., 0., 0., 2., 5., 0., 1., 23., 17., 0., 0., 1., 3.,
       1., 16., 31., 5., 0., 1., 0., 0., 1., 3., 1., 1., 1., 1., 1., 0.,
       0., 0., 1., 22., 24., 2., 1., 1., 8., 16., 101., 133., 89., 8.,
       0., 3., 127., 133., 116., 41., 5., 1., 0., 10., 34., 24., 1., 1.,
       0., 1., 1., 0., 0., 1., 2., 6., 48., 13., 0., 0., 19., 11., 10.,
       49., 133., 125., 3., 7., 133., 133., 13., 13., 42., 23., 4., 25.,
       74., 46., 6., 3., 0., 0., 0., 1., 0., 0., 2., 9., 17., 2., 0., 0.,
       1., 2., 1., 9., 133., 101., 2., 1., 130., 114., 8., 9., 85., 63.,
       7., 15., 73., 94., 17., 41., 6., 0., 0., 0., 12., 58., 51., 10.,
       0., 1., 1., 1., 1., 10., 111., 16., 2., 2., 0., 0., 1., 60., 99.,
       7., 3., 2., 0., 0., 2., 33., 8., 4., 1., 0., 0., 0., 8., 16., 31.,
       20., 48., 19., 18., 11., 82., 35., 63., 28., 40., 28., 7., 11.,
       49., 104., 63., 20., 111., 52., 4., 11., 82., 105., 13., 53., 6.,
       0., 0., 7., 27., 13., 4., 58., 111., 8., 6., 12., 111., 83., 26.,
       45., 67., 5., 2., 11., 49., 15., 12., 41., 111., 21., 33., 111.,
       71., 12., 5., 89., 77., 3., 8., 67., 11., 11., 3., 50., 107., 7.,
       10., 15., 65., 49., 8., 8., 26., 27., 25., 32., 103., 36., 4., 3.,
       25., 6., 21., 75., 30., 6., 0., 27., 111., 15., 6., 15., 111.,
       11., 6., 15., 34., 5., 0., 34., 29., 6., 24., 78., 99., 31., 4.,
       4., 24., 28., 25., 32., 71., 47., 8., 7., 102., 7., 11., 17., 11.,
       10., 3., 53., 68., 3., 8., 66., 72., 12., 5., 95., 111., 20., 36.,
       111., 48., 15., 12., 43., 63., 5., 3., 14., 111., 81., 26., 47.,
       111., 7., 5., 12., 28., 14., 4., 67., 5., 0., 0., 7., 83., 106.,
       14., 49., 111., 49., 4., 11., 49., 104., 62., 21., 41., 27., 7.,
       13., 84., 35., 62., 28., 51., 19., 19., 11., 9., 14., 28., 21.,
       0., 0., 0., 0., 2., 33., 8., 3., 3., 2., 0., 0., 1., 60., 97., 6.,
       2., 2., 0., 0., 1., 12., 111., 13., 1., 2., 1., 1., 14., 59., 49.,
       10., 3., 0., 0., 2., 26., 10., 26., 68., 6., 0., 1., 37., 123.,
       71., 14., 10., 123., 12., 2., 10., 22., 15., 14., 50., 72., 8.,
       0., 0., 0., 0., 1., 12., 0., 0., 0., 7., 33., 12., 9., 3., 2., 3.,
       11., 123., 123., 86., 11., 3., 123., 39., 25., 50., 16., 21., 14.,
       22., 100., 5., 0., 0., 0., 0., 4., 24., 0., 0., 0., 11., 39., 10.,
       1., 0., 3., 1., 5., 92., 123., 123., 9., 3., 123., 17., 8., 27.,
       21., 49., 18., 36., 123., 2., 0., 0., 0., 0., 4., 16., 0., 0., 0.,
       18., 52., 9., 0., 0., 1., 1., 6., 123., 104., 40., 24., 9., 123.,
       18., 8., 31., 8., 5., 28., 76., 90., 3., 0., 0., 0., 0., 1., 17.,
       0., 3., 8., 12., 2., 0., 0., 0., 1., 1., 4., 121., 62., 1., 1.,
       0., 6., 21., 73., 108., 39., 6., 39., 22., 75., 76., 35., 1., 0.,
       0., 17., 54., 0., 2., 16., 83., 24., 0., 0., 0., 17., 16., 14.,
       121., 93., 9., 15., 9., 121., 34., 9., 30., 13., 5., 75., 101.,
       37., 1., 0., 0., 0., 0., 50., 121., 0., 3., 10., 121., 64., 1.,
       0., 0., 59., 39., 14., 78., 48., 19., 73., 61., 116., 10., 1., 2.,
       1., 2., 58., 121., 21., 2., 0., 0., 0., 0., 2., 28., 6., 2., 17.,
       117., 46., 26., 11., 29., 94., 26., 10., 18., 3., 1., 10., 121.,
       60., 10., 19., 1., 0., 0., 2., 49., 1., 12., 9., 0., 0., 0., 0.,
       2., 4., 3., 14., 109., 83., 26., 2., 3., 117., 75., 33., 30., 9.,
       5., 2., 25., 68., 52., 5., 0., 0., 0., 0., 3., 1., 3., 2., 3., 0.,
       0., 0., 0., 3., 0., 0., 5., 86., 117., 5., 4., 70., 68., 74., 14.,
       47., 83., 8., 24., 114., 117., 55., 1., 1., 2., 1., 9., 15., 26.,
       6., 8., 1., 0., 0., 0., 0., 0., 1., 7., 45., 78., 0., 0., 19., 7.,
       11., 8., 99., 117., 17., 20., 117., 94., 75., 17., 14., 27., 11.,
       35., 39., 114., 35., 12., 11., 0., 0., 0., 0., 0., 0., 6., 20.,
       9., 0., 0., 0., 0., 0., 3., 46., 117., 3., 1., 23., 27., 19., 15.,
       88., 112., 6., 4., 68., 117., 11., 4., 12., 4., 5., 9., 0., 21.,
       86., 4., 2., 8., 5., 1., 1., 15., 76., 33., 5., 24., 9., 2., 11.,
       44., 21., 7., 5., 16., 8., 14., 6., 15., 2., 2., 5., 16., 22., 5.,
       4., 17., 46., 19., 103., 48., 23., 11., 112., 60., 67., 27., 45.,
       10., 14., 21., 50., 93., 17., 13., 55., 20., 15., 10., 61., 54.,
       2., 1., 1., 6., 21., 4., 15., 3., 1., 118., 118., 9., 3., 19.,
       118., 18., 2., 34., 94., 3., 1., 99., 101., 32., 4., 46., 118.,
       4., 1., 9., 100., 79., 53., 14., 3., 0., 1., 0., 10., 1., 5., 98.,
       48., 7., 38., 62., 65., 11., 59., 51., 34., 2., 6., 107., 29.,
       22., 28., 87., 104., 3., 1., 6., 42., 34., 52., 39., 1., 0., 0.,
