%YAML:1.0
---
mat: !!opencv-matrix
   rows: 63
   cols: 128
   dt: f
   data: [ 2., 11., 120., 75., 6., 3., 0., 0., 33., 50., 74., 59., 1.,
       4., 11., 7., 82., 79., 19., 3., 0., 2., 9., 15., 17., 27., 0., 0.,
       1., 1., 0., 0., 35., 26., 43., 38., 79., 117., 9., 6., 134., 81.,
       23., 7., 24., 28., 11., 23., 54., 95., 13., 1., 11., 55., 20.,
       16., 55., 101., 1., 0., 2., 4., 0., 0., 50., 87., 33., 47., 111.,
       42., 4., 3., 134., 13., 1., 18., 54., 13., 3., 23., 97., 17., 0.,
       1., 81., 48., 6., 12., 133., 36., 0., 0., 24., 9., 0., 3., 20.,
       29., 19., 22., 35., 42., 13., 11., 134., 5., 3., 12., 10., 9., 2.,
       45., 61., 3., 2., 37., 59., 2., 0., 19., 96., 2., 0., 5., 18., 1.,
       0., 25., 28., 65., 24., 26., 50., 46., 5., 2., 133., 27., 4., 12.,
       31., 22., 4., 13., 88., 36., 0., 0., 24., 32., 8., 10., 82., 46.,
       0., 0., 3., 2., 0., 0., 17., 44., 30., 28., 37., 58., 25., 9.,
       133., 19., 9., 22., 11., 3., 2., 25., 131., 9., 3., 23., 55., 8.,
       0., 14., 133., 8., 0., 1., 7., 1., 0., 16., 9., 11., 10., 11.,
       133., 105., 10., 6., 133., 90., 14., 6., 7., 14., 11., 44., 96.,
       33., 17., 24., 6., 0., 0., 74., 79., 5., 0., 1., 1., 0., 0., 40.,
       2., 1., 0., 0., 31., 133., 40., 10., 45., 10., 0., 0., 2., 31.,
       78., 133., 34., 10., 0., 0., 0., 0., 4., 107., 22., 14., 0., 0.,
       0., 0., 0., 10., 6., 7., 10., 2., 0., 0., 0., 0., 4., 8., 19.,
       31., 13., 0., 0., 0., 10., 19., 102., 120., 33., 1., 0., 2., 85.,
       90., 65., 19., 0., 0., 0., 6., 3., 19., 120., 86., 0., 2., 1., 1.,
       45., 103., 92., 33., 49., 22., 1., 2., 37., 13., 18., 80., 120.,
       120., 46., 51., 120., 20., 8., 6., 2., 8., 20., 120., 50., 16.,
       56., 66., 4., 8., 7., 18., 120., 40., 16., 8., 4., 16., 4., 47.,
       51., 3., 0., 0., 4., 102., 61., 46., 40., 2., 0., 0., 0., 6., 27.,
       88., 19., 3., 7., 6., 5., 50., 45., 64., 114., 1., 3., 2., 0., 1.,
       5., 120., 28., 4., 0., 0., 0., 2., 5., 14., 6., 9., 1., 0., 0.,
       0., 2., 6., 0., 0., 27., 47., 5., 0., 0., 0., 5., 22., 63., 25.,
       3., 0., 0., 0., 4., 9., 11., 18., 5., 1., 0., 0., 0., 1., 35.,
       28., 5., 0., 0., 0., 9., 14., 101., 119., 38., 17., 11., 8., 119.,
       95., 97., 42., 4., 1., 6., 32., 34., 14., 37., 119., 10., 1., 1.,
       2., 6., 9., 119., 119., 3., 7., 6., 2., 7., 3., 6., 34., 44.,
       118., 119., 32., 79., 9., 5., 15., 35., 31., 96., 119., 16., 4.,
       9., 117., 104., 88., 30., 8., 11., 9., 21., 60., 13., 39., 50.,
       5., 0., 0., 0., 5., 7., 16., 26., 1., 0., 0., 0., 4., 12., 24.,
       21., 7., 0., 0., 0., 2., 18., 111., 59., 0., 0., 0., 1., 6., 4.,
       64., 119., 2., 2., 60., 112., 5., 0., 0., 0., 0., 6., 51., 112.,
       12., 1., 1., 1., 2., 4., 41., 112., 13., 9., 3., 1., 2., 6., 36.,
       92., 4., 1., 1., 0., 1., 12., 47., 71., 14., 6., 14., 50., 57.,
       112., 71., 56., 8., 16., 19., 12., 37., 50., 24., 44., 45., 112.,
       24., 7., 31., 96., 39., 41., 6., 14., 6., 5., 45., 2., 0., 0.,
       18., 52., 49., 95., 79., 106., 51., 23., 37., 66., 55., 13., 11.,
       68., 20., 27., 102., 65., 3., 1., 107., 69., 3., 0., 4., 22., 14.,
       11., 112., 4., 4., 3., 68., 89., 5., 4., 4., 27., 21., 11., 40.,
       46., 11., 8., 33., 56., 2., 7., 11., 8., 3., 4., 112., 21., 0.,
       1., 31., 23., 1., 2., 51., 5., 73., 32., 25., 81., 12., 3., 1.,
       87., 121., 18., 7., 30., 13., 13., 11., 56., 23., 0., 0., 0., 4.,
       39., 92., 1., 0., 0., 0., 0., 4., 72., 90., 26., 40., 9., 5., 29.,
       56., 89., 102., 121., 52., 1., 1., 16., 105., 121., 51., 121.,
       36., 0., 0., 0., 2., 17., 99., 14., 0., 0., 0., 0., 0., 19., 84.,
       25., 0., 0., 0., 0., 23., 91., 121., 12., 0., 0., 0., 1., 85.,
       121., 74., 84., 2., 0., 0., 0., 3., 81., 121., 13., 0., 0., 0.,
       0., 0., 1., 14., 14., 0., 0., 0., 0., 0., 33., 95., 1., 0., 0.,
       0., 0., 1., 44., 34., 0., 0., 0., 0., 0., 0., 14., 5., 0., 0., 0.,
       0., 0., 0., 0., 0., 0., 0., 0., 0., 13., 45., 37., 2., 52., 2.,
       0., 0., 130., 137., 10., 14., 137., 6., 0., 0., 13., 17., 39.,
       77., 32., 1., 0., 0., 0., 9., 27., 47., 0., 0., 0., 0., 16., 20.,
       52., 6., 41., 4., 0., 20., 137., 108., 11., 6., 137., 23., 0., 4.,
       47., 20., 19., 59., 25., 1., 0., 0., 0., 16., 47., 31., 0., 0.,
       0., 0., 7., 20., 52., 9., 8., 1., 1., 6., 110., 137., 42., 12.,
       137., 25., 3., 5., 31., 62., 36., 101., 41., 2., 0., 0., 0., 12.,
       40., 27., 0., 0., 0., 0., 0., 3., 49., 8., 1., 1., 1., 2., 41.,
       106., 54., 2., 67., 17., 3., 3., 25., 65., 99., 80., 24., 2., 0.,
       0., 0., 5., 34., 36., 0., 12., 34., 23., 15., 0., 0., 0., 20.,
       50., 83., 89., 79., 13., 3., 3., 55., 116., 51., 3., 2., 1., 1.,
       3., 1., 6., 49., 2., 0., 0., 0., 0., 0., 20., 36., 25., 28., 0.,
       0., 0., 28., 51., 33., 124., 133., 14., 3., 5., 129., 133., 32.,
       15., 9., 1., 1., 10., 7., 22., 55., 3., 0., 0., 0., 0., 0., 17.,
       50., 37., 24., 0., 0., 0., 58., 18., 21., 73., 133., 3., 0., 9.,
       133., 84., 11., 7., 30., 1., 0., 38., 15., 18., 52., 3., 0., 0.,
       0., 1., 0., 7., 30., 52., 43., 1., 0., 0., 32., 27., 38., 81.,
       133., 1., 0., 0., 133., 133., 11., 10., 28., 0., 0., 1., 7., 23.,
       40., 0., 0., 0., 0., 0., 0., 0., 62., 48., 33., 66., 17., 0.,
       110., 59., 17., 23., 12., 17., 11., 5., 140., 62., 0., 0., 0., 0.,
       3., 8., 10., 0., 0., 0., 0., 0., 23., 10., 0., 0., 4., 7., 10.,
       140., 113., 1., 91., 12., 2., 3., 24., 140., 63., 13., 140., 29.,
       0., 0., 1., 8., 4., 23., 35., 0., 0., 0., 0., 0., 31., 23., 0.,
       0., 61., 77., 33., 44., 15., 0., 25., 1., 36., 38., 72., 108.,
       19., 28., 140., 8., 0., 0., 5., 14., 10., 71., 65., 2., 0., 0.,
       0., 0., 22., 28., 0., 0., 12., 16., 28., 84., 67., 0., 9., 2.,
       12., 6., 2., 46., 114., 16., 129., 18., 0., 0., 0., 8., 34., 45.,
       79., 3., 0., 0., 0., 0., 8., 30., 2., 19., 37., 61., 0., 0., 0.,
       0., 6., 10., 103., 128., 1., 0., 1., 4., 51., 58., 45., 46., 3.,
       2., 2., 3., 83., 72., 1., 0., 0., 0., 0., 0., 8., 5., 49., 128.,
       10., 0., 0., 1., 128., 15., 56., 91., 0., 9., 13., 85., 66., 35.,
       10., 2., 7., 88., 41., 50., 128., 53., 0., 0., 0., 5., 8., 33.,
       26., 5., 15., 103., 20., 33., 24., 24., 128., 40., 3., 5., 2.,
       20., 10., 36., 84., 20., 3., 0., 1., 56., 53., 32., 43., 17., 1.,
       0., 0., 5., 22., 55., 11., 0., 2., 3., 6., 71., 44., 95., 119.,
       13., 28., 18., 5., 40., 26., 59., 37., 79., 101., 10., 0., 0., 1.,
       3., 6., 71., 17., 0., 0., 0., 0., 1., 48., 7., 4., 15., 67., 32.,
       21., 33., 118., 15., 1., 5., 38., 30., 4., 22., 11., 4., 9., 26.,
       92., 118., 54., 16., 118., 23., 4., 2., 6., 8., 23., 51., 19.,
       10., 6., 20., 63., 82., 29., 11., 118., 35., 6., 6., 22., 23.,
       10., 18., 23., 1., 0., 12., 118., 109., 32., 9., 111., 10., 0.,
       7., 15., 14., 33., 80., 10., 4., 5., 35., 91., 118., 25., 8.,
       118., 27., 6., 12., 9., 26., 21., 31., 57., 3., 0., 0., 12., 89.,
       88., 16., 8., 0., 0., 0., 1., 12., 98., 81., 1., 1., 1., 33., 66.,
       61., 46., 9., 96., 13., 2., 12., 8., 9., 65., 92., 42., 2., 0.,
       0., 0., 4., 21., 32., 0., 0., 0., 0., 0., 1., 22., 9., 85., 70.,
       5., 28., 50., 0., 1., 1., 39., 51., 20., 69., 99., 2., 1., 1.,
       84., 97., 18., 20., 32., 6., 1., 1., 20., 14., 5., 10., 38., 25.,
       18., 10., 74., 39., 5., 13., 58., 41., 31., 44., 57., 31., 10.,
       81., 99., 61., 19., 16., 123., 38., 1., 11., 21., 15., 8., 18.,
       32., 1., 0., 0., 2., 16., 64., 25., 5., 0., 0., 1., 11., 52.,
       123., 73., 9., 1., 0., 15., 71., 123., 64., 30., 123., 5., 0., 2.,
       14., 54., 25., 97., 50., 0., 0., 0., 0., 0., 54., 53., 4., 0., 0.,
       0., 5., 26., 55., 31., 0., 0., 0., 6., 37., 122., 84., 5., 64.,
