%YAML:1.0
---
mat: !!opencv-matrix
   rows: 71
   cols: 128
   dt: f
   data: [ 12., 2., 0., 0., 0., 0., 0., 0., 157., 38., 1., 3., 2., 1.,
       0., 1., 30., 10., 2., 31., 53., 15., 1., 1., 0., 0., 0., 22., 38.,
       12., 1., 0., 12., 1., 0., 0., 0., 0., 0., 0., 157., 15., 0., 0.,
       0., 2., 2., 10., 65., 1., 0., 0., 48., 67., 18., 12., 0., 0., 0.,
       0., 44., 62., 15., 0., 8., 0., 0., 0., 0., 0., 0., 0., 157., 9.,
       0., 0., 0., 0., 2., 36., 108., 1., 0., 0., 5., 53., 117., 121.,
       0., 0., 0., 0., 15., 157., 89., 7., 4., 0., 0., 0., 0., 0., 0.,
       0., 157., 17., 0., 0., 0., 0., 0., 37., 157., 5., 0., 1., 16.,
       13., 24., 115., 0., 0., 0., 1., 80., 110., 14., 5., 169., 31., 0.,
       0., 0., 0., 1., 5., 30., 4., 0., 0., 0., 0., 16., 25., 12., 2.,
       1., 5., 34., 23., 18., 6., 3., 0., 1., 7., 37., 33., 11., 5.,
       169., 43., 0., 0., 0., 0., 0., 0., 125., 14., 0., 0., 3., 5., 20.,
       39., 8., 0., 0., 11., 56., 38., 38., 13., 0., 0., 0., 15., 86.,
       25., 3., 0., 169., 48., 0., 0., 0., 0., 0., 0., 169., 23., 2., 1.,
       6., 2., 1., 6., 19., 6., 2., 7., 63., 54., 3., 3., 0., 0., 0., 4.,
       29., 83., 47., 10., 169., 53., 0., 0., 0., 0., 0., 4., 161., 11.,
       0., 0., 0., 0., 0., 13., 28., 2., 0., 2., 7., 14., 7., 28., 30.,
       0., 0., 0., 1., 17., 98., 123., 3., 1., 0., 0., 0., 0., 0., 0.,
       157., 50., 2., 7., 3., 1., 0., 10., 62., 18., 9., 97., 82., 15.,
       1., 4., 62., 35., 22., 34., 18., 5., 1., 1., 4., 1., 0., 0., 0.,
       0., 0., 0., 157., 33., 1., 4., 6., 6., 1., 33., 86., 11., 4., 54.,
       128., 83., 2., 15., 75., 54., 11., 25., 41., 42., 2., 2., 4., 0.,
       0., 0., 0., 0., 0., 0., 157., 46., 3., 8., 6., 2., 0., 11., 83.,
       18., 5., 99., 138., 22., 0., 5., 18., 33., 6., 60., 59., 19., 2.,
       1., 3., 0., 0., 0., 0., 0., 0., 0., 157., 11., 0., 1., 3., 5., 4.,
       29., 75., 3., 0., 6., 85., 115., 37., 26., 3., 1., 1., 3., 34.,
       82., 10., 2., 24., 64., 11., 2., 20., 37., 2., 1., 11., 15., 3.,
       1., 15., 92., 31., 10., 0., 0., 0., 0., 0., 19., 13., 0., 0., 0.,
       0., 0., 0., 0., 0., 0., 85., 33., 6., 10., 80., 28., 1., 12.,
       160., 20., 1., 0., 1., 110., 130., 160., 13., 1., 0., 0., 15.,
       160., 98., 22., 0., 0., 0., 0., 1., 11., 0., 0., 113., 12., 16.,
       52., 32., 5., 10., 53., 160., 95., 0., 0., 1., 27., 16., 69., 50.,
       34., 0., 0., 18., 160., 17., 9., 0., 0., 0., 0., 1., 10., 0., 0.,
       18., 1., 4., 5., 0., 1., 81., 94., 70., 17., 0., 0., 0., 0., 3.,
       36., 3., 5., 0., 0., 0., 0., 0., 0., 0., 0., 0., 0., 0., 0., 0.,
       0., 0., 0., 0., 0., 0., 0., 0., 0., 4., 0., 0., 0., 0., 0., 0.,
       1., 1., 0., 0., 0., 0., 0., 0., 0., 0., 0., 0., 0., 0., 0., 0.,
       0., 7., 0., 0., 0., 0., 0., 0., 1., 162., 30., 9., 15., 4., 0.,
       0., 42., 75., 13., 21., 162., 77., 0., 0., 9., 0., 11., 62., 95.,
       14., 0., 0., 0., 15., 5., 0., 0., 0., 0., 0., 0., 162., 162., 96.,
       63., 3., 0., 0., 7., 30., 41., 136., 162., 33., 1., 3., 5., 1.,
       27., 100., 129., 11., 12., 35., 11., 19., 1., 0., 0., 0., 0., 0.,
       4., 81., 23., 19., 31., 38., 5., 1., 20., 21., 3., 21., 77., 46.,
       6., 6., 69., 13., 1., 1., 4., 12., 51., 62., 85., 7., 1., 0., 13.,
       84., 18., 6., 15., 57., 14., 1., 1., 22., 8., 7., 54., 45., 12.,
       14., 15., 6., 12., 14., 26., 38., 6., 2., 7., 4., 2., 3., 77.,
       13., 1., 2., 21., 114., 20., 6., 14., 116., 6., 0., 2., 10., 17.,
       34., 116., 24., 3., 2., 2., 32., 113., 63., 65., 104., 3., 1., 5.,
       6., 10., 10., 116., 27., 3., 7., 53., 49., 4., 8., 41., 116., 39.,
       2., 3., 5., 4., 4., 78., 55., 23., 4., 4., 53., 58., 66., 50.,
       53., 5., 3., 10., 5., 17., 62., 65., 5., 0., 0., 4., 18., 74.,
       116., 116., 57., 2., 0., 0., 3., 53., 65., 107., 105., 3., 0., 0.,
       0., 5., 61., 98., 14., 1., 0., 15., 31., 34., 91., 17., 1., 7.,
       0., 5., 36., 38., 4., 1., 77., 36., 3., 0., 1., 3., 2., 12., 139.,
       12., 0., 0., 0., 0., 2., 98., 15., 0., 0., 2., 0., 0., 12., 121.,
       7., 5., 6., 40., 41., 5., 1., 3., 124., 4., 1., 0., 1., 2., 2.,
       25., 139., 66., 15., 1., 0., 0., 0., 72., 44., 30., 78., 128., 0.,
       0., 4., 62., 10., 2., 1., 12., 17., 4., 36., 25., 65., 3., 1., 1.,
       0., 0., 13., 91., 127., 88., 74., 68., 0., 0., 0., 28., 4., 27.,
       139., 139., 0., 0., 0., 0., 20., 0., 1., 2., 1., 0., 40., 53., 6.,
       0., 4., 68., 9., 4., 43., 50., 6., 2., 34., 139., 3., 0., 1., 7.,
       0., 0., 16., 76., 0., 0., 0., 0., 112., 2., 2., 3., 0., 1., 0.,
       62., 49., 3., 8., 51., 67., 25., 2., 45., 47., 2., 3., 18., 33.,
       21., 14., 77., 71., 15., 14., 4., 2., 0., 1., 80., 122., 4., 4.,
       16., 19., 2., 0., 88., 38., 14., 33., 122., 72., 3., 0., 8., 122.,
       25., 15., 16., 6., 2., 3., 56., 46., 4., 11., 9., 14., 44., 18.,
       35., 116., 5., 4., 61., 37., 2., 0., 62., 39., 14., 7., 112.,
       100., 3., 0., 4., 122., 69., 12., 8., 4., 1., 1., 17., 38., 26.,
       88., 50., 3., 21., 9., 9., 32., 1., 1., 28., 73., 58., 14., 45.,
       27., 10., 4., 47., 61., 23., 1., 3., 122., 83., 12., 14., 4., 1.,
       1., 3., 8., 16., 46., 116., 48., 0., 0., 0., 129., 7., 5., 32.,
       16., 5., 2., 62., 4., 3., 13., 78., 74., 35., 5., 4., 96., 4., 5.,
       5., 7., 12., 15., 60., 58., 7., 11., 14., 11., 5., 1., 27., 129.,
       9., 8., 66., 57., 16., 2., 46., 24., 24., 44., 127., 63., 18., 0.,
       1., 129., 39., 16., 4., 2., 1., 2., 41., 57., 5., 3., 4., 12.,
       46., 33., 33., 64., 4., 4., 88., 85., 18., 1., 33., 39., 14., 8.,
       75., 97., 36., 1., 4., 129., 83., 8., 5., 4., 3., 1., 12., 47.,
       40., 81., 39., 3., 8., 7., 7., 18., 2., 3., 71., 88., 8., 1., 6.,
       17., 13., 8., 69., 39., 13., 2., 2., 129., 102., 7., 8., 3., 2.,
       2., 4., 23., 25., 22., 69., 49., 0., 0., 0., 21., 10., 3., 35.,
       69., 47., 3., 2., 10., 1., 2., 34., 52., 64., 6., 11., 131., 5.,
       2., 7., 5., 7., 5., 117., 44., 0., 0., 0., 1., 12., 48., 81., 72.,
       21., 2., 26., 79., 79., 7., 6., 37., 7., 3., 72., 106., 59., 5.,
       9., 131., 24., 2., 8., 5., 4., 3., 62., 87., 44., 37., 11., 1.,
       3., 9., 44., 107., 58., 6., 34., 76., 46., 6., 6., 27., 2., 1.,
       38., 79., 92., 45., 25., 131., 39., 1., 3., 3., 3., 14., 37., 39.,
       27., 35., 34., 25., 11., 4., 0., 131., 36., 1., 7., 27., 32., 7.,
       11., 3., 4., 7., 42., 86., 61., 14., 3., 118., 70., 13., 11., 5.,
       2., 4., 5., 65., 24., 1., 1., 7., 17., 30., 14., 1., 1., 4., 1.,
       3., 10., 33., 22., 27., 1., 1., 12., 51., 46., 13., 8., 189., 13.,
       1., 5., 16., 12., 2., 10., 62., 4., 0., 5., 24., 0., 0., 2., 6.,
       37., 57., 28., 7., 4., 5., 4., 49., 23., 22., 158., 62., 16., 3.,
       5., 189., 31., 11., 28., 11., 2., 0., 9., 79., 2., 0., 3., 36.,
       1., 0., 2., 19., 18., 11., 14., 13., 30., 30., 32., 66., 8., 3.,
       31., 86., 111., 10., 20., 189., 16., 1., 4., 13., 18., 3., 18.,
       75., 5., 1., 5., 27., 1., 0., 0., 19., 7., 6., 18., 22., 9., 6.,
       16., 46., 3., 0., 5., 104., 30., 3., 13., 189., 6., 0., 1., 25.,
       7., 0., 26., 58., 2., 0., 2., 25., 1., 0., 3., 60., 3., 13., 46.,
       28., 2., 3., 107., 5., 2., 17., 73., 107., 8., 1., 5., 130., 18.,
       12., 9., 15., 3., 1., 70., 64., 4., 1., 1., 5., 17., 12., 66.,
       19., 2., 20., 112., 60., 2., 1., 20., 29., 10., 42., 106., 33.,
       4., 1., 4., 130., 28., 11., 9., 5., 1., 1., 38., 58., 39., 81.,
       21., 2., 6., 3., 13., 0., 0., 0., 23., 130., 99., 5., 1., 38., 6.,
       4., 14., 39., 22., 7., 16., 130., 36., 7., 16., 5., 2., 3., 22.,
       16., 10., 48., 120., 41., 0., 0., 0., 0., 0., 0., 5., 130., 126.,
       2., 0., 8., 17., 10., 7., 45., 29., 7., 2., 46., 111., 36., 11.,
       4., 5., 3., 2., 2., 15., 35., 71., 63., 0., 0., 0., 0., 0., 0.,
       91., 140., 9., 0., 0., 6., 1., 3., 26., 77., 21., 22., 20., 38.,
