%YAML:1.0
---
mat: !!opencv-matrix
   rows: 47
   cols: 128
   dt: f
   data: [ 2., 1., 3., 0., 0., 2., 28., 7., 1., 1., 3., 0., 0., 6., 20.,
       6., 1., 1., 3., 1., 0., 2., 37., 23., 1., 2., 1., 0., 0., 12.,
       40., 5., 13., 8., 4., 5., 9., 36., 119., 98., 19., 2., 2., 9.,
       72., 119., 84., 26., 105., 15., 2., 1., 6., 17., 107., 119., 7.,
       4., 4., 10., 13., 119., 119., 39., 18., 85., 119., 36., 11., 8.,
       14., 25., 19., 20., 59., 119., 107., 34., 4., 3., 119., 119.,
       104., 18., 11., 5., 8., 27., 9., 30., 119., 98., 21., 30., 16.,
       10., 1., 24., 67., 7., 0., 0., 0., 0., 1., 5., 41., 35., 1., 0.,
       0., 1., 1., 24., 45., 4., 0., 0., 1., 2., 0., 4., 59., 11., 0.,
       0., 1., 1., 72., 60., 1., 0., 1., 1., 0., 1., 119., 89., 8., 6.,
       84., 54., 3., 14., 1., 2., 1., 3., 121., 83., 1., 1., 0., 0., 0.,
       0., 4., 2., 0., 0., 63., 25., 1., 1., 9., 3., 0., 3., 121., 95.,
       13., 10., 34., 38., 13., 59., 13., 8., 9., 32., 121., 121., 12.,
       14., 0., 0., 0., 2., 30., 9., 0., 0., 30., 22., 0., 1., 23., 7.,
       0., 1., 116., 121., 82., 25., 7., 3., 6., 24., 8., 23., 70., 121.,
       121., 54., 30., 16., 0., 0., 1., 8., 32., 20., 1., 0., 4., 4., 1.,
       2., 27., 2., 0., 0., 117., 47., 7., 1., 1., 1., 12., 60., 40.,
       25., 10., 18., 78., 95., 66., 53., 0., 0., 0., 7., 80., 41., 2.,
       0., 20., 4., 0., 0., 0., 0., 1., 5., 127., 96., 31., 8., 2., 3.,
       6., 36., 15., 30., 54., 111., 115., 30., 8., 10., 7., 0., 0., 14.,
       43., 5., 0., 4., 26., 1., 0., 0., 0., 0., 1., 13., 128., 34., 13.,
       6., 6., 22., 75., 133., 7., 9., 20., 47., 117., 133., 78., 26.,
       17., 0., 0., 5., 36., 18., 1., 6., 50., 3., 0., 0., 0., 0., 0.,
       6., 133., 72., 13., 30., 23., 13., 11., 48., 18., 16., 11., 133.,
       133., 51., 10., 10., 21., 0., 0., 12., 44., 4., 1., 5., 35., 1.,
       0., 0., 0., 0., 0., 1., 133., 24., 2., 13., 27., 14., 3., 22.,
       19., 6., 2., 40., 133., 47., 3., 7., 11., 2., 0., 2., 23., 4., 0.,
       2., 8., 1., 2., 76., 139., 4., 0., 3., 72., 8., 4., 3., 17., 8.,
       30., 66., 8., 2., 6., 11., 69., 77., 42., 17., 0., 0., 1., 5.,
       26., 11., 0., 0., 25., 1., 3., 42., 139., 23., 2., 1., 139., 7.,
       0., 3., 26., 7., 2., 40., 35., 2., 0., 14., 139., 32., 3., 15.,
       0., 0., 1., 8., 68., 3., 0., 0., 25., 3., 6., 33., 139., 86., 18.,
       0., 139., 35., 0., 11., 35., 3., 0., 5., 34., 12., 0., 60., 139.,
       3., 0., 2., 0., 1., 2., 18., 53., 0., 0., 0., 15., 8., 48., 104.,
       73., 7., 1., 1., 139., 55., 3., 12., 20., 0., 0., 5., 20., 15.,
       2., 30., 139., 0., 0., 1., 0., 1., 3., 8., 35., 0., 0., 0., 49.,
       1., 0., 0., 0., 1., 3., 6., 138., 2., 0., 1., 26., 22., 3., 16.,
       20., 0., 0., 3., 136., 64., 3., 12., 93., 15., 3., 0., 9., 8.,
       52., 106., 60., 1., 0., 0., 0., 1., 2., 14., 138., 4., 0., 1.,
       35., 15., 1., 39., 35., 5., 0., 3., 138., 52., 1., 8., 138., 98.,
       22., 0., 20., 4., 4., 23., 62., 5., 0., 0., 0., 0., 1., 5., 138.,
       44., 3., 11., 32., 3., 0., 8., 26., 10., 3., 28., 138., 13., 0.,
       2., 138., 25., 1., 1., 27., 3., 2., 34., 23., 9., 0., 0., 0., 0.,
       1., 4., 71., 80., 38., 12., 6., 1., 4., 9., 12., 12., 33., 65.,
       71., 10., 5., 3., 138., 5., 0., 4., 10., 1., 1., 50., 38., 15.,
       61., 140., 38., 0., 0., 8., 0., 0., 5., 107., 43., 5., 31., 15.,
       0., 1., 14., 6., 4., 24., 30., 2., 1., 13., 9., 3., 3., 3., 0.,
       0., 31., 7., 63., 60., 1., 0., 0., 10., 133., 12., 3., 16., 11.,
       27., 97., 140., 9., 3., 2., 22., 137., 140., 93., 24., 3., 3., 1.,
       4., 35., 17., 1., 1., 68., 8., 2., 2., 2., 0., 0., 3., 140., 48.,
       10., 27., 32., 9., 5., 42., 17., 11., 9., 111., 140., 30., 4., 7.,
       4., 1., 0., 11., 39., 4., 1., 3., 58., 6., 1., 2., 1., 0., 0., 2.,
       140., 23., 0., 8., 46., 11., 1., 26., 11., 3., 0., 27., 140., 19.,
       1., 4., 3., 4., 0., 4., 24., 1., 0., 0., 38., 2., 0., 0., 2., 3.,
       0., 3., 142., 33., 1., 5., 22., 6., 0., 15., 29., 10., 1., 15.,
       142., 38., 0., 4., 1., 0., 0., 0., 39., 7., 1., 2., 45., 5., 1.,
       2., 4., 2., 0., 8., 142., 38., 5., 7., 21., 14., 8., 91., 28.,
       10., 5., 31., 142., 65., 9., 23., 2., 0., 0., 1., 58., 12., 4.,
       3., 33., 18., 1., 1., 3., 3., 1., 3., 141., 142., 94., 22., 9.,
       3., 2., 19., 12., 26., 101., 142., 132., 14., 3., 15., 3., 0., 0.,
       11., 30., 7., 59., 86., 3., 3., 0., 0., 1., 11., 8., 3., 4., 24.,
       31., 2., 0., 1., 10., 5., 46., 5., 32., 15., 0., 0., 6., 81., 69.,
       0., 0., 4., 35., 13., 37., 142., 5., 2., 1., 17., 133., 34., 2.,
       3., 83., 3., 0., 1., 20., 7., 0., 11., 133., 35., 8., 22., 35.,
       10., 5., 40., 25., 5., 5., 46., 120., 13., 2., 3., 4., 10., 45.,
       69., 121., 32., 2., 2., 117., 8., 0., 2., 24., 17., 1., 12., 133.,
       19., 0., 4., 65., 33., 5., 58., 23., 6., 1., 10., 133., 50., 2.,
       5., 18., 9., 38., 21., 5., 2., 1., 7., 119., 12., 1., 9., 16., 7.,
       0., 7., 133., 66., 10., 42., 60., 11., 1., 33., 13., 8., 4., 60.,
       133., 16., 3., 14., 7., 2., 6., 16., 0., 1., 2., 7., 83., 16., 5.,
       23., 2., 0., 0., 10., 133., 47., 15., 19., 37., 13., 4., 33., 28.,
       7., 5., 29., 94., 19., 1., 6., 74., 17., 3., 2., 0., 0., 0., 9.,
       54., 18., 12., 47., 67., 1., 0., 9., 126., 9., 2., 7., 25., 9.,
       9., 86., 11., 4., 4., 26., 126., 33., 10., 20., 50., 10., 2., 1.,
       2., 3., 5., 40., 68., 10., 9., 25., 43., 29., 10., 28., 126., 41.,
       10., 28., 29., 10., 8., 100., 13., 6., 6., 81., 126., 29., 8.,
       16., 87., 4., 0., 4., 13., 4., 3., 45., 67., 10., 0., 22., 101.,
       11., 3., 20., 126., 73., 16., 23., 27., 14., 7., 37., 8., 10.,
       12., 68., 126., 37., 3., 4., 84., 5., 1., 7., 17., 2., 0., 12.,
       70., 5., 1., 19., 75., 5., 0., 32., 115., 29., 14., 26., 33., 38.,
       33., 92., 1., 4., 8., 63., 113., 35., 6., 1., 121., 1., 0., 0.,
       4., 2., 0., 11., 56., 0., 0., 1., 115., 37., 3., 18., 89., 0., 0.,
       2., 38., 13., 5., 71., 20., 4., 2., 29., 67., 4., 1., 7., 121.,
       1., 0., 1., 6., 1., 0., 23., 91., 5., 1., 29., 121., 19., 1., 10.,
       121., 6., 1., 13., 85., 5., 1., 20., 42., 3., 1., 33., 121., 2.,
       0., 2., 121., 22., 0., 1., 9., 4., 6., 29., 78., 16., 1., 12.,
       121., 5., 0., 5., 121., 25., 0., 3., 102., 6., 0., 3., 29., 4.,
       0., 4., 121., 20., 2., 6., 71., 21., 0., 0., 30., 28., 7., 2.,
       63., 17., 0., 1., 121., 7., 0., 0., 113., 52., 9., 2., 49., 9.,
       0., 0., 7., 7., 11., 20., 61., 43., 5., 3., 51., 47., 5., 2., 10.,
       14., 18., 22., 52., 12., 0., 0., 98., 65., 8., 1., 121., 19., 0.,
       0., 60., 28., 0., 1., 21., 34., 13., 4., 57., 30., 0., 0., 121.,
       43., 2., 5., 26., 7., 0., 1., 93., 15., 0., 0., 121., 48., 0., 2.,
       121., 19., 0., 3., 76., 23., 1., 7., 7., 2., 5., 22., 121., 23.,
       0., 1., 121., 7., 0., 1., 43., 8., 0., 18., 96., 9., 1., 11.,
       121., 18., 1., 7., 121., 29., 2., 6., 90., 10., 1., 18., 8., 3.,
       0., 8., 121., 7., 0., 1., 74., 5., 1., 3., 27., 8., 2., 24., 41.,
       14., 4., 55., 103., 1., 0., 2., 105., 52., 4., 17., 54., 1., 0.,
       0., 11., 5., 0., 3., 121., 4., 0., 0., 6., 7., 25., 52., 37., 15.,
       13., 12., 8., 1., 10., 52., 14., 1., 2., 13., 70., 18., 0., 5.,
       2., 4., 34., 80., 56., 71., 23., 16., 3., 5., 47., 79., 2., 2.,
       22., 56., 29., 5., 3., 10., 63., 4., 2., 12., 2., 4., 34., 37.,
       112., 35., 2., 1., 2., 42., 69., 75., 13., 69., 49., 26., 48.,
       105., 30., 4., 24., 0., 3., 18., 6., 0., 10., 112., 44., 3., 0.,
       0., 22., 96., 97., 112., 90., 112., 44., 12., 35., 63., 14., 7.,
       4., 37., 54., 112., 80., 28., 2., 1., 57., 33., 16., 1., 1., 5.,
       16., 112., 24., 43., 80., 20., 58., 58., 13., 84., 0., 17., 43.,
       45., 112., 61., 1., 0., 0., 6., 35., 45., 7., 0., 0., 0., 40., 6.,
