%YAML:1.0
---
mat: !!opencv-matrix
   rows: 66
   cols: 128
   dt: f
   data: [ 67., 74., 51., 56., 12., 1., 0., 3., 81., 78., 46., 37., 10.,
       2., 1., 15., 47., 41., 35., 12., 7., 4., 3., 12., 18., 17., 15.,
       1., 1., 10., 26., 26., 77., 15., 12., 41., 30., 48., 26., 44.,
       125., 29., 8., 18., 15., 19., 17., 125., 77., 24., 19., 13., 8.,
       54., 55., 85., 83., 22., 4., 1., 2., 21., 27., 101., 60., 9., 13.,
       42., 86., 89., 25., 39., 125., 38., 7., 16., 35., 26., 7., 43.,
       63., 57., 20., 57., 17., 20., 15., 21., 38., 122., 52., 14., 1.,
       3., 2., 11., 60., 17., 39., 125., 24., 2., 0., 11., 125., 12.,
       13., 24., 14., 7., 5., 107., 24., 10., 7., 20., 52., 28., 13.,
       36., 10., 24., 20., 18., 12., 31., 28., 24., 2., 2., 2., 9., 41.,
       61., 13., 13., 5., 2., 6., 22., 33., 44., 24., 17., 36., 10., 3.,
       6., 17., 84., 58., 15., 1., 0., 2., 41., 71., 70., 97., 20., 4.,
       5., 42., 96., 25., 8., 5., 1., 15., 14., 39., 102., 49., 22., 10.,
       6., 117., 45., 15., 11., 42., 12., 5., 24., 6., 1., 6., 40., 117.,
       60., 4., 1., 12., 5., 19., 26., 4., 15., 55., 38., 8., 3., 28.,
       60., 22., 82., 99., 22., 67., 16., 117., 59., 17., 16., 26., 69.,
       3., 1., 59., 117., 75., 27., 1., 2., 13., 6., 75., 73., 3., 3.,
       10., 13., 0., 1., 87., 117., 13., 12., 23., 3., 3., 7., 117., 75.,
       4., 5., 45., 30., 2., 1., 47., 85., 9., 33., 87., 15., 2., 0., 0.,
       1., 23., 93., 22., 18., 16., 11., 3., 11., 13., 32., 41., 24.,
       25., 22., 1., 2., 26., 69., 88., 20., 1., 0., 1., 36., 120., 94.,
       45., 25., 1., 3., 8., 77., 56., 37., 4., 1., 19., 28., 25., 86.,
       61., 18., 8., 6., 109., 74., 11., 9., 40., 33., 5., 15., 4., 1.,
       3., 50., 99., 91., 9., 2., 10., 4., 20., 71., 16., 6., 29., 26.,
       10., 3., 6., 44., 32., 53., 120., 28., 74., 16., 103., 119., 10.,
       15., 32., 50., 4., 2., 49., 120., 63., 26., 14., 3., 38., 8., 19.,
       26., 2., 2., 13., 32., 2., 1., 27., 120., 34., 8., 27., 7., 3.,
       1., 74., 120., 29., 6., 33., 34., 13., 6., 26., 41., 6., 5., 76.,
       69., 120., 26., 10., 9., 11., 8., 11., 86., 27., 21., 42., 53.,
       40., 10., 8., 18., 65., 40., 26., 21., 15., 2., 4., 62., 42., 25.,
       21., 20., 9., 10., 5., 17., 120., 6., 4., 5., 9., 20., 53., 120.,
       23., 6., 11., 14., 88., 88., 45., 15., 120., 10., 1., 6., 16.,
       15., 14., 105., 29., 7., 6., 19., 19., 73., 34., 42., 120., 34.,
       25., 21., 13., 11., 12., 53., 26., 6., 39., 78., 120., 53., 4.,
       12., 120., 19., 7., 17., 19., 13., 3., 51., 28., 19., 16., 59.,
       14., 9., 4., 6., 13., 12., 42., 85., 23., 3., 17., 13., 93., 11.,
       45., 94., 15., 0., 0., 55., 94., 3., 5., 12., 13., 12., 7., 120.,
       5., 5., 6., 15., 46., 20., 9., 14., 4., 0., 1., 1., 4., 7., 9.,
       27., 1., 0., 2., 3., 3., 13., 88., 35., 0., 1., 1., 2., 3., 40.,
       104., 5., 0., 0., 0., 0., 1., 14., 102., 8., 80., 7., 0., 0., 14.,
       29., 8., 68., 44., 17., 15., 27., 85., 42., 51., 58., 103., 40.,
       16., 11., 12., 29., 100., 41., 14., 2., 8., 9., 14., 54., 119.,
       15., 53., 70., 8., 16., 49., 24., 1., 4., 36., 102., 83., 23.,
       61., 66., 12., 10., 84., 29., 119., 57., 11., 26., 16., 35., 12.,
       6., 119., 106., 10., 7., 1., 1., 0., 16., 62., 73., 24., 0., 0.,
       0., 0., 32., 119., 74., 1., 1., 0., 0., 1., 4., 119., 76., 0., 0.,
       0., 0., 1., 1., 108., 44., 1., 1., 0., 0., 1., 0., 0., 0., 0.,
       28., 125., 6., 0., 0., 0., 1., 2., 61., 125., 1., 0., 0., 0., 0.,
       1., 51., 125., 2., 1., 0., 0., 0., 1., 18., 125., 18., 31., 38.,
       18., 9., 11., 17., 99., 18., 15., 18., 19., 79., 85., 53., 125.,
       9., 73., 34., 12., 14., 42., 97., 118., 16., 19., 1., 0., 2., 53.,
       75., 46., 38., 8., 113., 125., 10., 6., 0., 0., 0., 17., 79., 69.,
       39., 63., 26., 16., 18., 97., 22., 39., 71., 53., 15., 13., 45.,
       49., 19., 4., 57., 70., 10., 1., 10., 4., 25., 16., 0., 0., 0.,
       0., 4., 4., 75., 50., 0., 0., 0., 2., 5., 4., 16., 88., 50., 2.,
       0., 2., 2., 32., 18., 8., 27., 3., 0., 0., 0., 6., 36., 38., 12.,
       18., 15., 70., 11., 30., 123., 51., 19., 4., 2., 22., 19., 76.,
       77., 6., 9., 19., 19., 44., 53., 18., 1., 0., 1., 1., 2., 24.,
       67., 6., 11., 98., 51., 27., 13., 9., 3., 123., 37., 56., 25., 2.,
       4., 4., 108., 123., 23., 1., 0., 0., 0., 1., 123., 11., 6., 6.,
       1., 1., 0., 1., 5., 12., 19., 64., 30., 28., 78., 74., 22., 123.,
       88., 15., 11., 10., 24., 9., 74., 95., 123., 3., 0., 0., 0., 0.,
       16., 3., 15., 11., 1., 0., 0., 0., 0., 28., 51., 121., 19., 14.,
       35., 36., 25., 123., 50., 11., 4., 5., 11., 9., 81., 84., 83., 1.,
       0., 1., 1., 3., 14., 22., 20., 4., 1., 0., 0., 0., 1., 8., 11.,
       12., 61., 62., 6., 4., 11., 117., 61., 7., 28., 30., 1., 0., 16.,
       57., 27., 17., 76., 26., 4., 1., 5., 57., 42., 14., 11., 5., 1.,
       1., 3., 9., 4., 9., 75., 83., 27., 22., 6., 117., 24., 7., 20.,
       35., 16., 4., 87., 47., 14., 19., 33., 37., 87., 39., 27., 41.,
       33., 12., 6., 4., 15., 33., 12., 24., 21., 43., 117., 41., 9., 8.,
       4., 117., 114., 36., 19., 5., 3., 1., 12., 28., 79., 103., 7., 2.,
       26., 21., 3., 3., 22., 47., 68., 19., 18., 31., 2., 9., 6., 27.,
       55., 24., 31., 22., 12., 79., 94., 48., 18., 12., 4., 2., 18.,
       31., 117., 117., 74., 55., 28., 0., 1., 27., 113., 45., 67., 72.,
       3., 0., 1., 50., 54., 4., 5., 74., 52., 19., 11., 121., 121., 22.,
       16., 3., 7., 6., 8., 59., 49., 32., 33., 5., 4., 3., 11., 59.,
       29., 8., 0., 0., 0., 9., 28., 32., 6., 4., 12., 72., 55., 31., 7.,
       121., 24., 1., 6., 28., 23., 16., 59., 113., 25., 3., 14., 21.,
       49., 25., 31., 93., 41., 9., 7., 3., 3., 7., 18., 55., 29., 5.,
       19., 48., 15., 47., 34., 121., 24., 6., 25., 28., 12., 67., 96.,
       105., 42., 21., 108., 38., 10., 2., 8., 121., 38., 15., 10., 5.,
       7., 2., 13., 113., 71., 25., 0., 1., 2., 27., 36., 11., 30., 56.,
       48., 52., 12., 46., 31., 100., 23., 12., 68., 57., 1., 1., 28.,
       86., 29., 17., 10., 3., 14., 8., 25., 19., 3., 0., 23., 167., 1.,
       0., 2., 144., 12., 1., 1., 5., 1., 2., 26., 20., 4., 4., 18., 24.,
       19., 6., 13., 0., 2., 7., 9., 14., 4., 0., 0., 27., 1., 0., 14.,
       167., 3., 0., 4., 167., 5., 1., 2., 8., 4., 4., 41., 26., 2., 3.,
       40., 72., 18., 7., 13., 1., 6., 6., 16., 21., 2., 0., 0., 28., 6.,
       1., 19., 167., 0., 0., 0., 167., 34., 4., 13., 12., 1., 0., 5.,
       24., 8., 5., 73., 87., 2., 1., 2., 0., 6., 16., 14., 10., 0., 0.,
       0., 16., 11., 3., 27., 167., 0., 0., 0., 167., 40., 2., 5., 11.,
       5., 1., 4., 23., 3., 2., 19., 90., 22., 1., 3., 0., 2., 15., 11.,
       10., 0., 0., 1., 8., 13., 29., 32., 34., 41., 25., 8., 119., 56.,
       15., 15., 28., 10., 0., 18., 66., 51., 47., 46., 54., 8., 0., 7.,
       52., 45., 28., 36., 3., 0., 0., 2., 32., 16., 6., 78., 81., 63.,
       10., 8., 119., 16., 4., 20., 49., 36., 5., 62., 97., 17., 6., 22.,
       119., 65., 3., 19., 88., 30., 17., 53., 17., 2., 0., 9., 31., 11.,
       9., 62., 37., 69., 33., 20., 119., 58., 30., 53., 25., 30., 33.,
       48., 52., 43., 36., 119., 80., 29., 38., 17., 54., 43., 6., 11.,
       41., 7., 28., 14., 7., 1., 1., 4., 6., 70., 69., 18., 12., 2., 5.,
       10., 5., 47., 74., 67., 10., 4., 3., 11., 7., 50., 119., 64., 8.,
       4., 1., 1., 3., 24., 119., 40., 53., 49., 14., 3., 8., 9., 47.,
       24., 3., 7., 9., 45., 42., 18., 32., 15., 50., 5., 7., 80., 35.,
       1., 1., 32., 103., 12., 16., 17., 4., 2., 1., 34., 9., 110., 101.,
       4., 2., 1., 9., 8., 10., 52., 110., 110., 27., 10., 2., 2., 110.,
       26., 18., 49., 18., 2., 2., 75., 43., 20., 11., 10., 20., 40.,
       12., 48., 6., 14., 34., 36., 8., 12., 66., 56., 27., 27., 60.,
       69., 31., 25., 15., 12., 110., 88., 30., 11., 1., 1., 1., 20.,
