%YAML:1.0
---
mat: !!opencv-matrix
   rows: 36
   cols: 128
   dt: f
   data: [ 82., 0., 0., 0., 0., 0., 0., 37., 108., 0., 0., 14., 82., 25.,
       13., 67., 84., 0., 0., 13., 62., 21., 19., 100., 42., 4., 1., 19.,
       75., 23., 25., 53., 112., 2., 1., 3., 1., 0., 0., 51., 112., 21.,
       40., 89., 51., 26., 8., 39., 112., 65., 22., 35., 42., 20., 25.,
       108., 40., 8., 0., 72., 112., 1., 1., 54., 112., 32., 16., 12.,
       4., 0., 0., 25., 75., 26., 33., 105., 70., 0., 0., 12., 112., 67.,
       23., 45., 31., 0., 0., 19., 53., 16., 14., 49., 64., 2., 2., 80.,
       17., 26., 13., 3., 0., 0., 0., 1., 21., 25., 21., 17., 4., 0., 0.,
       2., 38., 76., 55., 8., 2., 0., 0., 2., 18., 53., 82., 9., 3., 0.,
       0., 8., 98., 26., 0., 0., 20., 34., 20., 30., 36., 56., 9., 3.,
       61., 55., 7., 7., 116., 116., 27., 3., 6., 6., 3., 11., 8., 43.,
       41., 8., 57., 100., 2., 1., 116., 47., 7., 2., 23., 27., 11., 33.,
       67., 17., 4., 2., 116., 97., 0., 3., 116., 31., 19., 6., 23., 25.,
       3., 10., 34., 84., 45., 8., 16., 40., 10., 6., 40., 116., 50.,
       31., 27., 8., 6., 11., 49., 95., 13., 15., 115., 44., 0., 3.,
       116., 43., 48., 33., 26., 24., 1., 6., 12., 10., 116., 62., 4.,
       13., 8., 5., 23., 45., 7., 13., 53., 15., 0., 0., 25., 86., 65.,
       34., 14., 2., 0., 0., 5., 15., 92., 55., 7., 1., 0., 0., 2., 5.,
       54., 37., 0., 0., 0., 0., 0., 0., 0., 0., 1., 21., 117., 11., 1.,
       0., 0., 1., 11., 29., 117., 27., 10., 0., 0., 0., 18., 47., 92.,
       26., 14., 0., 0., 0., 39., 47., 15., 9., 17., 23., 10., 14., 37.,
       35., 80., 9., 29., 15., 1., 51., 117., 28., 54., 13., 117., 6.,
       0., 14., 76., 52., 12., 35., 28., 0., 0., 1., 101., 95., 23., 21.,
       37., 23., 2., 7., 49., 107., 39., 9., 47., 9., 1., 72., 117., 18.,
       9., 5., 117., 12., 0., 24., 54., 22., 2., 15., 16., 18., 19., 62.,
       85., 57., 19., 13., 68., 30., 20., 18., 70., 36., 14., 7., 20.,
       2., 5., 26., 117., 74., 3., 2., 117., 33., 9., 18., 54., 11., 1.,
       3., 22., 12., 9., 37., 117., 1., 0., 0., 22., 10., 0., 1., 16.,
       43., 106., 15., 5., 3., 1., 15., 34., 46., 113., 3., 20., 1., 0.,
       8., 45., 69., 70., 20., 18., 0., 0., 0., 43., 64., 23., 35., 113.,
       51., 1., 4., 38., 50., 15., 9., 28., 5., 2., 49., 113., 70., 16.,
       4., 113., 8., 1., 43., 79., 36., 4., 24., 21., 23., 10., 36., 71.,
       53., 18., 34., 113., 70., 73., 20., 27., 10., 4., 14., 25., 14.,
       74., 90., 113., 41., 3., 4., 85., 35., 46., 72., 79., 9., 0., 4.,
       33., 41., 26., 75., 76., 0., 0., 0., 3., 32., 113., 12., 0., 0.,
       0., 0., 0., 3., 113., 75., 6., 0., 0., 0., 1., 9., 71., 68., 6.,
       0., 0., 0., 1., 9., 26., 49., 11., 0., 0., 0., 10., 0., 0., 0.,
       2., 10., 26., 49., 6., 0., 0., 0., 1., 10., 72., 67., 5., 0., 0.,
       0., 0., 3., 113., 73., 0., 0., 0., 0., 3., 32., 112., 12., 75.,
       0., 0., 0., 34., 41., 26., 75., 78., 9., 0., 5., 85., 35., 46.,
       73., 113., 40., 3., 4., 25., 14., 75., 91., 27., 9., 4., 15.,
       113., 70., 75., 20., 71., 54., 18., 34., 21., 22., 9., 36., 79.,
       35., 4., 25., 113., 7., 1., 44., 113., 69., 15., 4., 28., 4., 2.,
       50., 38., 49., 14., 10., 113., 49., 1., 4., 44., 64., 23., 34.,
       17., 0., 0., 0., 45., 68., 71., 20., 20., 1., 0., 8., 34., 48.,
       113., 3., 4., 3., 1., 15., 16., 44., 104., 16., 23., 10., 0., 1.,
       33., 17., 1., 25., 118., 10., 14., 13., 118., 39., 2., 13., 59.,
       30., 15., 8., 30., 18., 6., 32., 52., 47., 40., 8., 30., 3., 1.,
       56., 49., 16., 24., 16., 47., 14., 5., 62., 118., 2., 3., 18.,
       118., 42., 1., 7., 33., 38., 11., 44., 34., 6., 1., 63., 118.,
       93., 21., 12., 97., 2., 1., 63., 58., 6., 0., 36., 21., 40., 58.,
       55., 33., 2., 2., 18., 98., 98., 117., 15., 9., 2., 3., 45., 14.,
       18., 114., 86., 118., 25., 1., 2., 88., 18., 18., 29., 50., 18.,
       2., 19., 1., 23., 24., 2., 0., 0., 0., 0., 0., 29., 94., 5., 0.,
       0., 0., 0., 0., 4., 111., 29., 3., 0., 0., 0., 7., 18., 57., 27.,
       4., 0., 0., 0., 1., 0., 0., 0., 1., 7., 42., 32., 1., 0., 0., 0.,
       0., 1., 98., 39., 0., 0., 0., 0., 1., 24., 98., 8., 0., 0., 0.,
       0., 2., 20., 40., 8., 43., 23., 1., 5., 68., 24., 31., 33., 119.,
       32., 1., 1., 14., 16., 119., 89., 10., 3., 2., 38., 115., 82.,
       116., 15., 74., 3., 2., 18., 25., 26., 48., 64., 66., 12., 1.,
       14., 119., 3., 0., 32., 119., 94., 27., 9., 27., 7., 1., 42., 28.,
       50., 16., 25., 119., 80., 1., 3., 119., 4., 2., 10., 49., 29., 2.,
       17., 58., 11., 10., 16., 58., 3., 0., 40., 59., 36., 41., 9., 28.,
       22., 5., 36., 55., 45., 29., 7., 83., 50., 3., 8., 119., 18., 10.,
       16., 45., 29., 1., 5., 3., 0., 0., 0., 0., 2., 81., 52., 0., 0.,
       0., 0., 3., 35., 113., 13., 2., 0., 0., 0., 2., 24., 101., 26.,
       0., 0., 0., 0., 2., 49., 92., 3., 113., 31., 2., 2., 16., 12.,
       61., 68., 32., 10., 4., 15., 113., 83., 77., 20., 113., 4., 1.,
       8., 40., 31., 67., 73., 19., 4., 1., 13., 39., 71., 83., 14.,
       113., 56., 13., 3., 19., 4., 1., 28., 44., 50., 17., 10., 113.,
       69., 1., 4., 113., 27., 15., 13., 39., 48., 7., 13., 16., 9., 33.,
       52., 79., 44., 16., 6., 25., 29., 96., 3., 4., 2., 1., 10., 16.,
       43., 113., 19., 25., 12., 0., 1., 29., 34., 94., 62., 17., 8., 1.,
       1., 1., 32., 98., 66., 16., 7., 0., 0., 57., 13., 1., 2., 4., 42.,
       68., 46., 9., 4., 0., 5., 44., 47., 115., 50., 33., 5., 0., 3.,
       20., 64., 104., 23., 1., 1., 0., 3., 11., 76., 95., 1., 67., 49.,
       14., 13., 17., 3., 14., 66., 49., 37., 6., 70., 115., 11., 17.,
       10., 115., 29., 1., 16., 58., 38., 10., 20., 11., 3., 2., 47.,
       68., 53., 18., 5., 25., 111., 101., 15., 10., 1., 1., 8., 43.,
       40., 80., 92., 76., 1., 2., 19., 115., 66., 51., 23., 37., 15.,
       5., 48., 21., 7., 25., 67., 115., 25., 3., 8., 8., 42., 43., 1.,
       0., 0., 0., 0., 5., 52., 67., 7., 0., 0., 0., 0., 9., 69., 115.,
       12., 2., 0., 0., 1., 3., 10., 104., 44., 18., 1., 0., 1., 29., 5.,
       0., 0., 0., 0., 0., 4., 123., 65., 12., 2., 0., 3., 11., 58., 10.,
       20., 43., 53., 22., 80., 29., 15., 1., 16., 25., 15., 8., 37.,
       56., 12., 43., 7., 0., 0., 0., 0., 0., 2., 123., 52., 12., 5., 3.,
       2., 1., 22., 12., 16., 44., 69., 47., 21., 1., 5., 1., 22., 57.,
       41., 16., 7., 1., 1., 44., 31., 2., 0., 0., 0., 2., 32., 123.,
       52., 13., 16., 8., 24., 46., 76., 5., 6., 71., 114., 40., 34., 9.,
       3., 1., 3., 58., 69., 13., 5., 5., 6., 27., 4., 0., 0., 0., 0.,
       8., 123., 31., 3., 0., 3., 35., 123., 123., 123., 2., 1., 19.,
       27., 119., 123., 40., 26., 7., 3., 20., 8., 7., 41., 99., 123.,
       118., 50., 0., 0., 1., 3., 4., 10., 73., 27., 0., 0., 31., 118.,
       20., 10., 74., 4., 0., 0., 8., 93., 26., 32., 8., 0., 0., 0., 3.,
       118., 37., 8., 118., 19., 0., 0., 0., 9., 14., 43., 118., 40., 4.,
       4., 7., 71., 42., 57., 59., 8., 5., 14., 28., 118., 55., 50., 36.,
       6., 0., 0., 27., 118., 21., 22., 46., 6., 0., 0., 0., 27., 36.,
       42., 118., 118., 62., 20., 5., 6., 3., 17., 21., 67., 100., 91.,
       29., 23., 3., 5., 36., 116., 9., 3., 37., 50., 2., 4., 2., 2., 4.,
       11., 15., 29., 13., 3., 5., 29., 37., 11., 4., 1., 1., 1., 0.,
       22., 75., 33., 0., 0., 0., 0., 12., 118., 49., 13., 8., 2., 0.,
       0., 106., 4., 2., 4., 1., 0., 0., 77., 37., 2., 4., 60., 109.,
       10., 4., 49., 0., 0., 0., 18., 84., 71., 16., 0., 0., 0., 0., 0.,
       3., 62., 28., 0., 123., 24., 37., 33., 0., 0., 0., 28., 96., 18.,
       42., 59., 30., 30., 44., 50., 6., 2., 2., 36., 90., 123., 60.,
       14., 2., 1., 1., 10., 36., 32., 8., 4., 99., 20., 45., 68., 2.,
       0., 0., 17., 123., 56., 62., 92., 9., 3., 4., 28., 8., 13., 80.,
       123., 67., 16., 5., 5., 26., 28., 28., 32., 13., 1., 1., 5., 88.,
