%YAML:1.0
---
mat: !!opencv-matrix
   rows: 84
   cols: 128
   dt: f
   data: [ 23., 11., 5., 0., 0., 0., 1., 25., 23., 14., 16., 0., 0., 0.,
       59., 62., 2., 10., 12., 0., 0., 0., 96., 47., 4., 11., 3., 0., 0.,
       0., 58., 67., 72., 1., 0., 0., 0., 0., 0., 17., 139., 2., 0., 0.,
       0., 0., 58., 138., 12., 0., 0., 0., 0., 0., 139., 125., 4., 0.,
       0., 0., 0., 0., 139., 134., 73., 8., 0., 0., 0., 0., 0., 1., 139.,
       42., 0., 0., 0., 0., 3., 33., 124., 13., 0., 0., 0., 0., 24., 65.,
       39., 0., 0., 0., 0., 0., 16., 111., 39., 7., 0., 0., 0., 0., 0.,
       0., 139., 50., 0., 0., 0., 0., 0., 0., 139., 25., 0., 0., 0., 0.,
       0., 4., 89., 10., 0., 0., 0., 0., 0., 14., 0., 0., 13., 32., 10.,
       9., 11., 0., 4., 6., 13., 34., 49., 58., 1., 0., 1., 1., 0., 0.,
       89., 113., 0., 0., 0., 0., 0., 0., 75., 113., 0., 0., 3., 7.,
       113., 103., 23., 27., 3., 1., 113., 54., 65., 46., 7., 18., 4.,
       7., 29., 3., 0., 0., 89., 113., 2., 4., 0., 0., 0., 0., 113.,
       113., 0., 0., 49., 30., 16., 12., 16., 113., 64., 11., 113., 17.,
       10., 2., 2., 51., 91., 95., 35., 1., 0., 0., 59., 98., 4., 21.,
       0., 0., 0., 0., 100., 113., 0., 0., 52., 8., 0., 0., 1., 19., 35.,
       44., 4., 0., 0., 0., 1., 13., 51., 27., 1., 0., 0., 0., 18., 49.,
       4., 6., 0., 0., 0., 0., 58., 111., 0., 0., 36., 0., 0., 0., 0.,
       0., 0., 3., 180., 25., 5., 0., 0., 0., 0., 10., 74., 47., 62.,
       18., 40., 6., 1., 0., 2., 4., 20., 47., 180., 133., 28., 12., 50.,
       0., 0., 0., 0., 0., 0., 2., 180., 17., 5., 0., 0., 0., 9., 33.,
       50., 27., 45., 5., 3., 6., 95., 32., 0., 2., 11., 11., 31., 83.,
       82., 4., 56., 2., 0., 0., 0., 0., 0., 0., 180., 26., 0., 0., 0.,
       0., 1., 20., 100., 41., 3., 2., 1., 3., 27., 24., 1., 3., 3., 7.,
       17., 27., 27., 1., 53., 2., 0., 0., 0., 0., 0., 0., 180., 4., 0.,
       0., 0., 0., 0., 30., 74., 4., 1., 1., 0., 0., 6., 31., 0., 1., 1.,
       7., 11., 9., 5., 1., 0., 0., 9., 16., 7., 12., 0., 0., 0., 2.,
       32., 73., 20., 16., 0., 0., 4., 11., 26., 53., 51., 14., 3., 1.,
       0., 0., 4., 47., 78., 73., 9., 0., 5., 39., 88., 72., 20., 9., 0.,
       0., 13., 23., 91., 113., 73., 63., 9., 6., 113., 77., 58., 31.,
       14., 20., 12., 32., 14., 1., 0., 22., 86., 85., 16., 5., 99.,
       112., 38., 23., 23., 28., 15., 24., 59., 23., 2., 8., 35., 113.,
       107., 37., 76., 6., 1., 2., 9., 46., 113., 113., 7., 0., 0., 20.,
       43., 93., 25., 11., 42., 5., 0., 0., 3., 24., 91., 84., 42., 6.,
       1., 1., 1., 9., 35., 66., 0., 1., 1., 19., 36., 18., 44., 10., 0.,
       0., 0., 113., 52., 10., 2., 1., 65., 40., 5., 0., 0., 0., 20.,
       67., 90., 21., 16., 3., 0., 0., 29., 43., 19., 33., 14., 1., 0.,
       0., 44., 44., 3., 5., 3., 3., 5., 3., 22., 22., 100., 14., 3.,
       17., 6., 1., 24., 77., 29., 33., 101., 115., 32., 9., 8., 25.,
       115., 115., 88., 28., 2., 1., 1., 8., 15., 36., 85., 46., 5., 1.,
       0., 0., 18., 3., 1., 9., 12., 24., 56., 54., 16., 7., 9., 55.,
       57., 115., 115., 28., 115., 30., 10., 46., 38., 29., 70., 96.,
       33., 39., 66., 115., 69., 11., 5., 12., 17., 0., 0., 0., 0., 3.,
       13., 28., 13., 0., 0., 0., 0., 37., 83., 20., 4., 0., 0., 6., 33.,
       90., 71., 18., 10., 1., 1., 12., 47., 81., 97., 37., 0., 0., 0.,
       6., 53., 9., 1., 0., 27., 8., 4., 47., 148., 39., 0., 2., 148.,
       50., 7., 12., 33., 9., 0., 4., 43., 7., 4., 13., 117., 21., 1.,
       2., 0., 0., 24., 31., 54., 3., 0., 0., 32., 5., 3., 75., 148.,
       24., 4., 5., 148., 44., 3., 13., 36., 8., 4., 19., 60., 13., 3.,
       2., 58., 56., 7., 6., 0., 0., 67., 24., 25., 2., 0., 0., 10., 0.,
       9., 22., 144., 95., 43., 23., 148., 17., 13., 1., 9., 21., 42.,
       103., 30., 16., 55., 9., 6., 7., 3., 3., 0., 0., 83., 6., 1., 0.,
       0., 0., 0., 2., 96., 13., 4., 12., 11., 3., 6., 7., 110., 18., 0.,
       3., 11., 12., 1., 6., 116., 18., 0., 0., 0., 0., 0., 0., 0., 0.,
       1., 3., 120., 26., 0., 3., 11., 12., 5., 4., 104., 31., 5., 13.,
       10., 2., 0., 0., 83., 20., 1., 0., 0., 0., 0., 0., 69., 12., 3.,
       4., 2., 2., 28., 16., 61., 14., 9., 24., 42., 95., 145., 20., 14.,
       2., 145., 105., 40., 21., 10., 1., 8., 19., 28., 2., 0., 0., 0.,
       0., 59., 31., 42., 61., 10., 6., 47., 18., 5., 3., 32., 9., 4.,
       15., 145., 79., 2., 9., 145., 37., 4., 4., 37., 10., 2., 47., 69.,
       7., 0., 0., 0., 0., 16., 26., 110., 38., 2., 2., 33., 8., 3., 5.,
       28., 9., 0., 1., 145., 78., 6., 7., 145., 56., 0., 1., 47., 17.,
       5., 40., 70., 16., 0., 0., 0., 0., 0., 8., 20., 41., 124., 109.,
       21., 7., 17., 10., 148., 30., 17., 44., 12., 4., 15., 45., 92.,
       1., 0., 0., 7., 11., 2., 5., 0., 0., 0., 0., 36., 33., 0., 0.,
       61., 115., 47., 6., 7., 99., 42., 19., 148., 81., 24., 2., 1., 4.,
       25., 63., 106., 2., 0., 1., 5., 4., 1., 8., 0., 0., 0., 0., 42.,
       25., 0., 0., 15., 34., 20., 1., 11., 148., 77., 21., 148., 62.,
       13., 0., 1., 41., 78., 148., 70., 2., 1., 1., 3., 1., 2., 21., 0.,
       0., 0., 2., 29., 10., 0., 0., 0., 1., 0., 0., 2., 80., 53., 7.,
       10., 0., 0., 0., 1., 19., 75., 83., 3., 0., 0., 0., 4., 4., 3.,
       11., 0., 0., 0., 0., 13., 10., 0., 0., 8., 21., 34., 30., 18., 0.,
       0., 0., 2., 3., 4., 61., 126., 10., 5., 5., 126., 4., 1., 11.,
       54., 12., 14., 112., 125., 13., 1., 1., 0., 0., 0., 32., 73., 27.,
       10., 30., 38., 2., 0., 1., 31., 4., 0., 35., 126., 24., 4., 9.,
       126., 4., 0., 3., 18., 8., 10., 126., 41., 6., 1., 0., 1., 10.,
       6., 46., 88., 116., 10., 18., 26., 3., 0., 0., 27., 17., 3., 9.,
       126., 53., 2., 3., 126., 78., 0., 0., 19., 14., 2., 13., 43., 36.,
       1., 0., 0., 10., 6., 7., 59., 103., 3., 3., 12., 13., 4., 2., 13.,
       61., 9., 8., 74., 21., 0., 0., 47., 115., 2., 5., 40., 12., 0.,
       0., 38., 126., 3., 0., 0., 0., 0., 1., 42., 6., 13., 43., 17., 1.,
       4., 117., 30., 82., 80., 44., 7., 0., 0., 4., 22., 46., 6., 1.,
       1., 0., 0., 1., 0., 1., 1., 2., 3., 0., 0., 0., 6., 2., 5., 118.,
       118., 1., 4., 33., 118., 69., 32., 86., 42., 0., 0., 29., 100.,
       43., 58., 9., 0., 0., 0., 15., 1., 22., 29., 6., 0., 0., 0., 0.,
       8., 1., 0., 118., 118., 5., 7., 17., 118., 90., 22., 20., 23., 1.,
       33., 52., 34., 71., 118., 28., 0., 0., 36., 46., 34., 59., 32.,
       10., 0., 0., 8., 24., 0., 0., 0., 19., 67., 55., 85., 48., 4., 4.,
       1., 1., 1., 1., 118., 118., 4., 3., 2., 11., 2., 1., 99., 77., 6.,
       1., 1., 42., 4., 1., 17., 21., 0., 0., 2., 8., 0., 0., 1., 3., 1.,
       6., 48., 26., 0., 0., 0., 1., 3., 34., 40., 2., 0., 0., 0., 1.,
       2., 5., 1., 0., 0., 0., 0., 1., 0., 0., 18., 130., 6., 0., 0., 0.,
       12., 36., 129., 150., 42., 3., 0., 1., 150., 150., 89., 19., 3.,
       1., 0., 4., 41., 15., 0., 0., 1., 1., 0., 2., 3., 25., 75., 146.,
       17., 4., 1., 1., 52., 22., 15., 75., 148., 54., 2., 11., 150.,
       27., 4., 5., 14., 9., 1., 38., 66., 2., 1., 0., 0., 0., 0., 10.,
       7., 24., 18., 27., 14., 53., 69., 11., 61., 24., 13., 72., 72.,
       27., 4., 4., 150., 10., 3., 7., 7., 1., 0., 16., 43., 1., 3., 2.,
       1., 1., 1., 4., 0., 8., 37., 8., 0., 0., 0., 0., 0., 8., 50., 17.,
       0., 0., 0., 0., 0., 15., 53., 9., 5., 2., 0., 0., 0., 1., 34.,
       18., 27., 5., 0., 0., 25., 79., 87., 64., 39., 3., 0., 3., 26.,
       67., 112., 112., 55., 11., 1., 4., 90., 111., 112., 58., 39., 15.,
       1., 9., 23., 26., 112., 79., 53., 22., 5., 10., 41., 17., 3., 12.,
       59., 56., 69., 64., 40., 14., 4., 26., 69., 112., 101., 64., 112.,
       16., 3., 6., 38., 75., 69., 112., 26., 6., 9., 10., 57., 112.,
       100., 61., 1., 0., 0., 2., 2., 18., 58., 23., 3., 2., 1., 9., 6.,
       30., 61., 21., 11., 8., 1., 3., 1., 12., 40., 51., 0., 1., 4.,
       38., 15., 30., 31., 6., 64., 0., 0., 0., 0., 0., 0., 120., 54.,
