%YAML:1.0
---
mat: !!opencv-matrix
   rows: 105
   cols: 128
   dt: f
   data: [ 53., 1., 0., 0., 0., 0., 0., 11., 139., 16., 4., 10., 14., 4.,
       1., 55., 62., 14., 6., 35., 117., 21., 4., 10., 70., 9., 2., 15.,
       98., 4., 1., 13., 107., 3., 0., 0., 0., 0., 0., 7., 139., 12., 1.,
       4., 17., 7., 4., 60., 24., 19., 12., 36., 124., 29., 6., 15., 44.,
       37., 9., 29., 108., 6., 1., 5., 114., 4., 0., 0., 0., 0., 0., 1.,
       139., 29., 6., 20., 21., 1., 1., 10., 36., 16., 12., 70., 139.,
       12., 1., 11., 52., 14., 4., 9., 107., 27., 2., 20., 75., 12., 0.,
       0., 0., 0., 0., 0., 139., 66., 20., 15., 23., 11., 0., 4., 48.,
       21., 23., 65., 73., 29., 0., 2., 74., 14., 1., 4., 79., 13., 0.,
       4., 118., 16., 2., 13., 63., 7., 0., 9., 56., 8., 1., 9., 118.,
       17., 6., 21., 63., 37., 0., 1., 17., 6., 50., 88., 20., 24., 3.,
       12., 100., 15., 18., 16., 118., 26., 4., 22., 58., 5., 1., 3.,
       88., 28., 5., 41., 106., 16., 2., 8., 118., 27., 1., 7., 11., 13.,
       15., 49., 10., 0., 1., 19., 118., 42., 11., 13., 118., 6., 1., 2.,
       64., 47., 5., 28., 78., 8., 3., 17., 35., 87., 24., 37., 118.,
       24., 10., 18., 6., 21., 13., 49., 11., 4., 9., 71., 118., 36., 2.,
       1., 113., 9., 0., 14., 84., 18., 0., 10., 64., 18., 8., 19., 50.,
       18., 3., 11., 63., 50., 10., 8., 13., 7., 9., 29., 5., 5., 5.,
       67., 78., 25., 7., 5., 4., 0., 0., 13., 54., 102., 45., 3., 37.,
       0., 0., 3., 23., 46., 59., 72., 4., 0., 0., 0., 39., 103., 48.,
       15., 0., 0., 0., 0., 4., 13., 31., 12., 13., 2., 1., 27., 129.,
       20., 0., 2., 129., 6., 0., 9., 65., 11., 3., 36., 36., 5., 0., 3.,
       129., 46., 7., 19., 53., 25., 0., 1., 15., 38., 78., 57., 17., 4.,
       3., 22., 129., 25., 3., 5., 129., 20., 1., 10., 68., 2., 0., 21.,
       35., 12., 1., 12., 129., 12., 9., 17., 92., 91., 0., 1., 15., 10.,
       34., 43., 25., 2., 11., 92., 109., 6., 1., 3., 129., 11., 4., 20.,
       41., 0., 0., 18., 45., 6., 2., 27., 101., 5., 7., 27., 57., 7.,
       0., 1., 3., 3., 46., 63., 3., 3., 51., 63., 53., 7., 0., 1., 96.,
       5., 9., 31., 45., 5., 1., 29., 41., 0., 0., 22., 129., 9., 4.,
       21., 102., 4., 1., 3., 31., 2., 11., 95., 14., 12., 34., 40.,
       100., 88., 0., 2., 129., 9., 9., 17., 35., 12., 1., 17., 67., 1.,
       0., 26., 129., 15., 1., 12., 129., 21., 3., 5., 18., 3., 3., 29.,
       16., 40., 79., 57., 50., 20., 0., 1., 129., 41., 7., 21., 37., 4.,
       0., 5., 66., 9., 3., 41., 129., 5., 0., 11., 129., 17., 0., 3.,
       13., 2., 1., 30., 5., 14., 29., 11., 0., 0., 0., 0., 41., 104.,
       49., 17., 5., 0., 0., 0., 26., 47., 56., 72., 36., 0., 0., 4.,
       58., 100., 39., 2., 4., 0., 0., 16., 59., 19., 6., 14., 33., 23.,
       14., 26., 19., 1., 0., 30., 125., 59., 18., 6., 104., 1., 0., 6.,
       52., 37., 24., 55., 12., 1., 0., 0., 78., 60., 21., 18., 24., 18.,
       6., 3., 23., 21., 19., 47., 27., 8., 2., 13., 129., 37., 3., 6.,
       129., 23., 1., 7., 93., 5., 0., 12., 36., 23., 1., 5., 129., 13.,
       7., 15., 33., 11., 17., 38., 32., 14., 24., 28., 36., 5., 18.,
       119., 129., 21., 4., 7., 129., 16., 4., 23., 79., 2., 0., 26.,
       41., 7., 1., 16., 108., 9., 16., 42., 21., 10., 12., 32., 80.,
       17., 8., 17., 44., 2., 5., 44., 129., 40., 6., 4., 129., 16., 6.,
       20., 35., 11., 3., 14., 81., 13., 2., 24., 39., 15., 4., 16., 38.,
       14., 4., 17., 82., 13., 2., 25., 35., 11., 3., 15., 128., 15., 6.,
       21., 128., 38., 6., 5., 47., 2., 5., 44., 81., 18., 8., 16., 19.,
       10., 12., 33., 109., 9., 17., 42., 40., 7., 1., 17., 78., 2., 0.,
       28., 128., 14., 4., 24., 128., 19., 4., 8., 38., 4., 18., 122.,
       33., 14., 23., 28., 33., 10., 18., 40., 128., 12., 7., 15., 37.,
       22., 1., 6., 92., 5., 0., 13., 128., 20., 1., 8., 128., 35., 3.,
       6., 27., 8., 2., 15., 22., 20., 20., 47., 23., 18., 6., 3., 79.,
       60., 21., 18., 12., 1., 0., 0., 53., 36., 24., 57., 102., 1., 0.,
       6., 125., 58., 17., 6., 18., 1., 0., 31., 33., 21., 13., 27., 59.,
       18., 6., 14., 7., 6., 3., 1., 3., 117., 112., 6., 2., 0., 0., 1.,
       18., 113., 97., 10., 11., 0., 0., 0., 4., 35., 82., 55., 0., 0.,
       0., 0., 6., 52., 38., 6., 70., 23., 5., 15., 38., 35., 21., 21.,
       24., 1., 0., 34., 127., 70., 18., 7., 127., 3., 0., 4., 52., 42.,
       24., 64., 15., 2., 0., 0., 112., 84., 18., 18., 28., 18., 7., 2.,
       36., 25., 10., 38., 28., 6., 1., 9., 127., 46., 1., 2., 127., 36.,
       1., 4., 68., 7., 0., 5., 28., 16., 1., 3., 127., 21., 3., 8., 13.,
       8., 12., 22., 20., 15., 25., 18., 22., 4., 8., 61., 127., 30., 3.,
       6., 127., 17., 2., 11., 53., 3., 0., 18., 25., 4., 1., 9., 106.,
       12., 7., 22., 106., 10., 9., 25., 21., 3., 1., 10., 52., 2., 0.,
       24., 127., 13., 2., 11., 127., 22., 2., 6., 29., 4., 8., 68., 24.,
       16., 23., 17., 12., 6., 14., 28., 127., 15., 3., 8., 28., 15., 1.,
       4., 69., 5., 0., 8., 127., 26., 1., 6., 127., 35., 1., 2., 31.,
       5., 1., 12., 40., 24., 11., 37., 22., 19., 6., 2., 114., 83., 20.,
       18., 13., 1., 0., 0., 53., 40., 25., 71., 127., 1., 0., 5., 127.,
       64., 14., 7., 22., 1., 0., 40., 38., 30., 15., 25., 73., 20., 4.,
       16., 5., 51., 38., 6., 0., 0., 0., 0., 5., 35., 79., 52., 9., 0.,
       0., 0., 21., 127., 94., 7., 1., 0., 0., 1., 3., 120., 100., 6.,
       10., 8., 4., 2., 16., 4., 7., 35., 45., 22., 6., 15., 43., 7., 1.,
       58., 74., 5., 4., 32., 118., 4., 5., 51., 61., 0., 6., 106., 65.,
       25., 26., 16., 43., 17., 17., 89., 30., 38., 19., 60., 49., 5.,
       3., 13., 44., 23., 6., 103., 108., 3., 3., 15., 118., 21., 11.,
       39., 60., 8., 1., 77., 55., 82., 48., 40., 65., 23., 6., 17., 43.,
       11., 4., 28., 66., 6., 5., 57., 54., 9., 4., 75., 118., 5., 4.,
       34., 118., 48., 11., 12., 22., 6., 5., 50., 41., 16., 13., 20.,
       39., 31., 26., 30., 62., 1., 4., 34., 51., 1., 1., 36., 62., 1.,
       0., 43., 91., 2., 6., 88., 64., 8., 7., 7., 4., 3., 39., 117.,
       21., 3., 5., 77., 43., 9., 11., 30., 24., 27., 10., 11., 44., 20.,
       6., 11., 71., 64., 4., 9., 120., 24., 0., 4., 102., 120., 24.,
       13., 31., 47., 8., 7., 28., 23., 17., 15., 28., 38., 23., 20.,
       39., 48., 18., 19., 88., 28., 2., 12., 56., 36., 6., 9., 120.,
       60., 5., 10., 120., 95., 15., 3., 23., 8., 7., 44., 74., 17., 8.,
       26., 74., 21., 12., 26., 75., 17., 9., 35., 73., 29., 1., 7., 90.,
       15., 0., 2., 120., 61., 5., 10., 120., 62., 4., 8., 41., 16., 10.,
       60., 22., 18., 29., 30., 29., 18., 12., 19., 61., 29., 13., 34.,
       29., 55., 1., 1., 81., 35., 0., 2., 104., 46., 1., 2., 120., 63.,
       1., 1., 50., 23., 1., 3., 37., 31., 5., 24., 36., 15., 5., 4.,
       22., 12., 6., 5., 15., 14., 16., 41., 19., 7., 2., 11., 125., 29.,
       3., 7., 125., 15., 1., 6., 82., 6., 0., 10., 33., 20., 0., 4.,
       117., 12., 7., 14., 44., 15., 15., 29., 25., 12., 21., 35., 27.,
       5., 20., 113., 125., 21., 7., 8., 125., 15., 3., 27., 90., 3., 0.,
       24., 45., 10., 1., 15., 100., 9., 19., 43., 43., 18., 18., 34.,
       76., 17., 10., 30., 45., 4., 7., 51., 125., 61., 11., 6., 125.,
       17., 6., 25., 50., 18., 5., 21., 108., 16., 2., 27., 43., 22., 7.,
       25., 39., 39., 17., 12., 37., 41., 23., 16., 53., 19., 1., 15.,
       125., 77., 12., 17., 125., 5., 1., 10., 35., 30., 5., 39., 50.,
       14., 4., 8., 15., 30., 13., 30., 22., 10., 35., 32., 11., 9., 40.,
       34., 45., 17., 21., 82., 114., 7., 14., 19., 126., 51., 5., 13.,
       18., 32., 23., 23., 16., 10., 2., 22., 82., 38., 46., 19., 19.,
       64., 44., 36., 19., 12., 25., 22., 64., 15., 18., 46., 126., 34.,
       13., 12., 126., 49., 3., 23., 28., 2., 1., 36., 22., 11., 14.,
       126., 82., 4., 3., 10., 10., 126., 104., 9., 4., 2., 6., 5., 48.,
       46., 100., 80., 63., 10., 3., 3., 126., 97., 57., 92., 38., 1.,
