%YAML:1.0
---
mat: !!opencv-matrix
   rows: 126
   cols: 128
   dt: f
   data: [ 20., 3., 5., 4., 1., 7., 14., 8., 137., 18., 0., 0., 37., 10.,
       1., 15., 21., 2., 0., 0., 112., 37., 0., 3., 0., 0., 0., 0., 0.,
       0., 0., 0., 36., 119., 69., 2., 1., 6., 7., 8., 137., 23., 1., 0.,
       25., 23., 6., 101., 23., 0., 0., 0., 131., 82., 5., 22., 0., 0.,
       0., 0., 1., 0., 0., 0., 131., 120., 15., 0., 1., 2., 39., 50.,
       137., 67., 0., 0., 28., 9., 4., 30., 42., 6., 0., 0., 137., 53.,
       2., 4., 0., 0., 0., 0., 3., 1., 0., 0., 29., 1., 0., 0., 3., 16.,
       126., 107., 137., 22., 0., 0., 13., 9., 17., 36., 48., 8., 0., 0.,
       116., 27., 0., 2., 0., 0., 0., 0., 5., 2., 0., 0., 0., 0., 0., 0.,
       0., 0., 0., 0., 99., 1., 0., 1., 7., 0., 0., 11., 53., 2., 5.,
       67., 135., 1., 0., 8., 13., 38., 79., 51., 39., 1., 1., 1., 1.,
       0., 0., 0., 0., 0., 0., 0., 135., 5., 2., 9., 19., 0., 0., 13.,
       54., 2., 3., 100., 135., 6., 0., 6., 0., 12., 99., 99., 135., 29.,
       0., 0., 8., 1., 0., 0., 0., 0., 0., 0., 135., 26., 8., 49., 20.,
       0., 0., 2., 21., 8., 8., 135., 135., 21., 1., 0., 1., 2., 2., 11.,
       93., 135., 31., 2., 21., 0., 0., 0., 0., 0., 0., 2., 135., 4., 0.,
       22., 65., 0., 0., 16., 3., 3., 4., 53., 97., 2., 0., 0., 3., 25.,
       15., 5., 3., 30., 27., 3., 0., 0., 1., 11., 11., 3., 0., 0., 110.,
       23., 1., 7., 9., 2., 0., 0., 159., 50., 0., 0., 0., 0., 0., 0.,
       33., 7., 2., 0., 0., 1., 1., 1., 4., 0., 0., 1., 9., 13., 44.,
       25., 95., 10., 0., 1., 13., 31., 109., 29., 159., 40., 0., 0., 0.,
       1., 17., 48., 55., 18., 0., 0., 0., 0., 1., 3., 159., 3., 0., 0.,
       2., 6., 71., 102., 40., 1., 0., 0., 0., 48., 159., 77., 88., 2.,
       0., 0., 0., 3., 136., 141., 33., 3., 0., 0., 0., 0., 2., 21.,
       159., 34., 1., 1., 0., 0., 2., 8., 95., 12., 0., 1., 4., 4., 29.,
       8., 1., 1., 2., 3., 4., 4., 20., 5., 12., 3., 1., 0., 0., 0., 1.,
       3., 1., 1., 28., 8., 2., 0., 0., 1., 1., 3., 52., 19., 0., 0., 0.,
       0., 2., 20., 33., 3., 0., 0., 0., 0., 1., 3., 12., 4., 1., 0., 0.,
       0., 0., 0., 157., 59., 0., 0., 0., 0., 17., 48., 157., 50., 0.,
       0., 0., 0., 134., 142., 88., 3., 0., 0., 0., 3., 20., 5., 0., 1.,
       2., 3., 4., 4., 0., 0., 117., 28., 0., 7., 8., 2., 107., 29., 98.,
       13., 0., 1., 13., 28., 157., 81., 41., 1., 0., 0., 0., 41., 30.,
       9., 101., 16., 0., 1., 4., 4., 0., 0., 0., 0., 1., 12., 12., 4.,
       42., 23., 3., 0., 0., 1., 9., 13., 70., 101., 156., 4., 0., 0.,
       2., 5., 2., 7., 157., 40., 1., 1., 0., 0., 1., 0., 0., 0., 0., 2.,
       5., 3., 78., 8., 0., 0., 0., 3., 4., 3., 144., 18., 0., 0., 0.,
       0., 0., 4., 9., 0., 0., 0., 0., 0., 5., 8., 1., 0., 0., 1., 1.,
       2., 7., 5., 66., 8., 1., 2., 2., 2., 19., 23., 144., 16., 0., 0.,
       0., 0., 3., 33., 19., 0., 0., 0., 0., 0., 1., 12., 0., 0., 0., 0.,
       0., 0., 110., 61., 10., 1., 5., 1., 0., 1., 144., 116., 57., 2.,
       33., 11., 0., 0., 29., 108., 9., 1., 86., 35., 0., 0., 0., 10.,
       0., 1., 106., 50., 0., 0., 43., 27., 0., 2., 144., 114., 0., 0.,
       23., 18., 1., 1., 144., 144., 0., 0., 3., 6., 0., 0., 144., 135.,
       0., 0., 0., 0., 2., 36., 52., 0., 0., 0., 0., 1., 5., 34., 27.,
       0., 0., 0., 0., 0., 5., 17., 5., 1., 2., 0., 0., 0., 1., 2., 0.,
       52., 158., 0., 0., 0., 1., 72., 106., 0., 0., 0., 0., 2., 9.,
       130., 145., 0., 0., 0., 0., 0., 51., 115., 32., 5., 9., 0., 0.,
       0., 4., 5., 1., 87., 158., 0., 0., 0., 3., 5., 4., 0., 1., 1., 1.,
       4., 61., 25., 17., 0., 1., 2., 2., 13., 158., 32., 4., 8., 22.,
       0., 0., 20., 10., 2., 1., 92., 158., 0., 0., 0., 2., 2., 0., 0.,
       0., 0., 1., 3., 75., 1., 0., 0., 0., 0., 1., 14., 147., 0., 0.,
       10., 38., 0., 0., 22., 4., 0., 0., 66., 158., 0., 0., 0., 0., 2.,
       4., 14., 7., 0., 0., 0., 158., 19., 1., 9., 6., 0., 0., 0., 164.,
       40., 0., 0., 0., 1., 0., 0., 13., 3., 1., 1., 5., 7., 2., 1., 0.,
       4., 7., 4., 6., 1., 23., 8., 148., 14., 0., 2., 6., 3., 48., 35.,
       164., 34., 1., 0., 0., 0., 7., 33., 25., 6., 3., 1., 5., 3., 4.,
       2., 0., 0., 1., 0., 0., 0., 164., 119., 24., 0., 0., 1., 0., 1.,
       164., 142., 148., 4., 2., 1., 0., 0., 86., 145., 16., 4., 1., 1.,
       6., 5., 4., 4., 2., 2., 4., 2., 0., 0., 76., 43., 1., 1., 14.,
       11., 0., 1., 58., 19., 3., 9., 14., 4., 0., 1., 17., 9., 3., 13.,
       4., 1., 2., 0., 0., 1., 12., 15., 30., 38., 20., 22., 4., 7., 49.,
       36., 14., 14., 10., 2., 1., 4., 139., 5., 2., 7., 9., 1., 0., 34.,
       59., 2., 1., 0., 0., 0., 1., 12., 14., 15., 7., 11., 25., 139.,
       87., 14., 57., 23., 16., 29., 11., 69., 58., 21., 139., 23., 7.,
       11., 2., 4., 10., 33., 56., 4., 0., 0., 1., 1., 1., 12., 48.,
       139., 1., 0., 0., 113., 59., 2., 9., 4., 0., 2., 5., 139., 139.,
       12., 128., 12., 0., 1., 1., 25., 136., 90., 37., 6., 0., 0., 0.,
       1., 3., 19., 139., 139., 0., 0., 4., 6., 1., 0., 28., 18., 0., 2.,
       8., 19., 22., 0., 2., 1., 1., 1., 1., 8., 33., 14., 3., 1., 0.,
       0., 0., 0., 2., 8., 1., 2., 7., 2., 1., 1., 1., 2., 1., 3., 28.,
       24., 0., 0., 1., 1., 5., 29., 35., 11., 0., 0., 0., 0., 2., 4.,
       2., 2., 2., 0., 0., 0., 0., 1., 143., 76., 1., 1., 0., 0., 11.,
       21., 143., 143., 3., 5., 2., 2., 143., 119., 78., 35., 0., 0., 1.,
       5., 33., 8., 1., 3., 1., 1., 6., 5., 1., 1., 79., 53., 4., 9.,
       21., 8., 39., 16., 60., 71., 12., 37., 19., 18., 143., 33., 10.,
       9., 1., 3., 6., 73., 47., 1., 19., 143., 5., 0., 2., 11., 8., 5.,
       18., 29., 13., 14., 5., 6., 65., 15., 24., 39., 24., 32., 19.,
       51., 143., 12., 5., 55., 29., 0., 2., 100., 11., 0., 8., 143.,
       82., 0., 0., 16., 69., 8., 0., 1., 16., 34., 87., 82., 123., 33.,
       0., 0., 2., 12., 67., 77., 123., 47., 0., 0., 43., 7., 0., 3., 8.,
       3., 0., 0., 123., 30., 0., 0., 19., 9., 8., 1., 5., 20., 114.,
       123., 49., 5., 3., 3., 37., 66., 69., 29., 123., 31., 0., 0., 29.,
       10., 4., 33., 20., 3., 0., 0., 123., 39., 0., 2., 30., 53., 52.,
       3., 4., 2., 5., 32., 23., 10., 12., 7., 27., 20., 48., 104., 80.,
       5., 0., 0., 14., 8., 25., 123., 8., 0., 0., 0., 113., 42., 1., 8.,
       71., 8., 4., 2., 7., 1., 2., 108., 31., 40., 12., 33., 34., 5.,
       9., 60., 61., 76., 4., 2., 6., 3., 1., 18., 4., 2., 0., 0., 73.,
       27., 0., 1., 0., 1., 0., 1., 6., 13., 14., 1., 34., 2., 2., 3.,
       7., 10., 2., 5., 144., 5., 1., 0., 0., 0., 0., 50., 76., 1., 0.,
       1., 8., 1., 0., 12., 0., 2., 6., 13., 11., 74., 68., 4., 56., 3.,
       2., 2., 9., 100., 11., 9., 144., 25., 16., 1., 0., 4., 3., 25.,
       64., 21., 84., 8., 3., 0., 0., 2., 6., 5., 6., 10., 39., 144.,
       64., 20., 37., 8., 3., 8., 22., 94., 59., 46., 104., 32., 73.,
       37., 7., 9., 42., 77., 8., 29., 144., 25., 0., 11., 91., 34., 4.,
       1., 4., 49., 136., 55., 8., 11., 33., 32., 46., 57., 69., 20., 8.,
       32., 48., 34., 20., 35., 10., 1., 14., 116., 34., 35., 3., 1., 0.,
       17., 89., 61., 5., 11., 2., 10., 117., 103., 3., 0., 34., 89.,
       11., 3., 17., 61., 13., 8., 117., 49., 6., 7., 16., 0., 1., 27.,
       11., 5., 36., 96., 84., 0., 0., 3., 27., 11., 0., 0., 48., 115.,
       3., 0., 41., 15., 0., 1., 93., 117., 19., 15., 117., 42., 1., 24.,
       42., 5., 3., 32., 7., 3., 1., 84., 117., 1., 0., 1., 52., 25., 0.,
       1., 24., 23., 0., 0., 11., 2., 1., 13., 82., 117., 13., 16., 64.,
       10., 8., 101., 46., 23., 12., 40., 2., 1., 1., 116., 117., 13.,
       5., 0., 61., 32., 1., 20., 12., 1., 0., 0., 2., 4., 22., 117.,
       48., 13., 1., 0., 14., 10., 26., 82., 23., 13., 15., 6., 1., 0.,
       1., 20., 28., 46., 48., 1., 79., 9., 0., 0., 2., 0., 11., 105.,
       21., 40., 3., 2., 1., 1., 54., 115., 8., 11., 6., 12., 17., 14.,
       95., 39., 25., 0., 0., 3., 9., 7., 80., 109., 29., 0., 0., 4., 5.,
