%YAML:1.0
---
mat: !!opencv-matrix
   rows: 27
   cols: 128
   dt: f
   data: [ 0., 0., 0., 0., 0., 0., 0., 0., 4., 1., 0., 0., 0., 0., 0.,
       2., 11., 1., 0., 0., 0., 0., 0., 12., 0., 0., 0., 0., 0., 0., 0.,
       0., 0., 0., 0., 0., 1., 2., 3., 2., 53., 17., 5., 5., 6., 11.,
       31., 18., 138., 24., 1., 0., 0., 1., 9., 80., 29., 3., 0., 0., 0.,
       0., 0., 6., 8., 0., 0., 0., 0., 1., 15., 79., 40., 2., 0., 1., 2.,
       21., 138., 138., 138., 67., 1., 1., 6., 45., 125., 97., 80., 106.,
       2., 1., 1., 1., 0., 2., 53., 5., 0., 0., 0., 0., 9., 114., 138.,
       58., 4., 1., 5., 28., 37., 138., 17., 47., 8., 7., 101., 138.,
       34., 19., 45., 138., 7., 4., 20., 23., 1., 2., 2., 35., 112., 54.,
       10., 0., 0., 0., 13., 101., 87., 12., 3., 0., 0., 0., 4., 30.,
       87., 78., 17., 0., 0., 0., 5., 45., 79., 10., 2., 1., 0., 0., 30.,
       34., 37., 66., 116., 9., 5., 6., 116., 105., 24., 9., 28., 3., 3.,
       8., 56., 25., 19., 50., 116., 20., 1., 5., 66., 41., 33., 8., 9.,
       3., 0., 5., 13., 1., 0., 2., 90., 62., 116., 20., 116., 3., 0.,
       0., 22., 12., 78., 106., 47., 0., 0., 1., 116., 74., 34., 35.,
       48., 0., 0., 0., 9., 14., 49., 50., 1., 0., 0., 0., 3., 21., 108.,
       13., 5., 0., 0., 0., 2., 10., 90., 58., 1., 0., 0., 0., 8., 63.,
       74., 20., 1., 0., 0., 0., 0., 13., 73., 26., 0., 0., 1., 1., 1.,
       54., 74., 0., 1., 0., 0., 2., 10., 63., 58., 2., 7., 0., 0., 1.,
       3., 16., 55., 57., 0., 0., 0., 0., 1., 14., 136., 32., 0., 4.,
       43., 35., 3., 13., 13., 0., 21., 7., 20., 123., 33., 29., 8., 2.,
       136., 9., 5., 14., 7., 4., 18., 107., 21., 0., 1., 20., 32., 13.,
       73., 51., 0., 3., 73., 132., 0., 0., 0., 0., 82., 33., 62., 136.,
       0., 0., 0., 0., 136., 28., 6., 10., 1., 0., 0., 9., 31., 6., 6.,
       107., 54., 1., 1., 3., 0., 3., 72., 120., 0., 0., 0., 0., 136.,
       44., 37., 27., 0., 0., 0., 1., 136., 22., 2., 12., 7., 1., 0., 1.,
       12., 6., 3., 74., 56., 15., 6., 3., 1., 28., 78., 21., 1., 0., 0.,
       0., 1., 18., 111., 70., 5., 0., 0., 0., 5., 42., 95., 55., 9., 0.,
       0., 0., 11., 39., 54., 48., 9., 0., 0., 0., 50., 50., 50., 40.,
       35., 10., 4., 7., 45., 42., 75., 96., 111., 45., 10., 12., 111.,
       89., 52., 56., 89., 19., 10., 28., 111., 73., 22., 46., 77., 16.,
       9., 19., 27., 4., 0., 1., 13., 45., 110., 61., 22., 2., 0., 1.,
       45., 111., 111., 57., 46., 2., 0., 1., 29., 78., 111., 97., 48.,
       3., 0., 1., 24., 62., 104., 64., 10., 24., 0., 0., 0., 3., 32.,
       11., 0., 1., 3., 4., 5., 14., 34., 5., 0., 0., 14., 22., 10., 16.,
       29., 3., 0., 0., 35., 49., 7., 12., 18., 2., 0., 0., 28., 90.,
       36., 23., 18., 4., 42., 48., 106., 76., 5., 5., 47., 44., 100.,
       46., 10., 0., 0., 5., 5., 29., 4., 0., 0., 0., 15., 107., 7., 5.,
       0., 0., 3., 37., 67., 94., 56., 2., 22., 27., 92., 99., 32., 23.,
       103., 55., 107., 107., 49., 6., 0., 0., 6., 39., 28., 7., 0., 0.,
       2., 21., 8., 10., 0., 0., 1., 13., 85., 88., 6., 0., 9., 7., 29.,
       57., 78., 107., 105., 56., 107., 70., 38., 13., 0., 1., 35., 107.,
       47., 40., 3., 3., 0., 0., 1., 4., 0., 0., 0., 2., 28., 29., 2.,
       0., 0., 0., 11., 54., 82., 73., 35., 6., 49., 41., 42., 34., 4.,
       9., 23., 34., 64., 51., 11., 20., 2., 0., 0., 6., 7., 19., 30.,
       7., 0., 0., 29., 23., 9., 27., 31., 2., 0., 0., 19., 16., 9., 18.,
       25., 1., 0., 0., 7., 7., 0., 2., 16., 3., 12., 16., 2., 0., 40.,
       64., 84., 75., 77., 3., 0., 8., 46., 96., 111., 88., 43., 1., 0.,
       7., 48., 111., 111., 45., 14., 0., 0., 2., 9., 53., 111., 48.,
       15., 1., 0., 0., 59., 6., 2., 10., 111., 64., 41., 79., 64., 11.,
       8., 34., 111., 88., 62., 68., 111., 41., 12., 18., 52., 34., 66.,
       94., 34., 21., 14., 18., 63., 28., 30., 28., 3., 0., 0., 0., 4.,
       23., 53., 40., 2., 0., 0., 0., 6., 51., 107., 31., 5., 0., 0., 0.,
       4., 32., 111., 56., 1., 0., 0., 0., 6., 44., 95., 19., 2., 1., 4.,
       18., 46., 86., 68., 21., 129., 4., 3., 2., 2., 9., 29., 129.,
       111., 0., 0., 33., 68., 0., 0., 52., 0., 0., 0., 14., 29., 0., 0.,
       0., 24., 20., 96., 54., 13., 36., 20., 7., 129., 30., 8., 5., 9.,
       7., 6., 89., 71., 2., 0., 44., 128., 1., 0., 24., 0., 0., 0., 10.,
       20., 0., 0., 0., 37., 14., 23., 10., 6., 31., 127., 44., 129.,
       42., 3., 4., 11., 4., 61., 122., 42., 10., 2., 32., 120., 13., 4.,
       12., 0., 0., 0., 2., 8., 0., 0., 0., 0., 0., 0., 0., 0., 13.,
       129., 46., 10., 0., 0., 0., 20., 13., 105., 110., 2., 0., 0., 1.,
       81., 27., 9., 9., 0., 0., 0., 0., 1., 0., 0., 0., 2., 7., 50.,
       36., 12., 0., 0., 0., 11., 59., 86., 21., 6., 0., 0., 0., 3., 23.,
       103., 82., 32., 0., 0., 0., 15., 73., 88., 16., 7., 1., 0., 0.,
       7., 8., 26., 49., 120., 44., 0., 0., 120., 84., 44., 26., 65.,
       21., 0., 4., 47., 20., 19., 43., 120., 44., 8., 6., 120., 81.,
       15., 7., 19., 9., 12., 17., 7., 4., 0., 0., 113., 99., 9., 2.,
       120., 6., 0., 0., 55., 77., 37., 76., 53., 1., 0., 0., 90., 114.,
       76., 32., 47., 4., 0., 0., 4., 14., 120., 91., 9., 3., 0., 0., 8.,
       25., 14., 6., 16., 0., 0., 0., 3., 22., 54., 64., 9., 0., 0., 0.,
       1., 16., 35., 27., 3., 0., 0., 0., 0., 1., 40., 26., 1., 113.,
       61., 0., 0., 13., 13., 1., 0., 33., 75., 4., 3., 68., 40., 1., 9.,
       10., 18., 3., 2., 61., 83., 7., 2., 0., 0., 0., 0., 31., 78., 3.,
       8., 87., 128., 25., 6., 2., 2., 2., 20., 100., 142., 7., 1., 1.,
       0., 0., 142., 112., 69., 2., 1., 5., 17., 13., 40., 3., 0., 0.,
       0., 20., 50., 10., 5., 9., 29., 47., 96., 9., 4., 5., 122., 30.,
       61., 16., 5., 1., 0., 27., 142., 32., 7., 0., 0., 0., 0., 50.,
       38., 7., 0., 0., 0., 0., 0., 2., 1., 0., 0., 13., 71., 17., 17.,
       14., 102., 0., 0., 1., 7., 7., 21., 123., 142., 3., 0., 0., 0.,
       0., 0., 78., 3., 1., 0., 0., 0., 0., 0., 0., 25., 33., 7., 0., 1.,
       3., 54., 69., 55., 30., 4., 0., 0., 0., 48., 69., 154., 5., 0.,
       0., 0., 0., 2., 36., 95., 4., 0., 3., 23., 1., 0., 4., 9., 56.,
       19., 1., 28., 35., 48., 23., 75., 117., 12., 0., 0., 2., 44., 30.,
       154., 57., 0., 0., 0., 0., 3., 14., 95., 17., 1., 8., 29., 1., 0.,
       5., 4., 17., 16., 14., 30., 46., 91., 41., 44., 12., 3., 0., 1.,
       23., 99., 49., 154., 8., 0., 0., 0., 5., 10., 72., 75., 2., 0.,
       0., 34., 8., 3., 39., 4., 103., 102., 23., 5., 1., 3., 5., 35.,
       110., 57., 1., 1., 3., 2., 8., 154., 57., 4., 0., 0., 1., 0., 14.,
       76., 17., 0., 0., 35., 6., 1., 12., 1., 1., 0., 0., 34., 137., 1.,
       0., 81., 1., 0., 0., 7., 54., 4., 6., 137., 1., 0., 0., 0., 0.,
       0., 23., 22., 0., 0., 0., 0., 3., 5., 18., 15., 26., 0., 0., 15.,
       115., 3., 1., 63., 0., 0., 0., 20., 137., 12., 11., 137., 8., 1.,
       0., 0., 10., 5., 17., 37., 3., 5., 14., 1., 0., 3., 8., 63., 103.,
       0., 0., 1., 18., 3., 2., 24., 6., 0., 0., 7., 137., 36., 15.,
       137., 18., 2., 0., 0., 33., 46., 69., 22., 12., 8., 14., 2., 0.,
       48., 79., 92., 56., 0., 0., 0., 0., 4., 27., 52., 15., 0., 0., 0.,
       15., 61., 86., 6., 0., 0., 0., 0., 6., 115., 137., 2., 0., 0., 0.,
       0., 0., 61., 137., 39., 33., 19., 1., 0., 0., 1., 33., 156., 18.,
       24., 2., 0., 0., 17., 99., 47., 2., 1., 11., 13., 62., 131., 62.,
       12., 4., 1., 13., 27., 86., 37., 6., 30., 0., 0., 0., 0., 2., 11.,
       24., 156., 8., 2., 4., 1., 0., 2., 44., 121., 8., 4., 121., 55.,
       12., 13., 18., 0., 0., 0., 56., 52., 27., 10., 2., 24., 0., 0.,
       0., 0., 17., 51., 10., 156., 49., 10., 10., 0., 2., 10., 22., 58.,
       28., 18., 100., 22., 1., 5., 8., 0., 0., 0., 10., 7., 9., 20., 6.,
       3., 0., 0., 0., 0., 82., 156., 5., 71., 14., 1., 1., 0., 24.,
       156., 65., 17., 7., 2., 4., 1., 10., 59., 31., 0., 0., 0., 0., 2.,
       11., 21., 5., 138., 109., 11., 10., 6., 1., 0., 0., 23., 36., 19.,
