%YAML:1.0
---
mat: !!opencv-matrix
   rows: 105
   cols: 128
   dt: f
   data: [ 0., 0., 0., 0., 80., 21., 2., 0., 110., 25., 0., 0., 0., 0.,
       3., 1., 159., 63., 0., 0., 0., 0., 0., 0., 27., 7., 0., 0., 0.,
       0., 0., 0., 2., 0., 0., 0., 113., 37., 61., 43., 85., 6., 0., 0.,
       3., 61., 108., 30., 159., 35., 0., 0., 1., 6., 5., 9., 57., 5.,
       0., 0., 0., 0., 0., 2., 51., 51., 25., 13., 83., 19., 35., 70.,
       48., 23., 43., 74., 72., 97., 62., 33., 159., 9., 3., 10., 15.,
       13., 4., 9., 70., 1., 0., 0., 0., 1., 0., 1., 4., 44., 56., 30.,
       86., 0., 0., 0., 58., 28., 99., 65., 6., 0., 0., 3., 159., 8., 5.,
       7., 1., 0., 0., 20., 50., 0., 0., 0., 0., 0., 0., 3., 1., 102.,
       44., 0., 0., 0., 0., 1., 4., 112., 99., 0., 0., 0., 2., 7., 1.,
       109., 105., 0., 0., 1., 1., 1., 0., 40., 60., 0., 0., 0., 0., 0.,
       17., 6., 2., 0., 0., 22., 14., 14., 70., 46., 17., 3., 5., 13.,
       39., 112., 4., 61., 88., 22., 70., 50., 32., 17., 0., 91., 112.,
       5., 10., 1., 0., 0., 14., 2., 0., 0., 0., 112., 105., 6., 71.,
       58., 39., 23., 6., 55., 61., 24., 3., 10., 38., 111., 76., 36.,
       20., 3., 0., 7., 17., 12., 15., 6., 8., 0., 0., 0., 0., 0., 0.,
       58., 47., 0., 0., 1., 3., 2., 1., 109., 109., 0., 0., 0., 3., 8.,
       4., 112., 112., 0., 0., 0., 0., 1., 1., 58., 112., 0., 0., 0.,
       118., 24., 0., 0., 0., 0., 0., 1., 118., 60., 0., 1., 1., 1., 0.,
       0., 118., 113., 3., 4., 1., 0., 0., 0., 108., 104., 0., 0., 0.,
       0., 15., 6., 118., 28., 0., 0., 0., 2., 72., 23., 100., 30., 4.,
       20., 30., 59., 4., 2., 38., 50., 70., 101., 30., 11., 0., 0., 15.,
       15., 17., 9., 6., 5., 20., 10., 5., 0., 0., 0., 33., 9., 79.,
       103., 33., 15., 4., 4., 38., 37., 4., 17., 30., 67., 77., 26.,
       75., 30., 0., 0., 0., 2., 15., 5., 118., 80., 0., 0., 0., 0., 0.,
       0., 118., 30., 3., 6., 2., 1., 0., 0., 118., 65., 0., 2., 2., 2.,
       1., 1., 118., 65., 0., 0., 0., 0., 0., 0., 83., 51., 0., 0., 0.,
       0., 130., 44., 0., 0., 1., 0., 0., 0., 72., 23., 17., 5., 106.,
       19., 0., 0., 0., 4., 18., 5., 130., 29., 0., 0., 0., 0., 0., 1.,
       1., 0., 0., 1., 130., 31., 1., 1., 26., 12., 3., 3., 79., 39.,
       72., 83., 75., 7., 3., 14., 29., 83., 78., 28., 130., 13., 0., 1.,
       2., 3., 2., 4., 1., 1., 1., 15., 130., 4., 0., 0., 28., 78., 74.,
       33., 89., 5., 4., 17., 69., 28., 79., 87., 31., 17., 4., 5., 130.,
       8., 2., 3., 2., 1., 0., 4., 0., 0., 0., 27., 130., 0., 0., 0., 0.,
       4., 19., 21., 96., 0., 0., 0., 94., 5., 21., 5., 0., 0., 0., 10.,
       130., 1., 0., 0., 0., 0., 0., 20., 1., 48., 114., 0., 0., 0., 0.,
       0., 3., 91., 114., 0., 0., 0., 2., 7., 1., 89., 114., 1., 1., 1.,
       3., 2., 0., 56., 62., 0., 0., 0., 0., 0., 17., 8., 17., 0., 0.,
       3., 11., 11., 76., 38., 27., 3., 3., 11., 34., 108., 6., 44., 67.,
       25., 74., 61., 36., 22., 0., 112., 114., 6., 15., 2., 0., 0., 12.,
       1., 0., 0., 0., 60., 114., 6., 71., 56., 28., 17., 4., 46., 97.,
       23., 5., 14., 34., 109., 71., 49., 25., 3., 0., 11., 11., 13.,
       18., 10., 6., 0., 0., 0., 0., 0., 0., 35., 83., 0., 0., 1., 1.,
       1., 1., 85., 114., 1., 0., 0., 1., 5., 4., 114., 114., 0., 0., 0.,
       0., 0., 1., 110., 71., 0., 0., 0., 29., 62., 0., 0., 0., 0., 0.,
       0., 83., 123., 2., 3., 4., 1., 0., 0., 108., 123., 5., 13., 4.,
       0., 0., 0., 71., 64., 1., 1., 0., 0., 11., 6., 77., 123., 0., 0.,
       0., 1., 76., 26., 50., 82., 6., 22., 43., 56., 4., 4., 12., 33.,
       80., 123., 49., 14., 0., 0., 2., 3., 15., 16., 33., 29., 14., 15.,
       18., 61., 0., 0., 0., 2., 72., 123., 49., 11., 4., 3., 7., 41.,
       7., 22., 44., 46., 67., 20., 69., 99., 0., 0., 0., 0., 9., 6.,
       123., 123., 1., 1., 0., 1., 0., 0., 11., 73., 5., 9., 2., 0., 0.,
       0., 53., 123., 2., 2., 2., 0., 0., 0., 67., 123., 0., 0., 0., 0.,
       0., 0., 32., 48., 0., 0., 0., 35., 129., 0., 0., 0., 0., 0., 0.,
       26., 111., 6., 19., 4., 57., 0., 0., 0., 1., 6., 19., 24., 129.,
       0., 0., 0., 0., 0., 0., 56., 2., 1., 0., 22., 129., 3., 2., 3.,
       33., 17., 5., 11., 74., 26., 77., 79., 70., 4., 4., 16., 28., 85.,
       72., 42., 129., 1., 0., 0., 1., 2., 2., 43., 2., 4., 2., 16.,
       129., 1., 0., 1., 30., 87., 79., 30., 65., 3., 3., 12., 98., 29.,
       74., 74., 25., 14., 3., 5., 129., 7., 1., 1., 1., 0., 0., 7., 0.,
       0., 0., 1., 129., 13., 0., 0., 0., 6., 19., 5., 86., 6., 0., 0.,
       115., 16., 16., 3., 0., 0., 0., 0., 129., 15., 0., 0., 0., 0., 0.,
       0., 36., 8., 2., 0., 49., 95., 2., 5., 59., 60., 0., 0., 101.,
       101., 0., 0., 140., 95., 0., 0., 2., 1., 0., 0., 9., 3., 0., 0.,
       0., 1., 0., 0., 66., 0., 0., 0., 65., 25., 0., 15., 49., 18., 0.,
       1., 142., 71., 0., 2., 142., 62., 0., 1., 20., 3., 0., 6., 32.,
       4., 0., 0., 0., 0., 1., 1., 46., 0., 0., 16., 64., 2., 0., 11.,
       44., 2., 1., 54., 142., 21., 3., 14., 142., 4., 1., 3., 17., 5.,
       2., 56., 32., 0., 0., 0., 0., 0., 1., 7., 20., 0., 0., 86., 58.,
       0., 0., 4., 67., 3., 1., 130., 110., 0., 0., 42., 142., 2., 1.,
       4., 2., 0., 0., 83., 10., 0., 0., 0., 0., 0., 1., 6., 0., 0., 1.,
       5., 6., 0., 0., 0., 1., 0., 0., 91., 142., 1., 1., 2., 78., 0.,
       0., 63., 75., 3., 2., 128., 55., 0., 0., 4., 11., 0., 1., 121.,
       0., 0., 1., 8., 27., 0., 0., 0., 16., 4., 2., 76., 142., 2., 1.,
       2., 142., 10., 2., 19., 46., 2., 2., 72., 65., 0., 0., 13., 35.,
       0., 0., 28., 0., 0., 1., 2., 36., 3., 0., 0., 24., 2., 0., 11.,
       142., 43., 0., 1., 142., 43., 1., 3., 45., 12., 0., 3., 63., 14.,
       0., 22., 62., 0., 0., 1., 1., 1., 0., 0., 13., 4., 0., 0., 5., 2.,
       0., 0., 142., 84., 0., 0., 131., 97., 0., 0., 52., 39., 0., 0.,
       48., 64., 1., 10., 46., 8., 2., 0., 0., 0., 0., 10., 93., 1., 2.,
       0., 98., 0., 0., 0., 1., 0., 2., 12., 162., 0., 0., 0., 0., 0.,
       0., 41., 46., 0., 0., 0., 0., 0., 0., 6., 2., 0., 0., 1., 85.,
       18., 69., 46., 101., 0., 0., 0., 2., 50., 103., 36., 162., 3., 0.,
       0., 0., 3., 4., 22., 53., 1., 0., 0., 0., 0., 0., 1., 56., 50.,
       22., 8., 51., 17., 43., 83., 52., 25., 32., 70., 71., 92., 66.,
       30., 162., 46., 2., 8., 10., 8., 3., 9., 57., 7., 0., 0., 0., 0.,
       0., 0., 7., 50., 62., 16., 75., 9., 0., 0., 34., 38., 95., 80.,
       9., 0., 0., 0., 162., 82., 5., 8., 1., 0., 0., 0., 60., 14., 0.,
       0., 0., 0., 0., 0., 0., 0., 26., 43., 3., 1., 7., 3., 14., 46.,
       88., 32., 0., 0., 4., 3., 18., 19., 3., 0., 0., 0., 6., 9., 0.,
       0., 0., 0., 0., 0., 1., 1., 2., 2., 36., 123., 123., 48., 8., 5.,
       123., 97., 105., 75., 27., 22., 16., 68., 123., 29., 2., 0., 0.,
       0., 2., 19., 0., 0., 0., 0., 0., 0., 1., 1., 1., 0., 4., 69.,
       123., 56., 9., 4., 123., 105., 32., 46., 63., 28., 22., 84., 123.,
       43., 0., 0., 0., 0., 1., 26., 1., 0., 0., 0., 0., 0., 1., 1., 0.,
       0., 0., 25., 110., 86., 15., 3., 112., 53., 16., 32., 44., 40.,
       39., 86., 123., 51., 2., 0., 0., 0., 0., 24., 2., 1., 0., 0., 0.,
       0., 0., 0., 25., 5., 1., 21., 124., 1., 1., 10., 57., 4., 1., 6.,
       43., 14., 3., 16., 174., 0., 0., 1., 6., 1., 0., 54., 60., 0., 0.,
       0., 0., 0., 0., 12., 39., 12., 2., 10., 149., 1., 0., 5., 101.,
       8., 3., 14., 58., 5., 0., 9., 174., 0., 0., 1., 6., 1., 0., 29.,
       61., 0., 0., 0., 0., 0., 0., 7., 32., 12., 1., 3., 153., 9., 0.,
       2., 104., 12., 2., 10., 28., 12., 1., 6., 174., 16., 0., 1., 3.,
       1., 0., 8., 55., 4., 0., 0., 0., 0., 0., 2., 24., 7., 0., 1.,
       128., 22., 0., 4., 63., 17., 1., 7., 26., 10., 2., 5., 174., 66.,
       0., 1., 4., 1., 0., 0., 51., 13., 0., 0., 0., 0., 0., 0., 36.,
       13., 2., 13., 86., 0., 0., 6., 63., 7., 3., 18., 45., 4., 0., 10.,
       186., 0., 0., 1., 6., 1., 0., 53., 81., 0., 0., 0., 0., 0., 0.,
