%YAML:1.0
---
mat: !!opencv-matrix
   rows: 70
   cols: 128
   dt: f
   data: [ 10., 1., 0., 0., 137., 3., 0., 1., 137., 14., 5., 1., 65., 3.,
       15., 41., 52., 15., 10., 2., 7., 2., 36., 57., 13., 3., 8., 21.,
       137., 10., 0., 7., 16., 2., 0., 24., 137., 2., 0., 2., 137., 16.,
       4., 11., 74., 1., 5., 26., 49., 15., 58., 55., 4., 0., 17., 23.,
       8., 10., 22., 26., 137., 2., 0., 2., 7., 1., 0., 23., 137., 61.,
       41., 13., 137., 15., 6., 21., 36., 30., 78., 86., 37., 22., 44.,
       80., 22., 28., 59., 37., 26., 15., 12., 12., 116., 49., 31., 29.,
       0., 0., 1., 1., 5., 25., 40., 4., 1., 3., 5., 2., 1., 12., 78.,
       24., 1., 5., 5., 0., 2., 18., 84., 24., 1., 1., 1., 0., 4., 39.,
       49., 15., 11., 91., 82., 15., 0., 0., 4., 9., 36., 108., 54., 3.,
       0., 0., 2., 16., 18., 32., 39., 16., 1., 0., 2., 6., 0., 19., 34.,
       2., 8., 13., 3., 0., 94., 59., 40., 35., 21., 5., 2., 10., 117.,
       91., 43., 29., 17., 0., 0., 13., 69., 48., 66., 117., 74., 0., 0.,
       8., 35., 68., 88., 10., 4., 3., 14., 18., 42., 1., 0., 4., 16.,
       59., 117., 42., 117., 33., 21., 25., 14., 24., 93., 50., 90., 13.,
       21., 88., 54., 23., 42., 52., 97., 4., 4., 27., 25., 6., 24., 68.,
       8., 2., 0., 0., 0., 14., 107., 23., 6., 0., 0., 1., 1., 23., 117.,
       36., 14., 0., 0., 4., 9., 48., 117., 39., 18., 1., 3., 28., 56.,
       9., 13., 26., 7., 9., 11., 47., 38., 2., 3., 12., 12., 36., 67.,
       47., 28., 6., 14., 15., 58., 64., 26., 0., 0., 1., 12., 47., 10.,
       4., 0., 0., 0., 4., 13., 6., 13., 36., 76., 124., 31., 0., 1., 2.,
       124., 54., 40., 57., 14., 1., 10., 37., 68., 34., 35., 22., 0.,
       0., 11., 66., 28., 40., 8., 1., 0., 3., 8., 4., 75., 18., 39.,
       124., 93., 2., 0., 18., 124., 47., 47., 55., 2., 0., 0., 38., 72.,
       94., 96., 77., 0., 0., 0., 1., 44., 98., 38., 0., 0., 0., 0., 0.,
       116., 17., 29., 81., 47., 3., 1., 22., 124., 19., 27., 90., 14.,
       0., 0., 25., 116., 64., 25., 51., 7., 0., 0., 6., 26., 49., 56.,
       9., 0., 0., 0., 0., 1., 2., 6., 9., 37., 130., 62., 8., 28., 31.,
       15., 5., 6., 31., 130., 130., 49., 13., 1., 0., 0., 0., 48., 130.,
       2., 0., 0., 0., 0., 0., 59., 21., 2., 2., 1., 0., 13., 130., 70.,
       7., 15., 60., 44., 4., 16., 84., 62., 41., 113., 85., 17., 1., 2.,
       4., 19., 44., 14., 1., 0., 0., 0., 0., 60., 25., 1., 0., 0., 0.,
       8., 65., 69., 8., 23., 6., 3., 1., 130., 130., 20., 7., 130., 17.,
       1., 0., 22., 24., 1., 31., 47., 0., 0., 0., 0., 0., 23., 23., 6.,
       1., 1., 1., 13., 11., 12., 6., 9., 0., 0., 1., 130., 53., 2., 3.,
       130., 6., 0., 0., 38., 12., 0., 19., 53., 1., 0., 0., 0., 1., 5.,
       11., 0., 17., 16., 3., 0., 0., 0., 0., 0., 2., 9., 111., 44., 0.,
       0., 0., 53., 1., 4., 116., 56., 0., 0., 43., 73., 1., 0., 2., 2.,
       1., 12., 92., 0., 30., 41., 18., 4., 0., 0., 0., 9., 2., 15.,
       121., 110., 6., 0., 1., 121., 16., 7., 63., 31., 3., 1., 53., 86.,
       21., 7., 0., 0., 0., 0., 34., 0., 26., 78., 20., 6., 0., 0., 0.,
       8., 7., 86., 46., 94., 62., 4., 1., 121., 108., 15., 8., 19., 37.,
       7., 7., 41., 113., 18., 5., 0., 0., 0., 1., 0., 3., 61., 99., 35.,
       2., 0., 0., 7., 54., 121., 73., 35., 21., 3., 2., 90., 121., 80.,
       5., 6., 7., 2., 4., 54., 66., 13., 27., 9., 0., 0., 0., 34., 34.,
       6., 22., 112., 1., 0., 0., 124., 42., 10., 13., 56., 1., 0., 0.,
       69., 20., 17., 32., 119., 2., 0., 2., 124., 26., 6., 2., 6., 0.,
       0., 8., 75., 8., 0., 11., 124., 14., 1., 24., 124., 8., 1., 8.,
       81., 6., 0., 2., 118., 4., 0., 15., 124., 1., 0., 2., 124., 18.,
       17., 6., 8., 0., 0., 4., 15., 0., 0., 0., 72., 99., 20., 38.,
       124., 11., 1., 2., 40., 61., 55., 46., 70., 7., 1., 10., 110.,
       52., 42., 30., 93., 14., 19., 14., 11., 13., 29., 35., 3., 0., 0.,
       0., 1., 27., 17., 6., 5., 0., 0., 0., 1., 22., 76., 29., 5., 0.,
       0., 0., 2., 28., 89., 29., 5., 0., 0., 0., 1., 7., 60., 37., 9.,
       12., 10., 2., 0., 0., 2., 8., 10., 30., 21., 9., 1., 0., 0., 0.,
       8., 36., 82., 26., 3., 0., 0., 0., 11., 67., 68., 15., 1., 0., 0.,
       0., 7., 18., 123., 84., 16., 5., 0., 0., 100., 114., 110., 41.,
       32., 10., 0., 2., 21., 42., 108., 67., 110., 58., 12., 24., 75.,
       80., 72., 21., 1., 2., 33., 65., 34., 12., 60., 47., 51., 123.,
       43., 24., 123., 35., 25., 7., 10., 33., 33., 106., 45., 3., 1.,
       1., 40., 113., 62., 70., 34., 3., 0., 0., 0., 5., 60., 123., 22.,
       4., 0., 0., 0., 66., 55., 20., 42., 3., 0., 0., 0., 11., 47., 83.,
       28., 8., 0., 0., 0., 2., 7., 10., 26., 14., 0., 0., 0., 0., 2.,
       8., 0., 0., 0., 0., 44., 65., 25., 1., 28., 2., 5., 8., 74., 116.,
       116., 64., 113., 16., 10., 4., 1., 2., 38., 116., 9., 1., 0., 1.,
       20., 23., 15., 14., 0., 0., 0., 8., 21., 22., 32., 4., 8., 13.,
       48., 116., 87., 62., 61., 11., 116., 98., 64., 44., 5., 7., 21.,
       39., 43., 5., 0., 0., 23., 20., 11., 15., 0., 0., 0., 2., 15.,
       27., 32., 4., 6., 3., 9., 44., 75., 116., 116., 12., 116., 27.,
       21., 15., 5., 33., 116., 116., 42., 4., 0., 0., 6., 12., 15., 38.,
       0., 0., 0., 0., 3., 9., 35., 6., 1., 1., 14., 45., 83., 72., 19.,
       2., 103., 43., 38., 26., 22., 24., 15., 45., 50., 6., 0., 0., 4.,
       8., 15., 36., 11., 6., 3., 1., 0., 1., 46., 66., 13., 17., 38.,
       11., 0., 0., 4., 31., 6., 32., 70., 30., 7., 1., 0., 2., 7., 33.,
       115., 34., 7., 1., 0., 3., 5., 37., 70., 31., 10., 3., 0., 1.,
       13., 31., 115., 115., 45., 37., 7., 4., 115., 109., 104., 42.,
       25., 32., 13., 19., 25., 12., 36., 21., 25., 49., 50., 92., 70.,
       115., 115., 32., 8., 8., 10., 39., 74., 44., 11., 24., 38., 115.,
       99., 39., 115., 16., 5., 3., 2., 30., 82., 115., 40., 8., 0., 0.,
       0., 10., 29., 44., 45., 11., 4., 3., 1., 4., 55., 115., 68., 12.,
       0., 0., 0., 4., 20., 46., 20., 15., 0., 0., 0., 1., 15., 21., 19.,
       18., 0., 0., 0., 0., 0., 1., 2., 32., 40., 104., 14., 0., 0., 0.,
       14., 29., 109., 100., 17., 6., 1., 0., 14., 74., 113., 47., 23.,
       15., 6., 8., 8., 37., 55., 94., 45., 19., 2., 5., 53., 59., 17.,
       81., 113., 28., 1., 2., 113., 52., 20., 42., 58., 39., 16., 22.,
       53., 19., 7., 7., 21., 68., 113., 65., 11., 9., 6., 13., 60.,
       113., 44., 38., 104., 8., 0., 1., 41., 104., 34., 33., 113., 10.,
       0., 0., 17., 99., 92., 66., 67., 12., 0., 2., 5., 10., 43., 30.,
       1., 0., 0., 5., 40., 57., 27., 5., 21., 0., 2., 3., 2., 25., 57.,
       57., 5., 1., 4., 3., 1., 34., 80., 22., 5., 1., 0., 0., 1., 5.,
       33., 19., 0., 0., 0., 0., 5., 24., 14., 1., 0., 2., 18., 22., 33.,
       3., 0., 0., 9., 25., 44., 114., 125., 38., 7., 0., 73., 58., 28.,
       13., 6., 43., 88., 26., 54., 23., 1., 0., 0., 12., 44., 25., 0.,
       1., 17., 29., 65., 1., 0., 0., 57., 30., 13., 95., 147., 18., 4.,
       8., 147., 81., 9., 12., 27., 8., 11., 25., 34., 5., 6., 1., 0.,
       12., 31., 12., 0., 2., 16., 25., 52., 6., 0., 0., 28., 18., 14.,
       64., 147., 110., 41., 39., 147., 57., 8., 4., 9., 17., 31., 109.,
       21., 15., 25., 1., 0., 0., 0., 1., 0., 1., 19., 21., 32., 6., 0.,
       0., 18., 28., 18., 64., 101., 70., 26., 24., 82., 88., 16., 4.,
       2., 6., 13., 55., 10., 22., 25., 1., 0., 0., 0., 1., 12., 23.,
       58., 2., 0., 0., 1., 7., 12., 46., 36., 6., 1., 0., 1., 4., 6.,
       20., 91., 22., 1., 0., 1., 3., 8., 49., 64., 3., 0., 0., 0., 1.,
       9., 51., 120., 43., 18., 4., 13., 11., 114., 120., 81., 15., 19.,
       10., 6., 16., 24., 25., 116., 82., 94., 79., 12., 12., 116., 82.,
       80., 11., 11., 14., 10., 54., 8., 8., 15., 9., 23., 34., 120.,
       87., 120., 22., 3., 0., 4., 11., 90., 120., 32., 1., 0., 1., 28.,
       120., 85., 49., 56., 1., 0., 0., 3., 25., 64., 120., 14., 1., 0.,
       0., 0., 4., 47., 34., 28., 1., 0., 0., 0., 0., 22., 42., 26., 2.,
