%YAML:1.0
---
mat: !!opencv-matrix
   rows: 47
   cols: 128
   dt: f
   data: [ 0., 1., 30., 62., 43., 2., 0., 0., 7., 36., 126., 43., 15.,
       1., 0., 0., 3., 21., 89., 30., 13., 2., 0., 0., 4., 20., 17., 4.,
       11., 16., 1., 0., 1., 2., 9., 30., 131., 23., 0., 0., 131., 45.,
       44., 26., 114., 20., 5., 22., 53., 35., 50., 22., 34., 102., 24.,
       21., 64., 41., 15., 2., 3., 7., 10., 16., 2., 1., 0., 21., 131.,
       2., 0., 0., 131., 43., 16., 14., 131., 6., 2., 10., 62., 36., 48.,
       19., 12., 43., 20., 16., 22., 7., 42., 43., 47., 10., 13., 14.,
       3., 0., 0., 8., 131., 1., 0., 1., 131., 4., 3., 4., 106., 8., 17.,
       42., 48., 8., 8., 7., 7., 17., 50., 48., 12., 3., 7., 19., 131.,
       17., 2., 9., 10., 83., 97., 27., 2., 0., 1., 2., 25., 110., 88.,
       6., 0., 0., 2., 5., 17., 58., 40., 11., 0., 0., 2., 4., 4., 43.,
       22., 1., 0., 7., 9., 3., 75., 34., 24., 41., 35., 9., 3., 11.,
       113., 76., 41., 36., 19., 0., 0., 15., 76., 58., 65., 113., 58.,
       0., 0., 8., 40., 113., 59., 11., 3., 0., 6., 19., 22., 1., 0., 7.,
       24., 94., 107., 19., 108., 40., 26., 23., 15., 42., 96., 24., 96.,
       18., 35., 99., 36., 24., 31., 43., 113., 11., 7., 17., 10., 2.,
       18., 84., 3., 6., 1., 0., 0., 30., 70., 3., 3., 2., 1., 1., 0.,
       46., 113., 8., 24., 1., 1., 3., 5., 57., 113., 43., 34., 4., 9.,
       20., 24., 7., 11., 31., 1., 12., 78., 29., 5., 0., 0., 0., 5.,
       35., 93., 15., 3., 0., 0., 0., 1., 31., 77., 12., 3., 1., 0., 0.,
       2., 22., 9., 5., 2., 3., 0., 0., 15., 15., 32., 26., 87., 33.,
       20., 19., 121., 44., 38., 16., 60., 16., 0., 17., 49., 75., 59.,
       29., 112., 19., 0., 5., 73., 80., 10., 48., 19., 0., 0., 0., 13.,
       0., 0., 1., 121., 26., 16., 6., 121., 2., 0., 0., 106., 9., 0.,
       7., 107., 6., 0., 1., 121., 19., 0., 6., 121., 11., 1., 21., 80.,
       15., 1., 6., 7., 0., 0., 5., 121., 30., 12., 3., 119., 5., 0., 1.,
       59., 21., 25., 36., 66., 2., 0., 0., 121., 58., 14., 15., 109.,
       4., 0., 0., 28., 40., 8., 19., 42., 42., 6., 20., 100., 0., 0.,
       0., 120., 46., 13., 18., 76., 0., 0., 2., 61., 20., 25., 41.,
       112., 1., 0., 2., 120., 34., 17., 6., 10., 0., 0., 11., 77., 9.,
       1., 13., 120., 11., 1., 33., 120., 6., 0., 12., 106., 5., 1., 5.,
       110., 3., 0., 21., 120., 0., 0., 3., 120., 13., 12., 5., 16., 0.,
       0., 9., 11., 0., 0., 1., 75., 78., 12., 44., 112., 12., 0., 6.,
       49., 73., 58., 31., 66., 12., 0., 25., 120., 42., 33., 16., 100.,
       29., 26., 19., 14., 13., 24., 22., 2., 3., 0., 0., 2., 22., 9.,
       3., 2., 1., 0., 0., 1., 32., 74., 10., 3., 0., 0., 0., 7., 44.,
       95., 14., 6., 1., 0., 1., 2., 17., 82., 27., 7., 64., 47., 5., 3.,
       1., 0., 0., 4., 12., 13., 39., 4., 2., 0., 0., 1., 6., 66., 37.,
       1., 0., 0., 0., 0., 15., 59., 9., 1., 0., 0., 0., 121., 101., 22.,
       14., 55., 5., 0., 2., 52., 36., 24., 124., 72., 0., 0., 0., 115.,
       42., 64., 74., 30., 5., 0., 9., 22., 46., 53., 32., 80., 23., 4.,
       8., 124., 6., 0., 2., 96., 9., 1., 12., 87., 6., 1., 44., 124.,
       58., 2., 8., 124., 10., 1., 12., 39., 25., 8., 40., 30., 4., 1.,
       2., 40., 76., 77., 28., 115., 3., 0., 0., 43., 35., 24., 32., 60.,
       1., 0., 0., 57., 124., 19., 19., 124., 10., 1., 0., 9., 56., 38.,
       41., 23., 9., 3., 9., 4., 7., 18., 8., 7., 1., 0., 0., 41., 32.,
       8., 3., 20., 2., 9., 10., 66., 80., 117., 62., 117., 27., 16., 4.,
       0., 1., 32., 107., 28., 4., 0., 3., 30., 14., 1., 7., 9., 0., 0.,
       8., 15., 10., 7., 27., 7., 12., 60., 117., 74., 46., 47., 12.,
       117., 109., 76., 43., 5., 6., 19., 34., 71., 9., 0., 1., 32., 19.,
       4., 15., 5., 0., 0., 2., 12., 20., 14., 36., 5., 2., 13., 40.,
       64., 117., 117., 15., 117., 30., 26., 12., 4., 25., 117., 117.,
       65., 6., 0., 1., 7., 11., 5., 47., 3., 0., 0., 1., 4., 6., 10.,
       22., 2., 3., 24., 54., 95., 41., 12., 4., 117., 64., 55., 27.,
       25., 13., 11., 20., 83., 11., 0., 0., 12., 5., 3., 30., 2., 2.,
       13., 4., 0., 3., 66., 37., 6., 14., 64., 14., 0., 0., 18., 37.,
       3., 34., 84., 25., 4., 0., 2., 4., 2., 15., 116., 45., 5., 0., 1.,
       2., 3., 46., 109., 47., 16., 5., 0., 0., 14., 31., 116., 116.,
       59., 43., 5., 5., 116., 116., 116., 42., 35., 23., 6., 17., 12.,
       8., 68., 51., 57., 53., 53., 42., 97., 116., 68., 13., 10., 11.,
       27., 51., 54., 25., 9., 18., 47., 116., 78., 37., 116., 20., 6.,
       2., 4., 35., 68., 116., 17., 9., 4., 0., 4., 29., 57., 41., 27.,
       3., 2., 1., 0., 0., 66., 86., 20., 15., 13., 1., 0., 8., 16., 17.,
       10., 31., 14., 0., 0., 2., 12., 17., 13., 21., 7., 0., 0., 0., 0.,
       2., 9., 0., 0., 2., 18., 23., 6., 4., 15., 23., 20., 41., 84.,
       56., 15., 10., 128., 79., 16., 7., 5., 6., 5., 24., 21., 3., 0.,
       0., 0., 0., 3., 12., 12., 1., 1., 3., 24., 9., 2., 6., 21., 26.,
       20., 97., 146., 46., 4., 5., 146., 121., 21., 28., 23., 7., 4.,
       22., 45., 6., 0., 0., 0., 0., 5., 37., 17., 3., 41., 29., 29., 4.,
       2., 5., 29., 7., 37., 40., 146., 72., 12., 16., 146., 26., 3., 6.,
       40., 26., 15., 77., 81., 2., 0., 0., 0., 0., 2., 46., 12., 7.,
       25., 30., 73., 38., 0., 2., 7., 24., 104., 57., 47., 51., 29.,
       23., 146., 76., 23., 2., 3., 9., 23., 95., 78., 8., 0., 0., 0.,
       0., 0., 29., 0., 0., 1., 32., 64., 4., 0., 0., 3., 7., 21., 98.,
       146., 68., 15., 1., 44., 47., 35., 28., 11., 32., 106., 49., 78.,
       42., 1., 2., 9., 5., 27., 31., 0., 0., 4., 52., 68., 1., 0., 0.,
       38., 22., 15., 98., 146., 22., 3., 7., 146., 60., 13., 20., 32.,
       8., 40., 43., 32., 3., 2., 5., 15., 4., 49., 33., 0., 0., 7., 35.,
       47., 5., 0., 0., 24., 7., 4., 30., 146., 109., 21., 31., 146.,
       38., 4., 5., 19., 24., 20., 107., 22., 7., 3., 7., 13., 1., 1.,
       4., 0., 0., 3., 11., 24., 4., 0., 0., 8., 8., 5., 30., 127., 79.,
       17., 10., 89., 55., 14., 8., 10., 17., 17., 43., 15., 17., 4., 5.,
       12., 0., 0., 2., 73., 117., 15., 19., 43., 37., 0., 1., 46., 117.,
       20., 20., 24., 7., 6., 7., 55., 53., 21., 6., 7., 4., 10., 22.,
       9., 16., 22., 0., 0., 0., 0., 0., 25., 68., 1., 1., 71., 117., 7.,
       7., 117., 117., 6., 2., 15., 29., 12., 32., 50., 22., 40., 8., 4.,
       6., 19., 31., 4., 19., 25., 9., 12., 4., 10., 13., 7., 0., 0., 4.,
       80., 97., 59., 25., 98., 8., 10., 29., 63., 36., 64., 117., 53.,
       93., 117., 77., 61., 10., 4., 20., 37., 90., 25., 71., 30., 1.,
       2., 12., 1., 0., 0., 0., 1., 18., 42., 7., 0., 0., 0., 4., 68.,
       54., 32., 17., 44., 9., 5., 14., 73., 93., 43., 59., 39., 9., 4.,
       89., 58., 10., 14., 35., 0., 0., 1., 8., 30., 9., 5., 3., 4., 3.,
       5., 79., 143., 26., 3., 4., 143., 32., 11., 37., 54., 15., 6.,
       69., 77., 1., 0., 0., 0., 0., 0., 20., 3., 5., 11., 17., 42., 5.,
       0., 1., 11., 12., 12., 130., 143., 63., 15., 10., 143., 68., 16.,
       37., 38., 21., 21., 98., 71., 5., 0., 0., 0., 0., 0., 13., 23.,
       3., 1., 1., 16., 13., 2., 9., 6., 2., 1., 14., 100., 143., 143.,
       26., 96., 9., 1., 4., 9., 34., 143., 143., 19., 1., 0., 0., 0.,
       0., 2., 23., 18., 0., 0., 0., 0., 0., 1., 23., 10., 2., 0., 0.,
       0., 6., 27., 14., 6., 1., 0., 0., 0., 1., 30., 23., 0., 0., 0.,
       0., 0., 0., 1., 2., 0., 34., 91., 1., 0., 0., 0., 0., 0., 20.,
       79., 2., 0., 0., 0., 0., 2., 22., 20., 0., 0., 0., 0., 0., 1., 1.,
       0., 0., 0., 0., 0., 0., 7., 77., 138., 28., 13., 53., 68., 15.,
       21., 109., 138., 53., 17., 43., 42., 22., 138., 138., 95., 7., 2.,
       4., 9., 35., 32., 21., 4., 0., 0., 0., 0., 1., 2., 2., 1., 1., 3.,
       85., 138., 17., 14., 9., 9., 10., 12., 138., 138., 56., 138., 25.,
       5., 2., 1., 15., 98., 138., 27., 13., 10., 2., 0., 0., 0., 6., 5.,
       3., 0., 0., 2., 9., 23., 7., 0., 1., 5., 6., 12., 17., 36., 4.,
