%YAML:1.0
---
mat: !!opencv-matrix
   rows: 114
   cols: 128
   dt: f
   data: [ 0., 0., 10., 5., 0., 0., 22., 24., 1., 1., 14., 17., 0., 2.,
       32., 21., 0., 0., 29., 46., 3., 15., 34., 8., 0., 0., 38., 42.,
       2., 12., 9., 1., 30., 12., 69., 29., 0., 0., 4., 7., 122., 12.,
       16., 10., 5., 11., 86., 104., 8., 0., 3., 15., 76., 120., 128.,
       25., 0., 0., 2., 9., 43., 75., 24., 2., 60., 6., 8., 3., 0., 3.,
       11., 27., 128., 34., 0., 3., 16., 7., 10., 60., 42., 8., 0., 15.,
       128., 122., 16., 13., 8., 1., 0., 7., 102., 45., 1., 4., 21., 5.,
       2., 1., 8., 69., 35., 34., 128., 108., 7., 0., 2., 5., 5., 53.,
       52., 56., 4., 2., 88., 128., 11., 10., 6., 1., 0., 0., 119., 99.,
       1., 1., 0., 0., 0., 0., 0., 0., 0., 0., 26., 6., 0., 0., 0., 0.,
       0., 2., 56., 13., 1., 3., 1., 0., 0., 0., 5., 3., 15., 5., 1., 0.,
       0., 4., 0., 0., 0., 0., 0., 0., 45., 47., 131., 11., 0., 0., 0.,
       1., 88., 107., 141., 30., 1., 3., 6., 17., 14., 29., 48., 3., 6.,
       5., 8., 31., 7., 17., 2., 1., 0., 0., 0., 0., 141., 141., 23., 2.,
       0., 0., 43., 70., 141., 141., 141., 50., 0., 1., 48., 63., 44.,
       26., 55., 20., 1., 0., 27., 42., 4., 5., 12., 17., 16., 0., 0.,
       0., 23., 68., 30., 26., 14., 1., 96., 56., 24., 57., 76., 74., 3.,
       2., 141., 69., 1., 1., 45., 58., 3., 9., 42., 5., 0., 0., 85.,
       19., 0., 0., 0., 0., 0., 0., 135., 53., 2., 20., 56., 6., 0., 0.,
       7., 9., 59., 76., 134., 18., 4., 1., 3., 14., 69., 25., 17., 2.,
       5., 13., 86., 13., 0., 0., 1., 0., 0., 5., 135., 40., 6., 2., 49.,
       27., 0., 16., 20., 5., 16., 10., 135., 135., 68., 7., 3., 3., 20.,
       5., 3., 9., 113., 90., 61., 22., 2., 0., 3., 1., 0., 6., 129.,
       113., 135., 7., 3., 5., 0., 11., 6., 14., 135., 43., 11., 34.,
       26., 2., 0., 2., 135., 32., 0., 2., 33., 15., 9., 12., 1., 0., 6.,
       1., 0., 0., 5., 33., 35., 0., 0., 0., 0., 0., 2., 13., 55., 3.,
       0., 0., 0., 0., 1., 3., 30., 3., 0., 0., 0., 0., 1., 0., 4., 0.,
       0., 0., 9., 12., 2., 0., 3., 0., 0., 8., 59., 23., 0., 0., 2., 0.,
       0., 10., 78., 7., 0., 0., 1., 0., 0., 0., 71., 8., 33., 0., 0.,
       0., 0., 0., 6., 33., 139., 4., 4., 5., 0., 17., 118., 121., 7.,
       2., 46., 19., 0., 32., 141., 23., 1., 16., 40., 3., 0., 0., 141.,
       29., 62., 0., 0., 0., 0., 0., 2., 14., 141., 23., 14., 40., 29.,
       2., 6., 17., 14., 10., 141., 124., 57., 5., 25., 4., 51., 88.,
       138., 11., 4., 1., 18., 11., 46., 2., 0., 0., 0., 0., 1., 3.,
       141., 15., 0., 4., 50., 18., 0., 4., 14., 3., 5., 13., 117., 71.,
       2., 5., 82., 27., 20., 3., 5., 7., 2., 22., 12., 0., 0., 1., 6.,
       0., 1., 11., 8., 0., 0., 0., 0., 1., 37., 33., 6., 0., 0., 0., 0.,
       7., 50., 7., 1., 0., 0., 0., 0., 3., 18., 4., 63., 6., 0., 1., 4.,
       0., 1., 19., 136., 11., 0., 4., 3., 10., 131., 113., 7., 2., 21.,
       32., 12., 69., 136., 13., 0., 12., 24., 3., 2., 52., 136., 1.,
       85., 5., 0., 0., 1., 0., 0., 14., 136., 15., 1., 25., 44., 5., 7.,
       43., 23., 9., 65., 135., 136., 23., 23., 5., 2., 80., 106., 15.,
       6., 14., 32., 3., 89., 0., 0., 0., 0., 0., 0., 14., 136., 1., 1.,
       12., 38., 21., 2., 50., 10., 5., 17., 29., 95., 93., 71., 7., 3.,
       11., 13., 9., 30., 34., 81., 10., 121., 13., 0., 2., 4., 0., 1.,
       16., 62., 9., 0., 35., 121., 10., 2., 12., 115., 1., 0., 6., 58.,
       6., 3., 58., 44., 5., 0., 14., 97., 11., 3., 16., 119., 6., 6.,
       9., 8., 0., 0., 71., 66., 8., 7., 70., 121., 1., 0., 13., 121.,
       11., 1., 16., 76., 6., 2., 59., 63., 6., 0., 24., 121., 6., 1.,
       14., 33., 40., 115., 23., 1., 0., 0., 21., 67., 11., 71., 97.,
       34., 0., 0., 5., 121., 18., 4., 37., 66., 0., 0., 9., 48., 20.,
       8., 50., 121., 4., 0., 7., 0., 7., 39., 3., 0., 6., 32., 0., 57.,
       26., 24., 4., 0., 2., 19., 11., 83., 48., 29., 61., 23., 1., 1.,
       6., 3., 23., 21., 73., 38., 7., 8., 0., 6., 56., 100., 0., 0., 0.,
       0., 1., 7., 49., 127., 0., 0., 1., 12., 16., 0., 21., 127., 0.,
       0., 9., 21., 3., 0., 5., 127., 2., 0., 2., 11., 0., 75., 16., 4.,
       0., 0., 0., 0., 11., 127., 14., 6., 0., 1., 17., 67., 127., 10.,
       4., 14., 3., 4., 120., 127., 27., 0., 2., 16., 1., 0., 18., 127.,
       17., 105., 5., 0., 0., 0., 0., 0., 4., 127., 78., 18., 4., 1., 5.,
       8., 35., 21., 35., 88., 24., 9., 37., 60., 13., 7., 34., 87., 7.,
       6., 10., 75., 15., 78., 9., 0., 0., 0., 0., 0., 1., 127., 51.,
       15., 0., 0., 0., 8., 35., 14., 25., 57., 16., 21., 16., 48., 15.,
       45., 27., 28., 25., 49., 14., 5., 3., 17., 0., 0., 0., 0., 0.,
       16., 37., 26., 19., 1., 3., 16., 25., 61., 36., 23., 76., 56.,
       13., 6., 13., 24., 24., 21., 16., 46., 60., 16., 9., 8., 13.,
       124., 4., 0., 1., 3., 1., 3., 27., 75., 4., 2., 34., 108., 43.,
       28., 30., 96., 11., 5., 9., 46., 33., 43., 68., 25., 18., 4., 12.,
       82., 49., 33., 13., 124., 33., 6., 0., 1., 2., 2., 9., 90., 28.,
       72., 13., 28., 75., 92., 29., 35., 7., 124., 9., 14., 44., 94.,
       99., 5., 3., 101., 10., 24., 73., 106., 24., 30., 57., 32., 1.,
       0., 0., 0., 0., 15., 40., 124., 31., 0., 1., 3., 1., 1., 3., 124.,
       15., 0., 1., 2., 2., 0., 4., 124., 10., 0., 1., 2., 1., 7., 3.,
       32., 53., 9., 26., 19., 15., 77., 36., 21., 16., 3., 2., 58., 67.,
       71., 25., 3., 1., 110., 82., 5., 30., 3., 1., 0., 0., 97., 51.,
       0., 0., 26., 31., 11., 32., 73., 46., 11., 15., 43., 68., 100.,
       32., 2., 3., 41., 46., 84., 109., 36., 8., 110., 60., 5., 24., 3.,
       1., 0., 0., 110., 101., 0., 1., 36., 28., 24., 61., 18., 1., 9.,
       21., 31., 30., 55., 19., 2., 10., 110., 51., 97., 28., 100., 50.,
       32., 19., 28., 60., 5., 2., 30., 78., 110., 62., 0., 1., 20., 39.,
       13., 2., 0., 0., 0., 1., 9., 37., 110., 23., 0., 1., 8., 4., 1.,
       2., 110., 57., 2., 0., 2., 1., 0., 0., 27., 51., 15., 2., 0., 0.,
       32., 15., 0., 7., 19., 23., 36., 23., 37., 58., 60., 24., 5., 8.,
       18., 23., 23., 8., 42., 76., 13., 1., 5., 36., 24., 18., 11., 25.,
       35., 6., 3., 27., 16., 2., 1., 15., 38., 45., 57., 68., 24., 12.,
       17., 14., 97., 66., 36., 41., 112., 17., 9., 24., 62., 8., 11.,
       39., 11., 26., 30., 59., 100., 2., 1., 4., 3., 88., 112., 2., 5.,
       30., 48., 25., 4., 58., 112., 7., 41., 108., 80., 23., 29., 14.,
       31., 81., 101., 23., 79., 49., 1., 0., 6., 81., 96., 1., 0., 0.,
       0., 51., 109., 0., 0., 6., 9., 0., 0., 105., 112., 2., 0., 3., 7.,
       1., 0., 39., 112., 104., 25., 2., 4., 1., 0., 2., 18., 50., 15.,
       0., 0., 0., 4., 27., 16., 11., 13., 31., 33., 5., 1., 8., 16.,
       29., 23., 70., 83., 2., 0., 0., 1., 1., 9., 92., 79., 0., 0., 0.,
       0., 3., 17., 44., 12., 0., 9., 35., 19., 11., 59., 76., 6., 1.,
       11., 46., 111., 10., 12., 28., 51., 8., 77., 46., 30., 13., 23.,
       97., 92., 23., 3., 0., 0., 38., 111., 111., 26., 2., 20., 23.,
       45., 61., 50., 12., 7., 10., 39., 43., 19., 9., 14., 19., 103.,
       65., 78., 18., 4., 82., 108., 8., 44., 104., 6., 0., 0., 111.,
       111., 3., 0., 3., 36., 28., 22., 7., 0., 14., 27., 26., 68., 65.,
       11., 6., 5., 16., 34., 54., 38., 14., 3., 111., 111., 2., 6., 24.,
       9., 0., 0., 57., 76., 0., 0., 9., 20., 0., 1., 0., 0., 1., 20.,
       58., 22., 1., 5., 1., 0., 34., 118., 83., 1., 2., 7., 1., 0., 61.,
       118., 2., 0., 2., 7., 0., 0., 35., 118., 0., 118., 2., 0., 0., 1.,
       0., 4., 66., 110., 23., 79., 57., 29., 13., 47., 62., 37., 114.,
       84., 32., 6., 30., 118., 6., 7., 36., 62., 45., 7., 39., 118., 2.,
       118., 3., 0., 1., 4., 17., 33., 42., 80., 10., 10., 32., 118.,
       31., 6., 18., 86., 67., 32., 37., 30., 17., 22., 12., 40., 37.,
       44., 66., 25., 4., 1., 12., 36., 6., 4., 19., 32., 34., 22., 20.,
       29., 3., 2., 34., 31., 7., 23., 64., 7., 5., 13., 27., 26., 46.,
