%YAML:1.0
---
mat: !!opencv-matrix
   rows: 112
   cols: 128
   dt: f
   data: [ 3., 14., 14., 0., 0., 0., 0., 1., 13., 83., 72., 0., 0., 1.,
       12., 24., 2., 75., 100., 0., 0., 6., 18., 11., 1., 45., 101., 0.,
       0., 1., 10., 7., 38., 4., 1., 0., 0., 0., 0., 6., 118., 28., 6.,
       3., 6., 20., 54., 118., 36., 20., 11., 14., 39., 107., 90., 96.,
       30., 15., 11., 7., 17., 58., 97., 94., 43., 8., 0., 0., 0., 0.,
       0., 2., 118., 118., 41., 17., 5., 6., 12., 41., 48., 95., 83.,
       72., 32., 32., 23., 32., 45., 86., 65., 51., 27., 23., 17., 31.,
       39., 1., 0., 0., 0., 0., 0., 5., 118., 10., 3., 1., 4., 13., 25.,
       94., 42., 10., 7., 4., 33., 75., 52., 69., 30., 10., 8., 5., 56.,
       41., 32., 61., 12., 3., 65., 55., 0., 2., 17., 23., 82., 20., 23.,
       19., 4., 14., 57., 86., 72., 82., 58., 33., 38., 36., 44., 49.,
       17., 32., 69., 100., 59., 22., 6., 5., 108., 99., 27., 10., 6.,
       17., 41., 69., 61., 72., 85., 60., 56., 47., 52., 32., 60., 40.,
       92., 62., 42., 40., 40., 37., 13., 11., 24., 29., 13., 102., 26.,
       8., 31., 108., 43., 6., 2., 1., 0., 1., 94., 108., 62., 46., 22.,
       10., 48., 58., 98., 69., 6., 3., 6., 62., 69., 44., 17., 28., 0.,
       0., 7., 66., 9., 5., 6., 19., 1., 0., 0., 0., 0., 0., 65., 108.,
       1., 0., 0., 3., 2., 6., 14., 44., 0., 0., 2., 21., 4., 2., 0., 1.,
       0., 0., 0., 0., 0., 0., 24., 25., 36., 56., 66., 63., 59., 33.,
       15., 6., 10., 20., 68., 52., 27., 60., 11., 7., 19., 12., 0., 0.,
       35., 87., 0., 0., 1., 2., 0., 0., 0., 0., 68., 78., 80., 52., 24.,
       18., 26., 38., 32., 38., 51., 62., 101., 66., 39., 36., 62., 51.,
       106., 43., 7., 3., 16., 67., 2., 1., 13., 15., 0., 0., 7., 17.,
       62., 80., 59., 14., 36., 11., 2., 20., 48., 33., 59., 81., 74.,
       71., 51., 50., 66., 65., 106., 88., 40., 36., 10., 22., 3., 6.,
       98., 106., 0., 0., 2., 7., 23., 36., 22., 7., 82., 18., 0., 5.,
       23., 48., 106., 106., 23., 7., 5., 12., 0., 2., 51., 106., 20.,
       3., 0., 0., 0., 0., 19., 23., 0., 0., 0., 0., 1., 0., 0., 0., 0.,
       0., 5., 18., 47., 7., 2., 1., 0., 1., 31., 109., 27., 11., 6.,
       17., 43., 71., 106., 95., 62., 60., 0., 1., 15., 21., 12., 2., 1.,
       0., 0., 2., 2., 5., 60., 109., 66., 48., 24., 10., 46., 56., 90.,
       109., 86., 60., 56., 47., 52., 32., 62., 72., 22., 20., 5., 14.,
       56., 87., 85., 21., 0., 0., 2., 20., 4., 2., 13., 50., 6., 3., 5.,
       61., 69., 44., 95., 73., 89., 62., 41., 40., 41., 37., 62., 38.,
       64., 37., 40., 36., 41., 44., 69., 83., 0., 0., 0., 0., 0., 0.,
       0., 1., 0., 0., 5., 62., 8., 4., 15., 30., 20., 26., 10., 106.,
       28., 8., 13., 11., 66., 102., 57., 21., 5., 4., 17., 29., 2., 4.,
       89., 6., 0., 0., 2., 4., 4., 5., 81., 6., 0., 1., 6., 6., 8., 2.,
       45., 8., 0., 4., 33., 42., 25., 2., 13., 5., 0., 13., 35., 41.,
       55., 8., 16., 0., 0., 7., 49., 107., 33., 3., 6., 0., 12., 110.,
       92., 44., 110., 29., 5., 2., 8., 41., 60., 110., 43., 28., 6.,
       11., 64., 110., 53., 23., 110., 109., 9., 1., 1., 5., 10., 37.,
       39., 43., 38., 64., 94., 97., 20., 15., 87., 110., 77., 30., 36.,
       21., 3., 5., 10., 35., 93., 69., 57., 18., 8., 8., 45., 104., 23.,
       1., 0., 0., 0., 2., 15., 43., 82., 69., 10., 3., 30., 33., 22.,
       22., 26., 27., 6., 23., 52., 21., 56., 9., 17., 3., 5., 21., 32.,
       68., 21., 7., 2., 3., 42., 35., 36., 51., 4., 12., 31., 27., 28.,
       97., 47., 15., 14., 60., 24., 22., 17., 28., 29., 9., 7., 42.,
       74., 53., 22., 16., 16., 2., 111., 57., 22., 36., 41., 10., 14.,
       49., 36., 20., 22., 111., 111., 80., 24., 23., 75., 9., 2., 18.,
       39., 45., 85., 105., 2., 2., 6., 23., 111., 102., 51., 12., 17.,
       76., 72., 24., 1., 12., 8., 0., 34., 43., 72., 111., 18., 7., 2.,
       1., 111., 111., 73., 48., 18., 4., 2., 18., 3., 7., 35., 111.,
       111., 8., 1., 2., 0., 0., 3., 1., 0., 55., 37., 0., 1., 6., 5.,
       4., 2., 67., 25., 0., 2., 31., 62., 19., 3., 44., 11., 0., 0., 1.,
       31., 53., 20., 17., 3., 0., 52., 1., 1., 8., 3., 0., 0., 51., 23.,
       0., 0., 115., 68., 0., 0., 26., 60., 8., 2., 70., 42., 1., 10.,
       53., 54., 23., 27., 18., 24., 18., 26., 52., 69., 2., 5., 74.,
       13., 0., 0., 37., 33., 5., 4., 115., 63., 0., 0., 14., 115., 39.,
       16., 31., 19., 17., 41., 115., 23., 32., 45., 70., 86., 41., 26.,
       19., 21., 3., 12., 115., 14., 0., 0., 8., 88., 15., 11., 115.,
       14., 0., 2., 50., 108., 54., 49., 53., 34., 13., 16., 68., 5.,
       16., 34., 115., 62., 24., 30., 6., 16., 14., 32., 115., 2., 0.,
       0., 5., 87., 50., 23., 26., 8., 5., 16., 75., 37., 29., 58., 65.,
       39., 8., 10., 24., 47., 32., 9., 10., 8., 18., 45., 28., 41., 25.,
       4., 10., 20., 24., 52., 63., 22., 7., 5., 24., 80., 84., 42., 25.,
       116., 0., 0., 0., 9., 13., 5., 48., 38., 0., 0., 0., 38., 41., 5.,
       15., 55., 30., 11., 20., 22., 39., 24., 58., 29., 15., 6., 19.,
       107., 116., 31., 31., 116., 3., 0., 0., 22., 30., 3., 22., 82.,
       2., 0., 0., 55., 50., 2., 10., 116., 47., 29., 23., 5., 4., 16.,
       46., 51., 33., 24., 42., 95., 116., 53., 50., 116., 23., 0., 13.,
       62., 53., 4., 5., 113., 16., 0., 0., 60., 26., 1., 1., 49., 34.,
       6., 8., 14., 54., 72., 25., 30., 41., 31., 41., 51., 50., 27.,
       41., 92., 22., 1., 17., 60., 50., 4., 2., 116., 24., 0., 0., 37.,
       16., 0., 0., 54., 16., 0., 0., 0., 0., 0., 6., 142., 47., 0., 13.,
       24., 4., 17., 27., 14., 7., 48., 89., 88., 17., 37., 5., 2., 34.,
       95., 15., 7., 9., 30., 3., 63., 12., 0., 0., 0., 0., 0., 1., 142.,
       18., 1., 6., 25., 18., 2., 12., 30., 5., 18., 38., 95., 116., 67.,
       9., 2., 9., 25., 16., 28., 41., 99., 14., 61., 7., 0., 0., 0., 0.,
       0., 11., 142., 11., 2., 18., 34., 2., 0., 13., 29., 11., 67.,
       115., 124., 15., 8., 2., 1., 17., 101., 46., 24., 8., 11., 5.,
       54., 4., 0., 0., 0., 0., 0., 16., 142., 13., 7., 2., 37., 9., 0.,
       33., 16., 3., 14., 9., 133., 72., 39., 3., 1., 3., 15., 4., 4.,
       8., 85., 43., 1., 1., 41., 101., 0., 0., 3., 27., 1., 0., 35.,
       108., 0., 0., 12., 12., 49., 5., 11., 39., 0., 1., 32., 77., 26.,
       10., 3., 7., 20., 34., 83., 48., 13., 1., 54., 85., 0., 0., 8.,
       21., 88., 20., 14., 26., 3., 17., 77., 108., 55., 47., 19., 16.,
       61., 89., 87., 52., 25., 55., 72., 53., 42., 13., 14., 17., 77.,
       19., 15., 10., 5., 17., 58., 86., 80., 101., 67., 32., 41., 41.,
       43., 43., 15., 45., 108., 108., 87., 30., 5., 6., 108., 52., 24.,
       29., 16., 8., 21., 53., 35., 43., 53., 32., 28., 22., 20., 11.,
       32., 23., 62., 47., 34., 27., 25., 24., 8., 6., 27., 30., 13.,
       82., 21., 6., 46., 56., 2., 3., 1., 5., 1., 1., 18., 8., 0., 1.,
       107., 8., 0., 4., 82., 80., 29., 10., 7., 5., 11., 39., 15., 22.,
       36., 77., 47., 44., 14., 14., 52., 63., 37., 7., 8., 7., 32., 60.,
       16., 5., 0., 2., 108., 8., 0., 6., 105., 60., 22., 7., 13., 12.,
       51., 106., 8., 21., 31., 58., 90., 108., 74., 21., 9., 68., 88.,
       10., 41., 14., 2., 1., 12., 9., 1., 15., 108., 1., 0., 1., 101.,
       108., 56., 15., 17., 4., 13., 39., 11., 24., 72., 108., 87., 52.,
       29., 19., 9., 5., 3., 15., 37., 10., 70., 37., 4., 3., 1., 27.,
       105., 0., 0., 0., 76., 76., 21., 11., 14., 3., 10., 38., 16., 31.,
       39., 72., 50., 40., 24., 21., 27., 59., 34., 13., 10., 5., 25.,
       33., 12., 28., 28., 63., 108., 15., 1., 1., 13., 10., 0., 15.,
       67., 13., 44., 21., 45., 71., 23., 20., 11., 12., 37., 22., 5.,
       15., 27., 39., 32., 35., 36., 20., 15., 19., 30., 47., 29., 67.,
       48., 44., 88., 22., 6., 16., 27., 59., 104., 108., 41., 29., 19.,
       27., 71., 108., 83., 54., 29., 34., 39., 54., 61., 53., 39., 29.,
       21., 31., 52., 66., 49., 39., 17., 19., 58., 96., 108., 70., 39.,
