%YAML:1.0
---
mat: !!opencv-matrix
   rows: 122
   cols: 128
   dt: f
   data: [ 2., 0., 0., 0., 0., 0., 0., 0., 130., 3., 0., 0., 0., 0., 0.,
       1., 63., 10., 22., 11., 9., 1., 0., 1., 1., 6., 15., 6., 119.,
       62., 20., 0., 4., 0., 0., 0., 0., 0., 0., 0., 130., 13., 1., 11.,
       8., 0., 0., 0., 41., 26., 91., 130., 58., 7., 1., 0., 0., 73.,
       130., 24., 8., 21., 15., 0., 6., 1., 0., 0., 0., 0., 0., 0., 130.,
       10., 0., 6., 15., 9., 3., 4., 34., 5., 21., 57., 100., 130., 96.,
       6., 0., 14., 124., 17., 8., 130., 130., 17., 7., 0., 0., 0., 0.,
       0., 0., 0., 130., 1., 0., 0., 0., 1., 1., 10., 57., 0., 0., 23.,
       16., 36., 39., 15., 2., 8., 42., 77., 26., 67., 63., 13., 8., 16.,
       107., 14., 2., 12., 62., 33., 74., 125., 89., 11., 9., 1., 28.,
       30., 20., 41., 19., 19., 67., 6., 2., 7., 0., 0., 0., 0., 1., 0.,
       0., 0., 4., 18., 108., 19., 2., 32., 125., 15., 79., 83., 45., 3.,
       2., 7., 125., 125., 24., 18., 5., 3., 35., 51., 49., 54., 0., 0.,
       0., 0., 2., 2., 0., 0., 5., 15., 55., 5., 1., 32., 125., 31.,
       125., 47., 10., 0., 13., 28., 125., 123., 33., 1., 0., 0., 125.,
       37., 9., 22., 0., 0., 0., 0., 7., 1., 0., 0., 0., 0., 0., 0., 0.,
       15., 90., 4., 2., 0., 0., 0., 20., 18., 78., 31., 1., 0., 0., 0.,
       125., 28., 4., 6., 0., 0., 0., 0., 8., 2., 0., 0., 0., 0., 1., 2.,
       2., 30., 36., 0., 0., 0., 0., 1., 1., 6., 7., 3., 0., 0., 0., 0.,
       0., 0., 2., 0., 0., 0., 0., 0., 0., 0., 0., 0., 15., 39., 99.,
       112., 18., 34., 26., 2., 115., 52., 39., 37., 6., 12., 40., 36.,
       11., 17., 10., 0., 0., 39., 106., 13., 0., 0., 0., 0., 0., 28.,
       57., 0., 88., 21., 30., 94., 81., 0., 1., 38., 116., 78., 111.,
       69., 17., 1., 4., 56., 116., 116., 80., 7., 0., 14., 39., 60.,
       23., 5., 0., 0., 0., 40., 94., 10., 45., 5., 2., 32., 61., 8., 5.,
       85., 116., 7., 10., 71., 74., 2., 2., 116., 116., 10., 5., 3., 1.,
       0., 0., 116., 15., 1., 0., 0., 0., 1., 3., 13., 0., 10., 17., 5.,
       2., 4., 66., 2., 0., 5., 17., 57., 37., 12., 49., 1., 28., 60.,
       39., 24., 5., 1., 29., 8., 21., 14., 3., 0., 0., 0., 44., 10.,
       27., 80., 60., 36., 24., 1., 1., 2., 22., 23., 18., 128., 128.,
       10., 0., 2., 128., 38., 15., 38., 27., 1., 0., 22., 51., 12., 54.,
       46., 11., 0., 1., 9., 128., 20., 4., 21., 51., 4., 1., 19., 58.,
       6., 1., 11., 128., 36., 2., 15., 128., 25., 1., 8., 65., 4., 0.,
       12., 38., 7., 18., 63., 123., 0., 0., 4., 128., 37., 1., 9., 48.,
       0., 0., 4., 47., 16., 2., 18., 128., 6., 0., 10., 128., 7., 0.,
       2., 52., 5., 1., 51., 39., 5., 1., 12., 128., 3., 1., 8., 78.,
       30., 21., 3., 5., 9., 1., 31., 22., 3., 7., 23., 134., 78., 2.,
       5., 146., 13., 1., 4., 37., 14., 2., 5., 34., 1., 0., 0., 0., 3.,
       3., 2., 40., 83., 146., 15., 2., 1., 30., 12., 29., 11., 146.,
       144., 59., 7., 30., 5., 146., 24., 11., 28., 19., 1., 5., 11.,
       49., 2., 0., 0., 1., 0., 0., 0., 1., 11., 34., 3., 0., 3., 146.,
       14., 14., 2., 33., 16., 2., 76., 146., 21., 146., 4., 3., 2., 0.,
       21., 81., 105., 33., 0., 0., 0., 0., 0., 0., 7., 1., 1., 2., 0.,
       0., 1., 39., 2., 0., 0., 2., 1., 0., 29., 47., 2., 5., 0., 2., 0.,
       0., 9., 39., 27., 2., 0., 2., 1., 0., 1., 2., 4., 6., 18., 13.,
       11., 40., 34., 74., 14., 10., 6., 21., 31., 97., 102., 79., 11.,
       136., 1., 2., 15., 39., 24., 1., 72., 61., 0., 0., 0., 1., 0., 0.,
       15., 5., 99., 107., 17., 10., 23., 44., 5., 29., 13., 84., 136.,
       123., 28., 32., 7., 136., 22., 2., 25., 40., 5., 8., 49., 47., 6.,
       0., 1., 2., 1., 0., 7., 1., 8., 18., 2., 2., 63., 136., 1., 10.,
       2., 19., 27., 10., 90., 136., 11., 136., 18., 0., 4., 2., 18.,
       136., 89., 34., 7., 0., 2., 5., 0., 2., 13., 1., 0., 0., 0., 0.,
       2., 13., 5., 0., 0., 0., 0., 0., 10., 39., 1., 1., 0., 0., 0., 0.,
       5., 38., 11., 1., 0., 0., 2., 7., 0., 2., 4., 0., 0., 25., 1., 0.,
       0., 4., 0., 0., 1., 33., 14., 0., 0., 4., 1., 3., 17., 32., 10.,
       0., 0., 5., 0., 2., 4., 0., 0., 0., 0., 5., 1., 1., 10., 148., 4.,
       0., 4., 15., 12., 9., 15., 148., 71., 2., 10., 31., 4., 148.,
       100., 108., 32., 0., 3., 3., 6., 40., 9., 0., 0., 0., 0., 0., 1.,
       55., 14., 54., 4., 17., 33., 89., 114., 28., 8., 46., 10., 55.,
       122., 148., 36., 148., 15., 9., 3., 26., 38., 17., 30., 59., 3.,
       0., 0., 0., 0., 0., 2., 94., 27., 3., 8., 23., 13., 40., 41., 35.,
       14., 5., 64., 118., 26., 13., 12., 148., 2., 1., 16., 49., 7., 5.,
       28., 37., 6., 2., 0., 0., 0., 0., 2., 1., 13., 15., 62., 39., 6.,
       17., 0., 60., 57., 37., 47., 17., 1., 10., 8., 46., 25., 19., 5.,
       0., 0., 25., 10., 1., 7., 33., 4., 0., 1., 32., 1., 36., 22., 9.,
       46., 113., 19., 1., 9., 126., 16., 3., 28., 63., 5., 0., 18., 65.,
       8., 62., 87., 57., 0., 0., 11., 40., 38., 106., 26., 4., 0., 0.,
       28., 67., 12., 1., 11., 126., 13., 1., 14., 126., 18., 1., 6.,
       96., 6., 0., 38., 73., 9., 5., 36., 126., 2., 0., 13., 126., 4.,
       5., 7., 18., 0., 0., 83., 52., 16., 2., 15., 97., 6., 1., 10.,
       126., 0., 0., 5., 60., 5., 1., 43., 58., 9., 1., 22., 126., 11.,
       2., 12., 126., 24., 1., 4., 13., 1., 1., 13., 0., 0., 0., 0., 0.,
       0., 9., 3., 56., 0., 0., 0., 0., 0., 9., 23., 172., 0., 0., 0.,
       0., 0., 4., 46., 8., 0., 0., 0., 0., 0., 33., 27., 0., 0., 0., 0.,
       0., 2., 51., 11., 198., 2., 0., 0., 0., 5., 50., 56., 207., 19.,
       2., 1., 0., 0., 3., 59., 41., 9., 25., 3., 1., 1., 20., 22., 0.,
       0., 0., 0., 0., 8., 39., 7., 131., 4., 0., 0., 0., 26., 66., 27.,
       207., 46., 1., 1., 1., 1., 3., 13., 57., 9., 6., 5., 5., 5., 1.,
       2., 4., 3., 0., 0., 0., 1., 2., 3., 59., 8., 0., 1., 1., 10., 17.,
       8., 207., 55., 0., 1., 1., 2., 2., 3., 61., 12., 1., 5., 7., 0.,
       0., 0., 9., 10., 50., 47., 63., 59., 30., 17., 32., 25., 87., 20.,
       2., 14., 92., 46., 121., 42., 13., 1., 1., 2., 13., 32., 13., 2.,
       0., 0., 30., 15., 1., 1., 10., 9., 91., 21., 17., 42., 33., 16.,
       17., 24., 102., 59., 12., 25., 65., 29., 121., 99., 31., 11., 2.,
       4., 9., 25., 31., 6., 0., 0., 23., 8., 1., 3., 3., 3., 28., 5.,
       1., 16., 121., 62., 12., 6., 21., 18., 10., 121., 121., 36., 121.,
       22., 5., 3., 1., 23., 64., 113., 34., 1., 1., 1., 16., 5., 3.,
       15., 2., 2., 71., 12., 0., 2., 47., 26., 1., 1., 121., 19., 1.,
       30., 67., 9., 7., 4., 121., 22., 0., 7., 42., 36., 6., 38., 119.,
       13., 5., 2., 1., 5., 16., 7., 0., 2., 126., 32., 1., 1., 112.,
       101., 34., 7., 28., 3., 3., 13., 18., 36., 98., 49., 3., 7., 11.,
       5., 33., 28., 14., 19., 22., 5., 8., 11., 4., 4., 0., 2., 126.,
       37., 0., 3., 76., 56., 23., 4., 63., 15., 30., 96., 39., 21., 48.,
       16., 2., 29., 126., 56., 79., 17., 5., 5., 37., 18., 18., 35., 7.,
       2., 0., 4., 126., 27., 0., 1., 126., 50., 3., 1., 76., 10., 9.,
       41., 53., 25., 27., 15., 1., 24., 61., 24., 6., 2., 40., 74., 8.,
       10., 18., 15., 1., 1., 1., 37., 126., 18., 8., 0., 64., 86., 19.,
       8., 58., 11., 45., 13., 15., 48., 123., 32., 1., 1., 42., 8., 4.,
       3., 51., 80., 2., 2., 42., 24., 74., 1., 2., 20., 27., 5., 0., 6.,
       30., 2., 3., 44., 139., 23., 0., 2., 139., 5., 1., 5., 29., 10.,
       1., 20., 14., 0., 0., 6., 74., 71., 3., 3., 83., 8., 2., 26., 45.,
       31., 1., 2., 52., 4., 3., 78., 139., 38., 0., 3., 139., 10., 1.,
       8., 19., 4., 0., 11., 26., 0., 0., 23., 123., 29., 1., 2., 97.,
       2., 0., 6., 54., 22., 1., 9., 42., 6., 0., 17., 139., 46., 0., 8.,
       139., 64., 2., 9., 18., 5., 0., 18., 18., 13., 3., 55., 89., 17.,
       1., 1., 22., 0., 0., 26., 45., 1., 5., 18., 19., 3., 0., 30.,
       139., 18., 1., 12., 109., 36., 1., 2., 13., 4., 3., 88., 12., 9.,
       2., 6., 35., 58., 11., 23., 0., 0., 26., 34., 1., 0., 0., 0., 0.,
