%YAML:1.0
---
mat: !!opencv-matrix
   rows: 35
   cols: 128
   dt: f
   data: [ 26., 125., 99., 11., 6., 6., 1., 1., 42., 123., 74., 2., 1.,
       1., 1., 8., 18., 15., 10., 19., 92., 3., 0., 7., 0., 0., 0., 4.,
       28., 0., 0., 0., 53., 50., 15., 8., 58., 125., 28., 52., 125.,
       125., 6., 3., 21., 29., 4., 27., 68., 3., 0., 29., 125., 2., 0.,
       14., 0., 0., 0., 4., 16., 0., 0., 0., 10., 1., 0., 0., 30., 125.,
       86., 63., 125., 8., 0., 3., 27., 83., 125., 114., 40., 2., 1.,
       25., 123., 3., 5., 13., 0., 0., 0., 1., 4., 0., 0., 0., 2., 0.,
       0., 0., 0., 16., 29., 15., 2., 0., 0., 10., 65., 17., 66., 20.,
       0., 0., 0., 18., 106., 4., 3., 2., 0., 0., 0., 0., 0., 0., 0., 0.,
       0., 0., 0., 0., 0., 2., 19., 0., 0., 0., 0., 0., 0., 0., 12., 0.,
       0., 0., 0., 0., 0., 0., 5., 0., 0., 0., 0., 0., 0., 0., 1., 0.,
       2., 12., 131., 39., 3., 8., 74., 1., 53., 62., 64., 4., 0., 4.,
       109., 23., 16., 3., 0., 0., 0., 16., 131., 15., 0., 0., 0., 0.,
       0., 13., 131., 1., 39., 33., 131., 131., 39., 2., 6., 91., 131.,
       103., 65., 5., 0., 0., 7., 131., 66., 31., 4., 0., 0., 4., 52.,
       18., 7., 16., 1., 0., 0., 6., 75., 3., 51., 105., 38., 37., 23.,
       26., 27., 54., 131., 131., 8., 0., 0., 0., 4., 77., 22., 63., 30.,
       0., 0., 0., 0., 2., 5., 31., 33., 0., 0., 0., 0., 0., 1., 0., 0.,
       0., 0., 0., 0., 0., 131., 1., 0., 0., 0., 0., 0., 12., 74., 3.,
       7., 16., 1., 0., 0., 5., 0., 0., 5., 31., 34., 0., 0., 0., 5., 0.,
       0., 0., 0., 0., 0., 0., 131., 16., 16., 3., 0., 0., 0., 15., 51.,
       18., 67., 31., 4., 0., 0., 4., 0., 2., 22., 64., 30., 0., 0., 0.,
       12., 0., 0., 0., 0., 0., 0., 0., 109., 24., 52., 61., 64., 4., 0.,
       4., 7., 131., 131., 103., 66., 5., 0., 0., 4., 77., 131., 131.,
       8., 0., 0., 0., 19., 0., 0., 0., 0., 0., 0., 1., 75., 1., 1., 12.,
       131., 39., 3., 7., 6., 89., 39., 32., 131., 131., 40., 2., 26.,
       54., 50., 104., 39., 38., 24., 26., 2., 29., 131., 49., 2., 7.,
       32., 2., 24., 100., 93., 45., 7., 5., 8., 9., 113., 78., 5., 3.,
       1., 0., 0., 28., 16., 4., 0., 3., 7., 3., 1., 3., 2., 7., 19., 5.,
       16., 110., 131., 6., 25., 105., 34., 11., 98., 131., 51., 15.,
       131., 131., 17., 3., 6., 5., 6., 57., 44., 11., 0., 0., 2., 3.,
       3., 7., 1., 1., 4., 8., 30., 58., 23., 1., 9., 2., 1., 2., 84.,
       131., 126., 49., 104., 5., 2., 2., 3., 15., 82., 131., 20., 2.,
       9., 6., 0., 0., 1., 13., 0., 0., 13., 11., 1., 2., 0., 0., 0., 1.,
       12., 12., 1., 15., 22., 4., 1., 6., 19., 3., 0., 1., 14., 14., 0.,
       1., 14., 13., 0., 0., 0., 0., 8., 17., 32., 62., 64., 3., 0., 0.,
       57., 120., 60., 4., 5., 0., 0., 0., 11., 71., 18., 0., 2., 2., 2.,
       1., 2., 2., 0., 0., 2., 11., 14., 4., 3., 16., 80., 131., 13.,
       11., 59., 34., 29., 121., 131., 19., 13., 62., 45., 14., 131.,
       131., 46., 2., 1., 4., 5., 26., 23., 12., 4., 7., 3., 0., 0., 2.,
       1., 1., 4., 10., 2., 33., 131., 131., 17., 7., 4., 3., 8., 131.,
       131., 55., 131., 18., 3., 2., 1., 17., 81., 131., 20., 2., 6.,
       15., 5., 0., 0., 7., 2., 2., 1., 5., 4., 5., 15., 28., 0., 0., 1.,
       11., 7., 27., 34., 4., 1., 0., 4., 16., 7., 3., 22., 17., 0., 0.,
       12., 20., 1., 0., 0., 1., 0., 0., 0., 1., 0., 6., 15., 2., 0., 1.,
       14., 13., 1., 7., 14., 2., 1., 9., 19., 3., 0., 15., 10., 1., 0.,
       1., 0., 0., 0., 5., 21., 3., 1., 2., 3., 26., 21., 2., 1., 1., 4.,
       15., 103., 127., 69., 3., 1., 2., 104., 127., 127., 39., 4., 1.,
       2., 6., 36., 21., 1., 0., 0., 2., 12., 5., 2., 1., 1., 29., 71.,
       5., 1., 2., 15., 7., 12., 92., 127., 111., 6., 9., 127., 127.,
       24., 14., 23., 32., 7., 29., 62., 107., 35., 1., 1., 0., 3., 5.,
       1., 1., 1., 51., 57., 7., 2., 1., 1., 1., 2., 48., 79., 70., 33.,
       18., 13., 85., 19., 1., 25., 100., 107., 5., 2., 127., 127., 5.,
       5., 48., 23., 1., 20., 14., 2., 48., 139., 18., 0., 0., 139., 99.,
       3., 14., 37., 5., 1., 2., 58., 24., 3., 1., 1., 1., 0., 1., 0.,
       0., 0., 3., 7., 6., 0., 0., 23., 27., 1., 3., 139., 115., 8., 6.,
       139., 36., 0., 1., 40., 54., 16., 76., 117., 11., 1., 1., 2., 4.,
       3., 20., 0., 0., 0., 4., 12., 8., 1., 0., 61., 107., 9., 25., 83.,
       41., 3., 2., 139., 28., 3., 15., 46., 27., 6., 30., 114., 17., 5.,
       4., 2., 2., 0., 7., 0., 0., 2., 9., 10., 3., 0., 0., 86., 102.,
       36., 61., 20., 0., 0., 1., 139., 79., 18., 46., 15., 0., 0., 4.,
       109., 19., 0., 0., 2., 5., 0., 5., 0., 0., 0., 1., 6., 10., 0.,
       0., 2., 10., 22., 135., 106., 0., 0., 0., 146., 69., 23., 57.,
       34., 0., 0., 0., 136., 21., 0., 0., 0., 0., 0., 0., 1., 1., 1.,
       1., 3., 0., 0., 0., 13., 26., 66., 137., 72., 0., 0., 4., 146.,
       24., 2., 29., 27., 0., 0., 44., 146., 20., 5., 1., 0., 0., 0., 7.,
       0., 2., 12., 4., 0., 0., 0., 0., 21., 4., 30., 26., 3., 1., 3.,
       21., 146., 26., 0., 4., 1., 0., 1., 71., 146., 23., 3., 0., 0.,
       0., 0., 10., 1., 2., 6., 1., 0., 0., 0., 0., 5., 1., 1., 1., 0.,
       0., 25., 146., 70., 0., 0., 0., 0., 0., 32., 146., 59., 2., 0.,
       0., 0., 0., 2., 38., 1., 1., 1., 0., 1., 0., 0., 0., 1., 0., 1.,
       6., 44., 12., 3., 2., 45., 15., 4., 39., 163., 13., 0., 0., 163.,
       42., 3., 6., 15., 1., 0., 0., 18., 3., 0., 3., 11., 4., 0., 0.,
       0., 1., 1., 4., 62., 13., 3., 1., 53., 13., 0., 16., 163., 34.,
       1., 2., 163., 47., 0., 3., 30., 4., 1., 6., 32., 4., 0., 1., 8.,
       6., 1., 1., 1., 1., 1., 4., 37., 21., 9., 1., 35., 1., 0., 13.,
       163., 94., 7., 13., 163., 6., 0., 2., 30., 15., 6., 49., 34., 1.,
       0., 1., 5., 5., 6., 7., 5., 1., 0., 9., 39., 12., 5., 1., 33., 1.,
       1., 62., 163., 33., 11., 11., 163., 2., 1., 8., 17., 4., 7., 42.,
       24., 0., 0., 6., 8., 3., 1., 5., 5., 4., 7., 42., 10., 43., 60.,
       21., 60., 14., 10., 1., 2., 7., 5., 34., 146., 19., 2., 0., 0.,
       0., 0., 34., 24., 2., 0., 6., 18., 9., 0., 3., 0., 0., 1., 13.,
       142., 86., 39., 23., 47., 39., 38., 18., 53., 18., 3., 13., 146.,
       84., 9., 2., 1., 0., 0., 11., 40., 4., 1., 83., 39., 0., 0., 2.,
       0., 0., 6., 116., 146., 6., 1., 1., 66., 14., 28., 44., 59., 14.,
       3., 9., 146., 27., 3., 6., 10., 1., 1., 25., 39., 2., 1., 68.,
       129., 8., 2., 12., 0., 0., 4., 29., 146., 21., 3., 1., 57., 8.,
       18., 12., 19., 5., 21., 23., 146., 21., 7., 14., 6., 0., 1., 31.,
       27., 4., 6., 30., 53., 9., 4., 24., 68., 3., 5., 18., 4., 3., 5.,
       67., 21., 18., 61., 70., 33., 34., 6., 13., 132., 100., 45., 10.,
       6., 4., 0., 1., 23., 23., 30., 26., 3., 1., 2., 4., 28., 1., 0.,
       2., 19., 11., 37., 138., 25., 6., 2., 44., 138., 58., 25., 14.,
       138., 40., 6., 17., 29., 5., 0., 7., 46., 10., 8., 18., 3., 0.,
       5., 66., 1., 0., 0., 1., 67., 11., 29., 73., 26., 1., 0., 18.,
       138., 51., 6., 11., 138., 5., 1., 4., 24., 10., 3., 63., 70., 1.,
       0., 5., 3., 0., 0., 91., 0., 0., 0., 0., 27., 21., 3., 2., 5., 0.,
       0., 0., 89., 138., 38., 11., 123., 0., 0., 0., 4., 35., 45., 98.,
       44., 1., 0., 26., 13., 0., 0., 27., 14., 0., 1., 24., 59., 1., 0.,
       20., 6., 47., 57., 80., 121., 0., 0., 0., 85., 136., 35., 6., 3.,
       0., 0., 0., 21., 18., 4., 5., 0., 0., 0., 0., 4., 0., 0., 74.,
       89., 2., 0., 5., 27., 15., 4., 46., 136., 16., 0., 3., 136., 71.,
       7., 9., 23., 1., 0., 10., 52., 14., 24., 100., 3., 0., 0., 0., 3.,
       0., 3., 70., 50., 10., 6., 14., 27., 4., 0., 6., 136., 64., 6.,
       14., 136., 67., 24., 14., 28., 9., 2., 30., 17., 13., 28., 132.,
       40., 1., 1., 2., 5., 0., 2., 9., 15., 19., 30., 29., 4., 3., 0.,
       0., 124., 107., 39., 10., 29., 33., 5., 9., 23., 25., 66., 74.,
       7., 4., 4., 57., 75., 4., 6., 22., 28., 12., 2., 9., 13., 3., 1.,
       1., 177., 44., 1., 0., 0., 0., 0., 2., 134., 14., 3., 2., 0., 0.,
