%YAML:1.0
---
mat: !!opencv-matrix
   rows: 24
   cols: 128
   dt: f
   data: [ 0., 1., 6., 2., 0., 0., 0., 0., 0., 4., 26., 9., 0., 0., 0.,
       0., 0., 14., 22., 1., 0., 0., 0., 0., 1., 2., 1., 0., 0., 0., 0.,
       0., 1., 0., 3., 35., 25., 1., 1., 1., 9., 29., 127., 127., 56.,
       2., 0., 2., 113., 127., 112., 24., 1., 0., 0., 6., 26., 15., 1.,
       0., 0., 0., 0., 1., 0., 0., 1., 32., 88., 15., 0., 0., 33., 13.,
       16., 98., 127., 127., 12., 17., 127., 127., 22., 10., 10., 22.,
       7., 35., 36., 71., 30., 0., 0., 0., 0., 1., 0., 0., 2., 49., 45.,
       10., 1., 0., 3., 2., 6., 40., 86., 96., 17., 11., 17., 120., 37.,
       2., 35., 80., 63., 2., 1., 127., 127., 7., 4., 27., 15., 0., 0.,
       2., 23., 18., 5., 0., 0., 0., 3., 17., 54., 133., 30., 0., 0., 0.,
       57., 103., 57., 22., 1., 0., 0., 0., 16., 10., 1., 0., 0., 0., 0.,
       0., 0., 66., 137., 48., 14., 0., 0., 0., 39., 31., 36., 147.,
       137., 0., 0., 1., 147., 80., 13., 27., 10., 0., 0., 4., 55., 10.,
       2., 0., 0., 0., 0., 0., 0., 50., 107., 57., 18., 4., 0., 0., 78.,
       12., 63., 110., 48., 0., 0., 19., 147., 10., 0., 6., 5., 0., 0.,
       41., 59., 6., 1., 0., 0., 0., 0., 1., 5., 11., 18., 28., 5., 0.,
       3., 13., 49., 1., 7., 4., 0., 0., 18., 110., 147., 1., 0., 0., 0.,
       0., 4., 106., 34., 3., 0., 0., 0., 0., 0., 5., 17., 12., 11., 21.,
       36., 53., 37., 8., 139., 46., 5., 2., 3., 1., 1., 20., 74., 8.,
       2., 52., 33., 2., 0., 8., 8., 1., 14., 52., 30., 1., 11., 28.,
       20., 11., 7., 113., 139., 19., 7., 2., 139., 50., 7., 20., 13.,
       0., 0., 12., 90., 10., 5., 110., 72., 4., 3., 19., 82., 2., 3.,
       31., 10., 1., 5., 95., 32., 5., 4., 61., 139., 28., 13., 20.,
       139., 33., 9., 9., 6., 2., 5., 47., 65., 17., 9., 18., 46., 9.,
       10., 72., 41., 0., 0., 0., 2., 1., 4., 99., 17., 1., 0., 0., 113.,
       33., 9., 13., 112., 44., 5., 0., 1., 1., 4., 59., 96., 18., 5.,
       1., 0., 0., 0., 83., 12., 0., 0., 0., 0., 0., 0., 22., 8., 7., 5.,
       26., 12., 41., 58., 30., 67., 22., 8., 0., 1., 4., 7., 36., 143.,
       25., 1., 0., 0., 0., 0., 29., 15., 3., 0., 8., 13., 3., 1., 3.,
       0., 1., 4., 17., 142., 84., 28., 16., 50., 41., 68., 26., 37.,
       13., 5., 15., 143., 92., 16., 2., 1., 0., 0., 12., 32., 4., 1.,
       79., 43., 0., 0., 1., 0., 0., 14., 124., 143., 8., 0., 0., 78.,
       19., 39., 45., 51., 22., 3., 15., 143., 36., 4., 4., 7., 1., 1.,
       31., 30., 2., 0., 46., 128., 7., 3., 7., 0., 0., 10., 37., 143.,
       17., 7., 2., 67., 13., 27., 16., 11., 5., 31., 24., 143., 28., 8.,
       14., 3., 0., 2., 27., 21., 5., 7., 35., 44., 7., 4., 13., 60., 5.,
       5., 17., 5., 5., 8., 60., 15., 15., 45., 66., 43., 50., 11., 7.,
       139., 89., 31., 10., 8., 6., 0., 0., 31., 16., 18., 41., 6., 0.,
       1., 6., 18., 1., 0., 2., 25., 10., 35., 134., 20., 7., 3., 64.,
       139., 48., 22., 13., 139., 51., 6., 25., 31., 5., 1., 7., 56.,
       11., 6., 22., 3., 0., 3., 63., 1., 0., 0., 1., 70., 11., 15., 59.,
       19., 1., 0., 14., 139., 64., 5., 12., 139., 9., 0., 3., 24., 15.,
       4., 58., 89., 2., 0., 0., 0., 0., 1., 87., 0., 0., 0., 0., 24.,
       20., 2., 5., 4., 0., 0., 0., 87., 139., 31., 7., 123., 0., 0., 0.,
       5., 44., 47., 78., 70., 0., 0., 0., 0., 0., 1., 35., 0., 0., 1.,
       31., 84., 0., 0., 0., 6., 52., 56., 66., 119., 0., 0., 0., 84.,
       137., 30., 5., 2., 0., 0., 0., 20., 17., 2., 6., 1., 0., 0., 0.,
       0., 0., 1., 75., 102., 4., 0., 0., 25., 19., 5., 47., 137., 16.,
       0., 2., 137., 80., 5., 10., 18., 1., 0., 11., 60., 13., 13., 74.,
       2., 0., 0., 0., 3., 0., 2., 65., 58., 11., 5., 18., 29., 4., 1.,
       6., 137., 68., 6., 22., 137., 53., 21., 13., 21., 10., 3., 51.,
       24., 12., 30., 130., 23., 1., 0., 2., 9., 0., 1., 10., 23., 14.,
       16., 42., 6., 5., 0., 0., 137., 97., 27., 10., 39., 49., 10., 5.,
       18., 20., 47., 68., 7., 6., 8., 51., 63., 5., 6., 21., 18., 25.,
       11., 20., 66., 24., 2., 2., 122., 106., 6., 3., 1., 0., 0., 5.,
       38., 15., 1., 41., 14., 0., 0., 0., 1., 1., 2., 86., 40., 7., 0.,
       0., 27., 3., 2., 5., 122., 82., 6., 17., 122., 38., 8., 7., 3.,
       5., 3., 49., 57., 14., 15., 122., 32., 0., 0., 8., 11., 3., 3.,
       66., 51., 7., 4., 22., 12., 1., 0., 0., 122., 118., 7., 6., 78.,
       75., 61., 15., 19., 20., 6., 13., 55., 26., 73., 79., 4., 0., 1.,
       91., 18., 0., 1., 33., 94., 13., 6., 63., 1., 1., 0., 0., 98.,
       69., 15., 1., 6., 4., 11., 3., 27., 38., 98., 58., 39., 3., 7.,
       6., 18., 1., 20., 122., 4., 0., 0., 60., 117., 3., 1., 18., 42.,
       122., 13., 5., 7., 1., 0., 0., 18., 30., 17., 56., 112., 4., 0.,
       0., 120., 22., 2., 10., 31., 29., 4., 7., 6., 1., 0., 1., 99.,
       86., 2., 1., 35., 115., 32., 5., 1., 22., 24., 8., 36., 47., 83.,
       107., 23., 5., 2., 5., 122., 40., 7., 16., 10., 11., 1., 12., 26.,
       1., 0., 2., 73., 122., 2., 2., 3., 2., 2., 1., 1., 122., 85., 5.,
       23., 3., 8., 11., 6., 71., 61., 86., 122., 4., 1., 2., 2., 2.,
       10., 122., 22., 0., 0., 27., 64., 37., 3., 8., 3., 9., 2., 0., 1.,
       96., 25., 0., 1., 0., 0., 0., 0., 56., 101., 74., 7., 0., 0., 0.,
       2., 2., 16., 102., 1., 0., 0., 2., 19., 37., 13., 4., 6., 10., 0.,
       2., 31., 2., 0., 0., 18., 1., 0., 20., 140., 10., 0., 1., 140.,
       5., 0., 4., 31., 18., 2., 18., 13., 0., 0., 0., 47., 126., 4., 5.,
       25., 58., 12., 19., 40., 1., 0., 0., 40., 6., 4., 105., 140., 0.,
       0., 1., 140., 6., 2., 15., 19., 2., 1., 18., 28., 0., 0., 0.,
       110., 39., 1., 4., 5., 112., 93., 40., 16., 0., 0., 1., 78., 11.,
       35., 140., 108., 0., 0., 5., 140., 3., 1., 7., 7., 1., 0., 29.,
       26., 0., 0., 0., 79., 40., 0., 3., 1., 10., 28., 18., 19., 12.,
       9., 1., 96., 7., 18., 48., 24., 8., 7., 22., 140., 2., 0., 1., 0.,
       0., 0., 36., 16., 0., 0., 0., 20., 22., 0., 1., 10., 9., 22., 79.,
       133., 0., 0., 0., 144., 17., 1., 18., 32., 0., 0., 0., 88., 2.,
       0., 0., 36., 29., 0., 1., 0., 0., 0., 3., 137., 81., 0., 0., 23.,
       15., 54., 107., 40., 4., 2., 1., 144., 20., 3., 20., 10., 0., 0.,
       4., 127., 4., 0., 0., 10., 13., 0., 1., 0., 0., 0., 0., 72., 144.,
       4., 0., 17., 1., 2., 10., 34., 28., 41., 36., 144., 2., 0., 1.,
       3., 3., 24., 118., 105., 2., 1., 3., 2., 1., 0., 15., 0., 0., 8.,
       45., 14., 35., 2., 0., 16., 0., 0., 1., 1., 11., 41., 106., 37.,
       0., 0., 0., 0., 0., 25., 144., 19., 0., 0., 3., 10., 6., 1., 26.,
       0., 0., 5., 44., 59., 33., 3., 0., 4., 1., 0., 17., 119., 4., 1.,
       4., 119., 18., 0., 1., 13., 1., 1., 47., 108., 7., 2., 74., 25.,
       0., 2., 23., 2., 4., 62., 119., 27., 1., 3., 2., 18., 10., 3.,
       58., 119., 2., 1., 7., 119., 23., 3., 10., 5., 1., 1., 79., 59.,
       5., 3., 119., 86., 3., 8., 33., 2., 2., 4., 59., 53., 37., 86.,
       39., 25., 10., 3., 22., 119., 39., 4., 12., 119., 42., 7., 18.,
       7., 3., 2., 35., 50., 8., 6., 62., 35., 3., 6., 94., 16., 0., 0.,
       3., 83., 39., 35., 94., 38., 15., 8., 54., 56., 10., 2., 11., 97.,
       28., 1., 2., 4., 3., 2., 47., 61., 2., 0., 2., 5., 3., 3., 104.,
       16., 0., 0., 1., 71., 31., 1., 25., 2., 2., 6., 5., 1., 9., 70.,
       89., 46., 10., 6., 4., 9., 85., 90., 32., 136., 14., 1., 0., 1.,
       6., 7., 37., 60., 1., 0., 0., 0., 0., 2., 6., 0., 0., 0., 0., 22.,
       22., 136., 136., 22., 6., 1., 10., 136., 126., 70., 31., 136.,
       42., 1., 6., 24., 14., 13., 52., 82., 4., 0., 0., 0., 1., 3., 8.,
       0., 2., 2., 0., 29., 22., 29., 11., 3., 0., 0., 1., 108., 136.,
       104., 21., 89., 2., 0., 1., 7., 20., 114., 136., 39., 0., 0., 0.,
       0., 0., 3., 27., 6., 77., 22., 0., 1., 4., 1., 0., 3., 8., 0., 0.,
       1., 17., 42., 5., 0., 0., 0., 0., 0., 4., 41., 17., 1., 0., 0.,
       0., 0., 1., 3., 4., 0., 1., 2., 5., 1., 0., 0., 0., 0., 4., 40.,
