%YAML:1.0
---
mat: !!opencv-matrix
   rows: 40
   cols: 128
   dt: f
   data: [ 26., 131., 47., 0., 0., 0., 0., 1., 146., 146., 12., 1., 10.,
       0., 0., 0., 26., 14., 0., 1., 94., 8., 0., 0., 0., 0., 0., 0., 5.,
       1., 0., 0., 89., 60., 15., 9., 2., 3., 2., 10., 146., 103., 5.,
       2., 7., 1., 1., 4., 80., 6., 0., 0., 82., 12., 0., 0., 0., 0., 0.,
       0., 4., 1., 0., 0., 42., 5., 3., 4., 2., 28., 132., 68., 146.,
       11., 1., 1., 5., 6., 38., 137., 76., 1., 0., 1., 61., 8., 0., 13.,
       0., 0., 0., 0., 3., 1., 0., 0., 3., 0., 0., 0., 0., 17., 146.,
       42., 36., 0., 0., 0., 8., 5., 84., 146., 9., 0., 0., 1., 55., 8.,
       2., 15., 0., 0., 0., 0., 2., 0., 0., 0., 2., 47., 14., 1., 7.,
       38., 11., 1., 41., 147., 28., 0., 0., 10., 6., 2., 125., 147., 3.,
       0., 0., 0., 0., 0., 12., 7., 0., 3., 4., 0., 0., 0., 14., 48.,
       29., 14., 8., 14., 4., 2., 118., 36., 7., 3., 2., 11., 13., 17.,
       147., 64., 0., 0., 0., 0., 1., 11., 42., 6., 0., 3., 7., 0., 0.,
       1., 43., 24., 26., 10., 3., 13., 7., 20., 139., 20., 4., 1., 0.,
       0., 8., 98., 147., 8., 0., 0., 0., 0., 1., 141., 31., 1., 0., 13.,
       14., 0., 0., 9., 23., 30., 47., 22., 3., 6., 2., 6., 147., 52.,
       7., 1., 0., 0., 0., 95., 145., 0., 0., 1., 1., 0., 0., 109., 4.,
       0., 0., 31., 32., 0., 0., 3., 6., 118., 108., 1., 1., 1., 0., 0.,
       18., 113., 92., 0., 0., 0., 1., 3., 14., 92., 44., 0., 1., 1., 1.,
       3., 10., 22., 1., 0., 0., 0., 0., 2., 41., 102., 67., 5., 23.,
       15., 16., 22., 118., 104., 36., 2., 12., 10., 8., 54., 90., 90.,
       21., 9., 63., 22., 6., 20., 95., 42., 0., 0., 1., 0., 0., 6., 16.,
       1., 0., 0., 6., 40., 118., 102., 118., 26., 4., 9., 10., 8., 118.,
       94., 77., 13., 4., 20., 54., 8., 36., 106., 79., 2., 0., 1., 3.,
       0., 1., 54., 22., 1., 0., 0., 0., 5., 79., 36., 11., 1., 0., 0.,
       0., 7., 105., 34., 7., 0., 0., 0., 0., 1., 51., 77., 4., 0., 0.,
       2., 3., 0., 1., 20., 44., 6., 0., 1., 7., 14., 58., 133., 114.,
       20., 1., 2., 34., 26., 27., 30., 144., 20., 0., 0., 1., 11., 12.,
       18., 8., 0., 0., 0., 23., 65., 21., 5., 25., 2., 0., 1., 20., 55.,
       144., 79., 95., 12., 0., 5., 102., 126., 24., 15., 144., 38., 0.,
       6., 9., 9., 7., 28., 26., 3., 2., 21., 61., 21., 4., 3., 10., 44.,
       25., 5., 17., 49., 46., 5., 26., 10., 4., 15., 75., 144., 41.,
       39., 144., 29., 32., 17., 8., 13., 22., 100., 25., 9., 16., 30.,
       35., 6., 0., 3., 54., 46., 19., 6., 10., 1., 0., 3., 5., 11., 16.,
       20., 66., 23., 8., 6., 31., 39., 66., 4., 5., 8., 33., 45., 40.,
       13., 21., 7., 8., 7., 6., 24., 14., 63., 50., 1., 0., 0., 0., 4.,
       28., 93., 77., 0., 0., 0., 1., 6., 76., 63., 35., 0., 0., 0., 7.,
       41., 13., 24., 20., 7., 1., 4., 13., 22., 42., 12., 1., 0., 1.,
       1., 3., 24., 72., 39., 9., 14., 18., 8., 5., 21., 132., 76., 9.,
       8., 2., 2., 4., 25., 13., 7., 23., 48., 6., 11., 10., 8., 16., 1.,
       0., 0., 1., 3., 37., 111., 41., 2., 1., 2., 17., 71., 76., 79.,
       132., 9., 1., 1., 2., 13., 34., 132., 8., 1., 1., 5., 3., 40.,
       54., 13., 2., 0., 0., 0., 0., 1., 132., 112., 3., 0., 0., 0., 0.,
       20., 132., 110., 17., 0., 0., 0., 0., 4., 132., 132., 1., 0., 0.,
       0., 0., 33., 132., 13., 54., 1., 0., 0., 4., 85., 71., 30., 82.,
       3., 0., 0., 9., 86., 51., 58., 131., 9., 0., 0., 0., 0., 16., 99.,
       4., 0., 0., 0., 0., 0., 50., 58., 139., 8., 0., 0., 9., 68., 32.,
       46., 38., 9., 1., 0., 48., 139., 33., 22., 139., 26., 0., 0., 3.,
       8., 12., 54., 40., 0., 0., 0., 0., 0., 27., 52., 139., 15., 0.,
       0., 2., 24., 12., 31., 13., 0., 0., 0., 22., 139., 70., 27., 102.,
       1., 0., 0., 1., 27., 69., 114., 55., 0., 0., 0., 0., 0., 7., 41.,
       139., 11., 0., 0., 0., 2., 2., 20., 26., 0., 1., 1., 0., 52., 37.,
       8., 6., 0., 5., 5., 0., 17., 62., 42., 7., 0., 20., 22., 0., 0.,
       3., 22., 0., 15., 21., 4., 0., 0., 0., 0., 0., 4., 46., 56., 0.,
       1., 1., 0., 9., 51., 54., 11., 0., 4., 6., 0., 8., 19., 2., 3.,
       0., 14., 20., 0., 0., 23., 57., 43., 3., 0., 0., 0., 6., 22., 81.,
       138., 16., 0., 0., 1., 118., 110., 64., 17., 0., 0., 0., 3., 44.,
       27., 11., 80., 7., 0., 0., 0., 0., 20., 83., 96., 11., 0., 0., 0.,
       52., 17., 37., 138., 41., 1., 0., 13., 138., 47., 20., 21., 2.,
       0., 0., 33., 23., 13., 24., 138., 34., 0., 0., 0., 1., 10., 74.,
       135., 3., 0., 0., 0., 104., 67., 41., 64., 2., 0., 0., 8., 100.,
       55., 38., 97., 8., 0., 0., 8., 1., 3., 35., 138., 40., 0., 0., 0.,
       10., 26., 70., 7., 12., 9., 1., 1., 13., 32., 46., 4., 7., 9., 4.,
       22., 81., 25., 4., 0., 0., 0., 0., 55., 129., 2., 0., 0., 0., 0.,
       0., 55., 2., 17., 138., 28., 5., 7., 4., 1., 20., 138., 138., 4.,
       1., 2., 10., 14., 138., 138., 23., 0., 0., 0., 1., 16., 138., 16.,
       4., 0., 0., 0., 0., 12., 7., 25., 28., 5., 3., 10., 9., 4., 63.,
       51., 9., 0., 0., 3., 24., 62., 138., 46., 1., 0., 0., 0., 3., 64.,
       138., 28., 11., 0., 0., 0., 0., 5., 8., 21., 20., 4., 0., 0., 3.,
       1., 63., 91., 4., 0., 0., 0., 0., 2., 138., 61., 0., 0., 0., 0.,
       0., 8., 102., 38., 10., 0., 0., 0., 0., 1., 5., 16., 25., 8., 16.,
       13., 4., 5., 132., 46., 17., 1., 0., 1., 2., 49., 128., 3., 0.,
       0., 0., 0., 2., 134., 26., 0., 0., 2., 1., 0., 14., 113., 3., 2.,
       2., 2., 16., 44., 134., 54., 134., 14., 1., 0., 0., 14., 134.,
       97., 134., 22., 0., 0., 0., 1., 12., 81., 44., 3., 1., 5., 2., 0.,
       0., 30., 0., 0., 0., 0., 0., 2., 116., 134., 11., 0., 0., 0., 0.,
       52., 134., 80., 104., 6., 0., 0., 0., 16., 98., 94., 19., 3., 0.,
       0., 0., 0., 0., 5., 0., 0., 0., 0., 0., 0., 5., 39., 1., 0., 2.,
       0., 0., 11., 40., 28., 0., 0., 0., 0., 0., 8., 23., 5., 0., 0.,
       0., 0., 0., 0., 0., 0., 6., 89., 30., 0., 0., 3., 2., 0., 0., 19.,
       42., 5., 1., 5., 2., 0., 0., 4., 18., 4., 0., 0., 0., 0., 0., 0.,
       0., 0., 0., 0., 0., 0., 1., 134., 134., 4., 0., 0., 0., 0., 11.,
       65., 134., 42., 0., 0., 0., 1., 107., 93., 100., 9., 0., 0., 0.,
       12., 27., 5., 0., 0., 0., 0., 0., 7., 1., 50., 134., 48., 15., 1.,
       0., 0., 134., 101., 134., 27., 1., 0., 0., 7., 134., 102., 13.,
       1., 0., 0., 0., 31., 40., 41., 2., 0., 1., 0., 0., 7., 2., 4., 7.,
       20., 32., 7., 11., 8., 127., 60., 6., 4., 4., 3., 16., 44., 108.,
       134., 3., 0., 0., 0., 0., 2., 3., 48., 3., 0., 0., 0., 0., 0.,
       16., 21., 15., 31., 25., 0., 0., 0., 4., 27., 114., 33., 16., 10.,
       3., 5., 13., 115., 55., 16., 5., 10., 1., 0., 10., 50., 48., 45.,
       9., 0., 0., 0., 28., 115., 19., 24., 55., 5., 2., 1., 84., 8.,
       12., 16., 53., 56., 14., 33., 22., 115., 24., 15., 78., 101., 10.,
       6., 31., 81., 48., 47., 16., 2., 4., 2., 21., 114., 46., 9., 23.,
       109., 5., 2., 115., 76., 20., 18., 45., 14., 2., 9., 40., 15., 6.,
       40., 115., 43., 24., 23., 38., 17., 12., 8., 17., 33., 31., 28.,
       15., 9., 3., 1., 16., 115., 41., 15., 115., 21., 2., 2., 18., 51.,
       50., 88., 28., 11., 4., 8., 41., 113., 50., 11., 32., 7., 5., 14.,
       11., 15., 59., 55., 18., 23., 14., 54., 24., 2., 3., 7., 35., 47.,
       27., 37., 29., 12., 13., 31., 87., 73., 21., 53., 22., 2., 1.,
       19., 13., 62., 77., 60., 11., 0., 0., 0., 7., 12., 9., 15., 63.,
       47., 33., 18., 102., 28., 32., 21., 27., 25., 8., 94., 46., 4.,
       4., 101., 108., 17., 3., 80., 103., 81., 22., 55., 82., 45., 4.,
       4., 2., 0., 0., 1., 88., 81., 53., 49., 108., 43., 9., 21., 86.,
       66., 11., 18., 35., 16., 9., 87., 58., 25., 11., 40., 51., 32.,
       1., 3., 95., 105., 13., 17., 0., 0., 0., 3., 39., 47., 10., 2.,
       10., 6., 2., 4., 29., 108., 58., 6., 20., 3., 2., 10., 12., 21.,
       42., 76., 7., 11., 3., 3., 108., 52., 3., 16., 38., 11., 0., 0.,
