%YAML:1.0
---
mat: !!opencv-matrix
   rows: 62
   cols: 128
   dt: f
   data: [ 59., 18., 6., 2., 1., 1., 1., 21., 70., 14., 5., 38., 59.,
       14., 3., 22., 144., 2., 1., 9., 24., 12., 5., 85., 28., 17., 11.,
       11., 144., 37., 6., 18., 28., 0., 0., 0., 1., 9., 24., 118., 60.,
       0., 0., 0., 85., 144., 36., 73., 144., 26., 1., 8., 39., 28., 4.,
       29., 45., 8., 1., 24., 144., 14., 3., 18., 0., 0., 2., 1., 1.,
       12., 38., 43., 9., 0., 4., 6., 53., 144., 54., 30., 130., 30., 5.,
       11., 21., 91., 50., 37., 23., 12., 5., 24., 92., 23., 32., 59.,
       0., 0., 19., 4., 0., 1., 2., 1., 0., 0., 60., 45., 14., 36., 13.,
       1., 3., 3., 19., 40., 9., 36., 34., 7., 41., 16., 7., 4., 1., 3.,
       16., 34., 23., 19., 118., 65., 1., 0., 2., 40., 16., 24., 37.,
       24., 17., 9., 9., 26., 27., 38., 9., 5., 3., 9., 49., 11., 4.,
       41., 16., 0., 0., 19., 35., 3., 66., 4., 12., 40., 14., 1., 7.,
       134., 31., 26., 18., 134., 102., 8., 10., 48., 134., 88., 20.,
       27., 6., 3., 13., 12., 28., 11., 6., 0., 0., 32., 35., 6., 55.,
       8., 24., 134., 17., 0., 1., 77., 78., 10., 5., 134., 57., 0., 0.,
       28., 134., 63., 102., 29., 1., 0., 0., 20., 10., 23., 64., 4., 0.,
       0., 0., 0., 3., 2., 14., 134., 27., 4., 27., 21., 23., 4., 7.,
       73., 19., 5., 28., 65., 17., 9., 73., 93., 11., 1., 0., 7., 0.,
       0., 19., 7., 0., 0., 0., 0., 2., 0., 0., 1., 2., 0., 0., 0., 62.,
       0., 0., 0., 1., 0., 0., 9., 141., 0., 0., 3., 24., 0., 0., 48.,
       65., 0., 0., 5., 37., 0., 0., 12., 1., 1., 1., 1., 1., 0., 9., 6.,
       86., 3., 0., 0., 0., 0., 28., 24., 141., 62., 30., 19., 17., 0.,
       5., 30., 51., 46., 41., 18., 21., 1., 0., 5., 0., 0., 0., 0., 0.,
       0., 122., 93., 15., 2., 0., 0., 0., 3., 141., 123., 40., 38., 28.,
       6., 1., 27., 141., 36., 2., 41., 56., 6., 16., 35., 31., 1., 3.,
       2., 1., 3., 1., 1., 88., 97., 16., 15., 4., 2., 1., 5., 141.,
       114., 2., 3., 3., 1., 12., 58., 141., 23., 0., 0., 0., 0., 61.,
       106., 77., 0., 0., 43., 77., 0., 0., 17., 34., 0., 0., 24., 65.,
       27., 20., 22., 26., 0., 11., 1., 12., 77., 56., 6., 9., 19., 13.,
       0., 0., 1., 2., 1., 69., 53., 0., 113., 139., 0., 0., 3., 7., 0.,
       7., 93., 139., 35., 21., 15., 11., 0., 139., 23., 56., 45., 33.,
       5., 2., 52., 139., 2., 0., 1., 1., 0., 40., 121., 0., 8., 17., 0.,
       0., 1., 1., 0., 50., 28., 49., 1., 0., 0., 0., 1., 139., 63., 14.,
       1., 0., 0., 0., 21., 139., 54., 13., 13., 4., 1., 0., 24., 0., 1.,
       2., 0., 0., 1., 1., 0., 31., 8., 1., 1., 1., 0., 0., 0., 139.,
       64., 1., 0., 0., 0., 0., 3., 139., 66., 4., 3., 2., 4., 1., 5.,
       1., 93., 62., 85., 5., 0., 0., 0., 84., 64., 33., 85., 6., 1., 0.,
       5., 33., 83., 89., 10., 9., 14., 5., 7., 4., 38., 15., 1., 57.,
       88., 1., 0., 33., 63., 27., 34., 7., 6., 3., 12., 116., 21., 10.,
       27., 21., 18., 6., 33., 71., 69., 39., 18., 116., 50., 4., 15.,
       116., 89., 7., 2., 54., 21., 0., 6., 21., 2., 0., 0., 2., 57.,
       62., 80., 116., 29., 1., 3., 17., 73., 40., 22., 79., 19., 1., 8.,
       116., 50., 15., 50., 116., 5., 0., 9., 59., 8., 6., 86., 0., 0.,
       4., 8., 4., 42., 42., 17., 18., 5., 4., 15., 16., 92., 48., 14.,
       37., 9., 2., 4., 13., 12., 20., 51., 24., 3., 2., 59., 61., 1.,
       4., 48., 0., 152., 2., 0., 0., 0., 0., 0., 0., 119., 1., 0., 0.,
       0., 0., 0., 0., 6., 0., 0., 0., 0., 0., 0., 0., 0., 0., 0., 0.,
       0., 0., 0., 1., 98., 2., 0., 0., 1., 0., 0., 55., 152., 2., 0.,
       0., 0., 0., 4., 130., 48., 1., 0., 0., 0., 0., 78., 6., 0., 0.,
       0., 0., 0., 0., 10., 4., 30., 2., 1., 5., 37., 22., 2., 152., 84.,
       0., 0., 1., 2., 1., 6., 152., 110., 2., 6., 2., 1., 0., 91., 35.,
       23., 3., 16., 7., 4., 14., 17., 3., 10., 14., 37., 55., 69., 26.,
       3., 115., 34., 2., 7., 14., 4., 1., 32., 152., 152., 11., 0., 0.,
       0., 0., 10., 17., 104., 3., 1., 2., 2., 13., 5., 49., 1., 0., 0.,
       0., 0., 0., 36., 112., 0., 0., 0., 0., 0., 2., 136., 47., 3., 17.,
       14., 2., 0., 19., 136., 8., 9., 17., 12., 0., 0., 4., 23., 90.,
       25., 0., 0., 0., 0., 0., 11., 136., 30., 0., 2., 5., 2., 1., 75.,
       70., 11., 19., 42., 57., 11., 2., 36., 9., 30., 94., 42., 26.,
       13., 0., 3., 82., 26., 0., 0., 0., 0., 0., 10., 136., 80., 1., 3.,
       11., 1., 0., 18., 76., 61., 10., 45., 120., 44., 5., 2., 17., 44.,
       17., 18., 80., 62., 12., 7., 43., 29., 0., 0., 0., 0., 2., 9.,
       122., 136., 0., 0., 1., 1., 1., 3., 50., 136., 5., 0., 19., 54.,
       30., 4., 8., 24., 10., 3., 13., 53., 80., 19., 18., 1., 7., 5.,
       5., 36., 45., 42., 129., 0., 0., 3., 3., 1., 9., 149., 31., 9.,
       49., 39., 11., 2., 23., 149., 17., 46., 52., 14., 0., 1., 19.,
       15., 122., 18., 25., 6., 3., 3., 3., 25., 149., 11., 0., 3., 13.,
       19., 4., 124., 44., 7., 14., 51., 93., 100., 8., 25., 10., 62.,
       79., 84., 32., 21., 2., 1., 84., 4., 0., 0., 0., 0., 2., 8., 149.,
       43., 1., 1., 4., 6., 1., 9., 38., 19., 2., 9., 85., 112., 53., 8.,
       0., 2., 9., 17., 48., 149., 46., 1., 0., 0., 0., 0., 0., 0., 0.,
       0., 6., 1., 0., 0., 0., 0., 0., 0., 2., 1., 0., 0., 1., 10., 15.,
       4., 0., 0., 0., 0., 12., 51., 10., 1., 2., 43., 89., 3., 0., 4.,
       52., 12., 43., 86., 110., 0., 0., 2., 33., 19., 160., 90., 13.,
       0., 0., 0., 2., 6., 12., 2., 0., 0., 0., 0., 0., 0., 3., 22., 39.,
       8., 1., 2., 112., 25., 70., 11., 22., 46., 9., 12., 68., 22.,
       160., 11., 3., 3., 1., 1., 3., 13., 19., 0., 0., 0., 0., 0., 0.,
       0., 7., 89., 148., 9., 0., 4., 10., 3., 133., 43., 75., 42., 1.,
       0., 0., 1., 160., 9., 2., 1., 0., 0., 0., 8., 16., 0., 0., 0., 0.,
       0., 0., 0., 23., 15., 5., 11., 36., 33., 22., 4., 160., 12., 2.,
       0., 0., 0., 0., 3., 160., 0., 0., 0., 0., 0., 0., 6., 11., 0., 0.,
       0., 0., 0., 0., 0., 0., 15., 12., 0., 0., 0., 0., 0., 0., 8., 10.,
       0., 0., 0., 0., 0., 1., 2., 1., 0., 0., 0., 0., 0., 0., 0., 0.,
       0., 0., 0., 0., 0., 2., 108., 143., 4., 1., 6., 25., 4., 19.,
       143., 143., 0., 0., 0., 15., 8., 143., 132., 41., 0., 0., 0., 1.,
       4., 13., 2., 0., 0., 0., 0., 0., 0., 4., 28., 32., 4., 1., 12.,
       143., 18., 67., 44., 38., 22., 5., 16., 134., 37., 143., 42., 7.,
       2., 1., 3., 8., 53., 18., 1., 0., 0., 0., 0., 0., 2., 6., 103.,
       126., 5., 0., 6., 19., 4., 114., 38., 79., 45., 3., 3., 8., 11.,
       143., 5., 3., 2., 0., 0., 0., 43., 5., 0., 0., 0., 0., 0., 0., 1.,
       41., 2., 0., 0., 0., 0., 0., 12., 91., 8., 1., 0., 0., 0., 0.,
       38., 148., 3., 0., 0., 1., 1., 0., 131., 49., 2., 14., 34., 14.,
       9., 1., 66., 61., 10., 1., 0., 0., 0., 0., 3., 105., 56., 25., 2.,
       1., 1., 2., 10., 148., 36., 3., 2., 4., 4., 2., 54., 49., 7., 5.,
       39., 77., 28., 3., 16., 50., 16., 0., 0., 0., 0., 0., 1., 108.,
       22., 4., 1., 1., 1., 9., 47., 148., 75., 1., 2., 8., 0., 1., 27.,
       56., 36., 6., 40., 148., 29., 0., 0., 22., 20., 0., 0., 0., 0.,
       0., 0., 74., 61., 0., 0., 0., 0., 0., 3., 148., 148., 0., 0., 1.,
       0., 0., 1., 49., 90., 0., 0., 47., 73., 4., 0., 0., 0., 0., 0.,
       13., 1., 0., 1., 0., 0., 0., 0., 17., 10., 21., 5., 0., 0., 0.,
       0., 16., 15., 39., 1., 0., 0., 0., 0., 13., 19., 27., 0., 19., 0.,
       0., 1., 11., 0., 1., 8., 103., 2., 1., 5., 3., 15., 119., 119.,
       14., 7., 6., 15., 6., 60., 130., 41., 7., 3., 1., 2., 18., 96.,
       130., 23., 37., 4., 0., 2., 6., 3., 17., 3., 130., 75., 31., 59.,
       4., 3., 13., 27., 42., 121., 94., 130., 10., 12., 30., 16., 24.,
       60., 115., 66., 45., 31., 30., 12., 16., 4., 0., 2., 3., 22.,
       130., 31., 18., 33., 19., 19., 12., 55., 130., 8., 18., 37., 46.,
       38., 44., 58., 21., 23., 21., 20., 78., 17., 1., 16., 84., 44.,
       50., 2., 0., 0., 0., 0., 8., 22., 130., 37., 10., 6., 2., 6., 23.,
