%YAML:1.0
---
mat: !!opencv-matrix
   rows: 45
   cols: 128
   dt: f
   data: [ 71., 10., 2., 2., 17., 2., 1., 17., 3., 1., 5., 59., 119.,
       37., 5., 4., 113., 38., 13., 29., 32., 21., 16., 65., 82., 7., 0.,
       0., 0., 1., 2., 26., 109., 2., 0., 8., 35., 2., 0., 32., 5., 9.,
       15., 106., 119., 38., 7., 5., 119., 49., 17., 21., 16., 19., 17.,
       89., 63., 2., 0., 0., 0., 2., 4., 33., 48., 0., 0., 13., 63., 6.,
       1., 40., 15., 15., 20., 94., 119., 48., 11., 17., 119., 38., 12.,
       9., 8., 11., 11., 119., 44., 1., 0., 0., 0., 3., 4., 28., 3., 0.,
       0., 8., 56., 27., 6., 14., 18., 13., 15., 55., 103., 104., 94.,
       30., 119., 26., 7., 3., 1., 6., 49., 109., 19., 0., 0., 0., 0.,
       1., 3., 11., 0., 3., 3., 8., 7., 0., 0., 0., 0., 1., 29., 107.,
       114., 13., 3., 0., 64., 100., 108., 49., 36., 16., 16., 49., 69.,
       46., 8., 4., 0., 0., 0., 18., 0., 4., 5., 34., 31., 0., 0., 0.,
       6., 8., 13., 114., 114., 24., 8., 6., 114., 31., 13., 22., 24.,
       18., 26., 114., 74., 3., 2., 38., 18., 0., 0., 36., 0., 2., 3.,
       63., 62., 1., 0., 0., 25., 21., 25., 100., 114., 34., 19., 25.,
       114., 20., 4., 4., 5., 7., 17., 114., 29., 0., 0., 63., 86., 1.,
       0., 12., 0., 1., 3., 54., 99., 8., 0., 0., 57., 24., 19., 52.,
       70., 23., 20., 56., 114., 17., 2., 5., 5., 0., 1., 63., 6., 0.,
       0., 33., 90., 11., 6., 3., 0., 0., 8., 51., 67., 17., 0., 0., 42.,
       50., 106., 103., 61., 44., 14., 18., 115., 101., 26., 4., 5., 0.,
       2., 13., 4., 7., 9., 31., 89., 9., 0., 0., 0., 0., 2., 5., 90.,
       39., 0., 0., 30., 26., 15., 37., 115., 104., 23., 23., 115., 115.,
       12., 7., 6., 4., 6., 25., 25., 17., 0., 2., 108., 39., 0., 0., 0.,
       1., 5., 6., 49., 14., 0., 0., 7., 5., 6., 25., 115., 115., 16.,
       12., 115., 106., 24., 16., 16., 17., 14., 36., 48., 46., 0., 0.,
       40., 23., 0., 0., 0., 1., 5., 2., 13., 3., 0., 0., 0., 1., 4.,
       21., 115., 73., 3., 0., 88., 64., 21., 20., 42., 44., 14., 30.,
       83., 47., 1., 1., 12., 2., 0., 6., 1., 8., 23., 5., 1., 13., 94.,
       23., 2., 6., 40., 7., 1., 13., 122., 30., 10., 16., 32., 4., 1.,
       11., 123., 39., 31., 9., 2., 0., 0., 1., 19., 38., 44., 62., 87.,
       11., 6., 7., 9., 25., 14., 18., 144., 66., 64., 24., 10., 6.,
       108., 89., 115., 9., 7., 1., 6., 28., 39., 20., 2., 0., 0., 0.,
       1., 16., 99., 10., 5., 2., 20., 11., 3., 134., 50., 5., 6., 10.,
       144., 55., 3., 11., 144., 17., 5., 3., 40., 4., 0., 29., 47., 2.,
       0., 0., 0., 0., 0., 16., 38., 0., 0., 0., 18., 2., 0., 52., 34.,
       1., 0., 0., 144., 19., 0., 1., 144., 14., 0., 0., 43., 3., 0., 0.,
       46., 4., 0., 0., 0., 0., 0., 1., 0., 0., 0., 2., 30., 1., 0., 0.,
       23., 0., 0., 18., 144., 0., 0., 1., 144., 0., 0., 5., 57., 0., 0.,
       11., 35., 0., 0., 36., 19., 1., 0., 2., 0., 0., 0., 24., 37., 1.,
       0., 0., 32., 1., 0., 63., 144., 10., 5., 3., 144., 25., 3., 15.,
       56., 4., 5., 14., 29., 8., 3., 144., 68., 4., 1., 1., 0., 0., 3.,
       19., 38., 22., 2., 0., 7., 0., 9., 33., 93., 98., 114., 8., 76.,
       20., 8., 7., 14., 23., 143., 58., 7., 7., 5., 44., 55., 71., 74.,
       8., 0., 3., 33., 49., 37., 11., 3., 1., 2., 19., 134., 25., 6.,
       17., 33., 3., 1., 19., 121., 21., 2., 8., 40., 5., 1., 16., 86.,
       13., 1., 15., 28., 3., 12., 4., 18., 11., 39., 0., 0., 16., 52.,
       1., 2., 14., 165., 0., 0., 1., 165., 1., 0., 1., 35., 0., 0., 5.,
       67., 1., 0., 0., 0., 0., 0., 2., 19., 32., 60., 42., 27., 1., 0.,
       6., 62., 10., 4., 37., 165., 13., 5., 7., 165., 30., 0., 1., 36.,
       3., 4., 16., 78., 20., 0., 0., 0., 0., 0., 0., 23., 8., 11., 10.,
       10., 14., 62., 69., 15., 2., 0., 12., 82., 84., 165., 37., 144.,
       16., 0., 0., 6., 9., 119., 140., 59., 14., 0., 0., 0., 0., 2.,
       24., 6., 2., 0., 0., 0., 2., 29., 20., 12., 2., 0., 0., 0., 6.,
       61., 23., 10., 1., 0., 0., 0., 0., 44., 39., 6., 1., 0., 0., 0.,
       0., 2., 14., 0., 0., 78., 48., 6., 0., 0., 0., 4., 21., 115., 27.,
       3., 0., 0., 0., 3., 14., 46., 51., 6., 0., 0., 1., 0., 1., 95.,
       39., 3., 0., 2., 1., 10., 7., 76., 76., 141., 42., 0., 0., 148.,
       58., 100., 22., 21., 3., 1., 36., 36., 14., 15., 47., 85., 18.,
       12., 35., 1., 1., 36., 27., 18., 6., 67., 77., 22., 2., 0., 2.,
       148., 50., 0., 0., 148., 24., 0., 1., 61., 10., 1., 11., 70., 3.,
       0., 0., 35., 45., 39., 31., 3., 0., 0., 5., 8., 6., 33., 72., 12.,
       1., 0., 0., 148., 22., 0., 0., 148., 20., 0., 0., 62., 6., 0., 1.,
       87., 5., 0., 0., 2., 6., 10., 4., 0., 0., 0., 35., 27., 2., 5.,
       2., 123., 2., 0., 1., 12., 3., 4., 60., 6., 4., 12., 61., 123.,
       38., 5., 6., 99., 56., 23., 23., 21., 18., 12., 63., 47., 6., 0.,
       0., 0., 0., 4., 22., 65., 7., 1., 5., 31., 5., 6., 48., 8., 11.,
       14., 104., 123., 46., 6., 9., 123., 66., 16., 26., 20., 16., 10.,
       78., 52., 4., 0., 0., 0., 2., 9., 23., 114., 10., 1., 7., 45., 5.,
       0., 16., 11., 11., 11., 73., 123., 78., 17., 18., 123., 40., 9.,
       10., 11., 19., 21., 119., 45., 1., 0., 0., 0., 4., 4., 17., 72.,
       0., 0., 9., 54., 6., 0., 27., 20., 15., 16., 75., 123., 43., 9.,
       19., 123., 37., 9., 7., 4., 5., 6., 79., 23., 1., 0., 0., 0., 5.,
       6., 12., 0., 5., 6., 12., 22., 0., 0., 0., 3., 5., 6., 80., 123.,
       36., 9., 7., 123., 42., 9., 20., 21., 16., 16., 76., 56., 6., 0.,
       27., 69., 0., 0., 10., 0., 4., 4., 17., 44., 1., 0., 0., 11., 19.,
       21., 120., 123., 39., 9., 10., 123., 76., 17., 18., 12., 11., 12.,
       74., 46., 4., 0., 18., 112., 9., 1., 8., 0., 2., 9., 24., 52., 3.,
       0., 0., 20., 16., 11., 79., 123., 65., 17., 27., 123., 45., 6.,
       9., 8., 11., 14., 106., 31., 5., 6., 48., 65., 7., 1., 5., 0., 0.,
       3., 23., 48., 6., 0., 0., 22., 19., 12., 63., 97., 55., 24., 24.,
       123., 36., 4., 6., 6., 3., 12., 61., 12., 3., 4., 63., 123., 1.,
       0., 1., 0., 1., 30., 43., 0., 0., 18., 29., 2., 4., 33., 41., 7.,
       2., 20., 63., 37., 82., 53., 30., 9., 3., 4., 24., 37., 49., 1.,
       0., 0., 0., 0., 1., 4., 7., 48., 84., 24., 5., 12., 19., 99., 51.,
       66., 45., 27., 33., 6., 12., 65., 95., 16., 18., 55., 123., 4.,
       4., 93., 131., 0., 0., 2., 5., 0., 0., 22., 4., 7., 25., 131.,
       28., 8., 22., 131., 12., 3., 10., 55., 14., 2., 9., 61., 17., 1.,
       4., 84., 131., 2., 5., 79., 131., 0., 0., 31., 50., 0., 0., 22.,
       1., 0., 23., 131., 2., 1., 11., 131., 14., 3., 16., 45., 0., 0.,
       4., 37., 9., 16., 49., 32., 27., 1., 3., 28., 28., 2., 3., 32.,
       53., 25., 31., 3., 0., 1., 8., 125., 4., 0., 0., 125., 6., 3., 8.,
       78., 2., 6., 26., 26., 1., 1., 41., 27., 8., 47., 21., 4., 0., 3.,
       113., 80., 6., 9., 30., 7., 0., 0., 17., 125., 0., 0., 0., 125.,
       8., 2., 20., 95., 0., 0., 10., 44., 4., 2., 125., 84., 1., 2.,
       12., 36., 0., 2., 101., 43., 0., 1., 125., 4., 0., 1., 24., 125.,
       32., 12., 3., 111., 15., 4., 26., 67., 32., 39., 35., 26., 6., 3.,
       112., 86., 43., 50., 39., 56., 8., 17., 19., 7., 6., 29., 91., 0.,
       0., 29., 40., 38., 27., 16., 1., 2., 1., 70., 8., 5., 23., 50.,
       14., 1., 5., 52., 3., 5., 32., 66., 9., 1., 4., 26., 6., 1., 10.,
       48., 9., 1., 1., 27., 41., 3., 2., 28., 30., 1., 1., 27., 27., 1.,
       1., 51., 81., 1., 4., 36., 42., 8., 3., 29., 70., 9., 27., 66.,
       74., 19., 9., 5., 13., 2., 1., 41., 48., 2., 2., 29., 41., 9.,
       13., 103., 142., 28., 5., 10., 17., 119., 67., 89., 40., 15., 22.,
       5., 11., 30., 23., 8., 21., 69., 142., 6., 6., 11., 3., 46., 39.,
       12., 10., 16., 65., 42., 5., 11., 48., 142., 47., 14., 11., 142.,
       14., 5., 8., 28., 6., 1., 18., 51., 2., 0., 0., 59., 120., 2., 5.,
       24., 0., 0., 6., 38., 3., 7., 66., 49., 1., 0., 40., 142., 5., 3.,
       5., 142., 2., 0., 5., 21., 0., 0., 15., 40., 3., 4., 7., 18., 21.,
