%YAML:1.0
---
mat: !!opencv-matrix
   rows: 39
   cols: 128
   dt: f
   data: [ 0., 0., 0., 2., 40., 20., 15., 1., 10., 11., 24., 50., 137.,
       78., 18., 14., 137., 55., 23., 8., 7., 13., 13., 55., 28., 3., 0.,
       0., 4., 19., 20., 25., 0., 0., 0., 3., 54., 28., 8., 1., 15., 17.,
       12., 76., 137., 88., 9., 11., 137., 93., 13., 21., 19., 15., 10.,
       65., 55., 7., 0., 0., 0., 4., 24., 21., 0., 0., 0., 1., 36., 29.,
       3., 1., 12., 6., 3., 30., 137., 137., 19., 15., 137., 31., 4.,
       12., 25., 35., 22., 105., 63., 2., 0., 0., 0., 1., 4., 22., 0.,
       0., 0., 10., 21., 4., 1., 2., 6., 4., 7., 36., 135., 71., 15., 6.,
       137., 18., 2., 7., 20., 32., 24., 42., 49., 2., 0., 0., 0., 0.,
       1., 5., 0., 1., 2., 8., 23., 0., 0., 0., 10., 19., 16., 62., 136.,
       8., 1., 6., 125., 69., 17., 14., 17., 7., 9., 44., 33., 2., 0.,
       1., 0., 0., 2., 25., 0., 2., 7., 28., 47., 1., 0., 0., 19., 28.,
       20., 136., 136., 20., 4., 12., 136., 134., 17., 19., 17., 6., 4.,
       46., 48., 23., 2., 1., 0., 0., 0., 2., 0., 10., 26., 30., 59., 3.,
       0., 0., 24., 18., 11., 90., 136., 67., 14., 26., 136., 64., 7.,
       9., 11., 13., 12., 102., 51., 20., 6., 0., 0., 0., 0., 5., 9.,
       20., 12., 27., 44., 5., 0., 0., 17., 19., 18., 70., 122., 50.,
       28., 17., 136., 58., 11., 6., 3., 6., 18., 57., 25., 13., 17., 0.,
       0., 0., 0., 1., 70., 47., 36., 7., 1., 1., 1., 60., 15., 11.,
       108., 71., 5., 21., 26., 25., 11., 3., 43., 64., 47., 52., 39.,
       10., 8., 0., 0., 3., 22., 41., 10., 12., 77., 34., 22., 5., 2.,
       12., 18., 52., 40., 10., 50., 26., 33., 107., 38., 30., 108., 15.,
       11., 6., 33., 57., 40., 63., 19., 0., 0., 1., 78., 92., 16., 35.,
       108., 70., 1., 0., 1., 10., 7., 19., 45., 88., 34., 2., 19., 105.,
       87., 34., 40., 4., 38., 72., 47., 17., 70., 108., 11., 0., 1.,
       35., 82., 16., 7., 99., 12., 34., 2., 0., 0., 38., 79., 3., 9.,
       88., 72., 3., 0., 2., 72., 19., 2., 7., 69., 45., 2., 0., 44.,
       74., 4., 0., 2., 10., 2., 0., 16., 108., 8., 2., 0., 0., 7., 30.,
       62., 38., 16., 21., 5., 0., 2., 9., 84., 79., 24., 68., 3., 0.,
       1., 39., 98., 16., 56., 106., 0., 0., 1., 11., 5., 1., 24., 9.,
       6., 9., 106., 34., 22., 49., 33., 89., 96., 7., 32., 7., 33., 43.,
       84., 102., 30., 2., 33., 71., 49., 19., 65., 54., 1., 5., 59.,
       45., 4., 1., 16., 47., 27., 41., 106., 6., 4., 15., 39., 41., 32.,
       8., 35., 4., 87., 96., 84., 24., 45., 84., 36., 2., 35., 94., 85.,
       12., 8., 69., 64., 3., 0., 9., 6., 34., 61., 27., 8., 2., 1., 1.,
       17., 82., 85., 8., 2., 0., 5., 10., 10., 13., 106., 65., 1., 0.,
       3., 20., 87., 2., 10., 26., 2., 0., 0., 67., 8., 3., 104., 67.,
       0., 0., 0., 15., 8., 3., 96., 19., 0., 4., 47., 56., 0., 21., 90.,
       4., 5., 56., 56., 4., 0., 102., 67., 2., 6., 18., 1., 0., 104.,
       20., 28., 28., 1., 0., 0., 53., 45., 28., 94., 100., 14., 2., 28.,
       80., 43., 98., 77., 16., 44., 81., 36., 5., 5., 48., 14., 13.,
       104., 57., 1., 0., 76., 40., 13., 13., 2., 8., 26., 42., 41., 28.,
       29., 101., 34., 36., 40., 8., 104., 64., 43., 56., 30., 7., 8.,
       17., 7., 8., 14., 94., 92., 2., 0., 0., 55., 74., 5., 0., 0., 10.,
       38., 37., 16., 30., 19., 18., 7., 89., 103., 7., 9., 15., 35.,
       52., 52., 62., 32., 1., 3., 2., 14., 40., 12., 1., 0., 3., 0., 0.,
       0., 116., 104., 8., 23., 7., 0., 0., 3., 61., 22., 58., 87., 7.,
       1., 13., 14., 4., 3., 37., 81., 7., 2., 27., 22., 2., 0., 12.,
       58., 6., 13., 1., 0., 17., 105., 23., 42., 58., 9., 2., 3., 67.,
       79., 66., 80., 27., 76., 9., 6., 20., 11., 44., 104., 52., 5., 4.,
       12., 8., 13., 52., 116., 18., 17., 16., 20., 9., 87., 74., 2., 9.,
       9., 8., 49., 75., 82., 75., 6., 4., 70., 40., 100., 57., 10., 19.,
       7., 11., 5., 24., 116., 62., 11., 5., 6., 2., 0., 1., 8., 6., 65.,
       116., 1., 0., 0., 1., 37., 64., 42., 116., 11., 0., 0., 4., 73.,
       55., 14., 57., 9., 0., 3., 6., 76., 25., 2., 10., 4., 1., 20.,
       13., 4., 4., 9., 55., 43., 42., 1., 1., 0., 1., 13., 118., 88.,
       2., 44., 13., 0., 0., 4., 65., 66., 12., 118., 79., 0., 0., 0.,
       1., 10., 9., 38., 118., 32., 5., 3., 10., 7., 8., 13., 36., 26.,
       99., 40., 51., 38., 5., 59., 11., 4., 19., 13., 59., 105., 41.,
       118., 12., 0., 0., 2., 35., 59., 44., 17., 117., 22., 3., 14.,
       12., 1., 0., 67., 106., 31., 32., 6., 3., 36., 35., 67., 27., 28.,
       15., 7., 10., 48., 108., 99., 2., 6., 14., 15., 23., 11., 62., 8.,
       9., 0., 0., 7., 27., 57., 5., 43., 97., 12., 0., 0., 1., 57., 33.,
       23., 66., 64., 7., 0., 0., 27., 93., 64., 4., 10., 7., 1., 0., 4.,
       118., 8., 12., 117., 15., 0., 0., 0., 6., 54., 60., 117., 1., 0.,
       0., 1., 49., 19., 97., 77., 0., 2., 7., 16., 38., 6., 117., 48.,
       2., 5., 6., 2., 0., 36., 7., 17., 1., 0., 2., 16., 117., 73., 34.,
       39., 5., 9., 28., 22., 94., 65., 110., 49., 16., 18., 12., 9.,
       22., 34., 94., 17., 52., 50., 9., 1., 0., 44., 7., 5., 7., 0., 4.,
       41., 117., 19., 4., 29., 53., 47., 96., 22., 37., 56., 39., 97.,
       80., 20., 18., 2., 7., 80., 32., 53., 95., 11., 0., 0., 3., 18.,
       43., 49., 51., 6., 3., 5., 14., 1., 1., 70., 117., 11., 2., 7.,
       4., 2., 2., 49., 70., 6., 2., 16., 11., 105., 5., 15., 6., 0., 0.,
       3., 41., 1., 15., 135., 44., 0., 0., 0., 0., 0., 85., 135., 5.,
       0., 0., 0., 0., 7., 93., 26., 0., 0., 0., 0., 0., 2., 7., 0., 0.,
       0., 3., 1., 0., 16., 16., 135., 118., 3., 0., 1., 13., 40., 135.,
       135., 10., 0., 0., 0., 4., 135., 135., 21., 0., 0., 0., 0., 2.,
       30., 25., 0., 0., 0., 0., 0., 0., 10., 1., 9., 20., 14., 10., 21.,
       25., 98., 16., 27., 19., 1., 1., 5., 49., 135., 27., 2., 0., 0.,
       0., 0., 77., 42., 23., 2., 0., 0., 0., 0., 2., 0., 0., 0., 3.,
       20., 16., 39., 30., 33., 0., 0., 1., 1., 2., 56., 135., 98., 5.,
       0., 0., 0., 0., 4., 135., 9., 21., 8., 0., 0., 0., 0., 1., 1., 0.,
       1., 3., 14., 79., 61., 5., 8., 1., 0., 1., 5., 38., 95., 44., 3.,
       7., 15., 0., 6., 65., 66., 26., 2., 1., 27., 3., 6., 35., 67.,
       32., 28., 4., 64., 80., 38., 38., 17., 6., 119., 8., 3., 11., 18.,
       59., 39., 67., 23., 5., 4., 10., 32., 119., 68., 83., 17., 5., 1.,
       1., 107., 54., 47., 88., 35., 3., 22., 20., 15., 51., 79., 9.,
       119., 32., 9., 39., 21., 12., 8., 15., 37., 68., 44., 119., 52.,
       25., 11., 13., 32., 69., 18., 23., 119., 5., 3., 12., 5., 7., 50.,
       81., 24., 27., 24., 1., 42., 70., 78., 55., 18., 3., 1., 1., 16.,
       47., 56., 98., 39., 0., 0., 0., 18., 55., 75., 51., 26., 0., 0.,
       0., 8., 2., 6., 23., 9., 1., 6., 16., 34., 5., 1., 1., 3., 6.,
       18., 30., 157., 20., 0., 0., 1., 1., 2., 4., 157., 22., 0., 0.,
       0., 0., 0., 0., 10., 0., 0., 6., 3., 13., 47., 55., 40., 5., 3.,
       53., 33., 8., 12., 36., 157., 19., 2., 8., 4., 1., 1., 3., 157.,
       8., 0., 0., 0., 0., 0., 3., 1., 0., 0., 62., 27., 7., 16., 23.,
       71., 5., 4., 106., 36., 1., 2., 9., 157., 9., 1., 3., 0., 0., 0.,
       15., 157., 2., 0., 0., 0., 0., 0., 21., 3., 1., 0., 81., 68., 1.,
       2., 3., 80., 2., 1., 32., 11., 0., 0., 25., 157., 1., 0., 0., 0.,
       0., 0., 49., 157., 1., 0., 0., 0., 0., 0., 43., 0., 0., 1., 115.,
       23., 1., 3., 1., 16., 5., 12., 53., 3., 6., 8., 7., 115., 51., 2.,
       1., 0., 0., 10., 77., 66., 63., 6., 14., 6., 32., 70., 44., 24.,
       12., 4., 67., 22., 3., 10., 14., 51., 9., 5., 21., 24., 27., 21.,
       29., 115., 92., 19., 1., 2., 2., 24., 115., 34., 76., 84., 30.,
       39., 18., 27., 66., 27., 11., 5., 16., 19., 10., 13., 35., 82.,
       17., 7., 24., 23., 14., 7., 57., 91., 97., 43., 1., 0., 19., 86.,
       101., 1., 51., 115., 29., 25., 68., 60., 2., 28., 9., 5., 13.,
       14., 4., 3., 19., 63., 12., 4., 12., 16., 6., 35., 115., 28., 65.,
