%YAML:1.0
---
mat: !!opencv-matrix
   rows: 95
   cols: 128
   dt: f
   data: [ 0., 1., 29., 0., 0., 0., 0., 1., 3., 23., 138., 1., 0., 1.,
       19., 29., 4., 26., 138., 0., 0., 5., 32., 18., 1., 6., 138., 10.,
       1., 5., 27., 12., 4., 0., 0., 0., 0., 0., 0., 5., 85., 14., 2.,
       0., 0., 9., 49., 119., 16., 10., 8., 3., 1., 62., 138., 74., 9.,
       15., 5., 0., 0., 8., 138., 86., 2., 1., 0., 0., 0., 0., 0., 1.,
       66., 105., 34., 1., 0., 2., 3., 16., 21., 74., 128., 10., 2., 13.,
       30., 32., 15., 103., 93., 2., 0., 1., 53., 39., 0., 0., 0., 0.,
       0., 0., 0., 0., 30., 18., 6., 0., 2., 4., 6., 24., 66., 46., 23.,
       0., 0., 0., 58., 134., 5., 21., 36., 4., 3., 12., 138., 56., 88.,
       70., 1., 0., 17., 16., 2., 3., 67., 122., 20., 33., 71., 5., 0.,
       0., 50., 100., 11., 28., 98., 10., 0., 1., 36., 100., 35., 41.,
       85., 12., 1., 1., 33., 49., 7., 4., 114., 52., 0., 1., 122., 111.,
       21., 14., 22., 9., 2., 17., 12., 37., 23., 51., 122., 32., 2., 4.,
       5., 61., 91., 54., 21., 0., 1., 1., 17., 29., 5., 4., 122., 122.,
       0., 0., 55., 107., 103., 18., 5., 1., 0., 4., 3., 8., 64., 86.,
       44., 1., 0., 1., 4., 2., 5., 6., 8., 0., 0., 1., 0., 3., 1., 0.,
       122., 95., 0., 0., 0., 8., 12., 0., 2., 1., 0., 0., 0., 1., 4.,
       0., 0., 0., 0., 0., 0., 0., 0., 0., 0., 0., 0., 0., 0., 0., 0.,
       0., 0., 0., 0., 0., 0., 0., 0., 0., 0., 0., 7., 1., 16., 27., 0.,
       0., 0., 9., 22., 1., 144., 144., 0., 0., 0., 2., 2., 0., 6., 0.,
       0., 0., 1., 0., 0., 2., 45., 2., 0., 0., 2., 6., 57., 77., 8., 4.,
       0., 0., 49., 104., 97., 25., 134., 144., 0., 0., 12., 27., 8., 3.,
       17., 1., 1., 2., 4., 11., 45., 32., 123., 56., 2., 1., 5., 19.,
       32., 37., 32., 27., 3., 3., 75., 108., 37., 17., 17., 27., 0., 1.,
       27., 100., 26., 2., 87., 17., 1., 1., 0., 31., 56., 71., 40., 23.,
       0., 0., 12., 144., 49., 11., 126., 38., 0., 0., 7., 64., 23., 21.,
       6., 6., 0., 0., 46., 144., 9., 3., 3., 1., 22., 25., 0., 1., 5.,
       8., 16., 2., 16., 12., 2., 13., 48., 76., 40., 2., 0., 1., 7.,
       57., 57., 42., 61., 9., 2., 9., 26., 18., 31., 51., 21., 0., 3.,
       3., 1., 6., 23., 19., 129., 5., 1., 1., 10., 39., 48., 129., 56.,
       4., 0., 1., 120., 129., 42., 36., 109., 9., 1., 4., 32., 48., 16.,
       54., 16., 0., 0., 0., 2., 3., 5., 6., 129., 44., 4., 5., 13., 7.,
       6., 23., 62., 25., 9., 28., 129., 67., 4., 14., 129., 42., 3., 5.,
       45., 39., 6., 48., 2., 1., 2., 0., 0., 0., 3., 3., 129., 46., 6.,
       1., 2., 2., 6., 13., 63., 16., 4., 21., 129., 53., 8., 6., 127.,
       76., 9., 15., 50., 16., 0., 1., 1., 0., 1., 1., 1., 0., 142., 60.,
       1., 5., 34., 15., 1., 0., 142., 57., 22., 32., 20., 2., 0., 0.,
       142., 62., 6., 3., 0., 0., 0., 0., 12., 6., 1., 1., 1., 7., 28.,
       16., 24., 14., 12., 31., 91., 106., 124., 40., 7., 7., 142., 140.,
       62., 15., 6., 5., 5., 22., 41., 7., 0., 0., 0., 0., 0., 1., 18.,
       17., 1., 0., 21., 32., 10., 5., 9., 4., 3., 9., 96., 142., 103.,
       29., 142., 15., 2., 2., 5., 20., 95., 142., 45., 3., 0., 0., 0.,
       0., 0., 9., 47., 11., 0., 0., 1., 3., 1., 8., 4., 1., 0., 0., 1.,
       21., 40., 8., 6., 3., 0., 0., 2., 10., 33., 17., 8., 7., 0., 0.,
       0., 0., 0., 2., 0., 0., 0., 2., 4., 0., 0., 0., 1., 3., 21., 26.,
       18., 1., 0., 0., 8., 29., 33., 4., 1., 0., 0., 0., 1., 5., 5.,
       11., 9., 1., 0., 0., 0., 0., 0., 21., 25., 0., 0., 0., 5., 21.,
       83., 133., 120., 9., 2., 3., 107., 133., 107., 29., 7., 3., 1.,
       14., 32., 21., 2., 12., 18., 2., 0., 1., 0., 1., 6., 14., 49., 5.,
       0., 0., 8., 5., 8., 44., 133., 117., 69., 22., 133., 30., 9., 7.,
       9., 26., 66., 122., 38., 17., 21., 4., 11., 4., 0., 5., 0., 133.,
       133., 6., 8., 1., 0., 0., 0., 133., 133., 4., 8., 22., 27., 2.,
       5., 59., 115., 4., 1., 7., 25., 16., 2., 15., 46., 4., 1., 0., 0.,
       1., 11., 1., 0., 8., 147., 4., 1., 7., 72., 40., 11., 4., 2., 1.,
       2., 33., 21., 15., 18., 47., 50., 14., 4., 16., 93., 0., 0., 4.,
       33., 9., 1., 40., 17., 2., 0., 11., 147., 2., 0., 4., 99., 11.,
       1., 1., 5., 3., 14., 92., 29., 6., 2., 16., 85., 37., 28., 43.,
       137., 17., 1., 6., 49., 7., 2., 30., 25., 2., 0., 17., 147., 2.,
       0., 2., 147., 22., 0., 3., 17., 2., 1., 16., 47., 9., 0., 25.,
       147., 20., 5., 13., 116., 19., 3., 10., 37., 4., 2., 19., 14., 1.,
       0., 15., 147., 4., 1., 5., 144., 16., 2., 5., 7., 1., 0., 11.,
       39., 10., 3., 34., 65., 12., 2., 7., 47., 5., 1., 7., 23., 4., 4.,
       25., 8., 6., 2., 0., 0., 0., 1., 1., 134., 13., 3., 1., 13., 5.,
       5., 29., 30., 8., 6., 47., 115., 10., 4., 10., 115., 24., 5., 10.,
       31., 6., 0., 14., 29., 7., 0., 0., 0., 0., 0., 1., 145., 15., 1.,
       2., 31., 11., 4., 23., 68., 4., 1., 19., 145., 49., 4., 18., 145.,
       22., 15., 24., 34., 7., 0., 37., 35., 5., 0., 0., 0., 0., 0., 3.,
       145., 34., 3., 21., 33., 1., 0., 9., 53., 22., 4., 96., 145., 7.,
       0., 5., 55., 46., 26., 37., 16., 11., 11., 20., 30., 7., 0., 0.,
       0., 0., 0., 0., 145., 36., 0., 20., 32., 0., 0., 0., 59., 11., 0.,
       65., 145., 0., 0., 13., 86., 8., 1., 18., 24., 11., 16., 66., 90.,
       10., 0., 0., 15., 28., 4., 22., 83., 15., 1., 0., 30., 51., 13.,
       19., 97., 16., 0., 0., 20., 50., 6., 8., 30., 6., 0., 0., 45.,
       66., 2., 3., 69., 5., 0., 0., 85., 109., 6., 16., 137., 14., 0.,
       1., 13., 45., 9., 22., 77., 10., 0., 2., 54., 100., 7., 9., 76.,
       9., 0., 0., 37., 65., 2., 5., 31., 3., 0., 0., 137., 137., 3.,
       11., 137., 60., 13., 8., 13., 7., 1., 15., 46., 18., 11., 20.,
       78., 28., 8., 5., 117., 18., 0., 0., 23., 40., 3., 9., 4., 2., 0.,
       0., 137., 137., 0., 1., 73., 35., 3., 1., 22., 19., 1., 15., 44.,
       13., 3., 2., 24., 37., 20., 32., 56., 50., 1., 1., 25., 19., 3.,
       1., 19., 2., 1., 11., 20., 3., 1., 2., 162., 1., 0., 1., 2., 0.,
       0., 37., 162., 0., 0., 0., 0., 0., 0., 37., 70., 0., 0., 0., 0.,
       0., 0., 16., 41., 5., 3., 30., 19., 0., 0., 1., 162., 8., 1., 1.,
       0., 0., 0., 28., 162., 14., 0., 0., 0., 0., 0., 24., 81., 2., 0.,
       0., 0., 0., 0., 12., 57., 7., 3., 27., 13., 0., 0., 1., 162., 32.,
       0., 0., 0., 0., 0., 6., 162., 79., 0., 0., 0., 0., 0., 2., 96.,
       11., 0., 0., 0., 0., 0., 1., 62., 4., 2., 11., 11., 0., 0., 3.,
       162., 4., 0., 0., 0., 0., 0., 30., 162., 9., 0., 0., 0., 0., 0.,
       25., 81., 2., 1., 0., 0., 0., 0., 7., 106., 37., 2., 1., 7., 6.,
       6., 31., 54., 13., 2., 3., 37., 46., 14., 23., 78., 12., 0., 2.,
       38., 33., 11., 24., 0., 0., 0., 1., 38., 28., 2., 0., 116., 8.,
       0., 0., 7., 14., 10., 73., 81., 6., 0., 0., 80., 94., 23., 36.,
       116., 6., 0., 0., 40., 65., 13., 33., 6., 0., 0., 0., 70., 93.,
       4., 3., 116., 5., 0., 0., 24., 28., 6., 37., 116., 4., 0., 0.,
       60., 116., 17., 29., 116., 8., 0., 0., 48., 71., 3., 16., 23., 1.,
       0., 0., 106., 83., 1., 3., 104., 11., 0., 0., 55., 37., 4., 35.,
       95., 25., 12., 22., 65., 25., 3., 20., 116., 2., 0., 8., 59., 28.,
       2., 13., 40., 0., 0., 0., 77., 80., 0., 9., 149., 8., 0., 0., 0.,
       0., 0., 10., 149., 26., 2., 0., 0., 0., 0., 9., 102., 11., 1., 0.,
       0., 0., 0., 10., 24., 0., 0., 1., 2., 0., 0., 2., 149., 26., 0.,
       0., 0., 0., 0., 4., 135., 95., 13., 0., 0., 0., 0., 2., 149., 48.,
       3., 0., 0., 0., 0., 2., 31., 1., 0., 1., 1., 0., 0., 1., 149., 3.,
       0., 0., 0., 0., 0., 25., 149., 12., 1., 0., 0., 0., 0., 27., 149.,
       6., 0., 0., 0., 0., 0., 22., 28., 1., 2., 3., 0., 0., 0., 1.,
       149., 0., 0., 0., 0., 0., 0., 27., 120., 0., 0., 0., 0., 0., 0.,
       31., 149., 0., 0., 0., 0., 0., 0., 23., 15., 1., 1., 3., 0., 0.,
       0., 1., 145., 87., 0., 0., 0., 0., 0., 0., 108., 61., 0., 0., 0.,
       0., 0., 0., 104., 54., 0., 0., 0., 0., 0., 1., 9., 4., 0., 0., 0.,
