%YAML:1.0
---
mat: !!opencv-matrix
   rows: 75
   cols: 128
   dt: f
   data: [ 1., 5., 23., 1., 0., 0., 17., 8., 147., 16., 6., 1., 0., 0.,
       4., 19., 167., 45., 0., 0., 0., 0., 0., 2., 82., 12., 0., 0., 0.,
       0., 0., 0., 4., 10., 17., 0., 0., 0., 21., 17., 133., 27., 2., 0.,
       0., 0., 4., 47., 167., 42., 0., 0., 0., 0., 0., 12., 134., 11.,
       0., 0., 0., 0., 0., 0., 5., 15., 18., 0., 0., 0., 17., 31., 98.,
       50., 8., 0., 0., 0., 7., 73., 167., 47., 0., 0., 0., 0., 0., 52.,
       140., 11., 0., 0., 0., 0., 0., 2., 3., 15., 21., 0., 0., 0., 11.,
       11., 62., 60., 13., 0., 0., 0., 3., 35., 167., 81., 0., 0., 0.,
       0., 0., 13., 124., 21., 0., 0., 0., 0., 0., 0., 3., 12., 8., 0.,
       0., 0., 19., 14., 41., 16., 2., 0., 0., 0., 14., 51., 156., 3.,
       0., 0., 0., 0., 0., 98., 156., 0., 0., 0., 0., 0., 0., 38., 4.,
       30., 21., 0., 0., 0., 17., 10., 68., 76., 11., 0., 0., 0., 10.,
       47., 156., 42., 0., 0., 0., 0., 0., 80., 156., 1., 0., 0., 0., 0.,
       0., 31., 5., 22., 14., 0., 0., 1., 20., 11., 82., 47., 2., 0., 0.,
       0., 10., 75., 156., 20., 0., 0., 0., 0., 0., 65., 156., 1., 0.,
       0., 0., 0., 0., 17., 6., 26., 10., 0., 0., 0., 0., 0., 105., 70.,
       2., 0., 0., 0., 0., 4., 156., 20., 0., 0., 0., 0., 0., 26., 112.,
       0., 0., 0., 0., 0., 0., 13., 0., 93., 122., 0., 0., 0., 0., 0.,
       7., 122., 122., 0., 0., 0., 0., 2., 1., 122., 122., 1., 1., 1.,
       0., 1., 3., 122., 122., 0., 0., 0., 0., 0., 20., 39., 33., 5.,
       11., 3., 0., 0., 122., 53., 27., 4., 10., 9., 5., 27., 12., 54.,
       79., 28., 61., 19., 5., 7., 66., 122., 76., 3., 2., 0., 0., 5.,
       46., 8., 4., 13., 11., 0., 0., 17., 110., 39., 37., 30., 15., 4.,
       3., 23., 15., 21., 53., 114., 43., 3., 0., 1., 122., 57., 8., 14.,
       3., 0., 0., 12., 59., 1., 0., 4., 4., 0., 1., 50., 22., 1., 4.,
       45., 67., 6., 4., 33., 22., 3., 11., 33., 22., 0., 0., 27., 103.,
       8., 3., 20., 9., 0., 0., 47., 6., 3., 1., 13., 33., 73., 19., 15.,
       105., 15., 2., 1., 2., 6., 39., 85., 195., 10., 1., 0., 0., 0.,
       5., 29., 19., 0., 0., 0., 0., 0., 0., 0., 11., 12., 5., 56., 39.,
       37., 11., 5., 126., 88., 24., 6., 4., 7., 12., 18., 195., 41., 5.,
       0., 0., 0., 1., 6., 17., 1., 0., 0., 0., 0., 0., 0., 6., 4., 17.,
       34., 33., 35., 12., 4., 148., 16., 14., 16., 15., 15., 9., 2.,
       195., 31., 1., 0., 0., 0., 0., 0., 13., 2., 0., 0., 0., 0., 0.,
       0., 0., 3., 41., 45., 4., 0., 0., 0., 121., 13., 29., 15., 1., 0.,
       0., 1., 195., 14., 0., 0., 0., 0., 0., 2., 7., 1., 0., 0., 0., 0.,
       0., 0., 7., 1., 1., 10., 58., 3., 0., 2., 168., 7., 0., 0., 2.,
       1., 0., 20., 184., 5., 0., 0., 0., 0., 0., 28., 17., 0., 0., 0.,
       0., 0., 0., 1., 5., 7., 3., 25., 49., 21., 6., 5., 184., 44., 2.,
       2., 1., 1., 8., 26., 184., 34., 0., 0., 0., 0., 0., 7., 16., 1.,
       0., 0., 0., 0., 0., 0., 9., 4., 1., 17., 32., 72., 20., 19., 125.,
       20., 4., 1., 1., 3., 42., 93., 184., 8., 1., 0., 0., 0., 4., 28.,
       14., 0., 0., 0., 0., 0., 0., 0., 7., 9., 3., 32., 24., 23., 8.,
       3., 101., 60., 17., 2., 2., 4., 5., 6., 184., 27., 2., 0., 0., 0.,
       0., 2., 9., 0., 0., 0., 0., 0., 0., 0., 1., 1., 0., 2., 13., 51.,
       21., 8., 63., 3., 0., 0., 0., 2., 23., 67., 184., 0., 0., 0., 0.,
       0., 0., 37., 6., 0., 0., 0., 0., 0., 0., 1., 2., 12., 13., 45.,
       49., 23., 8., 5., 142., 75., 15., 2., 1., 1., 9., 31., 184., 21.,
       0., 0., 0., 0., 0., 36., 12., 0., 0., 0., 0., 0., 0., 3., 5., 7.,
       5., 26., 60., 6., 1., 2., 184., 22., 3., 1., 1., 1., 1., 19.,
       184., 4., 0., 0., 0., 0., 0., 28., 14., 0., 0., 0., 0., 0., 0.,
       2., 9., 1., 1., 5., 59., 6., 0., 2., 184., 4., 0., 0., 1., 1., 0.,
       23., 184., 2., 0., 0., 0., 0., 0., 21., 11., 0., 0., 0., 0., 0.,
       0., 0., 12., 69., 18., 17., 9., 2., 3., 8., 42., 146., 57., 2.,
       0., 0., 0., 3., 11., 146., 92., 1., 0., 0., 0., 0., 15., 146.,
       34., 0., 0., 0., 0., 0., 30., 3., 3., 43., 7., 0., 1., 42., 67.,
       34., 57., 29., 2., 0., 0., 21., 134., 146., 59., 12., 0., 0., 0.,
       4., 55., 146., 146., 7., 0., 0., 0., 0., 27., 2., 4., 48., 4., 0.,
       1., 49., 41., 4., 17., 59., 6., 0., 0., 49., 86., 18., 46., 72.,
       0., 0., 0., 41., 52., 68., 113., 50., 0., 0., 0., 5., 15., 3.,
       12., 45., 0., 0., 0., 15., 49., 5., 9., 34., 2., 0., 0., 36., 17.,
       3., 13., 94., 1., 0., 0., 19., 47., 8., 13., 19., 0., 0., 0., 28.,
       32., 5., 0., 1., 26., 4., 3., 6., 146., 16., 1., 6., 23., 5., 0.,
       39., 30., 2., 2., 74., 146., 15., 0., 8., 0., 0., 2., 29., 30.,
       4., 3., 1., 38., 0., 0., 1., 16., 8., 14., 13., 146., 22., 5., 6.,
       39., 16., 2., 44., 33., 6., 5., 21., 146., 62., 1., 8., 0., 0.,
       0., 0., 36., 19., 13., 1., 16., 3., 0., 0., 10., 17., 37., 5.,
       113., 111., 66., 20., 10., 3., 18., 6., 9., 24., 67., 94., 121.,
       12., 13., 1., 0., 0., 0., 2., 16., 18., 38., 1., 0., 0., 0., 0.,
       3., 19., 146., 5., 1., 6., 9., 1., 0., 21., 146., 2., 0., 1., 10.,
       5., 1., 9., 146., 5., 0., 0., 0., 0., 0., 2., 146., 4., 0., 11.,
       137., 0., 0., 0., 0., 0., 1., 18., 144., 1., 0., 1., 10., 5., 0.,
       40., 144., 0., 0., 6., 9., 1., 2., 25., 144., 1., 0., 0., 0., 0.,
       18., 20., 31., 0., 0., 0., 0., 2., 122., 11., 11., 1., 10., 24.,
       65., 99., 9., 5., 18., 8., 110., 109., 65., 21., 9., 19., 40., 5.,
       15., 3., 0., 0., 45., 16., 11., 1., 0., 0., 0., 1., 144., 40., 1.,
       13., 38., 5., 5., 28., 34., 11., 2., 69., 144., 20., 5., 6., 18.,
       9., 15., 14., 30., 0., 0., 2., 38., 4., 2., 1., 0., 0., 3., 44.,
       144., 10., 0., 14., 45., 1., 3., 87., 13., 3., 1., 55., 144., 9.,
       1., 4., 35., 4., 4., 6., 21., 3., 0., 4., 20., 7., 37., 1., 3.,
       10., 6., 4., 27., 7., 29., 7., 33., 12., 5., 13., 2., 8., 46., 5.,
       10., 2., 16., 10., 0., 3., 38., 0., 0., 3., 27., 1., 61., 1., 1.,
       25., 74., 34., 11., 4., 98., 2., 0., 22., 100., 3., 0., 12., 125.,
       14., 12., 7., 21., 7., 97., 121., 9., 13., 31., 3., 1., 33., 125.,
       20., 69., 1., 0., 32., 86., 2., 0., 5., 93., 9., 0., 24., 108.,
       0., 0., 7., 125., 101., 72., 16., 14., 2., 22., 31., 8., 65.,
       125., 20., 1., 7., 55., 4., 59., 1., 0., 12., 66., 1., 0., 2.,
       73., 4., 0., 17., 83., 0., 0., 13., 125., 32., 11., 4., 7., 6.,
       84., 91., 10., 11., 32., 7., 8., 30., 125., 11., 57., 3., 0., 0.,
       3., 2., 0., 3., 152., 8., 0., 1., 23., 39., 7., 18., 7., 0., 0.,
       8., 85., 149., 3., 3., 38., 3., 0., 1., 12., 26., 1., 1., 60., 3.,
       0., 0., 9., 4., 2., 5., 152., 12., 0., 3., 43., 13., 1., 10., 23.,
       0., 1., 62., 152., 49., 1., 3., 33., 3., 0., 21., 34., 13., 1.,
       5., 41., 1., 0., 0., 8., 9., 8., 12., 152., 6., 0., 0., 44., 17.,
       1., 34., 34., 0., 0., 7., 152., 98., 3., 8., 16., 1., 0., 4., 19.,
       18., 10., 45., 29., 0., 0., 0., 11., 10., 13., 17., 152., 1., 0.,
       0., 12., 17., 6., 60., 36., 0., 0., 9., 111., 152., 14., 16., 29.,
       7., 0., 2., 18., 78., 20., 22., 12., 47., 13., 44., 39., 8., 0.,
       1., 140., 147., 8., 11., 10., 0., 0., 12., 31., 29., 6., 102.,
       147., 0., 0., 2., 5., 5., 18., 32., 47., 0., 0., 0., 16., 9., 10.,
       42., 14., 1., 1., 8., 147., 49., 3., 10., 21., 0., 1., 18., 63.,
       12., 1., 81., 147., 0., 0., 1., 8., 7., 8., 22., 44., 0., 0., 0.,
       41., 16., 1., 7., 27., 1., 2., 26., 147., 36., 1., 8., 26., 0.,
       2., 83., 38., 6., 1., 44., 147., 0., 0., 4., 12., 4., 3., 11.,
       44., 0., 0., 1., 20., 31., 0., 2., 22., 0., 0., 1., 114., 119.,
       4., 8., 17., 0., 0., 8., 15., 18., 4., 35., 147., 0., 0., 1., 10.,
       3., 0., 5., 32., 0., 0., 0., 20., 2., 5., 13., 47., 40., 24., 12.,
       46., 3., 4., 11., 33., 5., 1., 16., 28., 5., 13., 5., 12., 7.,
       77., 67., 1., 3., 14., 0., 3., 36., 108., 5., 39., 1., 0., 51.,
