%YAML:1.0
---
mat: !!opencv-matrix
   rows: 47
   cols: 128
   dt: f
   data: [ 0., 0., 1., 6., 96., 69., 5., 2., 53., 32., 24., 29., 101.,
       36., 18., 95., 98., 24., 4., 0., 0., 1., 7., 94., 36., 25., 0.,
       0., 0., 1., 2., 6., 2., 0., 0., 1., 113., 66., 11., 6., 90., 1.,
       0., 1., 78., 47., 31., 113., 27., 1., 0., 0., 5., 61., 41., 96.,
       6., 23., 4., 2., 11., 24., 2., 1., 12., 0., 0., 0., 65., 96., 6.,
       10., 113., 70., 2., 0., 60., 83., 4., 23., 53., 71., 6., 3., 32.,
       67., 7., 8., 0., 2., 7., 15., 87., 32., 0., 0., 20., 2., 0., 0.,
       21., 39., 1., 8., 9., 59., 9., 0., 76., 113., 2., 0., 7., 113.,
       113., 14., 21., 51., 5., 0., 0., 5., 112., 56., 47., 6., 2., 0.,
       25., 47., 64., 35., 29., 25., 3., 3., 118., 78., 20., 2., 1., 1.,
       3., 15., 10., 20., 12., 0., 0., 5., 12., 6., 0., 12., 36., 13.,
       4., 5., 2., 0., 40., 7., 3., 6., 35., 119., 36., 21., 119., 39.,
       1., 1., 3., 27., 27., 78., 21., 13., 1., 0., 0., 40., 82., 21.,
       0., 0., 3., 7., 26., 81., 16., 0., 8., 1., 0., 0., 12., 119., 38.,
       11., 84., 105., 7., 0., 3., 116., 58., 8., 16., 119., 109., 5.,
       1., 30., 24., 3., 0., 8., 87., 89., 34., 52., 9., 0., 20., 20.,
       0., 0., 0., 15., 14., 6., 9., 12., 2., 0., 0., 110., 68., 3., 0.,
       23., 62., 5., 1., 119., 113., 0., 0., 3., 68., 49., 3., 29., 119.,
       14., 43., 1., 0., 42., 72., 23., 8., 70., 42., 3., 3., 16., 46.,
       43., 17., 70., 96., 9., 3., 7., 8., 8., 10., 123., 35., 1., 0.,
       0., 0., 0., 32., 123., 46., 0., 0., 5., 87., 79., 22., 113., 54.,
       17., 6., 37., 123., 29., 11., 59., 123., 46., 4., 6., 9., 5., 6.,
       123., 44., 9., 6., 13., 5., 0., 4., 57., 38., 12., 6., 35., 69.,
       19., 18., 51., 32., 8., 12., 30., 123., 51., 38., 50., 123., 43.,
       5., 1., 6., 4., 14., 90., 33., 32., 28., 16., 14., 0., 0., 1.,
       59., 29., 17., 80., 28., 2., 0., 2., 40., 37., 66., 73., 18., 10.,
       10., 27., 76., 70., 11., 0., 0., 0., 4., 29., 5., 27., 38., 5.,
       1., 0., 0., 0., 55., 14., 36., 38., 7., 3., 5., 44., 81., 13., 6.,
       2., 0., 18., 67., 56., 11., 4., 0., 0., 0., 26., 91., 57., 4., 1.,
       1., 1., 0., 14., 87., 54., 54., 7., 5., 16., 30., 31., 15., 115.,
       116., 32., 1., 1., 2., 13., 27., 70., 35., 5., 0., 0., 0., 50.,
       116., 84., 8., 0., 0., 0., 0., 16., 94., 89., 15., 3., 0., 1.,
       28., 54., 52., 67., 116., 54., 0., 0., 3., 4., 57., 112., 111.,
       68., 0., 0., 0., 6., 68., 70., 19., 4., 0., 2., 3., 4., 96., 54.,
       48., 12., 0., 0., 7., 17., 46., 85., 32., 15., 0., 3., 2., 1.,
       116., 116., 49., 31., 7., 26., 12., 5., 55., 48., 32., 47., 10.,
       12., 8., 5., 11., 17., 34., 9., 0., 2., 106., 33., 1., 4., 113.,
       113., 2., 2., 41., 11., 1., 9., 37., 113., 23., 0., 0., 0., 0.,
       2., 2., 33., 60., 20., 0., 0., 1., 1., 71., 25., 0., 0., 113.,
       40., 2., 5., 101., 34., 2., 1., 61., 32., 21., 88., 18., 69., 57.,
       6., 21., 39., 28., 30., 21., 28., 77., 15., 2., 3., 14., 90., 78.,
       6., 1., 3., 113., 25., 6., 42., 113., 85., 13., 11., 91., 15., 3.,
       23., 35., 24., 12., 12., 17., 20., 31., 113., 7., 1., 1., 0., 1.,
       3., 44., 113., 5., 4., 5., 2., 68., 40., 14., 21., 43., 28., 4.,
       4., 53., 44., 52., 113., 43., 11., 12., 1., 0., 0., 3., 113., 5.,
       14., 22., 1., 0., 0., 6., 34., 3., 88., 37., 1., 7., 18., 21., 3.,
       46., 124., 16., 0., 0., 1., 7., 11., 46., 25., 1., 0., 0., 1., 5.,
       42., 6., 0., 0., 0., 1., 9., 54., 47., 10., 12., 5., 3., 26., 45.,
       124., 47., 45., 107., 34., 32., 83., 42., 49., 14., 124., 124.,
       18., 5., 3., 2., 1., 33., 52., 2., 0., 0., 0., 0., 3., 71., 17.,
       55., 116., 25., 32., 10., 11., 15., 40., 25., 42., 26., 95., 77.,
       46., 53., 124., 26., 2., 2., 3., 13., 36., 124., 73., 1., 0., 0.,
       0., 0., 3., 53., 23., 15., 42., 15., 24., 4., 3., 25., 124., 40.,
       20., 3., 9., 4., 11., 66., 81., 87., 10., 0., 0., 1., 10., 106.,
       20., 28., 3., 0., 0., 0., 11., 23., 7., 5., 3., 0., 0., 0., 0.,
       0., 76., 10., 3., 15., 18., 7., 1., 13., 5., 1., 1., 111., 100.,
       50., 6., 7., 0., 4., 33., 76., 62., 19., 73., 29., 28., 6., 0.,
       0., 0., 0., 0., 1., 111., 13., 1., 18., 36., 26., 2., 7., 5., 1.,
       5., 111., 92., 101., 73., 30., 1., 1., 18., 73., 10., 9., 97.,
       88., 15., 1., 0., 0., 0., 0., 13., 12., 111., 6., 1., 19., 23.,
       27., 30., 61., 7., 1., 15., 91., 52., 93., 111., 33., 21., 1., 7.,
       32., 7., 32., 92., 88., 0., 0., 0., 0., 0., 0., 24., 16., 39., 2.,
       0., 0., 1., 14., 63., 102., 41., 5., 0., 0., 2., 97., 111., 36.,
       26., 2., 0., 0., 1., 111., 105., 18., 4., 24., 116., 49., 2., 6.,
       26., 3., 68., 116., 65., 26., 1., 2., 12., 5., 74., 116., 39.,
       40., 8., 0., 1., 2., 19., 38., 53., 45., 10., 0., 0., 0., 10.,
       84., 111., 2., 1., 9., 73., 20., 72., 88., 43., 4., 1., 10., 108.,
       56., 70., 101., 60., 66., 7., 2., 39., 50., 1., 50., 94., 35., 1.,
       0., 0., 0., 42., 33., 35., 1., 0., 1., 116., 116., 85., 31., 11.,
       49., 9., 1., 78., 116., 12., 5., 13., 116., 33., 1., 6., 9., 0.,
       13., 13., 16., 1., 0., 0., 0., 91., 4., 7., 14., 0., 0., 9., 60.,
       5., 1., 7., 80., 19., 4., 11., 14., 0., 0., 0., 35., 17., 2., 0.,
       0., 0., 0., 0., 0., 0., 0., 0., 0., 0., 1., 28., 37., 42., 63.,
       4., 0., 0., 0., 16., 78., 105., 27., 1., 0., 0., 0., 4., 34., 27.,
       10., 0., 0., 0., 0., 0., 0., 0., 0., 0., 0., 2., 4., 115., 115.,
       23., 13., 1., 2., 64., 50., 115., 99., 57., 34., 1., 11., 11., 9.,
       9., 10., 45., 115., 2., 1., 0., 0., 0., 0., 3., 30., 3., 0., 28.,
       7., 49., 101., 81., 15., 0., 11., 113., 54., 84., 82., 27., 2.,
       1., 28., 91., 90., 56., 13., 17., 76., 2., 2., 4., 2., 1., 0.,
       14., 74., 12., 4., 33., 2., 4., 61., 112., 15., 4., 28., 96., 30.,
       18., 115., 63., 0., 0., 16., 115., 93., 44., 8., 5., 4., 0., 8.,
       4., 38., 25., 3., 27., 26., 1., 1., 18., 77., 27., 2., 3., 5., 4.,
       14., 5., 13., 23., 41., 143., 2., 0., 2., 143., 3., 1., 10., 84.,
       3., 0., 8., 58., 6., 2., 13., 41., 1., 0., 1., 0., 42., 34., 4.,
       8., 113., 24., 0., 15., 21., 81., 125., 78., 52., 1., 1., 143.,
       19., 11., 34., 26., 5., 0., 11., 57., 3., 2., 4., 30., 8., 0., 2.,
       0., 0., 0., 3., 39., 92., 6., 0., 25., 3., 3., 15., 143., 143.,
       2., 6., 143., 11., 1., 4., 28., 21., 1., 21., 45., 7., 5., 6.,
       11., 2., 0., 1., 0., 0., 0., 1., 40., 22., 1., 0., 20., 5., 1.,
       24., 143., 13., 0., 1., 143., 24., 2., 9., 42., 1., 0., 4., 28.,
       6., 3., 5., 7., 1., 0., 1., 3., 1., 0., 0., 70., 31., 3., 5., 61.,
       42., 1., 1., 146., 85., 0., 0., 146., 113., 0., 0., 8., 3., 0.,
       1., 22., 5., 0., 0., 54., 10., 1., 4., 0., 0., 0., 3., 68., 29.,
       14., 3., 47., 11., 0., 12., 146., 64., 8., 9., 146., 44., 0., 1.,
       28., 7., 7., 44., 60., 2., 0., 0., 63., 16., 3., 17., 1., 0., 0.,
       1., 39., 54., 9., 0., 9., 0., 0., 1., 101., 146., 129., 34., 128.,
       2., 0., 0., 5., 16., 92., 146., 39., 1., 0., 3., 78., 6., 2., 26.,
       1., 8., 10., 3., 8., 6., 1., 0., 2., 1., 0., 0., 2., 16., 42.,
       10., 11., 0., 0., 0., 1., 4., 32., 21., 15., 1., 0., 3., 57., 9.,
       0., 4., 74., 8., 0., 4., 14., 1., 0., 7., 1., 4., 31., 22., 12.,
       0., 0., 0., 2., 17., 43., 10., 2., 1., 0., 0., 7., 5., 1., 1., 1.,
       10., 9., 4., 83., 5., 2., 30., 35., 1., 0., 6., 6., 16., 93.,
       151., 125., 1., 0., 0., 102., 151., 131., 34., 8., 0., 0., 3.,
       42., 52., 7., 0., 1., 0., 0., 1., 62., 11., 3., 20., 64., 1., 0.,
       0., 33., 6., 7., 50., 151., 27., 0., 3., 151., 54., 9., 10., 44.,
       7., 0., 25., 65., 28., 14., 2., 0., 0., 0., 6., 46., 5., 1., 4.,
       29., 6., 0., 0., 14., 4., 0., 1., 151., 99., 0., 0., 151., 72.,
       0., 0., 52., 27., 0., 1., 59., 20., 4., 6., 3., 1., 0., 1., 28.,
