%YAML:1.0
---
mat: !!opencv-matrix
   rows: 65
   cols: 128
   dt: f
   data: [ 3., 23., 86., 32., 4., 7., 28., 11., 115., 80., 32., 9., 5.,
       7., 5., 1., 73., 18., 0., 0., 10., 14., 0., 1., 25., 4., 0., 0.,
       0., 0., 3., 11., 6., 10., 29., 90., 37., 26., 121., 34., 124.,
       49., 10., 37., 28., 14., 12., 48., 124., 21., 0., 0., 25., 25.,
       1., 15., 55., 10., 0., 0., 2., 2., 1., 10., 24., 25., 75., 124.,
       22., 5., 49., 34., 124., 114., 8., 23., 5., 0., 47., 114., 103.,
       43., 0., 0., 21., 31., 13., 44., 62., 5., 0., 0., 4., 11., 7.,
       19., 4., 1., 2., 11., 9., 7., 124., 102., 20., 7., 0., 0., 0., 0.,
       124., 124., 18., 2., 0., 0., 1., 15., 43., 61., 9., 0., 0., 0.,
       0., 8., 20., 22., 2., 1., 80., 27., 16., 4., 6., 4., 4., 28.,
       126., 18., 11., 9., 10., 9., 6., 81., 126., 31., 1., 8., 8., 3.,
       77., 70., 44., 14., 0., 0., 2., 5., 27., 11., 6., 40., 78., 22.,
       5., 7., 124., 14., 17., 20., 44., 74., 26., 42., 40., 47., 58.,
       30., 87., 126., 13., 7., 126., 56., 18., 10., 5., 5., 2., 4., 27.,
       17., 8., 16., 42., 32., 60., 14., 126., 24., 9., 26., 36., 39.,
       57., 34., 33., 9., 8., 41., 96., 116., 49., 25., 126., 15., 1.,
       0., 4., 33., 27., 41., 1., 5., 18., 0., 1., 6., 81., 10., 3., 2.,
       12., 5., 4., 34., 85., 15., 2., 1., 1., 5., 2., 34., 88., 33.,
       55., 5., 0., 0., 0., 13., 43., 45., 0., 2., 8., 110., 71., 0., 0.,
       0., 23., 89., 66., 81., 25., 0., 1., 2., 16., 66., 59., 2., 1.,
       1., 5., 4., 4., 29., 29., 2., 1., 10., 5., 1., 7., 6., 3., 117.,
       117., 8., 6., 3., 117., 54., 17., 59., 40., 9., 22., 63., 46.,
       56., 47., 56., 54., 10., 32., 39., 14., 105., 65., 9., 4., 10.,
       6., 8., 3., 0., 1., 51., 117., 91., 77., 7., 117., 59., 13., 29.,
       32., 73., 40., 22., 64., 28., 19., 117., 67., 4., 8., 49., 54.,
       22., 15., 20., 40., 9., 11., 44., 0., 9., 18., 2., 12., 70., 34.,
       0., 5., 11., 10., 5., 14., 117., 66., 4., 24., 8., 7., 13., 4.,
       43., 63., 61., 10., 4., 6., 23., 34., 18., 14., 29., 41., 115.,
       34., 0., 0., 1., 17., 14., 15., 85., 100., 1., 0., 0., 1., 3.,
       41., 98., 82., 1., 0., 0., 3., 12., 66., 47., 1., 0., 0., 0., 0.,
       3., 17., 22., 65., 11., 2., 10., 19., 9., 87., 53., 45., 2., 0.,
       0., 12., 62., 76., 16., 13., 0., 0., 0., 40., 126., 101., 12., 0.,
       0., 0., 0., 1., 37., 67., 90., 126., 14., 1., 0., 0., 45., 126.,
       51., 22., 2., 0., 0., 1., 113., 126., 17., 0., 0., 0., 0., 4.,
       41., 65., 19., 0., 0., 0., 0., 0., 7., 126., 22., 6., 2., 0., 6.,
       17., 126., 80., 2., 0., 0., 0., 0., 0., 126., 62., 22., 0., 0.,
       0., 0., 0., 9., 46., 26., 0., 0., 0., 0., 0., 0., 84., 76., 12.,
       10., 5., 6., 75., 53., 91., 103., 3., 3., 18., 23., 3., 4., 39.,
       4., 0., 0., 13., 34., 32., 40., 36., 2., 0., 0., 0., 0., 9., 47.,
       19., 21., 100., 108., 11., 7., 60., 41., 127., 106., 22., 16., 6.,
       9., 4., 37., 83., 12., 0., 0., 20., 30., 3., 5., 71., 10., 0., 0.,
       0., 0., 0., 2., 20., 17., 45., 93., 31., 3., 48., 52., 127., 90.,
       29., 18., 3., 3., 5., 89., 92., 10., 1., 0., 33., 46., 2., 14.,
       79., 6., 0., 0., 3., 5., 0., 8., 58., 6., 4., 74., 98., 9., 7.,
       73., 127., 58., 37., 6., 2., 1., 4., 127., 49., 61., 20., 1., 18.,
       21., 1., 7., 58., 11., 0., 0., 7., 10., 0., 3., 4., 68., 75., 46.,
       0., 1., 7., 0., 10., 33., 115., 25., 1., 2., 11., 4., 6., 34.,
       115., 22., 13., 4., 10., 4., 3., 77., 74., 4., 1., 0., 12., 2.,
       41., 78., 41., 39., 23., 21., 4., 17., 115., 30., 53., 32., 28.,
       20., 3., 46., 65., 23., 23., 25., 115., 21., 4., 33., 34., 68.,
       54., 26., 49., 23., 2., 6., 43., 5., 0., 0., 24., 98., 63., 115.,
       115., 43., 8., 10., 30., 115., 46., 20., 70., 28., 13., 62., 106.,
       13., 30., 17., 57., 4., 0., 2., 24., 63., 28., 28., 1., 8., 43.,
       1., 1., 31., 33., 30., 3., 11., 34., 2., 2., 101., 83., 3., 6.,
       9., 13., 6., 6., 29., 115., 20., 9., 3., 5., 0., 0., 8., 90., 54.,
       33., 2., 1., 2., 9., 23., 42., 122., 122., 1., 0., 2., 6., 12.,
       23., 102., 74., 2., 9., 47., 32., 11., 0., 27., 21., 18., 19.,
       26., 19., 8., 1., 6., 44., 54., 44., 10., 17., 38., 14., 18.,
       122., 39., 17., 8., 13., 3., 2., 44., 59., 2., 3., 50., 122., 4.,
       1., 17., 73., 10., 7., 20., 49., 9., 2., 43., 15., 11., 11., 2.,
       3., 122., 122., 18., 122., 18., 4., 5., 15., 31., 89., 113., 41.,
       3., 0., 21., 118., 16., 7., 19., 92., 2., 0., 1., 20., 18., 9.,
       48., 0., 0., 0., 0., 1., 46., 105., 12., 3., 0., 0., 2., 46., 51.,
       89., 31., 15., 2., 1., 10., 112., 20., 5., 17., 82., 3., 0., 1.,
       3., 1., 2., 58., 0., 1., 7., 3., 0., 0., 0., 0., 0., 2., 34., 36.,
       0., 0., 0., 0., 1., 14., 55., 46., 8., 0., 0., 0., 1., 4., 4.,
       37., 59., 3., 1., 0., 0., 0., 4., 42., 19., 0., 0., 0., 8., 11.,
       88., 136., 101., 1., 0., 0., 136., 103., 121., 63., 13., 0., 0.,
       2., 37., 13., 7., 30., 94., 3., 0., 1., 0., 0., 33., 136., 29.,
       4., 0., 0., 34., 4., 38., 136., 136., 12., 3., 19., 136., 18., 7.,
       22., 33., 2., 1., 66., 46., 2., 1., 68., 82., 5., 4., 8., 0., 1.,
       15., 86., 28., 25., 8., 0., 23., 2., 12., 36., 15., 72., 58., 39.,
       136., 0., 0., 5., 15., 5., 13., 92., 16., 5., 6., 12., 44., 19.,
       24., 10., 0., 1., 46., 44., 1., 0., 0., 0., 1., 17., 76., 64.,
       12., 0., 0., 0., 1., 3., 5., 78., 93., 3., 0., 1., 71., 8., 2.,
       15., 17., 3., 1., 12., 9., 14., 74., 129., 67., 0., 0., 1., 129.,
       127., 119., 68., 18., 0., 0., 4., 36., 20., 10., 79., 105., 1.,
       0., 1., 95., 10., 6., 15., 24., 1., 0., 25., 38., 4., 8., 129.,
       76., 20., 13., 31., 129., 19., 4., 28., 27., 4., 4., 95., 45., 5.,
       2., 59., 80., 17., 14., 33., 101., 2., 1., 15., 34., 1., 4., 57.,
       29., 13., 17., 12., 13., 34., 31., 40., 118., 3., 0., 4., 14., 9.,
       11., 92., 15., 13., 2., 7., 22., 21., 28., 31., 22., 8., 0., 29.,
       54., 1., 7., 37., 51., 40., 2., 2., 4., 21., 45., 125., 125., 33.,
       1., 1., 0., 0., 8., 96., 71., 9., 12., 28., 16., 3., 8., 7., 1.,
       8., 13., 23., 73., 10., 3., 1., 29., 12., 5., 0., 13., 48., 47.,
       125., 125., 19., 4., 2., 6., 0., 13., 93., 64., 9., 7., 48., 66.,
       2., 0., 11., 20., 15., 8., 26., 98., 19., 2., 9., 14., 23., 12.,
       0., 23., 125., 75., 7., 125., 57., 10., 1., 9., 16., 46., 52.,
       64., 7., 0., 6., 92., 18., 4., 20., 58., 1., 0., 1., 27., 46.,
       29., 40., 1., 0., 0., 0., 0., 91., 125., 5., 21., 0., 0., 0., 13.,
       44., 125., 59., 26., 0., 0., 0., 74., 38., 12., 19., 87., 0., 0.,
       0., 3., 2., 7., 45., 0., 10., 126., 38., 14., 4., 0., 0., 2., 42.,
       87., 14., 37., 27., 0., 0., 3., 23., 3., 2., 26., 47., 2., 0.,
       22., 66., 1., 0., 3., 8., 4., 9., 9., 32., 126., 54., 31., 64.,
       13., 2., 126., 126., 96., 3., 3., 13., 7., 11., 67., 16., 1., 1.,
       10., 58., 26., 14., 38., 4., 0., 0., 1., 17., 23., 69., 27., 77.,
       3., 1., 17., 100., 24., 6., 126., 9., 0., 0., 6., 42., 20., 82.,
       126., 2., 0., 0., 0., 23., 36., 53., 26., 0., 0., 0., 0., 15.,
       61., 72., 92., 84., 1., 1., 3., 5., 27., 54., 126., 18., 0., 0.,
       1., 6., 20., 85., 116., 17., 0., 0., 0., 0., 6., 65., 5., 0., 0.,
       0., 0., 0., 20., 88., 0., 3., 62., 75., 1., 3., 8., 3., 51., 47.,
       45., 63., 6., 0., 0., 8., 131., 78., 3., 0., 0., 0., 0., 11., 18.,
       33., 0., 0., 0., 0., 0., 0., 21., 48., 126., 113., 28., 2., 1.,
       2., 131., 69., 45., 8., 2., 0., 0., 71., 131., 8., 0., 0., 0., 0.,
       0., 92., 14., 25., 0., 0., 0., 0., 0., 2., 37., 12., 8., 26., 32.,
       60., 113., 25., 131., 52., 2., 0., 0., 5., 30., 102., 131., 14.,
       0., 0., 0., 0., 0., 32., 2., 16., 1., 0., 0., 0., 0., 0., 1., 0.,
       0., 0., 0., 81., 131., 24., 43., 0., 0., 0., 0., 11., 116., 131.,
