%YAML:1.0
---
mat: !!opencv-matrix
   rows: 78
   cols: 128
   dt: f
   data: [ 1., 0., 1., 4., 0., 0., 0., 1., 26., 1., 1., 3., 1., 0., 0.,
       26., 79., 2., 1., 5., 2., 1., 17., 121., 72., 14., 44., 40., 31.,
       4., 9., 58., 1., 0., 1., 7., 1., 0., 3., 8., 78., 7., 1., 1., 0.,
       0., 31., 42., 121., 43., 5., 38., 35., 1., 10., 58., 5., 7., 70.,
       121., 94., 1., 2., 6., 63., 3., 1., 3., 0., 0., 4., 40., 92., 6.,
       0., 0., 5., 24., 121., 121., 56., 11., 7., 72., 89., 40., 62.,
       36., 1., 1., 3., 120., 121., 0., 0., 0., 101., 5., 0., 1., 0., 0.,
       0., 35., 121., 40., 15., 36., 18., 15., 13., 50., 3., 5., 14.,
       121., 121., 28., 7., 1., 0., 0., 0., 66., 58., 0., 0., 0., 2., 1.,
       3., 17., 1., 0., 0., 4., 30., 1., 0., 2., 0., 0., 20., 32., 123.,
       9., 4., 10., 17., 1., 9., 43., 17., 2., 21., 72., 116., 2., 1.,
       5., 44., 2., 3., 5., 1., 0., 0., 24., 105., 10., 0., 0., 2., 10.,
       105., 123., 45., 9., 17., 48., 79., 56., 82., 46., 4., 2., 15.,
       123., 92., 2., 0., 0., 91., 6., 1., 1., 0., 0., 0., 19., 123.,
       51., 15., 26., 12., 6., 10., 55., 11., 15., 25., 123., 123., 34.,
       10., 4., 0., 0., 1., 90., 77., 2., 0., 0., 78., 19., 2., 3., 0.,
       0., 0., 21., 123., 34., 3., 26., 60., 3., 0., 30., 1., 1., 5.,
       117., 123., 8., 0., 0., 0., 0., 2., 41., 15., 0., 0., 0., 64.,
       47., 0., 3., 33., 11., 0., 7., 108., 50., 2., 11., 81., 45., 2.,
       11., 1., 0., 0., 7., 123., 100., 4., 0., 13., 12., 0., 0., 8.,
       25., 3., 0., 68., 21., 0., 16., 21., 2., 1., 7., 123., 57., 3.,
       4., 28., 45., 19., 29., 11., 3., 4., 21., 123., 123., 39., 8., 0.,
       1., 0., 1., 44., 92., 4., 0., 35., 13., 1., 2., 2., 5., 2., 4.,
       123., 119., 103., 15., 3., 3., 2., 13., 45., 38., 85., 67., 93.,
       61., 25., 12., 4., 0., 0., 2., 91., 123., 22., 3., 3., 5., 3., 1.,
       0., 2., 1., 1., 19., 24., 34., 1., 1., 3., 0., 1., 123., 54., 21.,
       1., 15., 14., 4., 14., 21., 12., 4., 1., 88., 91., 44., 8., 0.,
       0., 0., 0., 41., 13., 0., 0., 8., 5., 1., 11., 130., 11., 2., 12.,
       71., 36., 4., 13., 36., 10., 5., 79., 10., 6., 3., 47., 120., 15.,
       2., 8., 0., 0., 0., 1., 56., 4., 0., 0., 45., 2., 0., 0., 130.,
       13., 2., 17., 130., 5., 0., 6., 62., 40., 8., 89., 5., 3., 0.,
       27., 130., 105., 3., 5., 0., 0., 3., 25., 39., 1., 0., 0., 51.,
       5., 1., 32., 130., 7., 0., 4., 130., 36., 2., 17., 47., 22., 4.,
       22., 8., 3., 1., 57., 130., 72., 2., 3., 0., 0., 23., 94., 5., 0.,
       0., 0., 48., 1., 5., 74., 27., 0., 0., 15., 130., 6., 0., 5., 50.,
       16., 4., 66., 4., 1., 0., 17., 130., 43., 2., 4., 20., 50., 45.,
       17., 19., 17., 32., 6., 3., 27., 17., 1., 16., 71., 119., 10., 1.,
       1., 0., 0., 24., 119., 33., 1., 10., 2., 0., 0., 2., 15., 5., 1.,
       28., 106., 89., 0., 0., 0., 1., 1., 119., 112., 51., 1., 10., 23.,
       20., 29., 20., 8., 14., 5., 63., 119., 66., 14., 5., 1., 0., 0.,
       44., 92., 19., 1., 49., 21., 3., 0., 0., 0., 0., 1., 119., 119.,
       83., 1., 0., 1., 2., 10., 38., 119., 106., 9., 35., 50., 17., 5.,
       5., 25., 6., 0., 25., 119., 85., 1., 12., 8., 0., 0., 0., 0., 0.,
       0., 14., 62., 21., 0., 0., 0., 0., 0., 33., 119., 40., 0., 0., 1.,
       1., 0., 79., 106., 19., 1., 3., 31., 20., 8., 2., 2., 1., 0., 0.,
       0., 0., 3., 8., 53., 31., 6., 0., 0., 0., 8., 5., 21., 67., 65.,
       11., 12., 4., 4., 0., 24., 94., 54., 38., 19., 2., 1., 19., 0.,
       1., 11., 1., 0., 0., 13., 29., 15., 28., 126., 8., 0., 0., 15.,
       130., 27., 26., 24., 21., 42., 15., 42., 7., 5., 10., 12., 130.,
       130., 10., 10., 21., 9., 5., 62., 25., 0., 0., 2., 86., 21., 12.,
       130., 48., 1., 1., 3., 130., 97., 15., 8., 4., 19., 7., 30., 21.,
       26., 22., 42., 129., 130., 8., 8., 2., 11., 17., 46., 38., 2., 1.,
       1., 36., 15., 1., 30., 38., 7., 42., 29., 68., 130., 40., 7., 3.,
       5., 24., 12., 2., 36., 83., 130., 39., 3., 0., 1., 0., 0., 0., 3.,
       98., 29., 0., 0., 70., 39., 1., 0., 117., 51., 0., 1., 109., 59.,
       2., 10., 73., 27., 3., 2., 1., 0., 0., 11., 117., 39., 2., 3., 0.,
       0., 1., 3., 57., 27., 0., 0., 54., 8., 0., 0., 117., 117., 2., 6.,
       117., 22., 0., 1., 38., 54., 8., 19., 11., 2., 0., 1., 99., 117.,
       9., 11., 0., 0., 0., 1., 17., 23., 6., 0., 17., 2., 0., 0., 96.,
       117., 5., 5., 117., 77., 36., 7., 25., 46., 6., 17., 26., 29.,
       20., 11., 88., 105., 11., 6., 0., 0., 0., 0., 1., 29., 20., 0.,
       0., 0., 0., 0., 23., 107., 13., 0., 34., 27., 15., 2., 38., 117.,
       4., 3., 106., 47., 5., 0., 13., 48., 12., 10., 127., 52., 4., 11.,
       14., 7., 2., 16., 38., 19., 5., 49., 94., 61., 8., 8., 127., 59.,
       1., 4., 7., 9., 2., 3., 20., 42., 0., 0., 0., 0., 0., 0., 127.,
       61., 6., 12., 9., 5., 3., 33., 47., 24., 8., 104., 113., 56., 10.,
       15., 127., 39., 3., 23., 21., 8., 1., 5., 36., 43., 0., 0., 0.,
       0., 0., 1., 127., 22., 2., 14., 21., 1., 1., 68., 67., 12., 5.,
       123., 127., 1., 0., 8., 127., 7., 2., 15., 11., 0., 0., 32., 28.,
       5., 0., 0., 0., 0., 1., 9., 86., 31., 1., 14., 44., 2., 1., 56.,
       61., 2., 1., 39., 127., 4., 1., 20., 127., 1., 0., 1., 4., 0., 0.,
       55., 10., 0., 0., 0., 0., 0., 5., 6., 64., 40., 1., 0., 33., 36.,
       1., 4., 115., 43., 0., 2., 58., 39., 3., 3., 1., 0., 0., 1., 109.,
       110., 17., 1., 43., 10., 0., 0., 7., 22., 7., 62., 49., 13., 0.,
       0., 67., 91., 2., 6., 115., 54., 5., 3., 13., 27., 17., 25., 15.,
       4., 6., 22., 110., 115., 45., 9., 26., 44., 6., 3., 55., 70., 11.,
       6., 14., 2., 0., 0., 48., 115., 4., 4., 95., 77., 79., 8., 14.,
       36., 4., 11., 61., 61., 66., 27., 54., 42., 32., 10., 8., 3., 1.,
       2., 83., 115., 42., 3., 0., 0., 0., 0., 12., 73., 11., 0., 9., 9.,
       15., 3., 28., 115., 4., 2., 115., 65., 10., 1., 5., 25., 5., 8.,
       34., 28., 5., 0., 43., 89., 52., 7., 1., 15., 14., 0., 0., 76.,
       66., 0., 38., 75., 9., 0., 3., 59., 13., 2., 32., 19., 0., 0., 2.,
       117., 28., 12., 36., 0., 0., 0., 0., 18., 14., 54., 0., 32., 72.,
       15., 14., 104., 63., 0., 64., 20., 16., 52., 67., 98., 18., 2.,
       122., 22., 1., 2., 10., 71., 18., 19., 19., 0., 0., 0., 8., 57.,
       17., 41., 0., 40., 122., 35., 29., 73., 15., 0., 106., 10., 74.,
       90., 27., 6., 0., 21., 122., 5., 2., 2., 27., 25., 3., 51., 11.,
       0., 0., 0., 39., 37., 6., 16., 1., 0., 3., 2., 122., 122., 12.,
       3., 119., 1., 4., 1., 25., 13., 1., 77., 122., 0., 0., 2., 34.,
       10., 2., 87., 2., 0., 0., 1., 47., 15., 2., 4., 5., 0., 0., 29.,
       84., 3., 3., 8., 11., 0., 1., 43., 63., 7., 16., 36., 2., 0., 0.,
       77., 60., 12., 66., 27., 0., 0., 0., 9., 7., 7., 88., 108., 15.,
       0., 0., 21., 85., 7., 9., 34., 37., 2., 2., 40., 130., 17., 10.,
       30., 130., 4., 1., 12., 26., 5., 98., 96., 9., 0., 0., 0., 11.,
       17., 118., 79., 63., 2., 5., 33., 43., 4., 2., 44., 65., 2., 0.,
       50., 130., 11., 2., 14., 130., 11., 1., 4., 19., 2., 2., 23., 28.,
       3., 2., 0., 14., 23., 5., 6., 82., 21., 3., 9., 47., 5., 1., 28.,
       28., 13., 2., 18., 130., 10., 1., 5., 115., 130., 51., 2., 12.,
       1., 0., 5., 10., 89., 48., 1., 4., 4., 0., 1., 25., 3., 0., 42.,
       125., 37., 0., 1., 145., 23., 0., 1., 7., 2., 0., 3., 67., 3., 0.,
       0., 11., 14., 1., 2., 0., 0., 0., 0., 10., 18., 0., 0., 24., 2.,
       0., 39., 132., 17., 0., 4., 145., 45., 5., 1., 4., 2., 1., 35.,
       78., 22., 28., 3., 9., 17., 1., 11., 0., 2., 6., 1., 14., 21., 0.,
       0., 8., 5., 0., 9., 142., 37., 0., 1., 85., 145., 71., 1., 10.,
       4., 0., 3., 15., 145., 145., 3., 2., 1., 0., 1., 15., 130., 55.,
       1., 5., 5., 0., 0., 0., 0., 0., 6., 112., 48., 1., 0., 0., 8.,
       15., 2., 23., 22., 0., 0., 7., 56., 53., 2., 9., 7., 0., 0., 44.,
       145., 15., 0., 1., 0., 0., 0., 2., 6., 117., 104., 2., 2., 3., 1.,
