%YAML:1.0
---
mat: !!opencv-matrix
   rows: 144
   cols: 128
   dt: f
   data: [ 47., 1., 0., 0., 0., 1., 7., 30., 164., 27., 0., 0., 0., 0.,
       1., 20., 109., 11., 0., 0., 1., 1., 0., 2., 0., 0., 0., 0., 1.,
       2., 0., 0., 35., 0., 0., 0., 10., 35., 73., 49., 164., 10., 0.,
       0., 3., 6., 5., 30., 154., 4., 0., 1., 1., 0., 0., 6., 0., 0., 0.,
       0., 2., 0., 0., 0., 22., 2., 0., 20., 153., 49., 39., 41., 164.,
       20., 0., 4., 24., 5., 1., 44., 145., 8., 0., 0., 0., 0., 0., 9.,
       0., 0., 0., 0., 0., 0., 0., 0., 10., 0., 0., 20., 148., 29., 22.,
       55., 136., 0., 0., 1., 8., 2., 8., 164., 49., 1., 0., 0., 0., 0.,
       0., 30., 0., 0., 0., 0., 0., 0., 0., 0., 5., 1., 0., 4., 150.,
       29., 0., 0., 54., 13., 6., 2., 14., 1., 1., 9., 158., 8., 1., 0.,
       0., 0., 0., 19., 51., 0., 0., 0., 0., 0., 0., 4., 1., 1., 1., 32.,
       158., 17., 0., 0., 51., 42., 39., 36., 37., 4., 0., 0., 158., 44.,
       9., 1., 0., 0., 0., 7., 60., 0., 0., 0., 0., 0., 0., 3., 0., 0.,
       0., 101., 157., 0., 0., 0., 105., 9., 4., 57., 54., 0., 0., 6.,
       158., 15., 1., 1., 0., 0., 0., 20., 54., 1., 0., 0., 0., 0., 0.,
       2., 0., 0., 0., 31., 149., 0., 0., 0., 82., 11., 0., 9., 44., 0.,
       0., 1., 158., 54., 0., 0., 0., 0., 0., 2., 42., 9., 0., 0., 0.,
       0., 0., 0., 62., 26., 0., 0., 0., 0., 3., 30., 125., 125., 0., 0.,
       0., 1., 6., 14., 60., 125., 0., 0., 0., 0., 0., 0., 2., 4., 0.,
       0., 0., 0., 0., 0., 73., 0., 0., 0., 2., 22., 25., 120., 86., 74.,
       0., 0., 21., 93., 49., 69., 125., 125., 0., 0., 3., 10., 2., 13.,
       27., 10., 0., 0., 0., 0., 0., 1., 125., 2., 0., 1., 35., 40., 9.,
       87., 90., 4., 0., 0., 33., 125., 42., 70., 125., 6., 0., 0., 4.,
       31., 29., 115., 33., 1., 0., 0., 0., 0., 0., 7., 112., 47., 2.,
       9., 24., 4., 1., 17., 53., 97., 14., 0., 3., 25., 13., 14., 38.,
       10., 1., 0., 0., 6., 13., 54., 5., 1., 0., 0., 0., 0., 0., 4., 3.,
       40., 159., 38., 3., 0., 0., 0., 11., 159., 129., 1., 0., 0., 0.,
       0., 32., 126., 22., 0., 0., 0., 0., 0., 4., 4., 0., 1., 2., 0.,
       0., 0., 7., 25., 16., 40., 29., 0., 0., 1., 72., 159., 33., 4.,
       2., 0., 0., 2., 159., 133., 7., 0., 0., 0., 0., 10., 29., 4., 0.,
       0., 2., 1., 0., 2., 10., 2., 1., 34., 24., 3., 1., 5., 159., 21.,
       1., 2., 1., 0., 2., 17., 159., 14., 0., 0., 0., 0., 0., 38., 26.,
       0., 0., 0., 2., 1., 0., 4., 9., 0., 0., 1., 16., 20., 5., 20.,
       105., 3., 0., 0., 0., 7., 25., 40., 159., 13., 0., 0., 0., 1., 2.,
       12., 20., 2., 0., 1., 1., 0., 0., 0., 24., 0., 0., 23., 37., 2.,
       2., 9., 36., 2., 2., 97., 133., 6., 0., 12., 133., 12., 3., 12.,
       13., 0., 2., 107., 19., 1., 0., 0., 0., 0., 7., 36., 25., 0., 0.,
       9., 54., 34., 2., 6., 49., 14., 1., 23., 133., 88., 0., 4., 133.,
       93., 1., 2., 19., 4., 0., 18., 18., 11., 0., 0., 0., 0., 0., 2.,
       29., 4., 0., 51., 52., 8., 1., 2., 68., 9., 1., 133., 133., 15.,
       0., 12., 133., 14., 0., 11., 15., 0., 0., 42., 4., 1., 0., 0., 0.,
       0., 0., 0., 10., 6., 1., 58., 114., 12., 0., 0., 107., 10., 0.,
       117., 133., 24., 5., 19., 102., 4., 0., 2., 0., 0., 0., 14., 0.,
       0., 0., 0., 0., 0., 0., 0., 0., 0., 0., 43., 146., 8., 2., 1.,
       46., 0., 0., 14., 87., 10., 10., 72., 146., 0., 0., 0., 0., 0.,
       0., 146., 69., 0., 0., 0., 1., 0., 0., 45., 0., 0., 0., 35., 146.,
       25., 8., 1., 74., 4., 0., 4., 55., 37., 31., 29., 146., 8., 0.,
       0., 1., 0., 0., 63., 47., 2., 0., 0., 2., 0., 0., 17., 0., 0., 4.,
       57., 146., 2., 0., 0., 64., 2., 5., 22., 46., 5., 2., 18., 146.,
       76., 0., 0., 1., 0., 0., 15., 39., 48., 1., 1., 1., 0., 0., 0.,
       0., 0., 2., 13., 146., 34., 3., 3., 30., 4., 3., 5., 8., 6., 5.,
       29., 99., 83., 1., 0., 0., 0., 0., 6., 54., 68., 11., 10., 0., 0.,
       0., 0., 24., 4., 1., 7., 8., 5., 2., 3., 29., 8., 0., 1., 1., 3.,
       8., 11., 143., 125., 0., 1., 1., 4., 8., 3., 143., 127., 0., 0.,
       0., 0., 0., 0., 20., 0., 0., 0., 6., 26., 9., 11., 82., 2., 0.,
       0., 0., 12., 33., 57., 143., 44., 0., 0., 3., 54., 51., 18., 143.,
       143., 0., 0., 0., 1., 2., 1., 12., 0., 0., 0., 5., 55., 14., 11.,
       142., 4., 0., 0., 1., 5., 5., 38., 79., 11., 0., 0., 13., 52.,
       14., 11., 143., 143., 0., 0., 1., 6., 5., 6., 6., 0., 0., 0., 59.,
       90., 8., 8., 78., 1., 0., 0., 1., 4., 3., 40., 27., 1., 0., 0.,
       1., 7., 5., 12., 68., 74., 0., 0., 0., 1., 3., 6., 41., 9., 0.,
       0., 10., 10., 0., 2., 154., 37., 0., 0., 0., 0., 0., 19., 154.,
       39., 0., 0., 0., 0., 0., 3., 12., 1., 0., 0., 1., 3., 1., 1., 44.,
       10., 0., 0., 59., 35., 0., 1., 154., 46., 0., 0., 0., 0., 0., 13.,
       154., 42., 0., 0., 0., 0., 0., 6., 26., 2., 0., 0., 2., 3., 0.,
       1., 48., 1., 0., 1., 154., 36., 1., 13., 154., 10., 0., 0., 0.,
       0., 0., 80., 154., 8., 0., 0., 0., 0., 0., 49., 31., 1., 0., 0.,
       3., 3., 0., 2., 17., 0., 0., 0., 114., 68., 27., 34., 110., 53.,
       1., 1., 6., 6., 10., 35., 154., 74., 0., 0., 0., 0., 0., 8., 20.,
       7., 1., 0., 1., 0., 0., 0., 84., 23., 0., 0., 0., 0., 0., 6.,
       154., 56., 0., 0., 0., 0., 0., 12., 154., 52., 0., 0., 0., 0., 0.,
       1., 6., 1., 0., 0., 1., 2., 1., 0., 94., 24., 0., 1., 2., 0., 0.,
       5., 154., 52., 0., 0., 0., 0., 0., 30., 154., 46., 0., 0., 0., 0.,
       0., 7., 19., 2., 0., 0., 2., 4., 1., 1., 121., 5., 0., 1., 7., 0.,
       0., 31., 154., 16., 0., 0., 0., 0., 2., 110., 154., 7., 0., 0.,
       0., 0., 0., 39., 27., 1., 0., 1., 3., 2., 0., 1., 65., 5., 1., 1.,
       7., 10., 17., 60., 112., 104., 6., 2., 4., 2., 1., 17., 154., 70.,
       0., 0., 0., 0., 0., 7., 19., 5., 1., 1., 1., 0., 0., 0., 3., 4.,
       5., 0., 0., 4., 63., 14., 115., 60., 2., 0., 0., 1., 20., 81.,
       137., 85., 0., 0., 0., 0., 10., 78., 12., 3., 0., 0., 0., 0., 4.,
       21., 2., 26., 54., 0., 0., 0., 2., 2., 85., 88., 34., 0., 0., 0.,
       2., 18., 137., 123., 0., 0., 0., 0., 0., 14., 50., 7., 0., 0., 0.,
       0., 1., 3., 14., 8., 14., 0., 0., 1., 11., 33., 93., 8., 6., 0.,
       0., 0., 7., 137., 137., 7., 0., 0., 0., 0., 1., 137., 52., 1., 0.,
       0., 0., 0., 0., 9., 8., 0., 0., 0., 0., 0., 121., 70., 60., 0.,
       0., 0., 0., 0., 60., 137., 99., 0., 0., 0., 0., 0., 5., 137., 14.,
       0., 0., 0., 0., 0., 0., 8., 22., 59., 7., 0., 1., 0., 0., 0.,
       144., 144., 2., 0., 0., 0., 0., 0., 144., 89., 0., 0., 0., 0., 0.,
       0., 4., 4., 0., 1., 3., 4., 2., 0., 53., 9., 0., 0., 3., 2., 0.,
       5., 144., 92., 0., 0., 0., 0., 0., 15., 144., 141., 0., 0., 0.,
       0., 0., 7., 26., 10., 0., 1., 2., 0., 0., 1., 64., 0., 0., 0., 6.,
       1., 0., 19., 144., 5., 0., 0., 0., 0., 0., 93., 144., 10., 0., 0.,
       0., 0., 0., 86., 31., 1., 0., 0., 1., 2., 0., 9., 70., 1., 0., 1.,
       8., 0., 0., 14., 144., 3., 0., 0., 0., 0., 0., 44., 144., 0., 0.,
       0., 0., 0., 0., 56., 12., 0., 0., 0., 1., 2., 0., 4., 0., 0., 0.,
       6., 2., 2., 7., 1., 0., 6., 48., 43., 5., 17., 2., 0., 1., 28.,
       36., 4., 4., 87., 63., 2., 4., 1., 0., 0., 1., 19., 91., 45., 1.,
       0., 0., 29., 58., 6., 1., 1., 16., 55., 134., 134., 134., 46.,
       10., 11., 134., 134., 103., 24., 6., 8., 8., 38., 27., 13., 0.,
       0., 7., 10., 3., 3., 2., 0., 0., 2., 46., 35., 0., 1., 14., 7.,
       6., 23., 134., 134., 134., 50., 134., 26., 4., 3., 5., 28., 126.,
       134., 22., 1., 0., 0., 5., 7., 1., 16., 1., 0., 0., 0., 1., 5.,
       1., 1., 0., 0., 0., 0., 1., 29., 41., 4., 0., 0., 0., 0., 1., 11.,
       39., 20., 0., 0., 0., 0., 4., 9., 1., 1., 5., 0., 0., 3., 1., 1.,
       133., 103., 13., 4., 32., 17., 1., 0., 24., 78., 1., 18., 22., 1.,
       0., 5., 10., 4., 0., 1., 0., 0., 0., 10., 28., 0., 0., 0., 1.,
       33., 52., 8., 16., 4., 11., 51., 133., 133., 117., 38., 10., 7.,
       125., 133., 117., 16., 3., 5., 6., 26., 25., 14., 0., 0., 0., 2.,
