%YAML:1.0
---
mat: !!opencv-matrix
   rows: 79
   cols: 128
   dt: f
   data: [ 46., 1., 0., 0., 0., 0., 0., 14., 85., 15., 4., 0., 0., 0.,
       50., 129., 19., 10., 4., 1., 1., 2., 129., 84., 2., 2., 3., 3.,
       2., 40., 129., 13., 61., 19., 0., 0., 0., 0., 0., 5., 129., 129.,
       39., 0., 0., 0., 3., 25., 129., 84., 24., 19., 27., 1., 19., 23.,
       25., 53., 44., 47., 45., 15., 28., 5., 33., 7., 0., 0., 0., 0.,
       0., 2., 129., 57., 4., 0., 0., 0., 0., 22., 129., 65., 30., 19.,
       60., 1., 0., 25., 43., 57., 21., 45., 129., 3., 0., 0., 24., 4.,
       0., 0., 0., 0., 0., 1., 70., 57., 5., 0., 0., 0., 0., 3., 40.,
       119., 102., 15., 6., 0., 0., 2., 4., 28., 58., 43., 21., 0., 0.,
       0., 26., 0., 0., 0., 0., 0., 0., 23., 41., 0., 0., 0., 0., 0., 5.,
       64., 2., 0., 0., 0., 2., 7., 10., 15., 0., 0., 0., 0., 3., 3., 0.,
       0., 121., 0., 0., 0., 0., 0., 0., 67., 132., 18., 2., 0., 0., 4.,
       43., 132., 14., 8., 7., 2., 12., 132., 105., 54., 0., 0., 0., 0.,
       22., 132., 30., 0., 132., 2., 0., 0., 0., 0., 0., 43., 132., 118.,
       26., 1., 0., 1., 4., 36., 17., 63., 132., 12., 8., 51., 17., 6.,
       0., 3., 76., 43., 23., 116., 24., 0., 132., 0., 0., 0., 0., 0.,
       0., 57., 112., 11., 7., 9., 4., 0., 0., 37., 3., 16., 76., 28.,
       7., 1., 0., 0., 0., 5., 65., 47., 12., 1., 0., 0., 20., 0., 0.,
       33., 19., 2., 26., 88., 43., 52., 26., 54., 30., 2., 29., 16.,
       105., 56., 4., 0., 25., 104., 44., 11., 18., 9., 0., 0., 59.,
       118., 8., 2., 50., 23., 0., 22., 63., 27., 1., 10., 91., 21., 3.,
       17., 84., 50., 7., 7., 118., 49., 2., 14., 51., 21., 4., 11., 12.,
       10., 3., 16., 80., 97., 37., 5., 19., 115., 44., 5., 11., 32., 4.,
       0., 32., 36., 62., 1., 13., 89., 33., 29., 118., 24., 83., 97.,
       12., 5., 12., 42., 7., 65., 92., 95., 15., 7., 6., 2., 1., 45.,
       57., 19., 3., 2., 0., 0., 1., 59., 118., 2., 0., 2., 1., 1., 3.,
       11., 118., 50., 0., 0., 1., 1., 0., 10., 52., 30., 0., 0., 0., 0.,
       32., 3., 0., 0., 0., 0., 2., 14., 157., 56., 6., 6., 8., 3., 0.,
       38., 38., 22., 9., 33., 157., 20., 1., 15., 0., 0., 0., 1., 66.,
       12., 5., 1., 46., 1., 0., 0., 0., 0., 12., 21., 157., 29., 5., 5.,
       9., 6., 14., 100., 21., 14., 9., 32., 157., 43., 16., 23., 0., 0.,
       0., 2., 68., 23., 12., 2., 43., 2., 1., 1., 0., 0., 15., 15.,
       157., 19., 2., 5., 19., 9., 7., 58., 30., 6., 3., 28., 157., 47.,
       7., 14., 0., 0., 3., 4., 59., 9., 6., 0., 43., 10., 5., 1., 0.,
       0., 0., 2., 157., 30., 0., 5., 19., 8., 4., 38., 27., 6., 0., 32.,
       157., 40., 4., 12., 0., 1., 7., 18., 57., 3., 0., 0., 68., 4., 0.,
       0., 0., 1., 6., 18., 158., 45., 4., 13., 35., 9., 0., 25., 13.,
       7., 3., 33., 158., 38., 0., 3., 0., 0., 1., 2., 34., 10., 5., 1.,
       62., 11., 6., 0., 0., 0., 3., 3., 158., 56., 8., 15., 33., 7., 3.,
       21., 17., 9., 7., 50., 158., 26., 2., 4., 0., 0., 16., 15., 42.,
       2., 1., 0., 63., 24., 13., 2., 0., 0., 0., 2., 158., 50., 16.,
       22., 20., 14., 8., 26., 10., 7., 13., 93., 158., 34., 6., 5., 0.,
       0., 10., 20., 50., 2., 0., 0., 54., 14., 6., 2., 0., 0., 0., 0.,
       158., 27., 1., 12., 30., 20., 9., 27., 13., 4., 1., 32., 158.,
       65., 6., 7., 0., 0., 2., 14., 38., 4., 0., 0., 58., 89., 1., 3.,
       53., 19., 4., 8., 140., 140., 52., 21., 13., 5., 6., 25., 24.,
       25., 30., 68., 73., 13., 3., 4., 0., 0., 3., 9., 5., 2., 1., 0.,
       30., 3., 0., 0., 49., 44., 33., 24., 140., 51., 4., 9., 6., 1.,
       8., 68., 69., 16., 6., 105., 105., 1., 0., 10., 0., 0., 0., 11.,
       11., 0., 0., 0., 10., 14., 46., 14., 16., 12., 17., 8., 110.,
       125., 102., 16., 1., 0., 5., 13., 12., 38., 104., 136., 24., 0.,
       0., 0., 0., 0., 0., 6., 1., 0., 0., 0., 0., 29., 140., 3., 0., 0.,
       1., 1., 0., 38., 140., 1., 0., 0., 3., 0., 0., 15., 123., 7., 0.,
       0., 1., 0., 0., 0., 0., 0., 0., 0., 0., 0., 31., 0., 1., 52., 64.,
       5., 7., 96., 15., 1., 19., 90., 22., 4., 65., 107., 4., 17., 63.,
       38., 3., 22., 71., 12., 4., 58., 22., 1., 12., 50., 26., 1., 106.,
       2., 0., 7., 66., 57., 8., 57., 65., 7., 7., 82., 107., 66., 14.,
       29., 93., 20., 16., 14., 34., 58., 37., 57., 64., 43., 4., 1.,
       58., 61., 4., 8., 45., 52., 2., 0., 12., 104., 11., 7., 22., 25.,
       28., 5., 27., 107., 61., 16., 33., 4., 31., 66., 48., 30., 58.,
       78., 60., 1., 1., 28., 67., 20., 7., 76., 4., 107., 40., 0., 1.,
       26., 4., 0., 0., 43., 90., 6., 2., 56., 36., 0., 0., 2., 73., 52.,
       4., 20., 89., 13., 14., 16., 46., 34., 4., 3., 23., 53., 50., 7.,
       21., 57., 5., 0., 0., 78., 12., 11., 89., 42., 1., 6., 37., 57.,
       16., 81., 31., 1., 1., 53., 60., 8., 13., 25., 0., 0., 26., 107.,
       14., 1., 59., 10., 6., 42., 56., 8., 0., 43., 55., 34., 70., 75.,
       7., 4., 24., 81., 68., 79., 41., 12., 8., 57., 36., 9., 64., 26.,
       0., 0., 62., 69., 4., 2., 32., 58., 10., 4., 27., 62., 22., 2.,
       29., 24., 36., 71., 11., 28., 91., 62., 107., 30., 15., 57., 15.,
       4., 16., 102., 90., 8., 4., 30., 73., 7., 0., 8., 13., 107., 31.,
       0., 4., 46., 21., 1., 2., 42., 107., 25., 0., 12., 82., 31., 38.,
       7., 80., 99., 0., 0., 16., 72., 72., 5., 6., 68., 41., 0., 0.,
       35., 34., 0., 0., 19., 65., 6., 6., 88., 16., 0., 34., 106., 25.,
       1., 28., 94., 4., 20., 106., 46., 2., 22., 44., 20., 7., 54., 28.,
       1., 4., 63., 25., 1., 84., 12., 0., 7., 80., 35., 2., 37., 42.,
       7., 4., 64., 106., 69., 13., 19., 99., 14., 8., 12., 35., 36.,
       44., 63., 54., 45., 5., 5., 69., 40., 10., 5., 30., 63., 6., 0.,
       40., 85., 1., 1., 12., 61., 54., 2., 26., 106., 56., 13., 31., 8.,
       46., 73., 55., 15., 66., 67., 57., 1., 1., 46., 84., 3., 2., 68.,
       4., 106., 23., 0., 6., 60., 4., 0., 0., 39., 66., 4., 5., 85.,
       55., 0., 0., 4., 69., 51., 5., 20., 89., 37., 11., 0., 7., 30.,
       18., 1., 29., 90., 17., 1., 3., 48., 37., 1., 9., 87., 16., 7.,
       40., 60., 10., 6., 45., 42., 2., 60., 51., 2., 1., 58., 66., 5.,
       20., 100., 5., 0., 1., 57., 22., 3., 58., 19., 1., 21., 107., 54.,
       2., 17., 46., 77., 64., 8., 23., 27., 27., 32., 72., 56., 31., 6.,
       37., 83., 45., 22., 88., 41., 0., 6., 64., 55., 6., 10., 35.,
       107., 10., 0., 28., 89., 20., 1., 10., 25., 37., 7., 6., 80.,
       107., 52., 53., 10., 12., 86., 42., 2., 40., 91., 43., 1., 0.,
       46., 64., 5., 7., 100., 6., 62., 21., 0., 0., 30., 91., 5., 2.,
       28., 68., 12., 0., 5., 98., 15., 0., 0., 34., 65., 5., 1., 64.,
       66., 5., 0., 10., 107., 10., 1., 15., 53., 9., 0., 16., 74., 15.,
       0., 12., 60., 2., 5., 83., 35., 0., 3., 67., 62., 5., 74., 60.,
       1., 2., 52., 66., 11., 33., 66., 8., 3., 23., 76., 2., 1., 48.,
       19., 9., 28., 67., 16., 3., 36., 32., 48., 67., 75., 1., 2., 40.,
       68., 50., 84., 32., 8., 43., 86., 36., 14., 105., 31., 0., 1.,
       59., 50., 3., 10., 27., 42., 15., 2., 35., 105., 32., 2., 23.,
       21., 40., 43., 1., 31., 94., 67., 98., 22., 7., 38., 47., 8., 12.,
       105., 81., 1., 0., 23., 76., 10., 0., 47., 7., 105., 61., 0., 0.,
       32., 28., 1., 1., 18., 105., 20., 0., 17., 83., 36., 15., 2., 51.,
       68., 6., 0., 12., 96., 23., 0., 1., 74., 35., 0., 0., 61., 0., 4.,
       12., 5., 3., 54., 120., 15., 2., 9., 5., 0., 1., 120., 76., 12.,
       10., 9., 1., 0., 0., 20., 82., 120., 3., 1., 0., 0., 0., 7., 120.,
       107., 16., 30., 29., 15., 20., 38., 7., 1., 95., 38., 10., 3., 7.,
       101., 93., 38., 22., 24., 12., 18., 13., 23., 120., 120., 11.,
       47., 69., 23., 1., 3., 52., 54., 77., 18., 7., 6., 15., 19., 2.,
       9., 89., 49., 82., 42., 21., 18., 6., 14., 17., 68., 120., 79.,
       19., 3., 6., 4., 14., 32., 72., 64., 10., 1., 1., 4., 66., 22.,
       4., 7., 18., 1., 0., 13., 5., 11., 35., 63., 78., 31., 19., 6.,
