%YAML:1.0
---
mat: !!opencv-matrix
   rows: 42
   cols: 128
   dt: f
   data: [ 55., 6., 11., 8., 1., 0., 0., 18., 35., 49., 59., 9., 0., 0.,
       0., 15., 44., 71., 20., 0., 0., 0., 0., 8., 34., 25., 8., 0., 0.,
       0., 0., 17., 32., 4., 15., 47., 69., 13., 2., 17., 113., 62., 67.,
       49., 40., 11., 12., 57., 32., 112., 74., 52., 74., 10., 17., 29.,
       31., 113., 113., 14., 7., 0., 0., 4., 31., 0., 0., 3., 50., 75.,
       27., 22., 113., 41., 4., 9., 33., 66., 111., 65., 28., 31., 10.,
       53., 113., 58., 103., 46., 71., 46., 33., 13., 16., 49., 83., 64.,
       37., 0., 0., 0., 0., 6., 12., 40., 18., 0., 0., 0., 0., 9., 76.,
       70., 12., 0., 0., 0., 3., 29., 113., 51., 5., 0., 0., 0., 0., 34.,
       113., 45., 7., 73., 22., 6., 31., 39., 3., 2., 90., 13., 4., 4.,
       36., 36., 16., 18., 74., 5., 0., 0., 31., 32., 19., 30., 29., 8.,
       7., 5., 25., 42., 25., 17., 22., 77., 16., 23., 90., 46., 7., 1.,
       114., 48., 9., 4., 11., 10., 6., 18., 60., 12., 5., 0., 15., 30.,
       38., 51., 27., 4., 5., 3., 31., 80., 10., 24., 87., 17., 5., 110.,
       114., 2., 0., 20., 114., 65., 92., 57., 3., 1., 2., 19., 22.,
       114., 94., 9., 0., 3., 13., 12., 22., 58., 3., 1., 7., 19., 1.,
       4., 32., 2., 2., 83., 50., 1., 14., 93., 44., 14., 23., 95., 30.,
       6., 19., 114., 67., 114., 21., 13., 61., 26., 24., 52., 107., 74.,
       3., 4., 5., 5., 1., 10., 38., 33., 18., 46., 96., 18., 6., 18.,
       77., 43., 13., 85., 29., 0., 2., 21., 99., 27., 17., 78., 30., 2.,
       0., 8., 44., 7., 2., 37., 79., 23., 4., 18., 20., 11., 27., 50.,
       101., 40., 22., 46., 33., 25., 62., 120., 51., 3., 5., 34., 120.,
       91., 46., 54., 17., 1., 2., 22., 97., 12., 2., 27., 54., 5., 5.,
       40., 1., 10., 51., 73., 105., 36., 2., 1., 16., 23., 45., 93.,
       58., 23., 36., 36., 120., 49., 17., 26., 7., 3., 21., 91., 120.,
       25., 19., 46., 12., 0., 0., 6., 0., 3., 26., 13., 64., 59., 2.,
       0., 19., 20., 20., 14., 38., 36., 36., 25., 89., 33., 8., 8., 4.,
       5., 14., 41., 85., 17., 11., 12., 4., 5., 10., 42., 0., 0., 3.,
       27., 42., 32., 34., 28., 16., 47., 34., 34., 18., 15., 20., 18.,
       41., 91., 51., 2., 1., 0., 9., 32., 85., 95., 5., 0., 0., 0., 8.,
       25., 21., 7., 7., 11., 39., 74., 20., 15., 19., 14., 11., 44.,
       93., 96., 43., 18., 119., 47., 13., 19., 22., 9., 21., 76., 56.,
       94., 34., 25., 47., 18., 13., 25., 45., 8., 0., 1., 22., 119.,
       16., 24., 27., 11., 1., 6., 69., 119., 52., 22., 119., 22., 1.,
       3., 19., 66., 48., 80., 59., 16., 3., 7., 42., 104., 43., 16., 6.,
       9., 2., 6., 86., 119., 8., 1., 47., 56., 4., 7., 35., 80., 8., 3.,
       73., 18., 2., 0., 19., 103., 24., 17., 65., 17., 4., 4., 49., 36.,
       9., 11., 12., 66., 48., 14., 2., 0., 0., 3., 19., 66., 43., 10.,
       0., 0., 0., 6., 12., 30., 28., 16., 1., 0., 0., 6., 7., 28., 17.,
       4., 0., 0., 0., 5., 81., 77., 37., 62., 61., 7., 0., 14., 116.,
       101., 46., 66., 25., 5., 0., 10., 64., 60., 51., 116., 83., 3.,
       1., 1., 111., 116., 33., 33., 28., 1., 0., 0., 49., 2., 0., 7.,
       59., 72., 36., 103., 116., 6., 2., 21., 44., 54., 33., 89., 48.,
       10., 2., 54., 100., 69., 76., 25., 116., 51., 2., 11., 46., 36.,
       37., 24., 4., 0., 0., 0., 2., 26., 53., 40., 8., 0., 0., 0., 3.,
       23., 82., 56., 2., 0., 0., 0., 3., 35., 87., 48., 19., 2., 0., 0.,
       7., 40., 71., 39., 18., 55., 46., 16., 1., 0., 2., 9., 20., 88.,
       24., 23., 68., 32., 11., 2., 12., 4., 11., 67., 79., 48., 38.,
       46., 18., 73., 39., 62., 4., 1., 3., 19., 37., 54., 63., 47., 47.,
       31., 5., 12., 116., 88., 17., 5., 29., 13., 2., 18., 22., 4., 13.,
       110., 116., 76., 6., 4., 38., 47., 40., 97., 32., 21., 3., 20.,
       25., 4., 2., 3., 40., 116., 62., 49., 110., 25., 31., 12., 14.,
       11., 14., 57., 15., 11., 38., 53., 116., 97., 2., 1., 32., 4., 5.,
       11., 62., 63., 21., 105., 0., 0., 3., 3., 23., 88., 13., 2., 2.,
       5., 49., 31., 66., 94., 6., 2., 9., 22., 93., 45., 26., 23., 15.,
       7., 18., 10., 10., 20., 27., 13., 10., 17., 16., 8., 25., 61.,
       16., 9., 29., 25., 43., 12., 12., 12., 14., 25., 51., 35., 73.,
       43., 5., 2., 3., 29., 91., 29., 89., 46., 0., 0., 0., 2., 6., 8.,
       67., 25., 36., 91., 29., 8., 12., 25., 117., 38., 4., 6., 11., 7.,
       28., 70., 23., 5., 13., 57., 64., 30., 48., 18., 58., 117., 40.,
       31., 4., 1., 3., 4., 17., 5., 8., 7., 23., 38., 111., 99., 117.,
       28., 8., 16., 31., 7., 30., 117., 16., 2., 6., 90., 117., 52., 7.,
       5., 110., 67., 23., 39., 34., 20., 27., 31., 10., 7., 23., 40.,
       40., 22., 20., 33., 100., 50., 22., 12., 13., 15., 10., 85., 11.,
       4., 2., 3., 65., 114., 28., 11., 21., 5., 3., 3., 6., 31., 66.,
       24., 4., 56., 84., 17., 4., 3., 2., 1., 2., 36., 108., 32., 2.,
       11., 22., 2., 1., 40., 94., 15., 9., 16., 22., 4., 0., 22., 57.,
       21., 3., 6., 32., 11., 21., 44., 28., 17., 51., 54., 12., 20.,
       88., 82., 41., 19., 33., 23., 9., 14., 11., 37., 88., 39., 110.,
       41., 6., 6., 3., 88., 111., 45., 10., 3., 0., 0., 18., 5., 3., 3.,
       111., 111., 30., 63., 111., 18., 3., 21., 84., 66., 36., 87., 16.,
       1., 9., 78., 111., 55., 5., 6., 17., 35., 17., 14., 40., 29., 17.,
       3., 1., 21., 60., 22., 17., 38., 12., 8., 8., 41., 36., 15., 26.,
       56., 33., 36., 3., 11., 3., 10., 45., 111., 84., 2., 5., 1., 0.,
       4., 13., 69., 111., 7., 13., 71., 111., 6., 7., 1., 0., 4., 47.,
       111., 83., 2., 2., 9., 3., 11., 28., 57., 32., 33., 8., 43., 34.,
       14., 17., 35., 12., 7., 1., 23., 62., 22., 40., 27., 14., 3., 18.,
       38., 18., 14., 111., 51., 5., 5., 15., 1., 10., 81., 85., 63.,
       37., 90., 111., 16., 3., 23., 111., 111., 31., 61., 16., 5., 3.,
       3., 9., 2., 0., 0., 3., 89., 111., 43., 110., 38., 6., 6., 11.,
       39., 87., 38., 34., 23., 8., 15., 91., 82., 39., 19., 55., 54.,
       13., 23., 22., 41., 24., 16., 3., 6., 35., 11., 0., 21., 54., 19.,
       10., 16., 22., 4., 1., 41., 93., 14., 2., 11., 20., 2., 2., 40.,
       108., 29., 5., 3., 2., 1., 4., 59., 83., 17., 0., 6., 82., 36.,
       6., 1., 0., 0., 3., 24., 82., 45., 5., 1., 0., 0., 1., 22., 70.,
       44., 7., 0., 0., 0., 0., 11., 42., 41., 3., 0., 0., 0., 4., 10.,
       93., 61., 89., 25., 0., 1., 116., 71., 76., 50., 31., 17., 2., 7.,
       29., 57., 93., 51., 116., 43., 1., 2., 47., 56., 93., 36., 16.,
       3., 1., 13., 7., 1., 1., 16., 116., 81., 30., 4., 116., 5., 1.,
       3., 24., 41., 31., 60., 61., 6., 7., 4., 116., 116., 16., 21.,
       116., 14., 8., 1., 39., 42., 21., 95., 1., 0., 0., 1., 14., 89.,
       63., 3., 24., 0., 0., 1., 4., 24., 86., 56., 9., 0., 0., 1., 21.,
       82., 34., 17., 10., 0., 0., 1., 7., 35., 49., 47., 56., 22., 32.,
       83., 12., 0., 0., 8., 74., 105., 55., 36., 4., 0., 0., 0., 22.,
       26., 38., 34., 6., 0., 0., 3., 8., 56., 33., 4., 0., 0., 0., 7.,
       33., 6., 6., 103., 66., 44., 24., 15., 120., 38., 9., 38., 30.,
       23., 11., 25., 63., 26., 36., 120., 106., 0., 0., 1., 60., 120.,
       43., 14., 3., 0., 0., 16., 3., 0., 0., 3., 10., 97., 95., 24.,
       109., 3., 1., 15., 40., 84., 66., 68., 34., 8., 3., 59., 120.,
       44., 72., 24., 120., 12., 2., 6., 6., 7., 30., 74., 2., 0., 0.,
       0., 0., 12., 22., 17., 2., 1., 0., 0., 5., 33., 66., 21., 1., 0.,
       0., 0., 9., 54., 120., 20., 33., 2., 0., 4., 8., 37., 84., 26.,
       37., 20., 14., 21., 19., 5., 5., 29., 24., 27., 30., 45., 46.,
       12., 5., 16., 43., 44., 36., 5., 3., 2., 6., 33., 9., 37., 14.,
       11., 23., 9., 2., 1., 81., 22., 16., 110., 43., 4., 2., 17., 112.,
       38., 28., 86., 55., 10., 7., 33., 43., 36., 51., 29., 84., 10.,
       6., 34., 41., 88., 22., 3., 4., 5., 7., 39., 33., 13., 10., 74.,
       125., 19., 6., 6., 125., 24., 11., 42., 84., 4., 2., 43., 117.,
