%YAML:1.0
---
mat: !!opencv-matrix
   rows: 112
   cols: 128
   dt: f
   data: [ 3., 1., 15., 22., 19., 37., 12., 4., 151., 6., 2., 3., 3., 7.,
       6., 55., 151., 3., 0., 0., 0., 0., 0., 27., 19., 0., 0., 0., 0.,
       0., 0., 8., 13., 53., 55., 21., 2., 0., 0., 7., 151., 41., 5., 2.,
       0., 0., 0., 85., 151., 5., 0., 0., 0., 0., 0., 68., 16., 3., 0.,
       0., 0., 0., 0., 8., 25., 140., 48., 0., 0., 0., 0., 0., 151.,
       120., 9., 0., 0., 0., 0., 14., 151., 18., 0., 0., 0., 0., 0., 13.,
       18., 4., 0., 0., 0., 0., 0., 4., 48., 84., 12., 0., 0., 0., 8.,
       13., 151., 46., 1., 0., 0., 0., 1., 29., 151., 1., 0., 0., 0., 0.,
       0., 23., 12., 0., 0., 0., 0., 0., 0., 9., 0., 0., 0., 2., 9., 4.,
       2., 0., 0., 0., 9., 86., 10., 2., 0., 0., 11., 7., 30., 138., 16.,
       7., 6., 9., 3., 5., 9., 78., 68., 138., 22., 9., 0., 0., 0., 17.,
       37., 7., 0., 0., 11., 9., 24., 138., 138., 27., 1., 2., 138., 43.,
       47., 96., 16., 8., 7., 44., 45., 2., 0., 0., 4., 138., 31., 33.,
       0., 0., 0., 2., 29., 31., 0., 0., 12., 2., 1., 21., 138., 138.,
       23., 9., 138., 14., 1., 5., 16., 92., 53., 73., 71., 8., 0., 0.,
       1., 17., 2., 11., 0., 0., 0., 0., 5., 11., 1., 0., 0., 0., 0., 0.,
       4., 93., 17., 1., 21., 0., 0., 0., 1., 60., 76., 46., 14., 0., 0.,
       0., 1., 3., 8., 20., 10., 117., 50., 0., 0., 8., 29., 7., 16.,
       121., 15., 0., 3., 32., 112., 16., 36., 38., 3., 0., 0., 11.,
       134., 73., 45., 5., 1., 0., 0., 0., 10., 63., 19., 37., 18., 2.,
       3., 3., 24., 43., 38., 134., 12., 1., 3., 6., 5., 7., 134., 134.,
       1., 0., 0., 0., 6., 14., 47., 2., 0., 0., 0., 0., 1., 19., 4.,
       38., 30., 27., 57., 17., 8., 6., 97., 87., 40., 6., 4., 8., 3.,
       18., 134., 22., 0., 0., 0., 0., 0., 66., 48., 0., 0., 1., 2., 0.,
       0., 17., 0., 9., 17., 45., 101., 37., 8., 2., 134., 92., 36., 15.,
       17., 5., 15., 55., 134., 12., 0., 0., 0., 0., 0., 66., 22., 0.,
       0., 1., 3., 0., 0., 12., 32., 56., 19., 0., 1., 1., 15., 63., 36.,
       120., 16., 3., 3., 1., 6., 19., 140., 136., 3., 0., 0., 0., 3.,
       17., 68., 7., 0., 0., 0., 0., 0., 8., 7., 0., 0., 1., 17., 13.,
       57., 94., 32., 47., 30., 36., 80., 40., 16., 22., 140., 101., 13.,
       4., 2., 3., 5., 47., 111., 2., 0., 0., 0., 0., 0., 11., 3., 4.,
       3., 0., 6., 24., 48., 24., 23., 6., 1., 4., 36., 103., 140., 103.,
       140., 8., 1., 1., 1., 6., 64., 140., 56., 0., 0., 0., 0., 1., 0.,
       28., 13., 17., 10., 3., 2., 8., 16., 22., 70., 18., 1., 0., 0.,
       1., 27., 87., 91., 1., 0., 0., 0., 0., 8., 69., 17., 0., 0., 0.,
       0., 0., 0., 6., 4., 137., 137., 32., 4., 0., 0., 0., 55., 137.,
       95., 1., 0., 0., 0., 0., 16., 87., 10., 0., 0., 1., 1., 0., 0.,
       15., 7., 0., 0., 4., 1., 0., 26., 31., 44., 41., 28., 64., 80.,
       25., 137., 137., 20., 2., 1., 3., 32., 76., 92., 112., 45., 3.,
       0., 0., 0., 2., 2., 67., 28., 0., 0., 0., 0., 0., 17., 1., 1., 1.,
       2., 27., 112., 55., 137., 20., 13., 9., 0., 1., 57., 93., 74.,
       63., 71., 36., 0., 0., 0., 2., 50., 76., 20., 1., 0., 0., 0., 0.,
       43., 5., 0., 0., 0., 0., 2., 15., 16., 14., 20., 35., 8., 1., 3.,
       4., 90., 49., 33., 34., 4., 1., 2., 9., 51., 32., 28., 8., 0., 0.,
       0., 1., 10., 1., 0., 6., 149., 0., 0., 0., 149., 0., 0., 2., 90.,
       0., 0., 7., 106., 4., 2., 0., 0., 0., 0., 2., 10., 3., 1., 0., 0.,
       0., 0., 1., 14., 19., 4., 18., 149., 2., 0., 1., 149., 10., 3.,
       6., 104., 2., 0., 9., 103., 28., 50., 55., 0., 0., 0., 1., 34.,
       46., 24., 6., 0., 0., 0., 1., 13., 27., 7., 19., 105., 43., 65.,
       17., 149., 17., 6., 10., 44., 31., 97., 80., 55., 26., 35., 90.,
       17., 21., 66., 40., 103., 27., 11., 6., 0., 1., 12., 55., 2., 7.,
       12., 0., 1., 10., 67., 13., 3., 11., 3., 0., 0., 7., 97., 32., 4.,
       3., 0., 0., 1., 10., 89., 33., 14., 0., 0., 0., 0., 0., 14., 40.,
       1., 8., 96., 36., 5., 0., 0., 0., 10., 55., 124., 6., 0., 0., 0.,
       1., 15., 35., 22., 0., 0., 0., 0., 4., 7., 5., 0., 0., 0., 0., 0.,
       3., 13., 14., 54., 73., 168., 16., 1., 0., 168., 93., 63., 19.,
       19., 0., 0., 22., 80., 15., 3., 0., 0., 0., 4., 55., 11., 2., 0.,
       0., 0., 0., 0., 6., 30., 1., 0., 2., 168., 8., 0., 0., 168., 11.,
       0., 1., 44., 1., 0., 4., 117., 7., 0., 0., 0., 0., 1., 9., 5., 2.,
       0., 0., 0., 0., 0., 2., 22., 0., 0., 0., 168., 5., 0., 0., 168.,
       7., 0., 0., 38., 1., 0., 0., 103., 4., 0., 0., 0., 0., 0., 3., 3.,
       2., 0., 0., 0., 0., 0., 3., 0., 0., 4., 48., 85., 0., 0., 0., 14.,
       30., 61., 68., 72., 3., 7., 20., 124., 85., 31., 2., 0., 0., 3.,
       42., 32., 18., 2., 0., 0., 0., 0., 2., 0., 0., 5., 85., 124., 4.,
       0., 0., 20., 52., 90., 87., 101., 14., 9., 21., 124., 124., 38.,
       1., 0., 0., 3., 40., 44., 40., 10., 0., 0., 0., 0., 1., 0., 0.,
       4., 57., 124., 12., 0., 0., 26., 24., 22., 52., 118., 41., 22.,
       27., 124., 82., 6., 0., 0., 1., 8., 61., 52., 28., 20., 1., 0.,
       0., 0., 1., 0., 1., 3., 42., 120., 15., 2., 0., 11., 20., 39.,
       34., 52., 23., 60., 18., 124., 63., 10., 0., 0., 0., 17., 48.,
       40., 17., 9., 2., 0., 0., 0., 2., 5., 15., 3., 1., 37., 1., 0.,
       0., 42., 1., 0., 0., 159., 7., 0., 0., 159., 10., 0., 0., 42., 1.,
       0., 0., 47., 4., 7., 12., 1., 0., 0., 1., 14., 123., 21., 12.,
       34., 2., 1., 2., 42., 10., 6., 17., 159., 24., 6., 5., 159., 35.,
       6., 6., 48., 9., 6., 18., 42., 19., 26., 121., 13., 3., 2., 3.,
       20., 52., 8., 6., 9., 18., 91., 40., 9., 8., 6., 12., 74., 70.,
       152., 27., 79., 14., 4., 5., 9., 21., 158., 94., 10., 7., 8., 44.,
       17., 28., 109., 25., 2., 3., 9., 0., 0., 2., 34., 10., 3., 7.,
       13., 0., 0., 2., 44., 11., 3., 10., 3., 0., 0., 0., 43., 14., 3.,
       3., 0., 0., 0., 1., 34., 9., 0., 2., 40., 9., 3., 2., 0., 0., 0.,
       1., 46., 12., 3., 9., 2., 0., 0., 2., 43., 9., 3., 9., 13., 0.,
       0., 1., 30., 7., 2., 4., 10., 0., 17., 31., 103., 23., 11., 8.,
       10., 51., 10., 22., 158., 89., 81., 13., 5., 5., 72., 72., 154.,
       25., 8., 7., 5., 13., 8., 19., 98., 37., 20., 45., 7., 5., 8., 2.,
       1., 2., 49., 17., 27., 116., 52., 8., 6., 21., 159., 22., 6., 5.,
       159., 18., 6., 6., 38., 10., 6., 26., 29., 3., 2., 3., 19., 125.,
       20., 14., 0., 0., 0., 2., 57., 2., 6., 9., 51., 0., 0., 5., 159.,
       0., 0., 1., 159., 0., 0., 0., 33., 0., 0., 6., 29., 0., 0., 0.,
       7., 18., 4., 2., 0., 0., 0., 1., 75., 6., 0., 0., 67., 3., 0., 0.,
       177., 17., 0., 0., 177., 16., 0., 0., 31., 1., 0., 0., 28., 2.,
       0., 1., 7., 1., 0., 0., 0., 0., 0., 14., 80., 4., 0., 0., 66., 2.,
       0., 10., 177., 39., 6., 9., 177., 29., 0., 0., 40., 8., 5., 21.,
       36., 13., 1., 1., 6., 2., 0., 0., 0., 0., 0., 17., 49., 23., 5.,
       0., 12., 0., 0., 11., 136., 132., 134., 26., 113., 13., 0., 0.,
       8., 22., 128., 120., 21., 11., 1., 1., 4., 3., 8., 20., 0., 0.,
       0., 0., 4., 12., 4., 0., 0., 0., 0., 1., 8., 19., 45., 1., 0., 0.,
       0., 1., 10., 6., 39., 8., 0., 0., 0., 2., 6., 1., 4., 3., 6., 2.,
       5., 4., 0., 0., 0., 2., 9., 7., 40., 8., 0., 0., 0., 2., 8., 20.,
       41., 1., 0., 0., 0., 2., 4., 11., 4., 0., 0., 0., 0., 0., 5., 3.,
       7., 18., 22., 11., 1., 1., 9., 23., 128., 118., 118., 10., 0., 0.,
       130., 137., 136., 25., 11., 0., 0., 14., 45., 26., 5., 0., 0., 0.,
       0., 18., 6., 1., 0., 1., 45., 9., 1., 1., 50., 6., 6., 37., 179.,
       10., 0., 1., 179., 22., 6., 12., 55., 0., 0., 31., 68., 1., 0.,
       0., 0., 0., 0., 21., 6., 0., 0., 2., 45., 0., 0., 1., 52., 0., 0.,
       13., 179., 0., 0., 2., 179., 0., 0., 2., 45., 0., 0., 14., 54.,
       2., 0., 0., 0., 0., 0., 4., 3., 69., 90., 37., 92., 40., 1., 0.,
       27., 101., 64., 12., 5., 7., 9., 6., 23., 31., 41., 27., 2., 5.,
       19., 17., 22., 29., 15., 47., 29., 5., 5., 8., 28., 38., 10., 10.,
