%YAML:1.0
---
mat: !!opencv-matrix
   rows: 9
   cols: 128
   dt: f
   data: [ 0., 8., 40., 74., 37., 4., 0., 0., 24., 96., 126., 50., 11.,
       0., 0., 9., 49., 91., 19., 0., 0., 0., 0., 10., 7., 3., 0., 0.,
       0., 0., 0., 2., 9., 1., 4., 126., 120., 1., 0., 1., 126., 38.,
       21., 58., 31., 0., 0., 121., 113., 28., 2., 0., 0., 0., 0., 122.,
       9., 3., 3., 0., 0., 0., 0., 4., 12., 2., 1., 59., 126., 74., 53.,
       5., 126., 62., 1., 9., 9., 11., 66., 71., 86., 61., 22., 0., 0.,
       0., 6., 31., 1., 6., 42., 1., 0., 0., 7., 1., 0., 0., 0., 0., 12.,
       63., 126., 4., 22., 4., 0., 0., 0., 6., 126., 75., 16., 8., 3.,
       0., 0., 0., 47., 40., 0., 1., 6., 0., 0., 0., 35., 6., 2., 2.,
       23., 17., 0., 0., 0., 0., 1., 8., 66., 26., 1., 0., 0., 0., 4.,
       16., 99., 75., 5., 0., 0., 0., 10., 36., 67., 48., 13., 0., 0.,
       0., 22., 28., 70., 105., 62., 4., 0., 3., 111., 62., 96., 66.,
       46., 13., 2., 10., 81., 24., 50., 92., 111., 57., 7., 26., 111.,
       32., 21., 24., 75., 35., 10., 46., 78., 12., 4., 14., 111., 60.,
       29., 28., 111., 16., 4., 7., 47., 43., 50., 111., 55., 2., 0., 0.,
       67., 111., 92., 74., 57., 0., 0., 0., 11., 41., 54., 96., 14., 0.,
       0., 0., 5., 20., 51., 45., 6., 1., 0., 0., 1., 9., 62., 67., 2.,
       2., 1., 0., 0., 4., 28., 20., 2., 1., 1., 0., 0., 0., 9., 11., 2.,
       18., 26., 17., 1., 0., 0., 0., 1., 19., 50., 17., 2., 1., 0., 0.,
       0., 6., 47., 23., 1., 2., 0., 0., 0., 12., 41., 10., 1., 1., 0.,
       0., 64., 53., 39., 109., 49., 1., 0., 9., 109., 101., 81., 97.,
       37., 1., 1., 8., 45., 35., 77., 109., 103., 1., 1., 4., 88., 70.,
       69., 49., 26., 1., 0., 14., 32., 3., 2., 51., 83., 67., 65., 49.,
       109., 10., 3., 33., 43., 29., 89., 109., 46., 6., 4., 57., 109.,
       61., 90., 58., 91., 5., 2., 27., 54., 28., 45., 91., 0., 0., 0.,
       0., 2., 34., 53., 6., 0., 0., 0., 0., 2., 16., 84., 23., 0., 0.,
       0., 0., 3., 26., 95., 16., 0., 0., 0., 1., 5., 27., 50., 18., 0.,
       43., 124., 36., 1., 0., 0., 0., 3., 36., 131., 31., 0., 0., 0.,
       4., 12., 31., 74., 11., 3., 12., 12., 22., 18., 14., 2., 0., 0.,
       9., 40., 23., 10., 66., 129., 66., 21., 7., 0., 0., 131., 84.,
       108., 13., 0., 0., 2., 61., 62., 11., 14., 2., 0., 0., 44., 127.,
       13., 4., 0., 0., 1., 0., 12., 25., 26., 15., 5., 7., 36., 131.,
       9., 6., 131., 55., 1., 0., 1., 9., 8., 51., 131., 11., 0., 0., 0.,
       0., 3., 21., 0., 0., 0., 0., 3., 1., 1., 1., 3., 0., 0., 0., 7.,
       131., 103., 23., 91., 3., 0., 0., 0., 11., 85., 131., 49., 1., 0.,
       0., 0., 0., 1., 37., 0., 0., 0., 0., 2., 0., 0., 0., 1., 1., 1.,
       1., 1., 54., 76., 10., 3., 3., 1., 2., 2., 40., 51., 10., 44.,
       13., 3., 0., 0., 3., 88., 40., 55., 65., 6., 0., 0., 13., 41.,
       37., 0., 0., 0., 0., 3., 131., 95., 0., 37., 12., 1., 1., 37.,
       131., 32., 14., 131., 24., 0., 0., 3., 21., 126., 76., 28., 22.,
       2., 1., 4., 79., 131., 32., 0., 0., 0., 1., 19., 56., 5., 0., 32.,
       2., 0., 7., 131., 131., 5., 12., 131., 9., 0., 2., 25., 21., 5.,
       45., 39., 1., 0., 6., 22., 16., 12., 16., 0., 0., 0., 26., 23.,
       1., 0., 0., 24., 0., 0., 76., 131., 5., 3., 39., 122., 0., 0., 6.,
       20., 2., 1., 101., 19., 0., 0., 3., 9., 1., 0., 14., 0., 17.,
       111., 86., 3., 0., 10., 2., 19., 112., 85., 6., 0., 0., 11., 5.,
       11., 13., 1., 4., 6., 1., 16., 6., 5., 10., 10., 10., 7., 0., 8.,
       2., 21., 37., 104., 128., 110., 81., 83., 26., 128., 128., 70.,
       12., 1., 4., 44., 83., 85., 40., 9., 3., 28., 2., 0., 2., 32.,
       11., 5., 8., 49., 4., 0., 0., 3., 0., 1., 2., 26., 128., 128.,
       19., 86., 15., 17., 7., 15., 67., 128., 87., 61., 96., 59., 11.,
       21., 12., 4., 12., 37., 18., 3., 5., 34., 9., 1., 4., 0., 0., 12.,
       1., 1., 10., 8., 0., 0., 0., 8., 10., 23., 72., 16., 1., 36., 17.,
       11., 9., 18., 37., 31., 47., 24., 15., 3., 16., 27., 0., 0., 7.,
       15., 11., 2., 5., 2., 3., 3., 1., 1., 2., 49., 61., 7., 5., 23.,
       3., 9., 15., 57., 74., 40., 4., 9., 16., 21., 17., 12., 11., 15.,
       17., 8., 39., 10., 16., 3., 23., 31., 4., 0., 0., 10., 25., 123.,
       134., 134., 55., 8., 5., 134., 134., 132., 57., 18., 13., 11.,
       56., 70., 4., 0., 0., 6., 11., 6., 51., 10., 8., 0., 2., 20., 16.,
       1., 0., 13., 6., 3., 18., 122., 134., 123., 24., 134., 17., 4.,
       5., 10., 56., 134., 134., 46., 0., 0., 2., 11., 3., 1., 32., 10.,
       8., 0., 0., 0., 1., 0., 0., 14., 19., 10., 0., 0., 17., 32., 4.,
       1., 2., 25., 5., 0., 4., 41., 28., 0., 0., 15., 16., 3., 0., 1.,
       4., 12., 0., 1., 4., 0., 0., 1., 21., 2., 5., 44., 33., 0., 3.,
       7., 6., 0., 31., 42., 4., 1., 21., 10., 0., 0., 2., 1., 2., 14.,
       32., 3., 0., 11., 5., 42., 75., 14., 2., 0., 4., 17., 50., 141.,
       141., 90., 22., 6., 8., 141., 141., 120., 37., 6., 4., 4., 28.,
       22., 19., 2., 17., 22., 3., 0., 1., 5., 5., 43., 41., 28., 36.,
       43., 35., 18., 9., 10., 71., 101., 141., 141., 67., 141., 32., 6.,
       8., 9., 23., 116., 141., 23., 3., 0., 8., 11., 0., 0., 11., 4.,
       17., 8., 0., 1., 14., 33., 22., 4., 22., 6., 1., 1., 30., 78.,
       14., 1., 1., 0., 9., 20., 7., 45., 28., 0., 0., 0., 2., 6., 0.,
       0., 1., 24., 129., 69., 0., 0., 0., 0., 2., 34., 129., 69., 0.,
       0., 0., 0., 0., 23., 18., 1., 0., 0., 0., 0., 1., 0., 0., 0., 0.,
       0., 0., 2., 1., 129., 129., 17., 0., 0., 0., 4., 58., 129., 118.,
       22., 0., 0., 0., 4., 55., 98., 10., 0., 0., 0., 0., 0., 8., 1.,
       0., 0., 0., 0., 1., 1., 2., 90., 71., 4., 0., 0., 1., 125., 129.,
       129., 71., 4., 0., 0., 2., 74., 100., 99., 5., 0., 0., 0., 1., 0.,
       12., 2., 1., 0., 0., 0., 0., 0., 1., 129., 66., 0., 0., 1., 8.,
       73., 64., 55., 5., 0., 0., 4., 14., 66., 56., 39., 1., 0., 0., 0.,
       0., 0., 11., 1., 1., 0., 0., 0., 0., 0., 0. ]
