%YAML:1.0
---
mat: !!opencv-matrix
   rows: 41
   cols: 128
   dt: f
   data: [ 7., 1., 1., 0., 0., 0., 0., 7., 47., 3., 0., 1., 2., 1., 31.,
       122., 51., 17., 25., 17., 9., 4., 78., 102., 38., 9., 65., 66.,
       8., 12., 9., 18., 36., 1., 0., 0., 0., 0., 1., 7., 127., 19., 2.,
       2., 9., 14., 11., 68., 39., 12., 37., 29., 35., 112., 104., 24.,
       1., 2., 57., 54., 62., 88., 44., 1., 26., 8., 0., 0., 0., 0., 0.,
       5., 127., 127., 21., 0., 0., 2., 13., 55., 25., 120., 97., 7.,
       17., 34., 63., 22., 1., 18., 13., 36., 127., 40., 15., 1., 44.,
       9., 1., 0., 0., 0., 0., 28., 83., 26., 8., 1., 0., 0., 24., 127.,
       10., 28., 14., 15., 33., 33., 65., 43., 1., 5., 3., 42., 127.,
       23., 3., 1., 22., 0., 0., 0., 0., 6., 3., 5., 127., 18., 1., 0.,
       0., 0., 1., 29., 69., 27., 23., 33., 26., 15., 1., 5., 0., 0., 4.,
       92., 119., 30., 0., 0., 40., 1., 0., 0., 2., 4., 0., 7., 127.,
       32., 4., 0., 0., 6., 10., 63., 35., 27., 35., 40., 30., 91., 44.,
       18., 0., 0., 5., 80., 127., 79., 4., 0., 26., 3., 0., 0., 2., 1.,
       9., 30., 127., 112., 19., 0., 0., 1., 32., 65., 28., 117., 69.,
       23., 39., 28., 24., 13., 1., 7., 8., 49., 127., 35., 1., 0., 37.,
       1., 0., 1., 0., 0., 20., 127., 11., 9., 2., 8., 26., 8., 67.,
       121., 10., 11., 41., 97., 58., 13., 19., 10., 1., 2., 18., 105.,
       47., 2., 0., 0., 17., 2., 0., 0., 4., 12., 11., 12., 124., 33.,
       3., 5., 7., 13., 13., 88., 11., 8., 4., 23., 152., 84., 14., 19.,
       7., 3., 0., 1., 41., 23., 2., 1., 39., 0., 0., 0., 9., 12., 8.,
       16., 157., 5., 0., 0., 26., 12., 8., 85., 38., 2., 0., 1., 157.,
       77., 8., 18., 0., 0., 0., 0., 81., 33., 1., 0., 38., 0., 0., 0.,
       11., 8., 8., 12., 157., 25., 2., 6., 28., 0., 1., 17., 45., 10.,
       2., 25., 157., 10., 0., 1., 0., 0., 0., 1., 85., 24., 5., 0., 31.,
       2., 0., 1., 4., 4., 2., 19., 151., 21., 11., 26., 13., 0., 0.,
       49., 16., 4., 6., 98., 157., 2., 1., 2., 0., 0., 0., 6., 37., 8.,
       14., 5., 32., 8., 15., 5., 0., 0., 0., 5., 157., 2., 1., 2., 12.,
       3., 5., 106., 15., 0., 0., 54., 140., 19., 13., 35., 3., 4., 2.,
       24., 36., 3., 0., 0., 84., 21., 4., 0., 0., 0., 0., 2., 157., 4.,
       0., 1., 43., 7., 2., 38., 30., 0., 0., 25., 157., 14., 2., 8.,
       10., 7., 7., 15., 39., 0., 0., 0., 90., 30., 1., 0., 0., 0., 0.,
       0., 157., 61., 9., 23., 39., 1., 0., 4., 24., 9., 7., 99., 157.,
       2., 0., 1., 12., 12., 8., 17., 34., 0., 0., 0., 52., 22., 1., 1.,
       7., 2., 0., 3., 149., 73., 15., 24., 15., 10., 4., 29., 4., 10.,
       13., 97., 120., 27., 3., 4., 6., 14., 11., 11., 12., 1., 0., 0.,
       87., 33., 1., 0., 0., 2., 2., 2., 104., 100., 24., 25., 53., 12.,
       2., 5., 0., 2., 6., 27., 139., 41., 1., 0., 8., 2., 0., 0., 14.,
       14., 2., 1., 33., 18., 0., 0., 0., 10., 10., 16., 132., 63., 10.,
       9., 13., 28., 27., 104., 8., 3., 3., 14., 137., 139., 27., 18.,
       1., 0., 0., 0., 26., 39., 5., 0., 44., 3., 0., 0., 0., 7., 8.,
       10., 139., 33., 0., 0., 16., 13., 7., 38., 47., 6., 0., 0., 139.,
       122., 7., 8., 0., 0., 0., 0., 76., 44., 2., 0., 16., 2., 0., 0.,
       0., 3., 9., 4., 139., 71., 1., 0., 6., 2., 1., 3., 57., 29., 2.,
       4., 139., 48., 0., 0., 0., 0., 0., 0., 90., 37., 1., 0., 34., 10.,
       1., 0., 0., 0., 0., 2., 142., 2., 0., 1., 5., 2., 0., 55., 64.,
       0., 0., 28., 142., 7., 1., 21., 0., 1., 6., 21., 72., 0., 0., 0.,
       58., 20., 1., 0., 0., 0., 0., 3., 142., 37., 7., 14., 13., 0., 0.,
       45., 51., 9., 7., 123., 142., 1., 0., 7., 1., 5., 5., 30., 66.,
       0., 0., 0., 56., 19., 1., 0., 0., 0., 0., 10., 142., 91., 27.,
       26., 10., 10., 7., 51., 9., 19., 32., 142., 107., 24., 3., 3., 1.,
       15., 8., 26., 17., 1., 0., 0., 87., 5., 0., 0., 0., 0., 0., 15.,
       142., 7., 1., 8., 30., 28., 16., 90., 1., 1., 1., 32., 142., 62.,
       8., 6., 2., 11., 5., 4., 17., 2., 0., 0., 10., 4., 1., 0., 5.,
       93., 45., 28., 0., 0., 1., 3., 7., 109., 109., 2., 0., 0., 1., 1.,
       2., 91., 72., 0., 0., 0., 0., 0., 3., 22., 7., 1., 30., 56., 45.,
       8., 11., 17., 15., 19., 11., 22., 33., 108., 78., 61., 49., 3.,
       59., 51., 25., 21., 47., 109., 46., 8., 2., 1., 1., 5., 82., 84.,
       5., 2., 109., 75., 74., 5., 10., 2., 0., 7., 22., 25., 94., 31.,
       86., 76., 29., 16., 73., 18., 49., 96., 55., 24., 26., 49., 10.,
       1., 2., 58., 93., 10., 22., 70., 17., 45., 77., 4., 0., 0., 0.,
       0., 1., 24., 109., 13., 1., 4., 2., 0., 18., 5., 98., 63., 2., 1.,
       2., 4., 109., 15., 4., 18., 3., 2., 9., 72., 6., 33., 23., 1., 1.,
       0., 3., 27., 4., 27., 81., 17., 1., 6., 75., 78., 0., 1., 22.,
       43., 6., 80., 79., 5., 0., 0., 0., 3., 4., 35., 4., 0., 103., 8.,
       0., 1., 1., 0., 2., 63., 76., 12., 30., 91., 36., 13., 50., 111.,
       54., 44., 42., 33., 19., 111., 50., 31., 5., 1., 0., 1., 39.,
       111., 7., 3., 110., 56., 0., 0., 1., 0., 0., 3., 111., 83., 3.,
       23., 40., 44., 72., 27., 51., 11., 7., 34., 28., 39., 79., 111.,
       4., 0., 9., 99., 75., 100., 5., 8., 38., 34., 1., 0., 0., 0., 0.,
       2., 111., 85., 7., 1., 0., 1., 8., 15., 28., 22., 24., 27., 46.,
       31., 12., 8., 0., 0., 4., 50., 90., 80., 1., 0., 5., 7., 44.,
       112., 57., 2., 3., 17., 2., 1., 2., 23., 36., 6., 99., 59., 1.,
       3., 2., 1., 1., 43., 112., 5., 0., 0., 0., 1., 5., 43., 65., 0.,
       102., 11., 33., 34., 2., 0., 2., 63., 60., 24., 23., 62., 71.,
       16., 51., 100., 86., 70., 27., 21., 17., 42., 102., 26., 11., 1.,
       0., 21., 103., 81., 82., 3., 84., 83., 3., 1., 2., 1., 0., 4.,
       51., 112., 33., 12., 58., 46., 31., 24., 76., 59., 23., 6., 16.,
       23., 41., 112., 10., 6., 6., 17., 57., 90., 42., 9., 3., 25., 6.,
       0., 0., 0., 0., 0., 2., 112., 58., 0., 0., 0., 1., 2., 29., 112.,
       63., 5., 1., 1., 2., 6., 9., 48., 38., 29., 14., 8., 3., 2., 2.,
       0., 0., 0., 24., 39., 7., 25., 2., 2., 4., 1., 0., 1., 79., 107.,
       2., 6., 3., 0., 12., 30., 108., 94., 0., 0., 0., 0., 36., 78.,
       62., 13., 76., 7., 0., 27., 77., 26., 4., 66., 47., 28., 40., 38.,
       60., 28., 35., 108., 83., 108., 35., 10., 20., 32., 42., 44., 11.,
       5., 2., 6., 29., 65., 107., 21., 83., 85., 6., 41., 16., 1., 0.,
       4., 49., 108., 72., 7., 46., 75., 26., 15., 86., 32., 108., 19.,
       5., 22., 33., 63., 13., 45., 108., 35., 16., 7., 9., 5., 3., 25.,
       5., 3., 1., 1., 1., 0., 1., 63., 97., 2., 0., 1., 1., 0., 1., 9.,
       108., 22., 0., 0., 1., 0., 0., 51., 108., 12., 1., 1., 0., 0., 6.,
       1., 2., 4., 1., 1., 6., 17., 54., 0., 0., 0., 0., 1., 59., 58.,
       115., 3., 1., 0., 0., 2., 21., 94., 7., 6., 4., 20., 22., 33.,
       18., 16., 81., 8., 0., 1., 0., 0., 5., 39., 115., 16., 6., 3., 0.,
       1., 115., 99., 79., 14., 33., 9., 2., 5., 81., 92., 10., 7., 7.,
       80., 57., 39., 12., 11., 111., 13., 0., 0., 0., 0., 2., 9., 115.,
       31., 27., 57., 23., 8., 7., 22., 26., 87., 115., 73., 21., 11.,
       22., 21., 18., 51., 22., 84., 115., 0., 1., 8., 50., 23., 0., 0.,
       0., 0., 5., 4., 98., 115., 13., 10., 19., 23., 19., 3., 16., 28.,
       48., 40., 18., 29., 99., 46., 12., 6., 8., 113., 72., 0., 8., 20.,
       24., 26., 12., 9., 5., 16., 17., 23., 15., 17., 12., 5., 6., 64.,
       42., 42., 0., 5., 14., 46., 17., 112., 107., 0., 4., 15., 11., 7.,
       6., 112., 71., 0., 25., 112., 112., 2., 1., 0., 0., 2., 95., 102.,
       69., 13., 26., 6., 1., 8., 19., 20., 28., 104., 112., 57., 16.,
       9., 95., 49., 18., 26., 43., 47., 17., 28., 68., 53., 28., 0., 0.,
       0., 1., 3., 112., 94., 112., 9., 7., 2., 0., 7., 7., 35., 112.,
       17., 39., 60., 24., 9., 27., 4., 91., 98., 16., 12., 21., 32., 5.,
       20., 6., 1., 3., 5., 1., 0., 4., 38., 80., 4., 0., 1., 0., 0., 1.,
       17., 112., 8., 0., 0., 0., 0., 11., 5., 64., 26., 0., 0., 0., 1.,
