%YAML:1.0
---
mat: !!opencv-matrix
   rows: 125
   cols: 128
   dt: f
   data: [ 33., 0., 0., 0., 0., 0., 0., 3., 152., 1., 0., 0., 0., 1.,
       36., 74., 36., 2., 12., 9., 1., 29., 152., 28., 0., 3., 23., 3.,
       0., 32., 152., 0., 52., 0., 0., 0., 0., 0., 0., 1., 152., 8., 2.,
       8., 1., 0., 0., 6., 63., 8., 40., 133., 12., 1., 2., 2., 1., 21.,
       139., 43., 1., 1., 6., 0., 54., 0., 0., 0., 0., 0., 0., 1., 152.,
       8., 2., 17., 16., 6., 1., 7., 34., 8., 13., 140., 73., 32., 1.,
       2., 25., 23., 29., 27., 3., 4., 1., 3., 45., 0., 0., 0., 0., 0.,
       0., 1., 152., 0., 0., 0., 9., 16., 2., 19., 30., 1., 0., 2., 77.,
       130., 5., 7., 17., 13., 3., 0., 12., 33., 12., 2., 0., 0., 0., 0.,
       0., 0., 0., 0., 0., 0., 0., 0., 0., 0., 7., 8., 0., 0., 0., 0.,
       0., 0., 48., 27., 0., 0., 0., 0., 0., 1., 94., 53., 19., 3., 10.,
       4., 0., 0., 0., 6., 117., 3., 1., 2., 1., 0., 67., 142., 14., 3.,
       9., 45., 15., 8., 142., 142., 19., 66., 25., 15., 3., 3., 141.,
       107., 66., 7., 11., 4., 0., 1., 3., 13., 142., 55., 3., 13., 11.,
       2., 6., 57., 59., 17., 11., 139., 98., 16., 20., 29., 53., 78.,
       21., 27., 8., 2., 11., 24., 42., 8., 0., 0., 5., 4., 3., 3., 142.,
       76., 0., 1., 7., 6., 0., 1., 92., 23., 0., 4., 72., 92., 5., 9.,
       25., 12., 9., 5., 11., 16., 10., 16., 7., 0., 0., 0., 0., 0., 0.,
       1., 142., 8., 5., 6., 4., 2., 1., 32., 76., 18., 85., 82., 24.,
       13., 4., 9., 13., 20., 109., 12., 2., 4., 9., 3., 18., 1., 0., 0.,
       0., 0., 0., 2., 142., 45., 5., 1., 7., 16., 5., 54., 62., 24.,
       18., 15., 67., 142., 27., 19., 26., 23., 9., 3., 4., 25., 64.,
       19., 7., 6., 1., 0., 0., 0., 0., 0., 99., 142., 78., 2., 2., 2.,
       0., 2., 14., 142., 142., 5., 10., 41., 18., 1., 1., 74., 142., 0.,
       0., 12., 73., 18., 0., 0., 0., 1., 5., 0., 0., 0., 1., 30., 21.,
       9., 19., 0., 0., 1., 2., 59., 94., 1., 0., 0., 1., 2., 0., 38.,
       133., 0., 0., 0., 1., 0., 3., 47., 19., 10., 20., 14., 6., 1.,
       27., 66., 3., 0., 0., 17., 52., 24., 126., 29., 0., 0., 0., 1.,
       17., 71., 47., 3., 0., 12., 5., 0., 0., 12., 3., 19., 5., 11.,
       40., 14., 6., 8., 68., 126., 3., 0., 0., 1., 7., 22., 126., 77.,
       0., 1., 1., 0., 3., 46., 33., 1., 0., 96., 44., 0., 0., 10., 1.,
       0., 0., 1., 4., 24., 42., 14., 52., 8., 0., 0., 0., 5., 38., 101.,
       126., 14., 0., 28., 11., 0., 1., 124., 18., 1., 0., 126., 105.,
       0., 0., 3., 1., 0., 0., 0., 0., 16., 101., 49., 5., 0., 0., 2.,
       2., 7., 85., 126., 19., 0., 0., 120., 59., 0., 7., 100., 1., 0.,
       0., 126., 88., 0., 0., 0., 15., 1., 0., 4., 21., 0., 0., 1., 164.,
       8., 0., 4., 18., 1., 0., 23., 96., 4., 3., 21., 127., 9., 2., 8.,
       58., 27., 8., 12., 28., 4., 3., 6., 29., 1., 0., 7., 25., 1., 0.,
       2., 164., 34., 8., 4., 19., 4., 2., 48., 92., 18., 34., 26., 146.,
       66., 12., 21., 32., 16., 25., 26., 42., 16., 18., 77., 17., 2.,
       0., 1., 13., 3., 1., 2., 164., 153., 78., 2., 5., 2., 1., 6., 20.,
       60., 164., 37., 20., 17., 4., 3., 4., 19., 164., 56., 12., 5., 7.,
       21., 0., 0., 0., 0., 0., 0., 0., 0., 2., 7., 5., 0., 0., 0., 0.,
       0., 0., 2., 22., 0., 0., 0., 0., 0., 0., 0., 16., 2., 0., 0., 0.,
       0., 23., 5., 0., 0., 0., 0., 1., 9., 74., 96., 5., 0., 0., 0.,
       31., 62., 16., 76., 27., 40., 31., 30., 101., 25., 4., 0., 4.,
       57., 104., 38., 15., 0., 52., 2., 0., 0., 1., 1., 1., 27., 113.,
       42., 10., 4., 1., 5., 79., 113., 11., 35., 28., 80., 113., 61.,
       79., 37., 12., 0., 3., 71., 106., 4., 0., 2., 100., 2., 0., 0.,
       7., 3., 0., 21., 113., 50., 49., 19., 5., 12., 23., 63., 4., 8.,
       56., 113., 113., 57., 18., 5., 20., 0., 0., 33., 74., 6., 0., 4.,
       81., 13., 0., 1., 10., 2., 0., 16., 81., 58., 44., 11., 4., 13.,
       24., 45., 0., 3., 27., 73., 108., 57., 15., 2., 27., 0., 0., 13.,
       48., 5., 0., 5., 65., 2., 4., 9., 8., 31., 48., 107., 2., 1., 4.,
       12., 41., 114., 58., 9., 0., 15., 10., 0., 2., 80., 41., 1., 0.,
       70., 47., 0., 0., 9., 6., 0., 91., 42., 85., 66., 5., 3., 1., 29.,
       114., 29., 37., 50., 30., 57., 57., 57., 9., 3., 3., 11., 90.,
       114., 92., 29., 0., 1., 1., 0., 11., 96., 95., 13., 23., 51., 60.,
       16., 0., 0., 0., 0., 107., 114., 92., 19., 8., 2., 1., 10., 28.,
       87., 82., 48., 61., 21., 13., 36., 22., 13., 14., 41., 53., 54.,
       41., 37., 2., 7., 2., 0., 0., 0., 1., 1., 1., 49., 36., 0., 0.,
       2., 5., 1., 5., 114., 79., 5., 0., 1., 4., 0., 22., 64., 75., 29.,
       5., 0., 0., 2., 8., 13., 23., 11., 7., 13., 14., 11., 5., 81.,
       50., 7., 16., 21., 6., 0., 64., 92., 13., 1., 2., 79., 21., 2.,
       10., 2., 0., 11., 60., 125., 19., 1., 3., 12., 19., 16., 11., 32.,
       24., 6., 24., 10., 4., 24., 47., 17., 11., 7., 125., 35., 5., 33.,
       12., 2., 4., 18., 23., 6., 4., 125., 125., 17., 1., 1., 1., 28.,
       9., 1., 2., 102., 86., 0., 5., 1., 0., 2., 12., 68., 125., 42.,
       43., 5., 2., 111., 73., 7., 52., 65., 2., 1., 1., 125., 80., 0.,
       0., 0., 1., 125., 59., 0., 0., 14., 11., 0., 0., 68., 37., 50.,
       24., 17., 55., 8., 0., 0., 3., 125., 121., 3., 12., 4., 0., 0.,
       0., 46., 26., 0., 0., 0., 1., 0., 0., 0., 0., 0., 0., 2., 54., 9.,
       0., 0., 0., 0., 1., 19., 136., 79., 4., 2., 2., 4., 36., 108.,
       13., 24., 10., 58., 118., 44., 46., 22., 6., 0., 0., 0., 0., 2.,
       3., 10., 105., 4., 0., 0., 0., 5., 4., 24., 137., 50., 12., 20.,
       15., 10., 19., 137., 11., 10., 10., 88., 137., 36., 17., 22., 25.,
       0., 0., 0., 10., 12., 3., 15., 107., 9., 0., 0., 11., 17., 4.,
       12., 137., 77., 16., 17., 14., 11., 5., 26., 9., 10., 12., 59.,
       137., 52., 4., 4., 36., 3., 0., 5., 17., 3., 0., 4., 64., 11., 0.,
       3., 29., 5., 0., 3., 137., 60., 7., 7., 9., 5., 5., 34., 9., 8.,
       6., 30., 137., 32., 6., 9., 54., 50., 5., 4., 11., 3., 5., 21.,
       129., 46., 4., 6., 12., 3., 4., 13., 129., 57., 0., 0., 1., 0.,
       0., 1., 13., 4., 0., 0., 88., 18., 0., 0., 107., 42., 1., 1., 21.,
       5., 1., 19., 129., 15., 1., 1., 1., 1., 16., 69., 129., 49., 0.,
       0., 0., 0., 1., 9., 32., 7., 0., 0., 88., 11., 0., 0., 129., 1.,
       0., 0., 21., 30., 8., 92., 105., 1., 0., 0., 0., 8., 78., 122.,
       129., 6., 0., 0., 0., 1., 16., 81., 38., 2., 0., 0., 60., 10., 0.,
       4., 72., 0., 0., 0., 4., 34., 40., 129., 56., 0., 0., 0., 0., 3.,
       74., 123., 26., 0., 0., 0., 0., 1., 36., 80., 8., 1., 0., 0., 32.,
       5., 1., 6., 0., 0., 0., 1., 2., 0., 0., 0., 69., 8., 5., 12., 31.,
       0., 0., 2., 176., 28., 1., 5., 27., 1., 0., 8., 36., 5., 3., 19.,
       109., 8., 2., 3., 0., 0., 0., 1., 3., 0., 0., 0., 108., 2., 0.,
       10., 42., 0., 0., 6., 176., 5., 0., 2., 33., 9., 3., 50., 37., 2.,
       6., 19., 138., 43., 7., 12., 0., 0., 0., 0., 2., 0., 0., 0., 96.,
       12., 0., 4., 33., 4., 2., 5., 176., 168., 88., 7., 11., 5., 1.,
       16., 18., 31., 176., 43., 54., 45., 9., 9., 0., 0., 0., 0., 0.,
       0., 0., 0., 10., 7., 0., 0., 5., 2., 1., 1., 18., 65., 55., 1.,
       0., 0., 0., 0., 0., 8., 119., 8., 0., 0., 0., 0., 0., 6., 38.,
       55., 4., 8., 126., 4., 5., 75., 41., 6., 0., 1., 133., 22., 6.,
       42., 8., 0., 1., 3., 133., 21., 2., 3., 0., 7., 114., 56., 87.,
       3., 2., 9., 53., 111., 6., 2., 6., 6., 31., 133., 37., 9., 0., 0.,
       8., 14., 112., 122., 10., 1., 5., 0., 1., 7., 22., 6., 1., 26.,
       133., 2., 0., 2., 9., 0., 2., 7., 5., 4., 42., 27., 48., 16., 1.,
       0., 3., 10., 31., 27., 133., 46., 0., 1., 8., 0., 0., 17., 27.,
       7., 0., 18., 133., 0., 0., 2., 30., 29., 8., 1., 3., 9., 30., 16.,
       18., 16., 7., 6., 41., 30., 18., 5., 133., 43., 0., 1., 10., 2.,
       0., 16., 29., 7., 0., 6., 133., 1., 0., 3., 9., 7., 4., 4., 9.,
       14., 16., 8., 38., 65., 16., 8., 22., 12., 3., 3., 68., 76., 1.,
