%YAML:1.0
---
mat: !!opencv-matrix
   rows: 128
   cols: 128
   dt: f
   data: [ 18., 9., 6., 12., 26., 42., 40., 35., 135., 15., 3., 6., 18.,
       41., 61., 34., 173., 25., 0., 1., 2., 3., 2., 3., 1., 0., 0., 0.,
       0., 0., 0., 0., 23., 57., 45., 37., 13., 3., 60., 12., 120., 58.,
       57., 49., 24., 13., 59., 34., 173., 32., 3., 5., 3., 1., 7., 52.,
       5., 0., 0., 0., 0., 0., 0., 1., 1., 4., 4., 1., 0., 0., 173., 29.,
       25., 5., 8., 2., 0., 0., 173., 129., 116., 2., 0., 0., 0., 0.,
       68., 173., 2., 0., 0., 0., 0., 0., 0., 6., 0., 0., 0., 0., 0., 0.,
       27., 4., 0., 0., 0., 0., 0., 0., 24., 8., 1., 0., 0., 0., 0., 0.,
       4., 13., 0., 0., 0., 0., 0., 0., 0., 0., 4., 0., 0., 5., 31., 33.,
       55., 46., 0., 1., 1., 2., 37., 33., 29., 11., 6., 5., 7., 0., 0.,
       16., 38., 9., 127., 9., 6., 0., 0., 2., 2., 60., 17., 23., 42.,
       75., 49., 6., 6., 17., 77., 9., 2., 24., 39., 13., 41., 72., 23.,
       2., 1., 7., 66., 85., 62., 31., 127., 0., 0., 1., 11., 10., 3.,
       104., 10., 18., 48., 22., 1., 10., 23., 0., 97., 87., 37., 15.,
       4., 3., 6., 7., 56., 24., 50., 75., 68., 8., 2., 18., 127., 0.,
       0., 5., 10., 1., 0., 108., 1., 1., 0., 0., 0., 82., 127., 0., 3.,
       19., 18., 1., 0., 80., 127., 0., 63., 6., 26., 10., 0., 21., 94.,
       62., 127., 0., 0., 0., 0., 0., 6., 110., 7., 15., 149., 27., 28.,
       4., 0., 1., 12., 46., 149., 7., 6., 3., 1., 3., 57., 149., 56.,
       1., 1., 0., 0., 0., 1., 5., 1., 0., 0., 0., 0., 0., 50., 23., 37.,
       18., 149., 7., 3., 21., 83., 33., 52., 49., 34., 15., 6., 12.,
       149., 57., 11., 8., 6., 1., 0., 3., 9., 2., 0., 0., 0., 0., 0.,
       0., 46., 34., 6., 11., 149., 5., 5., 25., 101., 16., 11., 39.,
       62., 24., 7., 12., 149., 4., 0., 3., 5., 1., 0., 6., 8., 0., 0.,
       0., 0., 0., 0., 0., 39., 20., 4., 11., 128., 2., 1., 9., 91., 11.,
       6., 27., 44., 11., 2., 6., 149., 8., 0., 1., 2., 0., 0., 2., 4.,
       1., 0., 0., 0., 0., 0., 0., 0., 0., 0., 0., 0., 0., 0., 0., 2.,
       0., 0., 0., 0., 0., 1., 2., 0., 0., 0., 0., 0., 0., 8., 2., 0.,
       0., 0., 0., 0., 0., 13., 2., 34., 16., 37., 1., 0., 0., 0., 4.,
       152., 15., 3., 4., 0., 1., 29., 113., 26., 6., 17., 74., 11., 18.,
       151., 61., 11., 64., 29., 20., 2., 8., 105., 36., 99., 22., 11.,
       0., 0., 0., 0., 7., 152., 78., 6., 26., 17., 0., 3., 28., 63.,
       24., 29., 152., 96., 6., 12., 17., 67., 133., 38., 38., 5., 2.,
       6., 16., 61., 29., 1., 0., 0., 0., 0., 0., 152., 82., 0., 3., 24.,
       3., 0., 0., 66., 20., 2., 16., 142., 39., 2., 6., 40., 33., 15.,
       8., 8., 5., 5., 12., 0., 7., 128., 10., 4., 0., 0., 1., 0., 0.,
       128., 10., 0., 1., 13., 6., 0., 0., 128., 10., 0., 5., 19., 1.,
       0., 0., 128., 8., 0., 1., 8., 0., 15., 0., 1., 1., 17., 2., 0.,
       6., 86., 2., 1., 1., 1., 11., 83., 117., 10., 1., 1., 5., 13.,
       108., 128., 40., 3., 0., 1., 0., 3., 56., 128., 29., 34., 2., 0.,
       0., 21., 3., 0., 1., 128., 52., 10., 27., 5., 4., 8., 32., 70.,
       60., 27., 127., 37., 36., 30., 27., 57., 52., 35., 20., 44., 60.,
       55., 36., 10., 4., 0., 0., 21., 1., 0., 0., 54., 71., 44., 23.,
       2., 0., 0., 0., 13., 62., 60., 81., 8., 0., 0., 0., 11., 61.,
       128., 22., 6., 1., 0., 0., 2., 23., 17., 8., 7., 15., 17., 3.,
       61., 63., 5., 0., 0., 1., 24., 44., 118., 32., 0., 1., 0., 0., 0.,
       28., 19., 1., 0., 52., 41., 0., 0., 1., 3., 22., 11., 7., 43.,
       15., 8., 4., 68., 118., 8., 0., 0., 1., 6., 24., 118., 87., 1.,
       11., 6., 0., 0., 22., 17., 4., 1., 118., 105., 0., 0., 1., 0., 0.,
       0., 4., 11., 10., 66., 31., 39., 5., 0., 0., 0., 1., 77., 118.,
       118., 8., 0., 50., 40., 0., 3., 118., 6., 1., 0., 118., 118., 0.,
       0., 1., 3., 0., 0., 0., 0., 0., 78., 88., 4., 0., 0., 5., 5., 0.,
       81., 118., 3., 0., 0., 117., 98., 1., 5., 56., 0., 0., 0., 85.,
       66., 0., 0., 0., 14., 15., 12., 4., 0., 6., 11., 9., 144., 99.,
       2., 0., 0., 3., 10., 13., 146., 114., 0., 0., 2., 3., 0., 1., 20.,
       7., 0., 0., 67., 97., 0., 0., 28., 14., 3., 0., 0., 0., 13., 57.,
       142., 7., 0., 0., 0., 2., 30., 63., 146., 43., 0., 0., 0., 0., 2.,
       29., 46., 13., 0., 0., 22., 31., 0., 0., 38., 17., 6., 2., 1., 0.,
       12., 56., 113., 9., 0., 0., 0., 1., 55., 146., 146., 20., 1., 0.,
       0., 0., 15., 146., 35., 36., 0., 0., 2., 3., 0., 2., 59., 10., 4.,
       4., 8., 1., 2., 28., 146., 32., 1., 0., 0., 0., 2., 49., 42., 55.,
       12., 0., 0., 0., 1., 23., 40., 34., 2., 0., 0., 0., 0., 0., 0.,
       0., 9., 178., 0., 0., 0., 1., 2., 0., 5., 178., 1., 1., 18., 15.,
       31., 11., 2., 9., 0., 2., 22., 61., 12., 88., 3., 3., 9., 19.,
       28., 20., 18., 1., 4., 178., 0., 0., 2., 13., 67., 10., 2., 10.,
       4., 19., 46., 65., 30., 32., 20., 12., 33., 44., 34., 20., 9.,
       30., 58., 37., 20., 10., 6., 15., 27., 4., 1., 9., 2., 6., 33.,
       53., 50., 39., 37., 24., 20., 15., 21., 16., 3., 10., 43., 79.,
       45., 10., 2., 26., 4., 4., 18., 11., 5., 0., 4., 178., 24., 21.,
       22., 15., 9., 6., 10., 15., 1., 4., 24., 55., 29., 6., 3., 25.,
       2., 0., 10., 13., 2., 0., 2., 178., 3., 0., 0., 0., 0., 0., 2.,
       178., 24., 0., 0., 0., 3., 9., 2., 6., 174., 0., 0., 0., 12., 14.,
       3., 70., 68., 0., 0., 3., 104., 75., 13., 23., 78., 12., 1., 5.,
       23., 13., 11., 17., 37., 0., 0., 0., 3., 11., 4., 9., 174., 17.,
       1., 0., 9., 20., 8., 85., 103., 11., 5., 10., 140., 174., 24.,
       33., 48., 6., 3., 11., 38., 39., 38., 127., 21., 0., 0., 0., 0.,
       11., 7., 6., 174., 103., 13., 1., 1., 6., 5., 16., 56., 70., 79.,
       35., 30., 60., 13., 6., 8., 21., 51., 34., 18., 20., 25., 57., 0.,
       0., 0., 0., 0., 0., 0., 0., 7., 3., 0., 0., 0., 0., 0., 0., 1.,
       3., 4., 1., 0., 0., 0., 0., 0., 1., 3., 2., 0., 0., 0., 0., 10.,
       18., 27., 9., 5., 12., 23., 13., 11., 128., 36., 3., 8., 19., 12.,
       0., 75., 110., 6., 1., 1., 91., 45., 4., 11., 2., 0., 8., 36.,
       128., 49., 2., 6., 15., 12., 15., 12., 24., 39., 10., 41., 18.,
       2., 14., 36., 22., 17., 11., 128., 43., 5., 29., 6., 3., 6., 24.,
       28., 6., 4., 128., 87., 30., 3., 1., 3., 30., 3., 0., 1., 89.,
       128., 3., 8., 1., 0., 4., 10., 52., 128., 66., 60., 5., 3., 102.,
       45., 4., 58., 83., 3., 2., 2., 96., 26., 0., 0., 0., 3., 128.,
       50., 0., 0., 12., 22., 1., 1., 60., 48., 69., 22., 11., 64., 13.,
       0., 0., 3., 128., 59., 3., 10., 4., 0., 0., 0., 9., 4., 0., 0.,
       0., 5., 4., 19., 6., 0., 0., 28., 128., 3., 19., 52., 4., 11.,
       95., 67., 75., 0., 2., 8., 2., 25., 128., 4., 0., 0., 0., 0., 0.,
       1., 9., 0., 0., 2., 6., 87., 124., 1., 1., 4., 64., 8., 88., 128.,
       21., 5., 10., 2., 3., 60., 76., 57., 4., 23., 121., 5., 5., 5.,
       0., 0., 0., 9., 125., 4., 2., 13., 2., 14., 57., 14., 14., 16.,
       29., 24., 13., 20., 4., 4., 24., 34., 33., 128., 25., 5., 1., 0.,
       19., 11., 75., 33., 1., 1., 24., 47., 128., 7., 10., 23., 19.,
       12., 9., 6., 5., 3., 13., 44., 2., 6., 11., 6., 6., 7., 100., 55.,
       1., 23., 64., 0., 0., 2., 128., 10., 0., 33., 128., 23., 7., 0.,
       7., 28., 9., 0., 0., 0., 0., 1., 10., 64., 101., 8., 0., 0., 0.,
       62., 67., 10., 49., 20., 42., 57., 58., 114., 19., 22., 0., 0.,
       27., 83., 37., 8., 0., 51., 5., 0., 0., 1., 1., 1., 21., 114.,
       66., 15., 4., 2., 6., 75., 114., 12., 37., 32., 91., 114., 64.,
       65., 31., 30., 0., 0., 43., 95., 5., 0., 0., 92., 4., 0., 0., 8.,
       2., 0., 6., 114., 64., 61., 21., 2., 9., 28., 48., 4., 7., 66.,
       114., 114., 70., 30., 5., 33., 1., 0., 23., 65., 10., 0., 0., 62.,
       12., 0., 1., 14., 1., 0., 5., 101., 61., 47., 4., 1., 6., 26.,
       37., 1., 6., 44., 63., 90., 61., 28., 4., 26., 1., 0., 14., 50.,
       10., 0., 0., 41., 1., 1., 2., 4., 28., 62., 94., 1., 3., 5., 4.,
