%YAML:1.0
---
mat: !!opencv-matrix
   rows: 46
   cols: 128
   dt: f
   data: [ 101., 38., 15., 32., 35., 1., 1., 27., 61., 95., 33., 24.,
       35., 5., 7., 30., 88., 98., 18., 5., 3., 1., 2., 23., 8., 14.,
       26., 3., 0., 0., 0., 2., 77., 26., 7., 16., 27., 25., 25., 93.,
       108., 41., 17., 20., 23., 20., 40., 108., 81., 14., 46., 100.,
       28., 1., 21., 101., 31., 21., 75., 23., 0., 2., 15., 40., 24., 0.,
       0., 1., 4., 64., 64., 108., 108., 26., 0., 8., 20., 75., 66., 49.,
       98., 16., 8., 62., 108., 75., 23., 28., 108., 23., 7., 5., 2.,
       10., 24., 63., 29., 0., 0., 0., 0., 6., 15., 45., 14., 0., 0., 0.,
       1., 17., 70., 41., 16., 1., 0., 0., 6., 94., 73., 22., 41., 25.,
       7., 2., 0., 24., 53., 15., 48., 15., 0., 0., 0., 0., 0., 0., 148.,
       126., 1., 0., 0., 0., 0., 0., 56., 108., 23., 2., 6., 0., 0., 1.,
       3., 27., 15., 14., 114., 84., 37., 3., 32., 8., 0., 0., 0., 0.,
       0., 2., 148., 76., 1., 0., 0., 0., 0., 45., 68., 71., 38., 12.,
       11., 8., 6., 28., 2., 57., 111., 5., 3., 10., 29., 12., 23., 3.,
       0., 0., 0., 0., 0., 1., 148., 46., 0., 0., 0., 1., 1., 13., 122.,
       12., 7., 7., 12., 25., 63., 38., 9., 5., 24., 3., 1., 6., 141.,
       89., 8., 1., 0., 0., 0., 0., 0., 0., 148., 42., 0., 0., 0., 0.,
       0., 0., 148., 15., 0., 0., 0., 0., 4., 19., 49., 1., 3., 3., 0.,
       0., 10., 33., 40., 112., 25., 0., 0., 0., 0., 1., 7., 70., 64.,
       0., 0., 0., 0., 0., 11., 93., 51., 1., 0., 0., 0., 0., 5., 46.,
       64., 2., 0., 0., 0., 0., 112., 65., 27., 9., 6., 4., 5., 48.,
       112., 57., 70., 7., 8., 12., 12., 32., 13., 48., 108., 18., 69.,
       49., 14., 12., 18., 60., 112., 25., 7., 8., 5., 5., 37., 1., 1.,
       3., 6., 17., 112., 109., 112., 12., 3., 4., 9., 17., 112., 75.,
       20., 6., 5., 7., 76., 87., 106., 14., 22., 5., 10., 4., 7., 66.,
       112., 60., 45., 0., 0., 0., 0., 1., 30., 49., 9., 3., 4., 6., 1.,
       1., 67., 27., 1., 7., 59., 45., 3., 8., 65., 10., 7., 50., 79.,
       5., 0., 12., 76., 32., 0., 0., 1., 0., 4., 92., 99., 13., 19., 1.,
       0., 1., 7., 116., 83., 69., 90., 1., 0., 0., 0., 0., 12., 118.,
       10., 0., 0., 0., 0., 0., 31., 55., 15., 57., 74., 21., 13., 27.,
       9., 2., 26., 24., 9., 22., 90., 72., 19., 9., 118., 33., 5., 7.,
       7., 5., 5., 46., 32., 0., 0., 0., 0., 0., 11., 51., 118., 84.,
       37., 37., 16., 3., 3., 4., 106., 27., 1., 3., 56., 118., 35., 22.,
       118., 20., 1., 2., 12., 28., 24., 94., 44., 4., 0., 0., 0., 0.,
       27., 59., 118., 68., 2., 4., 34., 15., 2., 4., 118., 46., 0., 1.,
       36., 57., 6., 10., 95., 20., 1., 1., 19., 40., 16., 39., 57., 12.,
       25., 34., 1., 0., 2., 16., 0., 3., 39., 59., 12., 0., 1., 1., 1.,
       18., 137., 81., 13., 0., 0., 0., 49., 119., 76., 3., 0., 0., 0.,
       1., 18., 21., 2., 1., 3., 4., 1., 2., 13., 34., 56., 39., 45.,
       10., 5., 3., 18., 22., 43., 66., 115., 38., 5., 5., 137., 83.,
       22., 7., 3., 3., 3., 19., 82., 6., 0., 1., 3., 7., 13., 23., 61.,
       21., 10., 8., 15., 18., 8., 9., 32., 6., 3., 15., 97., 137., 27.,
       16., 137., 25., 5., 9., 12., 14., 17., 46., 121., 2., 0., 0., 1.,
       6., 8., 22., 83., 55., 29., 14., 19., 5., 3., 6., 55., 18., 2.,
       32., 137., 22., 2., 4., 137., 58., 3., 14., 32., 5., 3., 6., 102.,
       39., 1., 0., 0., 1., 1., 2., 3., 0., 0., 0., 0., 0., 0., 0., 148.,
       1., 0., 0., 0., 0., 0., 15., 79., 16., 5., 0., 0., 0., 0., 3., 1.,
       6., 9., 1., 1., 0., 0., 0., 16., 0., 0., 0., 0., 0., 0., 1., 148.,
       15., 2., 3., 1., 0., 0., 36., 148., 85., 114., 59., 19., 2., 1.,
       8., 41., 102., 73., 12., 5., 0., 0., 2., 29., 1., 0., 0., 0., 0.,
       0., 7., 148., 45., 3., 5., 3., 0., 3., 53., 76., 54., 32., 52.,
       54., 32., 44., 39., 111., 86., 26., 8., 4., 5., 20., 37., 41., 0.,
       0., 0., 0., 0., 0., 13., 148., 4., 1., 0., 0., 0., 18., 142., 20.,
       13., 7., 0., 0., 3., 129., 69., 12., 13., 2., 0., 1., 5., 87.,
       37., 0., 4., 47., 44., 6., 1., 9., 4., 12., 54., 58., 10., 13.,
       17., 7., 1., 9., 9., 4., 18., 59., 51., 12., 6., 70., 8., 3., 5.,
       3., 2., 6., 40., 10., 7., 34., 117., 111., 2., 0., 1., 141., 67.,
       39., 23., 9., 7., 4., 23., 54., 9., 2., 12., 79., 92., 22., 23.,
       109., 6., 2., 3., 6., 12., 15., 80., 17., 9., 2., 20., 141., 37.,
       1., 1., 141., 44., 2., 4., 10., 5., 2., 17., 97., 9., 0., 5., 75.,
       64., 11., 18., 105., 10., 1., 2., 10., 11., 10., 53., 7., 1., 0.,
       1., 141., 75., 9., 7., 141., 10., 0., 0., 6., 12., 9., 51., 95.,
       2., 0., 0., 25., 63., 14., 25., 42., 1., 2., 10., 5., 15., 16.,
       50., 52., 22., 0., 0., 0., 0., 0., 0., 166., 166., 30., 27., 10.,
       3., 2., 5., 86., 146., 98., 42., 18., 8., 20., 45., 35., 68., 32.,
       11., 1., 0., 5., 20., 34., 5., 0., 0., 0., 0., 0., 2., 166., 62.,
       1., 1., 1., 1., 7., 101., 114., 33., 8., 1., 2., 3., 112., 166.,
       24., 15., 3., 0., 2., 11., 67., 88., 11., 1., 0., 0., 0., 0., 0.,
       0., 166., 32., 1., 0., 0., 0., 0., 16., 94., 42., 17., 0., 0., 0.,
       7., 28., 13., 13., 1., 0., 3., 7., 7., 6., 0., 0., 0., 0., 0., 0.,
       0., 0., 0., 0., 0., 0., 0., 0., 0., 0., 0., 0., 0., 0., 0., 0.,
       0., 0., 0., 0., 0., 0., 0., 0., 0., 0., 0., 19., 59., 73., 14.,
       4., 2., 0., 19., 88., 65., 49., 6., 1., 0., 2., 3., 10., 79., 64.,
       10., 4., 1., 1., 5., 16., 95., 91., 29., 1., 0., 0., 5., 18., 68.,
       92., 53., 23., 7., 3., 113., 78., 23., 48., 24., 15., 2., 8., 37.,
       7., 19., 60., 88., 26., 3., 4., 40., 16., 23., 82., 113., 10., 1.,
       1., 22., 1., 2., 17., 41., 68., 64., 28., 113., 4., 1., 4., 29.,
       48., 61., 101., 35., 1., 2., 30., 113., 65., 20., 13., 31., 1.,
       1., 13., 113., 69., 55., 19., 3., 0., 0., 1., 2., 19., 98., 28.,
       4., 0., 8., 5., 4., 14., 100., 51., 1., 0., 3., 10., 19., 93.,
       47., 7., 1., 0., 0., 2., 8., 49., 110., 9., 139., 28., 6., 4., 5.,
       1., 42., 139., 36., 4., 2., 55., 139., 2., 1., 10., 139., 8., 0.,
       16., 39., 0., 0., 25., 63., 3., 0., 0., 0., 0., 0., 9., 14., 3.,
       25., 56., 23., 6., 50., 52., 38., 11., 18., 118., 139., 0., 0.,
       3., 139., 26., 1., 17., 28., 0., 0., 14., 63., 18., 9., 0., 0.,
       0., 0., 3., 4., 11., 23., 100., 27., 1., 0., 0., 38., 9., 12.,
       51., 122., 26., 18., 30., 139., 38., 6., 4., 12., 4., 8., 55.,
       21., 54., 46., 0., 0., 0., 0., 0., 8., 61., 71., 53., 6., 1., 0.,
       0., 12., 60., 59., 1., 7., 21., 29., 17., 32., 37., 83., 0., 0.,
       2., 10., 28., 2., 40., 78., 0., 0., 0., 0., 0., 0., 10., 69., 47.,
       6., 0., 0., 0., 5., 57., 65., 38., 12., 0., 0., 0., 29., 66., 34.,
       82., 25., 2., 4., 9., 30., 61., 11., 2., 2., 2., 33., 37., 7.,
       40., 84., 86., 31., 13., 0., 2., 108., 105., 49., 22., 37., 23.,
       2., 18., 32., 97., 27., 25., 88., 103., 29., 14., 36., 108., 38.,
       1., 1., 6., 25., 33., 44., 67., 55., 13., 29., 39., 3., 23., 107.,
       92., 24., 5., 6., 6., 50., 73., 30., 47., 25., 3., 11., 46., 67.,
       85., 13., 7., 0., 0., 0., 4., 80., 92., 63., 3., 1., 0., 13.,
       101., 51., 50., 108., 3., 1., 0., 0., 1., 72., 108., 12., 11., 8.,
       3., 0., 0., 58., 76., 6., 12., 17., 10., 0., 1., 23., 28., 0.,
       23., 59., 12., 4., 1., 0., 0., 0., 14., 107., 27., 7., 3., 0., 0.,
       0., 28., 97., 29., 10., 8., 6., 0., 2., 22., 50., 84., 15., 3.,
       2., 0., 4., 20., 62., 30., 98., 71., 3., 1., 72., 73., 81., 33.,
       36., 33., 4., 7., 7., 38., 108., 55., 88., 48., 3., 2., 26., 36.,
       73., 108., 42., 7., 2., 0., 5., 5., 18., 27., 108., 73., 17., 12.,
       103., 19., 2., 35., 73., 46., 31., 82., 26., 3., 8., 108., 108.,
       50., 23., 17., 43., 4., 7., 20., 49., 88., 32., 26., 2., 6., 13.,
       11., 16., 10., 54., 43., 1., 0., 0., 2., 29., 56., 48., 35., 9.,
       0., 0., 5., 28., 108., 93., 17., 9., 0., 0., 0., 10., 30., 108.,
