%YAML:1.0
---
mat: !!opencv-matrix
   rows: 131
   cols: 128
   dt: f
   data: [ 0., 0., 0., 3., 53., 48., 2., 0., 1., 1., 13., 37., 114., 70.,
       4., 1., 124., 18., 15., 8., 5., 19., 13., 38., 100., 4., 0., 1.,
       3., 0., 0., 21., 0., 0., 0., 6., 80., 60., 4., 0., 5., 6., 15.,
       103., 124., 79., 4., 3., 124., 33., 18., 26., 11., 15., 5., 34.,
       107., 6., 0., 0., 2., 0., 0., 11., 0., 0., 0., 1., 97., 45., 0.,
       0., 4., 5., 5., 30., 124., 124., 31., 12., 124., 40., 6., 8., 8.,
       22., 39., 99., 77., 12., 0., 0., 0., 1., 1., 14., 0., 0., 0., 0.,
       41., 34., 0., 0., 1., 4., 3., 10., 93., 124., 67., 1., 47., 41.,
       4., 3., 3., 29., 120., 45., 38., 13., 0., 0., 0., 4., 13., 29.,
       1., 5., 4., 14., 25., 3., 0., 0., 0., 21., 71., 57., 82., 32., 2.,
       1., 65., 124., 79., 4., 5., 9., 4., 17., 60., 47., 2., 0., 0., 0.,
       0., 3., 1., 0., 0., 26., 63., 3., 0., 1., 5., 19., 41., 124.,
       124., 21., 5., 6., 124., 91., 33., 14., 7., 8., 8., 51., 124.,
       19., 0., 0., 0., 0., 0., 11., 1., 0., 0., 51., 114., 2., 0., 1.,
       18., 18., 5., 73., 124., 21., 25., 32., 124., 46., 3., 2., 4., 5.,
       22., 124., 90., 35., 0., 0., 0., 0., 0., 12., 0., 1., 3., 84.,
       107., 3., 0., 0., 23., 37., 12., 38., 56., 12., 25., 17., 124.,
       42., 0., 0., 0., 0., 9., 48., 35., 44., 0., 0., 0., 0., 0., 2.,
       0., 2., 66., 37., 1., 0., 0., 0., 2., 10., 117., 35., 2., 1., 0.,
       2., 0., 29., 117., 58., 19., 2., 1., 1., 37., 30., 49., 84., 45.,
       0., 0., 0., 9., 5., 68., 73., 35., 51., 13., 5., 112., 28., 83.,
       31., 21., 48., 16., 46., 9., 30., 81., 32., 73., 117., 16., 10.,
       84., 25., 35., 42., 24., 12., 14., 5., 17., 2., 0., 28., 117.,
       48., 10., 5., 117., 34., 1., 6., 52., 26., 4., 20., 41., 7., 1.,
       0., 117., 117., 28., 7., 39., 3., 1., 1., 10., 36., 87., 43., 7.,
       2., 1., 19., 82., 32., 25., 7., 117., 17., 0., 0., 24., 16., 33.,
       73., 39., 5., 1., 0., 18., 63., 48., 20., 3., 0., 0., 0., 1., 12.,
       98., 53., 2., 27., 97., 60., 27., 1., 0., 0., 51., 99., 90., 1.,
       0., 0., 0., 7., 31., 34., 21., 75., 34., 1., 0., 4., 11., 32.,
       88., 51., 12., 1., 0., 7., 12., 27., 14., 58., 53., 16., 20., 15.,
       114., 50., 13., 10., 5., 10., 4., 37., 64., 9., 5., 114., 114.,
       0., 0., 28., 85., 11., 11., 38., 38., 0., 1., 76., 11., 1., 0.,
       7., 16., 87., 73., 96., 114., 39., 12., 28., 10., 89., 71., 20.,
       50., 23., 15., 114., 63., 32., 32., 21., 81., 34., 7., 15., 7.,
       1., 9., 80., 1., 2., 2., 1., 1., 29., 37., 31., 1., 0., 1., 3.,
       3., 68., 88., 4., 7., 2., 0., 4., 7., 78., 114., 8., 14., 17., 5.,
       7., 7., 27., 92., 13., 1., 27., 87., 20., 0., 20., 115., 25., 21.,
       41., 18., 0., 0., 51., 115., 47., 25., 1., 3., 17., 52., 36., 21.,
       36., 5., 46., 20., 20., 34., 69., 44., 2., 18., 56., 97., 36.,
       15., 22., 71., 58., 115., 115., 14., 4., 14., 10., 13., 9., 19.,
       4., 59., 107., 70., 27., 12., 3., 1., 5., 115., 74., 18., 42.,
       49., 16., 8., 1., 0., 11., 89., 55., 74., 70., 115., 7., 0., 4.,
       30., 19., 30., 115., 18., 1., 9., 35., 85., 100., 100., 16., 1.,
       3., 31., 14., 8., 22., 115., 77., 0., 0., 0., 1., 9., 25., 37.,
       10., 5., 0., 0., 0., 1., 6., 29., 44., 1., 1., 2., 1., 1., 10.,
       22., 4., 1., 0., 0., 0., 1., 3., 24., 7., 52., 26., 1., 3., 16.,
       65., 37., 11., 24., 2., 5., 11., 5., 77., 66., 48., 61., 26., 37.,
       31., 10., 7., 10., 87., 106., 71., 30., 7., 2., 1., 1., 23., 113.,
       34., 51., 35., 5., 13., 12., 34., 63., 47., 51., 11., 2., 62.,
       70., 16., 31., 6., 8., 15., 31., 113., 54., 61., 113., 7., 4., 3.,
       3., 8., 10., 113., 42., 10., 35., 47., 30., 85., 19., 43., 113.,
       53., 65., 24., 3., 6., 5., 56., 88., 49., 34., 4., 6., 35., 25.,
       78., 51., 0., 0., 0., 0., 2., 8., 101., 8., 0., 0., 1., 11., 113.,
       37., 15., 53., 5., 10., 22., 14., 44., 39., 80., 95., 9., 4., 2.,
       0., 0., 2., 113., 21., 0., 0., 1., 0., 0., 0., 24., 0., 3., 22.,
       54., 43., 4., 2., 0., 23., 81., 74., 30., 11., 6., 19., 1., 12.,
       22., 12., 12., 11., 6., 12., 4., 0., 6., 12., 13., 39., 73., 36.,
       3., 2., 2., 6., 28., 121., 23., 0., 1., 121., 58., 21., 25., 80.,
       18., 1., 25., 65., 24., 38., 115., 29., 1., 1., 8., 17., 63., 69.,
       29., 5., 7., 9., 15., 1., 1., 1., 10., 121., 10., 0., 0., 90.,
       85., 36., 25., 110., 8., 1., 9., 36., 31., 33., 77., 29., 2., 11.,
       87., 16., 9., 7., 49., 80., 4., 23., 95., 0., 0., 0., 9., 121.,
       22., 3., 0., 42., 33., 17., 20., 101., 27., 27., 93., 51., 11.,
       6., 8., 8., 0., 1., 121., 8., 0., 0., 89., 119., 1., 1., 28., 14.,
       14., 16., 30., 15., 6., 33., 5., 21., 53., 70., 28., 8., 11., 38.,
       13., 18., 21., 15., 9., 10., 35., 29., 25., 24., 12., 25., 5., 9.,
       35., 43., 36., 68., 14., 8., 110., 109., 1., 0., 5., 118., 54.,
       34., 74., 64., 1., 0., 32., 79., 20., 43., 105., 53., 3., 1., 15.,
       31., 48., 78., 29., 3., 1., 11., 31., 25., 3., 6., 111., 68., 40.,
       34., 28., 118., 70., 1., 22., 41., 50., 27., 19., 75., 58., 5.,
       26., 118., 59., 0., 4., 105., 89., 2., 5., 26., 14., 10., 35., 1.,
       0., 0., 6., 13., 50., 62., 46., 39., 33., 1., 0., 22., 112., 83.,
       19., 27., 36., 11., 17., 49., 38., 54., 14., 76., 28., 0., 3.,
       25., 17., 30., 59., 26., 147., 97., 0., 2., 10., 20., 20., 104.,
       147., 37., 0., 0., 0., 0., 9., 57., 36., 1., 0., 0., 0., 0., 5.,
       23., 5., 0., 0., 0., 0., 0., 4., 56., 54., 5., 8., 25., 15., 17.,
       20., 147., 71., 0., 0., 0., 0., 0., 28., 140., 8., 0., 0., 0., 0.,
       0., 22., 31., 2., 0., 0., 0., 0., 0., 4., 34., 14., 0., 1., 9.,
       80., 137., 27., 147., 46., 0., 0., 0., 14., 53., 106., 130., 5.,
       0., 0., 0., 0., 0., 30., 19., 3., 0., 0., 0., 0., 0., 6., 43.,
       12., 0., 0., 0., 28., 127., 46., 47., 3., 0., 0., 0., 9., 91.,
       129., 36., 9., 0., 0., 0., 0., 0., 22., 10., 5., 0., 0., 0., 0.,
       0., 1., 35., 92., 85., 1., 1., 0., 1., 5., 51., 140., 99., 0., 0.,
       0., 0., 23., 138., 107., 8., 0., 0., 0., 0., 18., 26., 15., 0.,
       0., 0., 0., 0., 0., 53., 59., 35., 0., 0., 0., 1., 8., 141., 39.,
       11., 0., 0., 0., 0., 113., 141., 14., 0., 0., 0., 0., 0., 103.,
       27., 22., 0., 0., 0., 0., 0., 0., 47., 24., 27., 0., 0., 0., 18.,
       54., 141., 40., 3., 0., 0., 0., 1., 57., 141., 22., 0., 0., 0.,
       0., 0., 17., 25., 15., 0., 0., 0., 0., 0., 0., 56., 14., 1., 0.,
       0., 0., 6., 57., 141., 4., 0., 0., 0., 0., 0., 141., 81., 2., 0.,
       0., 0., 0., 0., 39., 21., 2., 0., 0., 0., 0., 0., 4., 16., 24.,
       19., 4., 0., 0., 103., 79., 142., 46., 2., 0., 0., 0., 42., 106.,
       125., 4., 0., 1., 0., 0., 19., 59., 7., 1., 2., 1., 0., 0., 4.,
       11., 18., 14., 42., 26., 3., 1., 38., 46., 142., 47., 20., 7., 0.,
       0., 18., 71., 142., 7., 1., 4., 1., 0., 0., 15., 14., 1., 1., 2.,
       0., 0., 0., 5., 15., 34., 45., 43., 4., 1., 46., 52., 142., 94.,
       5., 1., 0., 0., 26., 117., 138., 13., 0., 1., 3., 0., 0., 26.,
       15., 1., 0., 0., 1., 0., 0., 9., 33., 1., 3., 2., 0., 0., 95.,
       142., 45., 1., 0., 1., 0., 0., 76., 142., 30., 0., 0., 2., 2., 0.,
       0., 40., 8., 1., 0., 0., 0., 0., 0., 6., 108., 108., 13., 8., 0.,
       0., 0., 20., 74., 146., 7., 1., 0., 0., 0., 1., 42., 61., 0., 0.,
       0., 0., 0., 0., 10., 12., 0., 0., 0., 0., 0., 0., 73., 15., 9.,
       32., 13., 0., 4., 45., 146., 103., 8., 10., 3., 0., 0., 58., 146.,
       34., 0., 0., 0., 0., 0., 18., 15., 10., 0., 0., 0., 0., 0., 0.,
       61., 12., 37., 44., 7., 1., 9., 22., 146., 71., 1., 4., 1., 0.,
       0., 52., 146., 47., 0., 0., 0., 0., 0., 10., 18., 6., 0., 0., 0.,
       0., 0., 1., 31., 20., 10., 3., 6., 6., 20., 18., 146., 146., 0.,
       0., 1., 1., 3., 52., 143., 89., 0., 0., 0., 0., 0., 20., 17., 3.,
