%YAML:1.0
---
mat: !!opencv-matrix
   rows: 17
   cols: 128
   dt: f
   data: [ 56., 33., 3., 6., 85., 4., 0., 0., 60., 57., 1., 14., 133.,
       5., 0., 0., 104., 58., 1., 2., 1., 0., 1., 12., 37., 6., 4., 1.,
       2., 7., 8., 15., 110., 53., 2., 4., 79., 10., 0., 1., 60., 39.,
       0., 6., 133., 45., 1., 2., 133., 74., 0., 0., 6., 3., 1., 24.,
       36., 4., 6., 5., 16., 6., 2., 16., 133., 47., 0., 1., 49., 11.,
       0., 1., 41., 6., 0., 0., 133., 109., 5., 10., 133., 44., 2., 1.,
       13., 18., 4., 44., 27., 12., 6., 21., 34., 4., 1., 11., 100., 38.,
       1., 1., 13., 10., 17., 24., 15., 12., 2., 5., 132., 44., 2., 3.,
       133., 77., 5., 5., 46., 10., 1., 1., 33., 19., 5., 17., 10., 11.,
       3., 1., 12., 6., 0., 1., 5., 5., 10., 32., 7., 2., 1., 12., 135.,
       26., 7., 8., 135., 11., 1., 4., 54., 7., 4., 32., 29., 6., 21.,
       25., 50., 7., 1., 5., 30., 3., 3., 21., 14., 3., 4., 18., 10., 7.,
       3., 121., 135., 10., 2., 2., 135., 42., 3., 29., 47., 2., 0., 9.,
       55., 3., 1., 16., 135., 6., 0., 7., 6., 1., 2., 31., 41., 4., 5.,
       3., 16., 2., 1., 48., 135., 25., 0., 5., 135., 7., 1., 7., 53.,
       9., 0., 47., 52., 1., 0., 14., 135., 8., 1., 13., 7., 6., 3., 24.,
       40., 5., 1., 1., 15., 0., 1., 9., 135., 29., 2., 12., 135., 0.,
       0., 0., 40., 12., 2., 72., 26., 0., 0., 4., 134., 13., 1., 15.,
       0., 0., 46., 12., 0., 0., 0., 0., 6., 11., 51., 15., 0., 0., 0.,
       1., 45., 34., 19., 0., 0., 2., 16., 22., 109., 68., 8., 8., 2.,
       2., 6., 5., 0., 1., 46., 15., 1., 13., 34., 7., 42., 25., 32.,
       17., 0., 11., 44., 11., 123., 26., 2., 6., 20., 16., 36., 55.,
       97., 42., 3., 10., 32., 21., 17., 19., 5., 1., 3., 2., 15., 82.,
       123., 62., 20., 5., 2., 2., 45., 123., 123., 29., 123., 44., 3.,
       18., 70., 24., 21., 25., 98., 43., 22., 33., 67., 2., 1., 11.,
       20., 63., 123., 45., 29., 16., 31., 25., 8., 21., 123., 86., 122.,
       59., 28., 8., 76., 29., 11., 24., 98., 15., 3., 36., 18., 27.,
       19., 17., 62., 10., 5., 17., 26., 55., 17., 20., 0., 0., 1., 18.,
       60., 14., 34., 71., 1., 0., 0., 15., 69., 5., 8., 37., 99., 4.,
       1., 20., 120., 2., 1., 14., 34., 1., 0., 38., 81., 48., 18., 59.,
       6., 0., 0., 6., 120., 19., 14., 69., 11., 0., 0., 21., 120., 9.,
       4., 119., 108., 0., 0., 15., 120., 16., 14., 22., 14., 0., 0.,
       20., 81., 10., 6., 69., 39., 0., 0., 11., 120., 36., 11., 53.,
       27., 1., 0., 8., 120., 16., 7., 104., 87., 10., 12., 20., 120.,
       23., 13., 6., 1., 0., 2., 31., 48., 1., 0., 20., 67., 6., 3., 18.,
       120., 26., 7., 7., 10., 3., 2., 20., 53., 11., 3., 5., 14., 10.,
       42., 65., 59., 6., 0., 0., 0., 0., 9., 72., 0., 1., 4., 36., 45.,
       58., 15., 1., 8., 6., 5., 13., 58., 72., 18., 6., 66., 22., 1.,
       2., 72., 73., 4., 6., 46., 12., 0., 0., 73., 44., 2., 5., 5., 6.,
       7., 50., 113., 65., 2., 1., 113., 33., 11., 18., 52., 71., 9.,
       19., 61., 1., 0., 0., 94., 113., 13., 31., 51., 1., 0., 0., 49.,
       78., 17., 31., 4., 2., 1., 1., 87., 112., 16., 22., 113., 13., 0.,
       0., 78., 106., 6., 16., 74., 5., 0., 0., 113., 113., 8., 26., 41.,
       0., 0., 1., 14., 47., 37., 58., 32., 14., 1., 0., 43., 39., 5.,
       14., 86., 31., 0., 0., 113., 84., 1., 2., 62., 32., 1., 1., 58.,
       41., 10., 25., 15., 0., 0., 7., 33., 15., 13., 48., 6., 6., 86.,
       47., 9., 2., 0., 5., 52., 31., 62., 34., 9., 1., 0., 2., 63., 9.,
       1., 12., 108., 4., 0., 2., 114., 13., 0., 5., 40., 1., 0., 1.,
       14., 12., 13., 36., 89., 9., 0., 1., 127., 49., 12., 15., 46., 1.,
       0., 2., 112., 8., 0., 41., 127., 0., 0., 3., 127., 6., 0., 5.,
       47., 4., 0., 10., 36., 8., 1., 19., 121., 1., 0., 3., 127., 5.,
       0., 11., 70., 1., 0., 25., 117., 9., 1., 37., 127., 3., 0., 3.,
       127., 15., 3., 11., 23., 2., 0., 2., 31., 10., 2., 20., 69., 0.,
       0., 1., 127., 12., 0., 5., 37., 4., 0., 11., 64., 6., 0., 4., 87.,
       45., 7., 10., 94., 15., 3., 4., 5., 4., 3., 11., 63., 135., 4.,
       2., 69., 43., 0., 0., 94., 135., 2., 3., 32., 10., 0., 1., 2., 2.,
       0., 1., 23., 10., 0., 0., 0., 0., 0., 0., 0., 0., 0., 0., 53.,
       51., 1., 3., 135., 135., 5., 9., 135., 135., 3., 2., 18., 40.,
       12., 48., 30., 15., 4., 2., 65., 110., 9., 12., 0., 0., 0., 0.,
       3., 4., 0., 0., 15., 3., 1., 1., 117., 135., 6., 8., 135., 135.,
       52., 7., 49., 52., 6., 19., 16., 127., 27., 5., 56., 48., 1., 2.,
       0., 0., 0., 0., 7., 7., 0., 0., 0., 0., 0., 0., 40., 28., 0., 0.,
       1., 21., 9., 3., 35., 21., 0., 0., 1., 13., 1., 0., 0., 0., 0.,
       0., 0., 0., 0., 0., 0., 0., 0., 0., 0., 0., 0., 86., 89., 1., 0.,
       0., 84., 2., 4., 134., 125., 4., 8., 76., 134., 3., 3., 24., 5.,
       0., 1., 134., 12., 1., 4., 24., 4., 0., 0., 6., 9., 5., 2., 131.,
       134., 4., 4., 6., 134., 17., 3., 43., 77., 14., 59., 134., 71.,
       3., 2., 49., 80., 13., 34., 134., 1., 0., 1., 17., 9., 0., 0., 0.,
       20., 10., 4., 58., 32., 0., 0., 2., 134., 47., 6., 30., 16., 1.,
       3., 46., 35., 10., 4., 86., 92., 3., 3., 12., 0., 0., 0., 2., 3.,
       0., 0., 0., 0., 0., 0., 0., 0., 0., 0., 0., 4., 0., 0., 2., 1.,
       0., 0., 1., 1., 0., 0., 6., 6., 0., 0., 0., 0., 0., 0., 0., 0.,
       0., 0., 0., 6., 6., 32., 117., 24., 3., 0., 3., 118., 86., 36.,
       52., 16., 1., 0., 0., 36., 16., 1., 9., 70., 1., 0., 1., 24., 0.,
       0., 0., 131., 11., 0., 5., 29., 4., 12., 27., 106., 38., 3., 8.,
       131., 24., 2., 9., 64., 16., 1., 5., 80., 11., 1., 13., 73., 1.,
       0., 1., 33., 4., 0., 5., 131., 3., 0., 1., 55., 4., 1., 10., 131.,
       6., 0., 6., 131., 22., 1., 7., 95., 3., 0., 1., 89., 10., 2., 15.,
       68., 5., 0., 4., 34., 3., 0., 2., 131., 8., 0., 5., 37., 7., 1.,
       23., 106., 0., 0., 1., 131., 36., 3., 20., 70., 0., 0., 0., 71.,
       23., 8., 47., 26., 1., 0., 1., 29., 8., 1., 3., 65., 28., 11.,
       11., 11., 0., 0., 0., 0., 1., 29., 27., 46., 5., 0., 1., 2., 6.,
       95., 100., 4., 1., 0., 3., 47., 73., 111., 19., 1., 0., 0., 0.,
       12., 16., 22., 4., 39., 8., 6., 2., 0., 2., 8., 11., 133., 37.,
       3., 4., 8., 15., 27., 93., 28., 9., 3., 17., 133., 117., 39., 31.,
       3., 3., 16., 11., 67., 11., 2., 1., 16., 31., 30., 12., 0., 0.,
       0., 0., 133., 133., 29., 10., 6., 2., 2., 15., 42., 68., 33., 75.,
       133., 31., 3., 6., 0., 0., 27., 34., 109., 15., 0., 0., 8., 16.,
       42., 14., 0., 0., 1., 5., 103., 108., 17., 2., 1., 5., 16., 19.,
       50., 66., 14., 46., 89., 18., 3., 3., 0., 0., 24., 75., 119., 14.,
       1., 0., 108., 12., 0., 0., 0., 0., 28., 76., 97., 17., 2., 3.,
       48., 58., 14., 51., 2., 6., 17., 19., 113., 105., 15., 3., 0., 0.,
       2., 6., 11., 18., 41., 12., 105., 11., 0., 0., 0., 0., 29., 33.,
       133., 26., 3., 6., 42., 63., 32., 80., 6., 2., 2., 17., 133.,
       133., 28., 10., 0., 0., 0., 0., 17., 32., 31., 11., 69., 11., 2.,
       2., 3., 3., 15., 10., 133., 112., 40., 32., 29., 8., 3., 19., 8.,
       14., 27., 98., 133., 34., 3., 4., 0., 2., 7., 10., 37., 8., 7.,
       2., 13., 18., 23., 3., 1., 0., 0., 0., 46., 72., 116., 20., 4.,
       1., 0., 4., 2., 6., 93., 98., 47., 4., 0., 1., 0., 1., 28., 25.,
       10., 0., 0., 0., 10., 16., 37., 57., 35., 0., 0., 0., 117., 47.,
       9., 21., 49., 0., 0., 0., 66., 11., 1., 28., 127., 0., 1., 11.,
       81., 1., 1., 3., 27., 5., 3., 43., 121., 50., 20., 27., 56., 0.,
       0., 0., 127., 16., 0., 28., 78., 1., 0., 8., 114., 14., 0., 13.,
       127., 10., 0., 6., 117., 38., 7., 12., 26., 3., 1., 10., 127.,
       11., 1., 31., 72., 2., 0., 13., 127., 24., 1., 26., 64., 2., 0.,
       5., 63., 14., 1., 5., 109., 46., 38., 13., 40., 30., 5., 3., 5.,
       9., 49., 58., 126., 7., 0., 4., 43., 24., 4., 11., 127., 15., 1.,
       3., 26., 21., 10., 28., 61., 12., 1., 1., 3., 4., 17., 20., 9.,
