%YAML:1.0
---
mat: !!opencv-matrix
   rows: 39
   cols: 128
   dt: f
   data: [ 0., 0., 31., 29., 4., 2., 0., 0., 0., 0., 80., 80., 3., 4.,
       1., 0., 13., 54., 101., 34., 3., 4., 1., 0., 12., 23., 3., 0., 6.,
       13., 0., 0., 8., 11., 113., 105., 19., 23., 1., 1., 83., 23.,
       103., 82., 5., 31., 39., 43., 79., 71., 40., 19., 22., 101., 53.,
       16., 81., 70., 1., 0., 6., 7., 0., 1., 48., 50., 18., 13., 22.,
       113., 45., 30., 113., 15., 7., 1., 10., 54., 60., 102., 48., 22.,
       1., 0., 113., 113., 12., 14., 85., 108., 2., 0., 30., 20., 4., 9.,
       25., 8., 0., 0., 0., 12., 91., 76., 13., 0., 0., 0., 3., 9., 60.,
       56., 5., 1., 0., 0., 57., 73., 18., 8., 33., 12., 0., 0., 14.,
       37., 53., 47., 0., 0., 2., 22., 16., 12., 2., 0., 5., 9., 37.,
       120., 55., 41., 57., 8., 83., 74., 47., 22., 5., 3., 35., 52.,
       18., 6., 0., 1., 10., 10., 6., 7., 0., 0., 7., 27., 61., 7., 0.,
       0., 19., 25., 20., 106., 161., 18., 3., 9., 161., 114., 19., 19.,
       14., 3., 3., 41., 33., 14., 7., 1., 0., 1., 1., 2., 0., 0., 13.,
       19., 61., 2., 0., 0., 52., 14., 5., 67., 161., 6., 0., 5., 161.,
       48., 5., 13., 31., 1., 0., 31., 40., 11., 12., 1., 0., 0., 0., 2.,
       0., 0., 14., 30., 41., 0., 0., 0., 55., 2., 3., 39., 161., 32.,
       1., 8., 161., 18., 2., 3., 21., 9., 1., 17., 21., 9., 19., 1., 0.,
       0., 0., 0., 0., 0., 0., 0., 32., 14., 19., 2., 33., 16., 1., 10.,
       161., 35., 1., 3., 161., 43., 1., 4., 34., 4., 2., 31., 29., 0.,
       0., 0., 0., 0., 12., 23., 0., 0., 0., 1., 45., 12., 12., 1., 40.,
       3., 0., 13., 161., 63., 5., 12., 161., 20., 0., 2., 41., 15., 5.,
       43., 56., 5., 0., 0., 0., 0., 11., 15., 0., 1., 1., 1., 27., 16.,
       8., 1., 13., 3., 3., 30., 161., 131., 20., 16., 161., 25., 4., 9.,
       21., 28., 22., 93., 65., 10., 0., 0., 0., 0., 5., 28., 8., 10.,
       8., 4., 13., 5., 0., 1., 4., 2., 22., 47., 87., 76., 41., 16.,
       57., 36., 71., 15., 7., 13., 41., 112., 22., 21., 5., 0., 0., 0.,
       1., 22., 1., 0., 0., 1., 43., 33., 16., 44., 21., 14., 8., 35.,
       134., 125., 24., 21., 134., 41., 7., 8., 10., 15., 23., 82., 30.,
       1., 0., 0., 0., 0., 17., 30., 0., 0., 0., 3., 57., 32., 5., 3.,
       16., 22., 21., 104., 134., 92., 17., 15., 134., 106., 22., 25.,
       17., 15., 16., 66., 60., 5., 0., 0., 0., 0., 7., 14., 0., 0., 0.,
       0., 40., 24., 1., 0., 7., 3., 2., 11., 134., 134., 122., 28.,
       121., 11., 2., 3., 8., 28., 131., 134., 31., 0., 0., 0., 1., 1.,
       4., 26., 0., 0., 0., 2., 9., 4., 0., 0., 0., 0., 0., 1., 3., 19.,
       31., 2., 0., 0., 1., 2., 0., 2., 32., 18., 0., 0., 3., 2., 1., 0.,
       1., 3., 2., 1., 1., 3., 0., 0., 1., 1., 0., 2., 34., 17., 0., 0.,
       2., 1., 1., 19., 31., 2., 0., 0., 0., 1., 6., 3., 0., 0., 0., 0.,
       0., 4., 0., 1., 5., 29., 29., 0., 0., 0., 9., 29., 131., 132.,
       118., 8., 2., 4., 132., 132., 124., 26., 6., 2., 2., 14., 44.,
       18., 1., 0., 0., 0., 0., 2., 0., 0., 8., 28., 68., 2., 0., 0.,
       22., 21., 21., 96., 132., 71., 25., 35., 132., 62., 14., 10., 11.,
       15., 22., 132., 56., 17., 3., 1., 0., 0., 0., 6., 0., 1., 41.,
       54., 53., 1., 0., 0., 38., 35., 33., 109., 132., 29., 9., 24.,
       132., 82., 13., 7., 3., 4., 5., 50., 21., 16., 31., 26., 0., 0.,
       0., 1., 1., 6., 113., 34., 2., 1., 0., 1., 7., 56., 112., 19., 2.,
       1., 0., 1., 2., 8., 102., 38., 4., 2., 3., 1., 5., 22., 113., 26.,
       9., 2., 1., 1., 66., 26., 70., 51., 53., 30., 5., 12., 113., 73.,
       45., 22., 42., 20., 8., 15., 32., 7., 28., 51., 42., 31., 49.,
       20., 62., 22., 38., 69., 113., 20., 6., 4., 54., 20., 4., 17.,
       45., 51., 100., 22., 113., 8., 1., 9., 44., 20., 63., 98., 50.,
       1., 4., 49., 113., 41., 9., 15., 72., 9., 5., 51., 101., 67., 4.,
       2., 1., 0., 0., 0., 0., 24., 99., 5., 7., 0., 0., 1., 12., 14.,
       79., 52., 3., 0., 2., 19., 65., 66., 30., 7., 19., 2., 2., 10.,
       50., 54., 87., 19., 3., 18., 37., 7., 1., 1., 17., 13., 16., 73.,
       24., 1., 0., 0., 24., 17., 19., 28., 1., 0., 0., 4., 55., 12., 2.,
       2., 5., 2., 3., 34., 38., 3., 7., 34., 96., 141., 81., 5., 2., 2.,
       141., 141., 98., 32., 4., 1., 0., 15., 96., 27., 0., 0., 0., 1.,
       5., 47., 4., 1., 0., 0., 17., 11., 4., 5., 18., 11., 13., 71.,
       141., 141., 81., 46., 141., 54., 13., 14., 10., 22., 71., 141.,
       115., 3., 0., 0., 3., 2., 2., 59., 0., 0., 0., 0., 30., 6., 1.,
       1., 0., 0., 0., 0., 3., 60., 49., 19., 16., 0., 0., 0., 0., 6.,
       43., 127., 11., 0., 0., 0., 3., 1., 0., 23., 0., 0., 0., 1., 22.,
       1., 0., 0., 19., 0., 0., 1., 49., 44., 8., 15., 55., 7., 5., 11.,
       151., 117., 7., 11., 151., 12., 2., 1., 10., 14., 4., 28., 17.,
       0., 0., 0., 14., 30., 4., 15., 13., 0., 0., 0., 48., 35., 13.,
       31., 53., 2., 0., 0., 151., 96., 4., 6., 151., 16., 0., 0., 27.,
       14., 5., 28., 34., 1., 0., 0., 13., 37., 7., 15., 2., 0., 0., 13.,
       67., 12., 7., 12., 22., 6., 5., 68., 151., 55., 8., 13., 151.,
       28., 4., 7., 16., 15., 9., 44., 52., 2., 0., 0., 22., 18., 3., 6.,
       2., 0., 0., 7., 53., 28., 1., 3., 6., 5., 6., 47., 96., 105., 68.,
       19., 117., 31., 8., 8., 3., 6., 40., 94., 31., 3., 0., 0., 17.,
       8., 3., 11., 23., 5., 2., 9., 17., 0., 0., 1., 4., 2., 25., 98.,
       122., 14., 4., 2., 61., 93., 78., 34., 18., 10., 12., 50., 71.,
       43., 2., 1., 0., 0., 0., 17., 28., 15., 4., 15., 34., 0., 0., 0.,
       17., 10., 9., 87., 150., 8., 3., 3., 150., 30., 10., 21., 30., 7.,
       10., 105., 82., 8., 5., 5., 1., 0., 0., 40., 22., 30., 7., 25.,
       36., 0., 0., 0., 48., 8., 5., 87., 150., 0., 0., 1., 150., 31.,
       4., 11., 31., 0., 0., 14., 47., 17., 16., 34., 5., 0., 0., 2.,
       22., 21., 3., 21., 38., 0., 0., 0., 37., 18., 5., 79., 150., 12.,
       4., 4., 150., 69., 5., 9., 12., 2., 3., 10., 25., 17., 9., 36.,
       26., 0., 0., 0., 8., 7., 24., 18., 9., 17., 19., 22., 52., 39.,
       30., 8., 1., 2., 7., 39., 9., 10., 81., 34., 2., 0., 0., 1., 2.,
       27., 66., 5., 0., 0., 0., 0., 9., 27., 82., 102., 104., 18., 3.,
       4., 114., 114., 81., 25., 20., 10., 2., 13., 32., 30., 86., 82.,
       108., 60., 6., 9., 101., 75., 64., 13., 16., 13., 5., 35., 13.,
       7., 3., 11., 104., 114., 77., 23., 114., 19., 3., 3., 10., 35.,
       88., 114., 44., 2., 0., 2., 46., 114., 70., 44., 56., 3., 0., 1.,
       8., 34., 62., 114., 2., 5., 12., 0., 1., 22., 57., 16., 5., 5.,
       4., 0., 0., 4., 66., 50., 5., 0., 0., 0., 0., 8., 21., 16., 2.,
       0., 0., 0., 0., 2., 17., 15., 38., 17., 29., 10., 7., 39., 19.,
       31., 36., 40., 17., 4., 10., 42., 51., 20., 67., 87., 8., 1., 3.,
       2., 4., 16., 23., 8., 0., 0., 0., 0., 3., 11., 30., 19., 64.,
       109., 56., 19., 23., 54., 103., 103., 83., 34., 13., 15., 28.,
       39., 69., 29., 4., 1., 3., 4., 37., 109., 23., 3., 0., 0., 0., 0.,
       1., 23., 11., 6., 8., 33., 90., 109., 99., 31., 107., 51., 45.,
       44., 50., 30., 91., 109., 80., 109., 50., 15., 6., 1., 4., 24.,
       21., 29., 1., 0., 0., 0., 1., 5., 22., 2., 0., 0., 6., 41., 37.,
       6., 4., 5., 7., 20., 86., 109., 83., 17., 67., 62., 31., 31., 30.,
       20., 59., 60., 25., 108., 30., 7., 1., 0., 0., 1., 14., 17., 20.,
       12., 4., 12., 51., 47., 18., 18., 28., 22., 13., 21., 24., 38.,
       62., 36., 28., 10., 2., 3., 8., 37., 6., 11., 56., 13., 0., 0.,
       0., 1., 66., 70., 18., 23., 42., 5., 19., 14., 24., 42., 91.,
       111., 111., 32., 10., 12., 111., 111., 76., 37., 38., 21., 4.,
       23., 39., 41., 98., 53., 61., 42., 10., 19., 91., 38., 2., 5.,
       31., 18., 49., 59., 29., 10., 3., 10., 101., 111., 111., 44.,
       111., 12., 2., 2., 17., 50., 94., 111., 27., 2., 1., 2., 27., 93.,
       78., 58., 2., 21., 109., 2., 0., 2., 38., 25., 2., 36., 73., 0.,
