%YAML:1.0
---
mat: !!opencv-matrix
   rows: 137
   cols: 128
   dt: f
   data: [ 0., 0., 0., 0., 0., 0., 0., 0., 132., 16., 2., 0., 0., 0., 0.,
       17., 215., 14., 1., 1., 2., 3., 1., 81., 79., 8., 3., 10., 17.,
       31., 9., 35., 0., 0., 1., 0., 0., 0., 0., 0., 159., 103., 37., 0.,
       0., 0., 0., 3., 215., 83., 4., 0., 0., 0., 0., 23., 81., 20., 15.,
       1., 4., 6., 5., 22., 0., 0., 0., 0., 0., 0., 0., 0., 169., 18.,
       6., 0., 0., 0., 0., 18., 215., 38., 6., 0., 0., 0., 0., 28., 32.,
       37., 52., 1., 0., 0., 0., 1., 0., 0., 0., 0., 0., 0., 0., 0., 3.,
       0., 0., 0., 0., 0., 0., 1., 12., 1., 0., 0., 0., 0., 0., 1., 1.,
       1., 1., 0., 0., 0., 0., 0., 22., 6., 22., 1., 0., 0., 0., 0.,
       206., 6., 3., 0., 0., 0., 0., 23., 152., 6., 6., 1., 0., 0., 0.,
       9., 0., 2., 13., 4., 0., 1., 0., 0., 50., 12., 35., 1., 0., 0.,
       0., 1., 206., 12., 3., 0., 0., 0., 0., 29., 150., 12., 24., 6.,
       0., 0., 0., 5., 0., 3., 34., 3., 0., 0., 0., 0., 86., 9., 12., 0.,
       0., 0., 0., 7., 206., 8., 1., 0., 0., 0., 0., 40., 106., 11., 18.,
       8., 1., 0., 0., 4., 0., 2., 28., 3., 0., 0., 0., 0., 97., 1., 0.,
       0., 0., 0., 0., 12., 206., 1., 0., 0., 0., 0., 0., 50., 57., 4.,
       7., 5., 1., 0., 0., 4., 0., 2., 7., 4., 0., 0., 0., 0., 4., 5.,
       3., 87., 59., 0., 1., 2., 75., 2., 7., 115., 51., 2., 2., 53.,
       87., 18., 3., 2., 33., 18., 9., 45., 87., 14., 1., 13., 13., 1.,
       0., 7., 9., 6., 1., 52., 115., 4., 0., 0., 115., 30., 2., 26.,
       79., 9., 3., 52., 76., 22., 11., 0., 27., 45., 45., 67., 42., 2.,
       6., 29., 51., 4., 8., 45., 12., 6., 0., 3., 108., 84., 8., 0.,
       86., 111., 19., 1., 43., 91., 67., 6., 18., 115., 115., 2., 2.,
       17., 36., 9., 10., 39., 110., 52., 29., 8., 2., 6., 22., 17., 0.,
       0., 2., 30., 12., 1., 5., 5., 2., 8., 6., 71., 115., 3., 1., 12.,
       25., 15., 36., 98., 58., 1., 71., 32., 26., 2., 18., 40., 3., 12.,
       126., 2., 1., 14., 64., 0., 0., 11., 126., 1., 0., 9., 120., 9.,
       0., 14., 126., 0., 0., 4., 56., 6., 0., 36., 62., 0., 0., 1., 2.,
       1., 0., 12., 126., 3., 0., 4., 97., 5., 0., 18., 126., 5., 3.,
       53., 126., 5., 0., 9., 126., 8., 2., 20., 40., 2., 0., 19., 61.,
       2., 1., 2., 3., 2., 0., 6., 126., 8., 5., 3., 50., 25., 16., 76.,
       95., 8., 10., 27., 126., 36., 1., 20., 126., 23., 0., 8., 34.,
       16., 2., 9., 49., 14., 5., 4., 0., 0., 0., 2., 17., 35., 45., 8.,
       9., 21., 39., 18., 12., 25., 53., 44., 19., 3., 31., 34., 95., 5.,
       1., 14., 9., 2., 13., 76., 26., 6., 7., 2., 0., 0., 0., 6., 3.,
       5., 80., 70., 19., 1., 2., 7., 2., 4., 116., 85., 3., 3., 8., 4.,
       12., 35., 116., 98., 21., 19., 4., 1., 5., 25., 86., 58., 35.,
       56., 32., 1., 16., 7., 23., 44., 116., 82., 0., 1., 116., 20.,
       46., 18., 29., 56., 43., 56., 57., 36., 9., 8., 43., 116., 47.,
       28., 40., 19., 1., 0., 5., 61., 83., 59., 12., 14., 0., 0., 66.,
       116., 13., 3., 116., 13., 0., 0., 25., 89., 59., 91., 54., 2., 0.,
       0., 17., 116., 84., 51., 10., 1., 0., 0., 1., 13., 93., 89., 26.,
       22., 0., 0., 2., 11., 8., 2., 25., 9., 0., 0., 1., 11., 33., 41.,
       15., 4., 0., 0., 2., 5., 9., 12., 0., 0., 1., 1., 3., 3., 8., 3.,
       13., 57., 69., 5., 0., 0., 0., 2., 10., 59., 63., 4., 0., 1., 0.,
       2., 6., 12., 8., 13., 6., 0., 0., 2., 0., 0., 4., 18., 19., 0.,
       0., 0., 55., 84., 64., 41., 26., 2., 1., 4., 115., 105., 70., 53.,
       20., 0., 0., 13., 58., 51., 82., 115., 18., 0., 0., 2., 34., 47.,
       43., 22., 12., 0., 0., 2., 57., 13., 1., 18., 48., 65., 82., 39.,
       115., 61., 41., 47., 31., 38., 40., 16., 115., 31., 47., 115.,
       49., 7., 3., 41., 115., 18., 7., 9., 16., 1., 0., 42., 2., 21.,
       5., 0., 2., 65., 93., 4., 1., 6., 6., 5., 4., 115., 115., 2., 54.,
       1., 4., 13., 10., 66., 99., 97., 47., 0., 0., 12., 20., 0., 3.,
       45., 86., 94., 32., 0., 5., 12., 7., 12., 5., 46., 56., 4., 5.,
       15., 33., 30., 4., 3., 22., 79., 45., 3., 2., 13., 39., 28., 12.,
       60., 50., 7., 1., 7., 7., 68., 38., 1., 5., 80., 111., 1., 10.,
       111., 111., 6., 20., 54., 19., 0., 70., 54., 69., 49., 54., 33.,
       5., 8., 88., 18., 4., 25., 98., 38., 1., 2., 4., 1., 3., 74., 21.,
       39., 38., 6., 34., 9., 7., 21., 91., 108., 13., 17., 111., 17.,
       3., 1., 63., 40., 4., 48., 37., 19., 2., 3., 111., 83., 7., 7.,
       26., 3., 3., 69., 21., 0., 1., 27., 45., 1., 1., 66., 84., 8., 3.,
       53., 111., 0., 0., 3., 18., 16., 1., 92., 5., 1., 0., 0., 23.,
       87., 41., 13., 1., 43., 48., 1., 3., 2., 10., 4., 10., 15., 19.,
       24., 127., 14., 2., 5., 127., 0., 0., 7., 63., 9., 10., 69., 27.,
       0., 15., 32., 32., 25., 43., 20., 0., 30., 92., 22., 5., 18., 46.,
       2., 22., 15., 41., 127., 53., 6., 14., 13., 127., 37., 4., 27.,
       20., 2., 7., 34., 32., 29., 13., 4., 11., 36., 25., 2., 0., 7.,
       67., 14., 2., 19., 127., 2., 5., 0., 23., 64., 9., 5., 127., 69.,
       45., 32., 49., 85., 10., 8., 65., 74., 9., 75., 121., 34., 2., 1.,
       5., 12., 0., 1., 2., 22., 14., 8., 57., 1., 1., 0., 26., 127.,
       36., 8., 43., 13., 3., 2., 68., 111., 2., 1., 42., 59., 8., 15.,
       67., 19., 0., 0., 48., 76., 5., 0., 0., 7., 93., 19., 2., 1.,
       132., 2., 0., 7., 41., 4., 2., 25., 48., 0., 0., 10., 106., 16.,
       5., 13., 106., 0., 0., 2., 10., 3., 1., 25., 11., 1., 0., 13.,
       132., 9., 0., 0., 132., 3., 1., 10., 54., 2., 0., 11., 66., 1.,
       0., 7., 132., 13., 0., 12., 131., 0., 0., 1., 10., 2., 0., 25.,
       15., 1., 0., 5., 132., 15., 0., 1., 132., 6., 1., 7., 65., 3., 0.,
       12., 76., 6., 2., 40., 114., 6., 0., 4., 132., 5., 1., 2., 4., 1.,
       0., 9., 6., 0., 1., 12., 97., 25., 6., 8., 132., 8., 6., 4., 34.,
       14., 7., 49., 48., 5., 4., 16., 78., 27., 1., 4., 99., 16., 1.,
       1., 3., 2., 0., 3., 10., 37., 24., 17., 5., 6., 6., 6., 11., 42.,
       21., 9., 11., 21., 26., 7., 11., 8., 27., 49., 53., 74., 35., 8.,
       10., 1., 1., 2., 6., 21., 34., 13., 68., 81., 21., 16., 15., 20.,
       11., 21., 117., 47., 6., 7., 23., 58., 15., 26., 80., 11., 10.,
       24., 75., 117., 12., 19., 88., 23., 16., 5., 1., 5., 20., 29.,
       117., 57., 7., 1., 5., 35., 22., 54., 98., 37., 45., 21., 10.,
       39., 13., 21., 25., 16., 83., 99., 53., 66., 6., 6., 20., 18.,
       117., 88., 4., 7., 2., 4., 18., 39., 44., 25., 1., 2., 5., 17.,
       2., 15., 117., 117., 3., 1., 1., 1., 0., 1., 117., 117., 1., 0.,
       0., 0., 0., 0., 117., 117., 0., 0., 0., 0., 0., 0., 0., 1., 5.,
       49., 100., 0., 3., 1., 1., 2., 3., 78., 125., 6., 0., 0., 0., 0.,
       0., 85., 125., 4., 0., 0., 0., 0., 0., 34., 125., 18., 4., 10.,
       21., 64., 45., 21., 17., 0., 125., 23., 7., 45., 31., 20., 57.,
       31., 25., 7., 5., 42., 45., 63., 103., 14., 9., 5., 6., 11., 47.,
       63., 64., 2., 35., 31., 27., 44., 17., 7., 28., 21., 125., 19.,
       9., 49., 30., 11., 31., 36., 43., 33., 23., 125., 67., 6., 3., 6.,
       27., 32., 30., 125., 68., 12., 1., 3., 125., 79., 25., 2., 3., 7.,
       12., 19., 23., 32., 15., 7., 31., 26., 15., 11., 7., 3., 3., 13.,
       59., 39., 21., 18., 10., 7., 6., 58., 112., 53., 11., 15., 0.,
       46., 50., 2., 0., 3., 13., 6., 1., 5., 33., 61., 8., 2., 2., 4.,
       20., 15., 15., 121., 66., 12., 2., 3., 85., 37., 7., 27., 29., 1.,
       1., 9., 4., 93., 101., 4., 15., 48., 15., 0., 82., 62., 76., 37.,
       14., 17., 11., 19., 63., 4., 3., 26., 121., 65., 12., 11., 121.,
       11., 1., 22., 88., 3., 0., 4., 15., 6., 5., 17., 70., 88., 11.,
       13., 121., 23., 3., 1., 37., 22., 1., 39., 65., 8., 0., 0., 121.,
       64., 1., 7., 96., 44., 7., 22., 83., 17., 3., 2., 24., 0., 0.,
       52., 87., 8., 4., 38., 121., 0., 0., 6., 21., 4., 1., 88., 17.,
       1., 0., 1., 68., 106., 11., 8., 13., 14., 3., 2., 16., 54., 58.,
