%YAML:1.0
---
mat: !!opencv-matrix
   rows: 42
   cols: 128
   dt: f
   data: [ 4., 1., 0., 0., 0., 0., 0., 0., 144., 20., 0., 0., 0., 0., 0.,
       0., 74., 19., 31., 9., 0., 0., 0., 0., 0., 13., 20., 4., 16., 0.,
       0., 0., 7., 1., 0., 0., 0., 0., 0., 0., 144., 23., 1., 8., 12.,
       1., 0., 0., 81., 52., 104., 144., 107., 24., 6., 9., 84., 127.,
       70., 26., 10., 4., 4., 18., 9., 2., 0., 0., 0., 0., 0., 0., 144.,
       24., 0., 1., 11., 8., 2., 4., 88., 9., 5., 23., 98., 136., 119.,
       45., 71., 20., 5., 7., 10., 24., 85., 104., 10., 2., 0., 0., 0.,
       0., 0., 0., 144., 33., 1., 0., 0., 0., 0., 1., 78., 11., 26., 6.,
       1., 6., 23., 5., 0., 1., 26., 17., 4., 4., 16., 4., 0., 3., 31.,
       31., 5., 2., 1., 0., 2., 14., 75., 22., 23., 6., 0., 0., 38., 32.,
       20., 8., 7., 2., 1., 1., 7., 2., 0., 0., 0., 2., 4., 1., 0., 8.,
       70., 110., 131., 46., 7., 0., 15., 67., 141., 63., 21., 53., 35.,
       11., 141., 141., 101., 12., 1., 1., 8., 31., 37., 8., 0., 0., 0.,
       1., 1., 2., 0., 0., 2., 6., 75., 118., 64., 1., 12., 7., 24., 7.,
       10., 141., 141., 47., 141., 20., 6., 0., 0., 6., 120., 141., 31.,
       2., 1., 0., 0., 0., 0., 10., 0., 3., 17., 0., 2., 7., 18., 1., 0.,
       1., 18., 1., 0., 10., 59., 4., 1., 1., 20., 1., 0., 0., 29., 18.,
       1., 2., 17., 0., 0., 0., 0., 2., 4., 1., 3., 2., 0., 0., 0., 2.,
       0., 1., 29., 13., 0., 0., 0., 0., 0., 11., 29., 5., 3., 0., 0.,
       0., 0., 2., 1., 0., 26., 6., 0., 0., 1., 1., 25., 46., 15., 5.,
       1., 1., 6., 27., 141., 141., 81., 19., 0., 1., 114., 141., 141.,
       26., 7., 2., 0., 3., 30., 23., 1., 0., 18., 7., 0., 0., 0., 0.,
       8., 12., 42., 25., 22., 15., 28., 11., 17., 46., 141., 130., 15.,
       26., 141., 59., 14., 7., 36., 22., 11., 109., 79., 11., 0., 0.,
       12., 3., 0., 6., 2., 0., 0., 0., 20., 15., 5., 6., 4., 0., 0., 2.,
       96., 116., 97., 27., 67., 1., 0., 0., 6., 17., 102., 127., 23.,
       4., 0., 0., 6., 2., 7., 14., 18., 0., 1., 7., 18., 1., 0., 3., 2.,
       6., 73., 118., 63., 1., 0., 0., 68., 110., 132., 47., 7., 0., 0.,
       8., 31., 32., 5., 2., 1., 0., 0., 3., 19., 1., 0., 11., 58., 4.,
       0., 2., 23., 6., 10., 141., 141., 47., 12., 7., 141., 61., 22.,
       55., 35., 11., 15., 68., 76., 21., 23., 6., 0., 0., 2., 14., 20.,
       1., 0., 0., 29., 18., 1., 1., 6., 0., 0., 6., 119., 141., 141.,
       19., 102., 11., 1., 1., 8., 31., 141., 141., 20., 8., 7., 2., 1.,
       1., 39., 31., 16., 0., 0., 0., 0., 2., 1., 2., 1., 0., 0., 0., 0.,
       10., 31., 2., 0., 0., 0., 1., 1., 2., 37., 8., 0., 0., 0., 2., 4.,
       1., 7., 2., 0., 0., 9., 101., 61., 51., 5., 0., 43., 61., 86.,
       109., 60., 83., 2., 4., 135., 135., 18., 1., 0., 2., 0., 3., 31.,
       18., 0., 0., 0., 1., 0., 0., 0., 0., 0., 5., 66., 89., 22., 12.,
       63., 4., 0., 3., 135., 135., 16., 17., 135., 36., 0., 0., 11.,
       12., 11., 50., 52., 36., 1., 0., 0., 0., 1., 6., 0., 0., 0., 1.,
       44., 31., 5., 4., 7., 0., 0., 1., 104., 132., 135., 37., 64., 4.,
       0., 0., 3., 10., 117., 135., 15., 8., 0., 0., 0., 0., 25., 31.,
       2., 0., 0., 0., 0., 5., 3., 1., 1., 0., 0., 0., 0., 13., 38., 4.,
       0., 0., 0., 0., 0., 1., 26., 14., 0., 0., 0., 0., 1., 1., 5., 3.,
       1., 4., 14., 9., 2., 1., 1., 0., 0., 5., 35., 22., 5., 2., 2., 0.,
       0., 13., 30., 17., 4., 2., 0., 0., 2., 28., 49., 19., 2., 0., 0.,
       1., 14., 33., 88., 38., 9., 3., 1., 3., 14., 28., 112., 112., 40.,
       11., 1., 2., 77., 92., 77., 63., 66., 1., 0., 3., 60., 83., 87.,
       112., 105., 1., 0., 3., 97., 15., 11., 9., 31., 18., 6., 42., 32.,
       6., 6., 21., 112., 91., 25., 30., 112., 17., 4., 31., 112., 28.,
       21., 58., 112., 13., 2., 35., 112., 37., 28., 30., 29., 0., 0.,
       0., 9., 14., 22., 65., 3., 0., 0., 0., 22., 48., 82., 33., 6., 0.,
       0., 2., 17., 51., 90., 53., 13., 0., 0., 1., 20., 64., 112., 44.,
       0., 3., 67., 73., 15., 0., 0., 0., 24., 67., 127., 27., 2., 0.,
       0., 3., 31., 45., 15., 1., 0., 0., 0., 4., 1., 1., 1., 2., 2., 0.,
       0., 0., 5., 3., 21., 65., 127., 17., 0., 1., 127., 74., 47., 26.,
       47., 3., 0., 46., 112., 36., 6., 3., 0., 0., 0., 40., 1., 0., 11.,
       19., 0., 0., 0., 0., 2., 3., 0., 41., 127., 35., 2., 0., 127.,
       127., 2., 16., 60., 14., 13., 26., 80., 127., 29., 6., 0., 0., 2.,
       34., 3., 4., 19., 22., 0., 0., 12., 19., 0., 0., 0., 1., 78.,
       123., 33., 3., 20., 15., 0., 0., 15., 48., 127., 127., 35., 22.,
       1., 0., 0., 0., 40., 127., 2., 1., 0., 0., 0., 0., 11., 25., 0.,
       4., 13., 72., 43., 6., 0., 0., 12., 69., 127., 81., 23., 0., 0.,
       11., 50., 126., 37., 0., 0., 0., 0., 18., 8., 10., 1., 1., 0., 0.,
       0., 1., 4., 1., 2., 127., 84., 0., 0., 0., 127., 22., 15., 92.,
       34., 0., 1., 127., 95., 28., 3., 0., 0., 0., 9., 127., 13., 3.,
       2., 1., 0., 0., 0., 11., 11., 2., 1., 64., 127., 73., 47., 5.,
       127., 43., 2., 13., 8., 12., 59., 71., 91., 49., 21., 1., 0., 0.,
       5., 34., 0., 2., 36., 2., 0., 0., 1., 1., 0., 0., 0., 0., 13.,
       73., 125., 2., 26., 5., 0., 0., 0., 12., 127., 57., 17., 12., 8.,
       0., 0., 2., 52., 25., 0., 1., 16., 2., 0., 6., 32., 0., 1., 9.,
       51., 9., 0., 0., 0., 0., 5., 30., 47., 5., 0., 0., 0., 1., 3., 8.,
       69., 21., 1., 0., 0., 1., 6., 31., 47., 3., 0., 0., 0., 0., 14.,
       40., 130., 115., 65., 0., 0., 0., 130., 130., 121., 13., 9., 5.,
       0., 5., 27., 14., 56., 42., 63., 26., 0., 5., 90., 34., 34., 4.,
       5., 1., 0., 17., 63., 23., 18., 56., 130., 65., 48., 43., 130.,
       39., 9., 11., 13., 8., 22., 109., 36., 3., 1., 29., 65., 29., 28.,
       35., 70., 1., 0., 2., 6., 3., 10., 77., 5., 0., 0., 0., 20., 84.,
       130., 48., 36., 2., 1., 0., 1., 7., 76., 130., 4., 2., 1., 1., 3.,
       18., 62., 28., 9., 0., 0., 0., 0., 0., 20., 39., 0., 3., 79., 37.,
       0., 0., 0., 0., 9., 28., 122., 17., 0., 0., 0., 1., 24., 30., 28.,
       1., 0., 0., 0., 7., 6., 9., 5., 3., 0., 0., 0., 1., 12., 20.,
       144., 144., 1., 1., 1., 2., 144., 132., 139., 20., 0., 0., 0.,
       13., 112., 21., 16., 8., 0., 0., 0., 30., 4., 2., 21., 25., 0.,
       0., 2., 7., 32., 5., 32., 31., 3., 41., 50., 46., 144., 21., 6.,
       1., 0., 0., 6., 141., 95., 17., 14., 6., 0., 0., 4., 43., 1., 0.,
       5., 5., 0., 0., 7., 43., 4., 0., 0., 0., 0., 43., 123., 107., 54.,
       0., 0., 0., 0., 0., 34., 144., 16., 1., 0., 0., 0., 0., 5., 58.,
       6., 2., 0., 0., 0., 0., 1., 11., 1., 10., 15., 24., 4., 0., 0.,
       0., 1., 15., 129., 102., 12., 0., 0., 0., 22., 82., 124., 26., 6.,
       2., 0., 0., 15., 16., 42., 35., 21., 7., 0., 1., 0., 4., 83., 72.,
       24., 3., 5., 8., 21., 32., 71., 129., 129., 54., 15., 13., 129.,
       129., 49., 20., 22., 13., 13., 55., 49., 11., 1., 2., 35., 21.,
       24., 31., 4., 3., 23., 12., 5., 13., 68., 86., 8., 2., 2., 3.,
       58., 129., 129., 50., 96., 5., 0., 0., 5., 26., 128., 129., 18.,
       2., 0., 0., 1., 4., 46., 59., 20., 3., 0., 0., 0., 1., 8., 27.,
       12., 4., 0., 0., 0., 10., 34., 11., 8., 4., 0., 0., 0., 1., 24.,
       28., 11., 5., 1., 0., 0., 0., 1., 7., 0., 0., 8., 33., 58., 13.,
       3., 0., 2., 18., 69., 19., 17., 22., 45., 4., 63., 47., 19., 0.,
       0., 4., 15., 24., 23., 13., 6., 2., 0., 0., 0., 2., 0., 0., 15.,
       103., 128., 18., 1., 0., 13., 79., 128., 114., 72., 45., 26., 10.,
       128., 128., 80., 1., 0., 2., 10., 32., 36., 27., 8., 4., 0., 0.,
       0., 2., 0., 0., 1., 15., 108., 90., 6., 0., 23., 13., 11., 20.,
       67., 128., 128., 56., 128., 32., 4., 0., 0., 6., 74., 128., 35.,
       9., 7., 1., 0., 0., 0., 12., 0., 1., 2., 11., 59., 7., 0., 0.,
       64., 15., 1., 18., 95., 11., 7., 11., 77., 28., 6., 0., 0., 0.,
       5., 32., 2., 6., 19., 1., 0., 0., 0., 1., 2., 45., 56., 120., 75.,
       0., 0., 0., 7., 135., 85., 12., 4., 0., 0., 0., 39., 69., 18., 7.,
