%YAML:1.0
---
mat: !!opencv-matrix
   rows: 90
   cols: 128
   dt: f
   data: [ 1., 0., 0., 0., 0., 0., 0., 0., 53., 21., 0., 0., 0., 0., 0.,
       0., 34., 11., 0., 0., 0., 0., 1., 5., 3., 0., 0., 0., 0., 0., 1.,
       15., 74., 12., 0., 0., 0., 0., 0., 1., 232., 62., 0., 0., 0., 0.,
       0., 28., 227., 14., 0., 0., 0., 0., 1., 24., 4., 0., 0., 1., 1.,
       0., 1., 14., 57., 2., 0., 0., 0., 0., 0., 9., 232., 14., 0., 0.,
       0., 0., 0., 103., 232., 13., 2., 0., 0., 0., 0., 18., 2., 2., 7.,
       11., 1., 0., 0., 2., 1., 0., 0., 0., 0., 0., 0., 1., 87., 0., 0.,
       0., 0., 0., 0., 77., 58., 5., 3., 0., 0., 0., 1., 34., 0., 3., 5.,
       16., 20., 2., 0., 0., 0., 1., 13., 9., 8., 17., 16., 1., 3., 7.,
       16., 7., 105., 127., 47., 18., 27., 9., 18., 16., 34., 67., 64.,
       127., 57., 42., 17., 6., 1., 5., 45., 53., 5., 8., 44., 48., 9.,
       15., 2., 3., 127., 72., 56., 30., 32., 68., 22., 24., 25., 10.,
       13., 24., 127., 127., 51., 41., 116., 43., 14., 9., 12., 13., 34.,
       127., 5., 2., 1., 9., 32., 31., 5., 5., 127., 48., 4., 9., 42.,
       34., 11., 48., 51., 8., 0., 1., 67., 86., 75., 99., 24., 2., 1.,
       0., 1., 6., 34., 127., 0., 0., 0., 1., 8., 14., 6., 2., 72., 3.,
       0., 1., 7., 16., 14., 51., 26., 0., 0., 0., 0., 5., 25., 31., 9.,
       2., 1., 0., 0., 0., 3., 16., 0., 0., 12., 35., 5., 5., 1., 0., 2.,
       12., 45., 45., 4., 0., 0., 0., 2., 9., 14., 61., 24., 0., 0., 0.,
       4., 12., 6., 12., 2., 0., 0., 0., 7., 11., 119., 119., 20., 2.,
       0., 1., 119., 65., 112., 77., 16., 0., 1., 9., 41., 21., 15.,
       118., 119., 4., 2., 14., 35., 24., 8., 17., 13., 2., 1., 22., 21.,
       9., 36., 85., 89., 51., 28., 23., 119., 87., 30., 27., 27., 9.,
       14., 44., 38., 34., 7., 81., 119., 50., 53., 20., 21., 17., 2.,
       4., 3., 3., 22., 18., 3., 27., 116., 90., 8., 9., 8., 2., 119.,
       119., 73., 71., 3., 3., 4., 12., 83., 53., 5., 1., 6., 22., 51.,
       10., 0., 1., 1., 0., 0., 1., 20., 4., 15., 7., 4., 42., 23., 3.,
       0., 3., 1., 2., 41., 121., 20., 6., 7., 2., 5., 5., 66., 113.,
       16., 10., 104., 40., 22., 1., 5., 33., 21., 1., 111., 122., 3.,
       5., 9., 77., 68., 22., 1., 0., 13., 40., 107., 112., 69., 40.,
       13., 9., 122., 122., 41., 5., 3., 5., 70., 81., 28., 6., 0., 0.,
       0., 0., 52., 61., 1., 0., 0., 3., 29., 83., 35., 4., 11., 6., 8.,
       12., 39., 122., 122., 58., 113., 21., 4., 1., 1., 9., 87., 122.,
       18., 1., 0., 0., 0., 1., 10., 29., 11., 1., 1., 0., 0., 3., 11.,
       20., 5., 0., 0., 0., 0., 14., 68., 24., 1., 0., 0., 0., 0., 1.,
       33., 35., 2., 1., 0., 0., 0., 0., 3., 8., 3., 0., 0., 54., 88.,
       12., 8., 6., 98., 11., 9., 35., 91., 19., 7., 122., 94., 26., 11.,
       0., 0., 0., 0., 69., 7., 5., 1., 0., 0., 0., 0., 7., 0., 0., 1.,
       30., 122., 31., 6., 5., 40., 58., 115., 104., 57., 15., 11., 51.,
       122., 122., 89., 11., 2., 1., 2., 22., 40., 13., 0., 0., 0., 0.,
       1., 8., 0., 3., 7., 14., 102., 71., 7., 0., 12., 9., 10., 48.,
       71., 108., 122., 66., 122., 37., 7., 4., 2., 5., 70., 122., 45.,
       3., 0., 0., 0., 0., 0., 20., 3., 2., 2., 2., 6., 14., 18., 7., 7.,
       2., 0., 0., 1., 17., 83., 53., 25., 10., 0., 0., 0., 0., 25., 73.,
       7., 3., 0., 1., 0., 0., 1., 7., 30., 18., 8., 29., 128., 106., 4.,
       6., 128., 33., 5., 5., 21., 14., 61., 93., 20., 3., 4., 10., 49.,
       35., 46., 67., 20., 58., 13., 11., 26., 33., 16., 11., 38., 1.,
       0., 16., 128., 128., 39., 17., 128., 19., 1., 13., 32., 30., 46.,
       80., 37., 6., 13., 107., 17., 14., 2., 8., 21., 8., 17., 36., 7.,
       19., 13., 50., 3., 1., 0., 0., 13., 89., 62., 11., 28., 1., 0.,
       58., 47., 31., 84., 57., 16., 9., 20., 116., 30., 2., 0., 10.,
       26., 39., 74., 22., 1., 0., 0., 21., 25., 8., 0., 0., 5., 12., 6.,
       3., 0., 0., 1., 21., 112., 38., 2., 0., 2., 7., 30., 64., 79.,
       41., 16., 1., 42., 44., 79., 56., 15., 20., 51., 60., 19., 84.,
       53., 10., 4., 8., 6., 8., 29., 112., 23., 3., 0., 0., 0., 1., 4.,
       14., 49., 27., 2., 2., 1., 0., 0., 19., 40., 9., 6., 2., 2., 1.,
       76., 43., 30., 21., 8., 10., 24., 86., 121., 42., 5., 9., 11., 7.,
       4., 10., 25., 28., 86., 121., 98., 98., 1., 1., 37., 121., 107.,
       27., 19., 36., 0., 0., 15., 1., 0., 0., 24., 25., 48., 69., 121.,
       7., 2., 0., 23., 18., 4., 30., 26., 6., 2., 7., 68., 121., 4., 6.,
       18., 100., 36., 23., 76., 121., 26., 6., 2., 0., 0., 18., 53.,
       10., 23., 12., 34., 29., 46., 18., 24., 13., 11., 18., 13., 56.,
       29., 52., 51., 17., 5., 5., 6., 6., 10., 121., 96., 63., 26., 3.,
       2., 0., 0., 1., 99., 100., 34., 10., 49., 7., 0., 1., 34., 25.,
       49., 105., 30., 6., 1., 0., 0., 19., 118., 116., 28., 21., 5., 0.,
       0., 58., 118., 32., 2., 0., 0., 0., 118., 91., 5., 4., 118., 13.,
       0., 0., 61., 33., 8., 118., 75., 16., 6., 2., 6., 29., 22., 98.,
       19., 18., 7., 1., 3., 27., 29., 27., 1., 0., 0., 0., 73., 118.,
       7., 2., 118., 30., 1., 0., 32., 118., 30., 56., 77., 27., 9., 38.,
       26., 17., 8., 24., 25., 38., 40., 15., 6., 4., 1., 11., 0., 2.,
       7., 4., 5., 49., 16., 2., 15., 6., 3., 0., 8., 75., 100., 29.,
       11., 2., 5., 30., 74., 38., 19., 14., 18., 22., 45., 34., 23.,
       11., 10., 28., 18., 3., 1., 3., 37., 69., 19., 48., 68., 16., 1.,
       0., 0., 3., 51., 124., 33., 10., 13., 1., 0., 8., 124., 112., 31.,
       6., 4., 0., 0., 8., 59., 53., 17., 10., 0., 0., 52., 124., 20.,
       13., 124., 64., 0., 0., 10., 28., 7., 66., 75., 23., 15., 3., 9.,
       30., 26., 33., 41., 26., 23., 3., 4., 6., 5., 14., 2., 0., 0., 0.,
       54., 124., 25., 3., 124., 90., 0., 0., 13., 124., 54., 25., 79.,
       94., 6., 16., 38., 15., 14., 25., 4., 15., 47., 57., 42., 9., 2.,
       2., 1., 0., 0., 0., 0., 43., 28., 10., 11., 4., 2., 1., 0., 100.,
       118., 26., 22., 9., 1., 1., 16., 47., 69., 55., 3., 1., 2., 12.,
       39., 96., 23., 10., 0., 0., 44., 82., 3., 0., 0., 0., 0., 1., 81.,
       112., 13., 1., 1., 0., 17., 92., 103., 49., 8., 5., 3., 1., 33.,
       88., 20., 20., 0., 1., 1., 1., 5., 0., 24., 80., 41., 20., 30.,
       21., 10., 13., 41., 96., 112., 39., 20., 7., 88., 62., 21., 29.,
       20., 21., 18., 20., 41., 64., 80., 68., 15., 21., 13., 8., 17.,
       4., 3., 8., 35., 86., 26., 21., 19., 4., 4., 18., 112., 112., 32.,
       10., 112., 25., 3., 5., 28., 71., 45., 58., 16., 7., 13., 12.,
       52., 67., 65., 79., 0., 0., 1., 4., 40., 84., 9., 0., 1., 1., 14.,
       12., 34., 82., 46., 22., 14., 2., 1., 1., 5., 32., 97., 112., 2.,
       1., 0., 3., 4., 4., 80., 70., 9., 11., 101., 67., 2., 1., 1., 3.,
       7., 26., 112., 73., 20., 2., 0., 1., 28., 76., 57., 37., 1., 3.,
       12., 10., 67., 57., 8., 0., 0., 1., 4., 11., 66., 53., 70., 43.,
       11., 10., 38., 20., 39., 60., 38., 74., 112., 12., 3., 6., 112.,
       112., 22., 15., 21., 3., 4., 27., 44., 97., 11., 14., 10., 3., 4.,
       12., 8., 10., 7., 4., 84., 76., 70., 38., 19., 18., 14., 24., 78.,
       53., 26., 38., 112., 32., 22., 8., 10., 12., 46., 88., 47., 27.,
       34., 25., 6., 1., 17., 55., 0., 1., 4., 1., 41., 93., 17., 3., 7.,
       5., 2., 0., 10., 69., 112., 65., 5., 1., 2., 0., 0., 3., 112.,
       97., 5., 1., 2., 0., 0., 0., 57., 83., 14., 23., 13., 2., 15.,
       86., 9., 2., 76., 50., 1., 0., 9., 72., 15., 6., 53., 34., 1., 1.,
       35., 37., 20., 21., 101., 10., 0., 0., 2., 3., 12., 68., 118.,
       50., 6., 1., 7., 17., 4., 12., 44., 25., 2., 8., 90., 74., 12.,
       13., 120., 37., 1., 2., 9., 11., 32., 97., 36., 0., 0., 0., 0.,
       1., 35., 120., 120., 12., 0., 0., 2., 7., 14., 120., 17., 1., 0.,
       1., 25., 104., 120., 75., 96., 3., 0., 0., 2., 12., 80., 120.,
       37., 1., 0., 0., 0., 0., 2., 72., 106., 2., 0., 0., 0., 0., 2.,
       120., 27., 1., 0., 0., 0., 6., 61., 73., 1., 0., 0., 0., 0., 1.,
