%YAML:1.0
---
mat: !!opencv-matrix
   rows: 133
   cols: 128
   dt: f
   data: [ 0., 0., 0., 0., 0., 0., 0., 0., 13., 5., 0., 0., 0., 0., 0.,
       0., 105., 35., 0., 0., 0., 0., 0., 1., 18., 8., 0., 0., 0., 0.,
       0., 1., 0., 0., 0., 3., 0., 0., 0., 0., 142., 32., 7., 8., 0., 0.,
       0., 0., 228., 46., 0., 0., 0., 0., 0., 5., 55., 4., 0., 0., 0.,
       0., 0., 2., 0., 0., 1., 5., 0., 0., 0., 0., 207., 27., 11., 14.,
       0., 0., 0., 1., 228., 29., 0., 0., 0., 0., 0., 9., 55., 2., 0.,
       0., 1., 1., 1., 3., 0., 0., 0., 0., 0., 0., 0., 0., 102., 14., 1.,
       0., 0., 0., 0., 2., 228., 75., 0., 0., 0., 0., 0., 12., 50., 16.,
       1., 0., 0., 0., 0., 1., 0., 0., 0., 12., 23., 21., 7., 0., 3.,
       11., 96., 111., 54., 48., 100., 11., 66., 102., 101., 13., 1., 1.,
       65., 68., 22., 10., 1., 8., 14., 5., 7., 16., 0., 0., 0., 10.,
       63., 25., 4., 0., 33., 10., 45., 88., 153., 127., 4., 9., 153.,
       76., 43., 10., 21., 16., 4., 47., 85., 8., 0., 7., 32., 24., 4.,
       7., 0., 0., 0., 8., 37., 13., 4., 0., 15., 6., 5., 58., 153.,
       124., 13., 11., 153., 45., 5., 9., 22., 31., 18., 55., 87., 18.,
       5., 0., 1., 6., 3., 2., 0., 0., 0., 4., 6., 0., 0., 0., 2., 5.,
       4., 36., 36., 1., 0., 0., 61., 30., 4., 6., 2., 0., 0., 2., 21.,
       9., 3., 0., 0., 0., 0., 0., 0., 1., 0., 2., 15., 6., 7., 0., 0.,
       0., 0., 20., 110., 6., 2., 1., 4., 0., 0., 3., 18., 7., 7., 28.,
       2., 0., 0., 0., 0., 0., 0., 7., 16., 18., 2., 21., 54., 2., 1.,
       2., 19., 18., 15., 144., 144., 5., 2., 2., 144., 39., 12., 23.,
       26., 7., 11., 112., 34., 2., 1., 0., 0., 0., 0., 41., 19., 5., 3.,
       43., 89., 15., 1., 11., 48., 7., 3., 144., 144., 75., 57., 21.,
       144., 22., 3., 11., 13., 4., 29., 82., 44., 9., 3., 0., 0., 0.,
       0., 6., 1., 2., 48., 57., 35., 19., 2., 0., 8., 41., 125., 24.,
       31., 92., 111., 25., 61., 42., 17., 0., 0., 5., 62., 108., 7., 2.,
       1., 0., 0., 0., 0., 5., 14., 77., 36., 0., 0., 17., 8., 4., 18.,
       123., 54., 2., 1., 2., 1., 4., 6., 123., 123., 4., 1., 2., 1., 0.,
       5., 47., 8., 1., 0., 0., 0., 0., 15., 7., 2., 2., 50., 48., 13.,
       13., 86., 34., 20., 4., 5., 39., 31., 75., 71., 123., 50., 6.,
       22., 123., 37., 19., 66., 95., 2., 0., 1., 3., 1., 2., 18., 9.,
       4., 4., 76., 123., 18., 6., 123., 35., 3., 7., 19., 34., 12., 28.,
       70., 18., 0., 37., 123., 68., 10., 10., 51., 25., 0., 4., 9., 3.,
       1., 2., 3., 0., 0., 0., 54., 123., 15., 3., 122., 14., 8., 18.,
       41., 56., 9., 22., 48., 8., 10., 66., 98., 0., 0., 10., 40., 2.,
       0., 2., 5., 0., 0., 14., 38., 57., 40., 9., 4., 6., 2., 2., 31.,
       121., 70., 12., 5., 3., 0., 1., 4., 97., 114., 11., 3., 2., 0.,
       0., 4., 33., 5., 0., 1., 0., 0., 0., 47., 6., 2., 2., 44., 35.,
       7., 8., 101., 31., 25., 15., 22., 57., 29., 50., 59., 121., 57.,
       14., 19., 121., 40., 12., 77., 107., 2., 0., 1., 5., 2., 2., 23.,
       20., 12., 7., 82., 52., 10., 2., 121., 42., 8., 8., 14., 20., 11.,
       19., 66., 17., 0., 21., 121., 107., 12., 9., 88., 39., 0., 4.,
       18., 9., 1., 3., 5., 1., 2., 0., 39., 121., 41., 2., 121., 29.,
       3., 5., 37., 45., 9., 12., 53., 11., 3., 38., 121., 0., 0., 3.,
       79., 4., 0., 4., 18., 0., 0., 6., 0., 0., 0., 17., 10., 0., 0.,
       0., 6., 1., 3., 98., 27., 0., 7., 26., 2., 0., 5., 50., 4., 0.,
       45., 116., 5., 2., 11., 60., 11., 28., 43., 57., 3., 1., 1., 75.,
       116., 7., 0., 0., 116., 22., 13., 99., 73., 5., 5., 68., 40., 7.,
       10., 116., 21., 1., 25., 94., 60., 13., 15., 116., 18., 2., 3.,
       39., 2., 0., 0., 9., 116., 97., 8., 2., 114., 33., 33., 47., 84.,
       86., 31., 20., 24., 15., 48., 116., 15., 7., 7., 21., 81., 19.,
       2., 34., 18., 14., 6., 63., 0., 0., 0., 15., 53., 22., 1., 0., 2.,
       0., 4., 50., 116., 49., 8., 8., 28., 6., 13., 49., 7., 4., 3.,
       39., 34., 11., 12., 41., 14., 1., 2., 94., 0., 0., 16., 93., 22.,
       0., 0., 0., 11., 99., 109., 75., 13., 1., 4., 5., 11., 112., 57.,
       1., 0., 0., 0., 2., 6., 22., 14., 1., 1., 1., 0., 0., 3., 0., 1.,
       73., 117., 3., 2., 2., 63., 36., 13., 36., 49., 14., 53., 98.,
       56., 98., 52., 17., 70., 23., 24., 35., 86., 90., 20., 2., 4., 0.,
       0., 0., 10., 2., 0., 3., 116., 9., 0., 1., 119., 15., 0., 1., 51.,
       12., 6., 26., 56., 41., 4., 6., 119., 77., 6., 8., 37., 119., 82.,
       2., 25., 10., 2., 1., 5., 0., 0., 0., 51., 27., 0., 1., 119., 41.,
       3., 1., 34., 22., 0., 9., 43., 23., 6., 5., 119., 76., 2., 4.,
       20., 25., 12., 1., 54., 36., 14., 10., 35., 24., 14., 7., 33.,
       48., 17., 1., 124., 58., 3., 7., 25., 15., 5., 5., 36., 15., 0.,
       23., 124., 43., 3., 2., 66., 26., 0., 3., 11., 2., 0., 1., 17.,
       3., 1., 0., 61., 124., 59., 3., 124., 45., 6., 10., 58., 43., 4.,
       14., 54., 10., 6., 40., 124., 2., 0., 3., 118., 3., 0., 2., 15.,
       1., 0., 8., 3., 0., 0., 0., 98., 73., 17., 3., 65., 18., 32., 36.,
       62., 99., 46., 19., 49., 12., 62., 93., 63., 25., 9., 42., 102.,
       1., 1., 2., 4., 0., 0., 75., 1., 1., 0., 0., 4., 22., 14., 1., 0.,
       0., 1., 3., 19., 124., 43., 1., 15., 2., 5., 5., 13., 84., 110.,
       93., 18., 0., 0., 0., 0., 0., 11., 94., 4., 59., 64., 10., 0., 0.,
       0., 1., 14., 61., 49., 7., 0., 0., 1., 1., 8., 15., 35., 14., 0.,
       4., 9., 3., 1., 10., 50., 1., 0., 3., 16., 8., 16., 52., 68., 66.,
       28., 29., 17., 6., 123., 123., 51., 36., 19., 4., 3., 14., 30.,
       34., 104., 123., 111., 11., 2., 1., 3., 56., 123., 14., 5., 2.,
       8., 6., 7., 1., 1., 7., 28., 123., 106., 14., 123., 6., 1., 4.,
       20., 32., 91., 117., 25., 3., 6., 17., 123., 123., 89., 21., 4.,
       10., 28., 3., 6., 20., 123., 63., 0., 0., 0., 0., 0., 13., 29.,
       1., 3., 0., 0., 0., 0., 6., 35., 26., 2., 0., 0., 0., 0., 28.,
       39., 9., 3., 0., 0., 0., 0., 4., 64., 19., 84., 2., 0., 39., 91.,
       0., 0., 23., 82., 2., 1., 18., 65., 24., 11., 55., 23., 35., 21.,
       2., 22., 48., 12., 10., 68., 64., 32., 4., 3., 1., 0., 6., 69.,
       2., 0., 32., 122., 51., 28., 30., 122., 10., 0., 10., 44., 37.,
       25., 67., 27., 1., 0., 9., 111., 80., 25., 22., 49., 12., 5., 7.,
       36., 6., 2., 34., 14., 1., 0., 0., 46., 122., 62., 9., 122., 16.,
       1., 8., 55., 72., 87., 69., 31., 15., 8., 37., 122., 29., 5., 8.,
       96., 13., 12., 10., 16., 4., 3., 49., 1., 0., 0., 0., 0., 36.,
       26., 2., 1., 0., 0., 0., 28., 61., 67., 15., 2., 4., 4., 2., 94.,
       122., 17., 2., 122., 6., 7., 2., 16., 34., 4., 32., 25., 61., 12.,
       12., 118., 6., 5., 1., 70., 122., 33., 3., 1., 2., 2., 1., 13.,
       49., 84., 23., 2., 0., 0., 0., 0., 42., 31., 2., 1., 0., 0., 0.,
       14., 6., 3., 23., 115., 19., 15., 10., 122., 47., 7., 9., 29.,
       17., 8., 16., 42., 71., 84., 65., 122., 32., 1., 3., 40., 122.,
       75., 12., 17., 2., 0., 1., 37., 8., 3., 31., 57., 9., 3., 4.,
       107., 80., 27., 17., 31., 2., 0., 4., 41., 39., 30., 45., 122.,
       19., 0., 5., 122., 34., 16., 20., 90., 6., 0., 22., 6., 1., 0.,
       4., 56., 73., 29., 5., 13., 43., 13., 6., 25., 33., 26., 3., 49.,
       35., 16., 37., 83., 6., 3., 5., 119., 1., 0., 13., 83., 2., 0.,
       19., 1., 1., 10., 35., 29., 1., 1., 0., 49., 21., 31., 36., 54.,
       81., 45., 16., 10., 2., 4., 13., 48., 88., 122., 88., 59., 29.,
       11., 13., 12., 4., 48., 69., 3., 1., 1., 14., 73., 37., 3., 3.,
       122., 21., 4., 13., 58., 42., 13., 70., 54., 5., 1., 7., 122.,
       121., 44., 46., 47., 12., 4., 7., 23., 26., 63., 122., 0., 0., 0.,
       2., 69., 62., 2., 1., 122., 83., 5., 9., 106., 69., 5., 17., 120.,
       32., 0., 0., 25., 49., 76., 55., 12., 2., 0., 0., 1., 6., 42.,
       122., 0., 0., 0., 0., 30., 21., 0., 0., 67., 11., 0., 0., 59.,
       39., 1., 2., 69., 10., 0., 0., 0., 0., 10., 8., 4., 2., 0., 0.,
