%YAML:1.0
---
mat: !!opencv-matrix
   rows: 145
   cols: 128
   dt: f
   data: [ 68., 18., 9., 57., 17., 0., 0., 0., 8., 67., 86., 72., 14.,
       2., 5., 6., 10., 86., 56., 2., 1., 1., 1., 4., 7., 19., 10., 0.,
       0., 2., 0., 0., 112., 28., 0., 34., 116., 2., 0., 1., 75., 21.,
       9., 32., 69., 11., 43., 77., 49., 69., 40., 15., 83., 20., 23.,
       31., 65., 89., 18., 2., 3., 0., 0., 0., 116., 34., 0., 1., 116.,
       10., 0., 1., 116., 10., 0., 0., 81., 16., 3., 18., 49., 24., 6.,
       4., 116., 80., 4., 4., 39., 116., 39., 2., 20., 14., 4., 1., 116.,
       28., 0., 0., 62., 18., 1., 1., 116., 42., 8., 1., 52., 18., 1.,
       11., 27., 21., 14., 13., 116., 39., 2., 1., 38., 19., 2., 3., 38.,
       21., 7., 1., 18., 13., 5., 4., 71., 28., 4., 3., 119., 23., 2.,
       1., 9., 9., 7., 17., 45., 5., 0., 25., 105., 47., 9., 6., 85.,
       13., 1., 9., 115., 3., 1., 3., 11., 4., 1., 0., 64., 119., 20.,
       3., 119., 34., 4., 7., 44., 28., 6., 14., 77., 8., 3., 50., 119.,
       0., 0., 6., 116., 1., 0., 7., 119., 1., 0., 13., 2., 0., 0., 0.,
       81., 57., 14., 3., 67., 12., 35., 31., 54., 64., 32., 21., 67.,
       7., 48., 72., 69., 10., 5., 42., 95., 0., 0., 3., 119., 4., 0.,
       39., 0., 2., 0., 0., 4., 17., 10., 0., 0., 1., 3., 5., 18., 111.,
       38., 2., 15., 2., 6., 5., 8., 48., 74., 92., 14., 0., 0., 2.,
       119., 3., 6., 44., 6., 63., 48., 1., 1., 20., 6., 3., 20., 130.,
       53., 3., 1., 2., 1., 2., 7., 93., 92., 6., 10., 2., 0., 0., 3.,
       19., 5., 24., 130., 0., 0., 0., 27., 8., 1., 2., 56., 52., 10.,
       12., 76., 30., 19., 4., 10., 32., 27., 59., 67., 85., 41., 9.,
       26., 85., 36., 17., 41., 40., 3., 36., 130., 1., 1., 1., 27., 5.,
       1., 4., 85., 98., 16., 14., 130., 22., 1., 9., 33., 30., 8., 23.,
       75., 10., 1., 41., 121., 33., 8., 9., 47., 6., 0., 28., 130., 1.,
       0., 3., 3., 0., 0., 0., 53., 93., 9., 3., 88., 12., 13., 25., 43.,
       48., 9., 14., 66., 5., 11., 53., 71., 1., 0., 21., 32., 0., 0.,
       13., 130., 1., 0., 11., 47., 8., 3., 14., 31., 13., 12., 18., 25.,
       33., 13., 1., 24., 66., 16., 15., 32., 114., 44., 4., 5., 18.,
       11., 26., 29., 110., 72., 10., 17., 22., 9., 5., 63., 7., 1., 5.,
       18., 106., 88., 35., 65., 8., 2., 11., 116., 78., 24., 28., 116.,
       11., 3., 10., 37., 43., 23., 64., 77., 27., 4., 25., 80., 67.,
       20., 16., 2., 0., 0., 0., 2., 42., 67., 15., 17., 1., 0., 1.,
       112., 116., 27., 14., 116., 16., 12., 38., 72., 52., 8., 24., 79.,
       5., 5., 63., 116., 1., 0., 19., 4., 1., 0., 0., 1., 1., 0., 3.,
       2., 1., 0., 0., 49., 75., 9., 2., 19., 7., 22., 34., 46., 116.,
       33., 19., 46., 2., 10., 30., 73., 9., 21., 77., 32., 0., 1., 63.,
       10., 0., 2., 117., 10., 6., 19., 83., 14., 13., 54., 92., 117.,
       64., 12., 18., 7., 9., 27., 23., 27., 14., 0., 1., 3., 0., 0., 3.,
       57., 25., 7., 62., 42., 2., 6., 102., 31., 11., 9., 117., 75., 5.,
       12., 92., 117., 35., 8., 52., 17., 2., 2., 51., 35., 8., 4., 3.,
       1., 0., 0., 12., 46., 47., 25., 39., 61., 84., 17., 8., 46., 17.,
       27., 117., 43., 4., 2., 43., 117., 60., 44., 42., 17., 1., 1.,
       67., 34., 92., 35., 7., 1., 0., 0., 0., 0., 0., 1., 7., 117., 82.,
       6., 0., 52., 26., 9., 15., 39., 32., 1., 12., 42., 33., 24., 84.,
       34., 1., 4., 28., 61., 117., 19., 12., 7., 0., 2., 8., 94., 100.,
       81., 2., 0., 0., 1., 9., 4., 97., 117., 2., 0., 0., 1., 1., 10.,
       96., 19., 0., 0., 0., 0., 0., 2., 4., 0., 1., 71., 7., 0., 0.,
       25., 24., 68., 11., 10., 13., 61., 117., 28., 83., 68., 8., 62.,
       83., 42., 52., 117., 117., 13., 2., 7., 8., 4., 19., 25., 9., 0.,
       3., 62., 5., 0., 1., 2., 0., 0., 0., 6., 17., 79., 117., 12., 2.,
       0., 1., 50., 117., 79., 45., 117., 8., 1., 0., 3., 25., 59., 117.,
       21., 3., 3., 8., 39., 2., 0., 4., 4., 7., 12., 1., 0., 1., 4.,
       10., 1., 5., 16., 23., 1., 16., 26., 4., 2., 0., 107., 48., 0.,
       3., 22., 15., 1., 1., 117., 81., 8., 0., 0., 1., 114., 0., 0., 0.,
       1., 1., 10., 127., 0., 1., 12., 17., 4., 20., 39., 5., 0., 18.,
       21., 5., 0., 49., 106., 6., 2., 3., 1., 0., 18., 25., 64., 39.,
       33., 0., 0., 14., 18., 1., 1., 50., 8., 17., 55., 127., 83., 1.,
       1., 1., 105., 125., 76., 39., 5., 0., 0., 4., 19., 16., 15., 8.,
       3., 3., 0., 0., 3., 0., 0., 8., 54., 10., 0., 5., 21., 7., 6.,
       62., 127., 100., 6., 12., 127., 63., 108., 32., 18., 31., 7., 27.,
       17., 34., 127., 27., 1., 2., 1., 3., 0., 0., 0., 1., 13., 11., 0.,
       0., 1., 1., 0., 1., 49., 127., 18., 1., 3., 8., 41., 32., 47.,
       127., 47., 1., 13., 36., 98., 46., 19., 28., 18., 19., 4., 70.,
       65., 5., 0., 0., 0., 0., 8., 51., 42., 4., 0., 0., 0., 1., 3., 8.,
       37., 19., 1., 8., 6., 1., 1., 8., 52., 2., 0., 5., 13., 7., 25.,
       72., 81., 47., 19., 23., 17., 11., 122., 122., 53., 30., 21., 3.,
       2., 11., 21., 22., 107., 122., 109., 12., 5., 3., 3., 75., 122.,
       19., 4., 2., 11., 9., 10., 3., 2., 9., 25., 122., 97., 20., 122.,
       10., 1., 5., 25., 31., 67., 122., 20., 3., 4., 24., 122., 122.,
       110., 26., 4., 15., 13., 3., 4., 12., 122., 50., 0., 0., 0., 0.,
       0., 14., 24., 2., 6., 0., 0., 0., 0., 6., 24., 32., 2., 0., 0.,
       0., 1., 29., 45., 8., 0., 0., 0., 1., 2., 3., 66., 10., 1., 2.,
       37., 12., 0., 0., 0., 0., 0., 19., 33., 10., 4., 0., 0., 0., 0.,
       4., 34., 37., 10., 0., 0., 0., 0., 22., 36., 3., 0., 0., 0., 0.,
       3., 13., 122., 84., 3., 6., 4., 2., 103., 122., 110., 32., 27.,
       3., 2., 12., 21., 28., 67., 104., 122., 23., 3., 5., 25., 122.,
       102., 20., 13., 6., 4., 15., 5., 3., 24., 20., 4., 46., 122., 18.,
       122., 22., 8., 5., 16., 18., 102., 122., 27., 3., 1., 4., 122.,
       122., 55., 32., 13., 10., 9., 7., 18., 81., 103., 56., 0., 1., 7.,
       5., 1., 5., 88., 4., 1., 7., 9., 1., 1., 5., 51., 31., 0., 0., 1.,
       2., 5., 40., 32., 6., 0., 0., 0., 0., 2., 38., 58., 6., 91., 4.,
       1., 49., 45., 2., 1., 32., 52., 2., 1., 38., 68., 18., 10., 46.,
       23., 45., 21., 1., 26., 61., 10., 13., 68., 76., 38., 2., 2., 2.,
       0., 3., 57., 4., 3., 43., 71., 71., 46., 28., 116., 15., 4., 31.,
       43., 25., 17., 66., 24., 2., 0., 20., 116., 74., 20., 24., 37.,
       26., 5., 3., 14., 8., 6., 41., 6., 1., 0., 1., 44., 116., 58., 5.,
       116., 13., 0., 13., 63., 80., 102., 83., 32., 15., 5., 66., 116.,
       30., 5., 13., 113., 12., 2., 2., 5., 6., 9., 87., 0., 0., 0., 0.,
       0., 14., 16., 4., 0., 0., 0., 1., 40., 47., 42., 13., 24., 4., 1.,
       9., 116., 116., 3., 10., 116., 5., 0., 10., 20., 10., 1., 53.,
       43., 51., 8., 14., 119., 15., 2., 1., 80., 119., 19., 7., 2., 1.,
       0., 0., 6., 32., 66., 32., 1., 0., 0., 0., 0., 26., 23., 3., 0.,
       0., 0., 0., 9., 13., 5., 18., 119., 32., 6., 2., 119., 73., 10.,
       16., 29., 18., 6., 15., 38., 86., 97., 79., 119., 52., 1., 3.,
       30., 119., 97., 15., 11., 5., 1., 4., 7., 9., 11., 47., 69., 11.,
       5., 3., 119., 78., 24., 14., 24., 5., 1., 4., 44., 30., 21., 34.,
       119., 39., 2., 12., 85., 25., 18., 14., 88., 21., 2., 34., 1., 2.,
       0., 3., 37., 100., 33., 4., 9., 54., 11., 2., 19., 46., 33., 6.,
       45., 49., 18., 31., 51., 15., 7., 5., 92., 5., 0., 13., 82., 4.,
       0., 11., 29., 2., 0., 2., 46., 29., 5., 6., 66., 21., 9., 17.,
       143., 52., 2., 3., 143., 40., 3., 1., 4., 3., 1., 6., 13., 1., 2.,
       6., 4., 6., 8., 7., 24., 1., 0., 2., 49., 40., 23., 14., 61., 11.,
       1., 7., 143., 64., 4., 6., 143., 35., 0., 1., 16., 4., 1., 9.,
       29., 1., 0., 0., 0., 2., 11., 10., 21., 4., 0., 5., 40., 20., 26.,
       8., 37., 1., 0., 34., 143., 65., 23., 37., 143., 5., 4., 6., 22.,
       6., 10., 102., 31., 1., 30., 50., 0., 0., 1., 5., 38., 7., 4., 6.,
       18., 15., 1., 4., 2., 0., 29., 45., 53., 62., 70., 42., 21., 1.,
