%YAML:1.0
---
mat: !!opencv-matrix
   rows: 133
   cols: 128
   dt: f
   data: [ 115., 16., 7., 32., 43., 11., 1., 16., 88., 5., 0., 1., 143.,
       40., 1., 10., 143., 14., 0., 0., 15., 2., 0., 0., 30., 1., 0., 0.,
       0., 0., 0., 1., 143., 22., 1., 5., 53., 49., 15., 16., 100., 15.,
       0., 6., 143., 27., 4., 9., 143., 23., 0., 0., 24., 5., 3., 16.,
       42., 4., 0., 0., 0., 0., 0., 0., 23., 5., 1., 1., 8., 76., 94.,
       20., 21., 4., 1., 4., 64., 84., 138., 35., 133., 5., 1., 0., 5.,
       13., 72., 119., 28., 3., 2., 0., 0., 0., 0., 8., 0., 6., 69., 0.,
       0., 5., 22., 0., 0., 8., 81., 0., 0., 5., 48., 3., 2., 8., 83.,
       0., 0., 1., 26., 18., 3., 17., 55., 0., 0., 0., 1., 3., 0., 3.,
       31., 4., 0., 3., 49., 1., 0., 5., 45., 2., 0., 7., 71., 0., 1.,
       16., 29., 0., 0., 11., 86., 1., 5., 7., 5., 0., 0., 5., 67., 14.,
       45., 31., 110., 49., 6., 2., 1., 13., 18., 28., 129., 58., 71.,
       10., 2., 10., 105., 124., 93., 17., 11., 0., 3., 4., 35., 16., 1.,
       0., 0., 0., 6., 3., 147., 11., 10., 26., 38., 6., 1., 30., 75.,
       5., 4., 16., 147., 13., 1., 15., 147., 20., 4., 7., 52., 0., 0.,
       15., 65., 1., 0., 0., 0., 0., 0., 5., 141., 23., 2., 4., 25., 36.,
       9., 12., 62., 14., 4., 30., 147., 0., 0., 1., 147., 0., 0., 3.,
       39., 0., 0., 9., 48., 1., 0., 0., 0., 0., 0., 2., 0., 0., 0., 1.,
       55., 2., 0., 0., 49., 0., 0., 1., 147., 3., 0., 2., 147., 1., 0.,
       0., 59., 17., 4., 22., 25., 39., 9., 11., 142., 24., 2., 3., 0.,
       0., 0., 3., 69., 2., 0., 0., 56., 1., 0., 5., 147., 22., 4., 6.,
       147., 20., 1., 14., 75., 6., 4., 12., 38., 6., 1., 24., 147., 15.,
       12., 28., 0., 0., 4., 3., 35., 16., 1., 0., 11., 0., 2., 2., 107.,
       122., 92., 17., 68., 11., 2., 9., 17., 26., 129., 60., 5., 2., 1.,
       11., 40., 28., 110., 49., 0., 3., 62., 15., 5., 6., 4., 0., 0.,
       8., 87., 1., 1., 15., 28., 0., 0., 4., 75., 1., 0., 4., 45., 3.,
       0., 2., 53., 1., 0., 2., 27., 3., 7., 89., 98., 22., 5., 2., 0.,
       0., 9., 55., 130., 46., 10., 1., 0., 0., 104., 98., 47., 2., 0.,
       0., 0., 4., 12., 3., 1., 0., 0., 0., 0., 3., 113., 95., 20., 13.,
       34., 94., 17., 30., 93., 48., 36., 36., 110., 74., 9., 21., 130.,
       77., 13., 2., 10., 7., 4., 21., 35., 2., 0., 0., 0., 1., 0., 1.,
       57., 3., 1., 1., 14., 98., 61., 67., 39., 2., 1., 0., 42., 117.,
       88., 74., 130., 9., 0., 0., 4., 18., 55., 118., 31., 6., 0., 0.,
       0., 0., 0., 4., 2., 1., 0., 1., 2., 11., 81., 7., 9., 1., 0., 0.,
       1., 4., 82., 44., 20., 2., 0., 0., 0., 1., 50., 62., 6., 1., 0.,
       0., 0., 1., 4., 9., 13., 6., 13., 8., 2., 19., 94., 57., 17., 31.,
       37., 4., 2., 0., 50., 49., 25., 11., 5., 14., 62., 2., 7., 13.,
       75., 1., 0., 2., 8., 0., 0., 7., 7., 36., 120., 97., 8., 19., 39.,
       6., 120., 105., 69., 5., 5., 2., 12., 29., 66., 7., 1., 6., 89.,
       4., 1., 20., 81., 0., 0., 1., 7., 0., 3., 29., 10., 40., 114.,
       20., 4., 22., 120., 21., 120., 65., 36., 3., 11., 5., 50., 61.,
       100., 3., 0., 10., 92., 1., 0., 18., 80., 0., 0., 0., 3., 0., 5.,
       35., 4., 19., 63., 0., 0., 14., 120., 15., 92., 29., 20., 1., 18.,
       5., 106., 113., 75., 1., 0., 7., 70., 5., 3., 29., 62., 0., 0.,
       0., 0., 0., 3., 25., 21., 101., 40., 12., 72., 52., 5., 5., 59.,
       141., 23., 6., 10., 0., 0., 0., 9., 16., 5., 36., 77., 3., 3., 4.,
       3., 7., 11., 12., 46., 42., 17., 16., 34., 30., 8., 5., 141., 95.,
       1., 5., 141., 141., 6., 5., 46., 13., 1., 24., 71., 24., 2., 21.,
       63., 6., 5., 18., 25., 8., 1., 1., 7., 20., 29., 52., 28., 17.,
       2., 16., 141., 59., 40., 40., 141., 4., 0., 7., 36., 30., 46.,
       141., 53., 22., 7., 42., 25., 18., 21., 23., 56., 36., 2., 1., 3.,
       2., 6., 20., 6., 3., 4., 4., 12., 14., 102., 45., 2., 0., 9., 5.,
       3., 19., 71., 80., 3., 0., 16., 7., 6., 30., 63., 17., 11., 1.,
       25., 6., 0., 1., 17., 29., 22., 73., 73., 33., 24., 8., 0., 2.,
       28., 94., 25., 26., 9., 2., 2., 1., 1., 9., 105., 42., 12., 2.,
       0., 0., 49., 58., 56., 1., 0., 0., 0., 5., 94., 42., 5., 7., 109.,
       113., 4., 14., 118., 105., 5., 12., 41., 38., 2., 8., 15., 9.,
       31., 32., 99., 61., 2., 2., 118., 40., 18., 8., 6., 1., 0., 2.,
       85., 3., 1., 1., 80., 118., 17., 31., 118., 9., 1., 1., 43., 72.,
       30., 90., 22., 1., 1., 8., 118., 99., 25., 14., 118., 2., 0., 3.,
       9., 14., 26., 57., 14., 7., 15., 8., 10., 22., 30., 10., 11., 11.,
       14., 4., 6., 19., 39., 30., 2., 4., 10., 2., 11., 54., 51., 13.,
       39., 6., 0., 0., 0., 9., 46., 55., 0., 7., 26., 100., 67., 3., 0.,
       0., 25., 83., 58., 25., 4., 2., 2., 1., 15., 24., 31., 16., 4.,
       18., 10., 2., 4., 30., 34., 3., 1., 6., 9., 3., 6., 5., 6., 110.,
       118., 2., 1., 8., 118., 58., 11., 20., 15., 0., 1., 48., 68., 44.,
       33., 118., 74., 3., 1., 8., 101., 73., 24., 42., 23., 5., 8., 4.,
       4., 1., 0., 24., 113., 56., 44., 6., 107., 26., 2., 8., 20., 17.,
       40., 51., 74., 25., 4., 54., 118., 28., 2., 8., 118., 60., 6.,
       64., 78., 3., 0., 1., 0., 0., 0., 2., 9., 53., 52., 1., 6., 2.,
       1., 1., 9., 24., 64., 34., 20., 2., 1., 1., 118., 106., 29., 17.,
       65., 13., 2., 30., 65., 41., 34., 26., 0., 1., 8., 10., 101., 7.,
       0., 0., 57., 20., 1., 2., 139., 34., 0., 0., 105., 47., 2., 5.,
       24., 7., 4., 4., 110., 34., 1., 1., 5., 3., 4., 10., 0., 1., 13.,
       13., 78., 5., 0., 0., 32., 24., 4., 14., 139., 41., 1., 1., 139.,
       68., 3., 5., 23., 7., 16., 33., 63., 5., 0., 0., 1., 1., 21., 70.,
       0., 0., 4., 4., 33., 17., 12., 2., 17., 2., 0., 2., 139., 139.,
       17., 13., 139., 6., 0., 0., 18., 39., 21., 95., 53., 0., 0., 0.,
       0., 0., 20., 52., 0., 0., 0., 0., 2., 13., 44., 11., 1., 0., 0.,
       0., 23., 134., 68., 9., 48., 0., 0., 0., 2., 33., 80., 134., 16.,
       0., 0., 0., 0., 0., 27., 57., 0., 0., 47., 31., 6., 0., 0., 0.,
       2., 16., 70., 141., 41., 0., 0., 0., 35., 131., 77., 21., 2., 0.,
       0., 0., 6., 31., 44., 2., 0., 0., 0., 0., 0., 0., 28., 54., 30.,
       0., 0., 0., 19., 22., 21., 141., 141., 2., 0., 1., 141., 117.,
       19., 25., 19., 1., 0., 6., 39., 24., 19., 1., 0., 0., 2., 4., 3.,
       3., 34., 70., 72., 2., 0., 0., 36., 6., 16., 41., 141., 35., 5.,
       11., 141., 10., 1., 3., 27., 9., 5., 59., 49., 1., 0., 0., 0., 3.,
       13., 19., 12., 2., 2., 8., 113., 17., 3., 6., 44., 3., 1., 4.,
       141., 18., 3., 8., 141., 2., 0., 1., 28., 2., 1., 34., 37., 0.,
       0., 0., 0., 6., 13., 15., 15., 2., 0., 0., 155., 26., 0., 0.,
       155., 52., 0., 0., 30., 4., 0., 3., 65., 47., 28., 7., 1., 0., 0.,
       2., 5., 3., 18., 21., 12., 1., 1., 8., 15., 0., 0., 0., 155., 33.,
       0., 1., 155., 11., 0., 0., 49., 6., 1., 27., 81., 13., 13., 4.,
       4., 17., 9., 31., 18., 2., 9., 4., 7., 4., 6., 52., 12., 0., 0.,
       0., 155., 30., 0., 1., 155., 31., 0., 0., 57., 8., 0., 4., 106.,
       22., 1., 1., 1., 3., 3., 36., 9., 0., 0., 0., 6., 4., 3., 45., 4.,
       0., 0., 0., 155., 26., 1., 3., 155., 14., 0., 0., 46., 12., 2.,
       56., 103., 5., 0., 0., 0., 0., 0., 58., 5., 0., 0., 9., 5., 0.,
       0., 10., 17., 25., 56., 32., 40., 6., 3., 13., 25., 105., 89.,
       17., 8., 10., 9., 1., 18., 27., 7., 1., 0., 28., 28., 1., 0., 11.,
       15., 1., 0., 28., 27., 0., 18., 4., 10., 28., 155., 6., 1., 14.,
       155., 76., 26., 19., 86., 1., 0., 22., 102., 21., 7., 19., 14.,
       2., 2., 16., 4., 21., 27., 21., 11., 9., 10., 1., 13., 0., 0., 1.,
       155., 5., 0., 3., 155., 33., 3., 0., 106., 2., 1., 22., 76., 33.,
       34., 16., 11., 2., 3., 16., 6., 6., 16., 66., 46., 4., 7., 9.,
       12., 0., 0., 2., 155., 3., 0., 2., 155., 4., 0., 0., 74., 2., 2.,
       33., 49., 3., 4., 0., 7., 4., 11., 57., 8., 0., 1., 27., 117.,
       29., 4., 19., 74., 27., 2., 2., 1., 3., 1., 11., 1., 3., 18., 49.,
