%YAML:1.0
---
mat: !!opencv-matrix
   rows: 105
   cols: 128
   dt: f
   data: [ 0., 0., 0., 0., 40., 1., 0., 0., 36., 0., 0., 0., 152., 4.,
       0., 2., 152., 1., 0., 0., 61., 14., 4., 26., 29., 26., 7., 10.,
       152., 31., 3., 5., 0., 0., 0., 5., 49., 1., 0., 0., 41., 1., 0.,
       11., 152., 19., 6., 4., 152., 26., 4., 14., 72., 7., 7., 13., 37.,
       8., 3., 36., 152., 14., 14., 23., 0., 0., 4., 4., 29., 14., 1.,
       0., 7., 0., 2., 6., 106., 114., 97., 11., 64., 12., 5., 8., 14.,
       30., 152., 57., 5., 3., 4., 16., 35., 23., 117., 46., 0., 3., 47.,
       11., 4., 6., 6., 0., 0., 5., 61., 1., 0., 12., 30., 0., 0., 0.,
       53., 4., 0., 6., 45., 2., 0., 0., 43., 7., 1., 3., 27., 3., 1.,
       3., 29., 4., 0., 0., 43., 5., 0., 7., 45., 1., 0., 1., 53., 3.,
       0., 13., 30., 0., 0., 7., 60., 1., 4., 6., 7., 0., 0., 5., 48.,
       9., 40., 25., 117., 45., 6., 3., 3., 19., 15., 32., 151., 54.,
       67., 11., 5., 9., 104., 116., 97., 11., 7., 0., 3., 8., 29., 14.,
       1., 0., 0., 0., 5., 5., 151., 11., 11., 21., 39., 8., 3., 43.,
       72., 7., 7., 17., 151., 19., 3., 15., 151., 18., 6., 4., 37., 0.,
       0., 23., 46., 1., 0., 0., 0., 0., 0., 7., 151., 30., 3., 7., 30.,
       24., 7., 11., 67., 12., 4., 35., 151., 0., 0., 2., 151., 1., 0.,
       2., 28., 0., 0., 8., 34., 1., 0., 0., 0., 0., 0., 1., 122., 14.,
       5., 30., 40., 10., 1., 19., 75., 4., 0., 1., 144., 39., 1., 11.,
       144., 15., 0., 0., 19., 2., 0., 0., 35., 2., 0., 0., 0., 0., 0.,
       0., 144., 30., 0., 6., 48., 47., 15., 14., 83., 18., 0., 9., 144.,
       25., 5., 8., 144., 17., 0., 0., 29., 6., 4., 17., 52., 4., 0., 0.,
       0., 0., 0., 1., 23., 7., 2., 2., 6., 78., 93., 17., 18., 6., 1.,
       5., 60., 79., 139., 29., 124., 5., 1., 0., 6., 15., 84., 112.,
       33., 4., 2., 0., 0., 0., 0., 11., 0., 4., 77., 0., 0., 6., 22.,
       0., 0., 7., 91., 0., 0., 4., 48., 3., 2., 9., 90., 0., 0., 1.,
       30., 17., 3., 15., 63., 0., 0., 0., 3., 4., 1., 87., 123., 2., 0.,
       0., 0., 0., 3., 83., 125., 19., 1., 0., 0., 0., 46., 113., 44.,
       1., 1., 0., 0., 0., 8., 4., 1., 1., 2., 1., 0., 0., 60., 108.,
       46., 5., 3., 24., 29., 36., 63., 74., 68., 45., 57., 45., 7., 20.,
       125., 117., 21., 4., 6., 6., 2., 16., 39., 4., 0., 0., 1., 1., 0.,
       1., 34., 2., 0., 0., 0., 33., 120., 109., 29., 2., 0., 0., 21.,
       119., 102., 81., 125., 5., 0., 0., 3., 18., 44., 125., 40., 2.,
       0., 0., 1., 1., 0., 5., 1., 0., 0., 0., 0., 1., 91., 25., 3., 0.,
       0., 0., 0., 7., 105., 37., 20., 0., 0., 0., 0., 2., 46., 78., 6.,
       0., 0., 0., 2., 2., 2., 9., 14., 7., 24., 12., 3., 29., 64., 30.,
       18., 34., 56., 8., 2., 1., 40., 28., 19., 15., 11., 16., 78., 4.,
       12., 13., 81., 0., 0., 1., 18., 1., 0., 33., 10., 57., 125., 82.,
       8., 23., 48., 6., 125., 121., 69., 8., 5., 3., 12., 40., 54., 7.,
       1., 4., 78., 13., 2., 37., 78., 0., 0., 0., 7., 2., 1., 44., 15.,
       52., 119., 16., 4., 49., 125., 22., 125., 60., 26., 2., 8., 13.,
       53., 74., 77., 1., 0., 0., 62., 13., 4., 35., 46., 0., 0., 0., 1.,
       1., 6., 44., 11., 35., 90., 1., 0., 33., 125., 24., 125., 34.,
       21., 2., 11., 4., 64., 115., 57., 0., 0., 3., 34., 3., 2., 32.,
       27., 0., 0., 0., 0., 1., 7., 25., 30., 73., 52., 27., 27., 12.,
       0., 3., 44., 94., 19., 18., 13., 2., 2., 3., 1., 14., 94., 42.,
       20., 4., 1., 0., 46., 59., 67., 3., 0., 0., 0., 1., 115., 33., 3.,
       5., 99., 115., 4., 15., 115., 108., 3., 7., 44., 46., 3., 11.,
       20., 7., 18., 26., 113., 72., 3., 4., 115., 28., 15., 11., 11.,
       3., 0., 2., 105., 4., 3., 1., 52., 115., 17., 35., 115., 10., 3.,
       1., 36., 79., 38., 94., 26., 1., 3., 5., 115., 104., 24., 15.,
       115., 2., 0., 2., 11., 24., 35., 55., 14., 7., 13., 3., 3., 11.,
       40., 13., 7., 8., 17., 3., 3., 11., 53., 19., 2., 3., 15., 6., 9.,
       32., 54., 7., 22., 6., 0., 0., 0., 9., 50., 39., 0., 12., 30.,
       88., 57., 4., 0., 0., 24., 73., 51., 14., 2., 2., 6., 3., 10.,
       24., 38., 9., 4., 16., 15., 2., 1., 26., 44., 2., 1., 5., 6., 1.,
       10., 11., 10., 107., 119., 1., 1., 11., 119., 65., 12., 20., 12.,
       1., 2., 42., 64., 45., 44., 119., 67., 6., 4., 6., 69., 64., 25.,
       43., 25., 8., 9., 3., 7., 2., 0., 24., 96., 47., 47., 14., 119.,
       29., 2., 14., 34., 13., 25., 51., 93., 33., 7., 65., 119., 21.,
       1., 5., 119., 59., 7., 87., 93., 1., 0., 1., 0., 0., 0., 0., 8.,
       67., 55., 2., 11., 1., 2., 2., 20., 28., 47., 38., 34., 4., 1.,
       2., 119., 92., 21., 17., 67., 14., 2., 45., 83., 31., 22., 25.,
       29., 3., 0., 0., 164., 14., 0., 0., 164., 43., 1., 0., 25., 1.,
       0., 4., 54., 27., 20., 10., 5., 0., 0., 4., 1., 1., 7., 19., 31.,
       4., 5., 8., 30., 1., 0., 0., 164., 27., 0., 4., 164., 25., 1., 0.,
       35., 7., 2., 42., 50., 21., 33., 9., 7., 15., 6., 24., 19., 3.,
       12., 11., 15., 2., 2., 42., 31., 1., 0., 0., 164., 22., 0., 2.,
       164., 25., 1., 0., 39., 5., 1., 12., 57., 12., 2., 2., 7., 10.,
       6., 48., 8., 0., 0., 1., 26., 7., 2., 47., 15., 1., 0., 0., 164.,
       29., 2., 5., 164., 20., 0., 0., 32., 7., 3., 57., 60., 4., 0., 0.,
       0., 0., 1., 59., 1., 0., 0., 16., 11., 3., 1., 9., 34., 31., 42.,
       29., 26., 7., 7., 16., 25., 86., 68., 16., 6., 9., 19., 1., 17.,
       29., 10., 1., 0., 21., 41., 3., 0., 30., 17., 1., 0., 12., 20.,
       0., 33., 5., 12., 36., 155., 7., 2., 31., 155., 84., 28., 26.,
       76., 0., 0., 13., 109., 17., 5., 23., 13., 7., 8., 13., 2., 20.,
       21., 17., 8., 11., 15., 1., 18., 0., 0., 6., 155., 4., 0., 10.,
       155., 24., 2., 2., 100., 3., 0., 27., 85., 31., 19., 16., 17., 3.,
       2., 15., 5., 11., 31., 73., 55., 5., 1., 4., 12., 0., 0., 3.,
       155., 7., 0., 4., 155., 1., 0., 0., 64., 4., 1., 50., 51., 2., 1.,
       3., 25., 7., 8., 58., 13., 1., 1., 27., 124., 28., 5., 18., 75.,
       17., 0., 1., 1., 2., 1., 14., 1., 1., 15., 46., 4., 16., 10., 0.,
       9., 29., 38., 23., 1., 39., 26., 0., 5., 13., 9., 0., 0., 50.,
       40., 1., 34., 0., 1., 33., 12., 0., 0., 39., 12., 12., 35., 166.,
       94., 0., 0., 0., 166., 101., 62., 71., 10., 0., 1., 1., 51., 9.,
       0., 2., 2., 11., 10., 1., 6., 3., 7., 72., 39., 0., 0., 3., 53.,
       4., 4., 99., 166., 1., 0., 3., 166., 14., 4., 16., 40., 0., 0.,
       24., 61., 4., 1., 7., 9., 0., 0., 3., 2., 4., 8., 35., 39., 9.,
       13., 2., 68., 3., 2., 65., 166., 5., 1., 3., 166., 2., 0., 6.,
       21., 0., 0., 26., 35., 0., 0., 31., 28., 0., 0., 4., 113., 8., 2.,
       4., 23., 6., 2., 79., 22., 25., 42., 37., 154., 10., 2., 5., 137.,
       80., 30., 7., 12., 1., 3., 11., 20., 5., 3., 9., 7., 8., 12., 5.,
       101., 0., 0., 0., 44., 3., 0., 72., 52., 4., 0., 2., 154., 13.,
       0., 2., 154., 39., 5., 2., 36., 2., 0., 13., 23., 12., 15., 18.,
       20., 2., 2., 5., 45., 0., 0., 0., 44., 2., 0., 32., 46., 1., 0.,
       0., 154., 21., 0., 6., 154., 16., 3., 0., 36., 6., 3., 33., 19.,
       6., 11., 4., 11., 4., 6., 34., 13., 0., 0., 0., 30., 4., 1., 7.,
       31., 1., 0., 0., 154., 25., 2., 7., 154., 9., 0., 0., 26., 5., 2.,
       46., 18., 1., 0., 6., 11., 3., 2., 33., 13., 3., 3., 33., 12., 0.,
       0., 6., 20., 3., 2., 52., 155., 5., 0., 0., 155., 15., 3., 10.,
       39., 1., 0., 1., 39., 3., 0., 6., 9., 0., 0., 1., 11., 4., 6.,
       32., 17., 7., 12., 5., 34., 4., 3., 42., 155., 13., 4., 0., 155.,
       6., 0., 8., 49., 1., 0., 3., 48., 1., 0., 31., 36., 0., 0., 1.,
       19., 1., 2., 6., 26., 11., 14., 18., 40., 0., 0., 19., 155., 28.,
       4., 2., 155., 2., 0., 3., 48., 2., 0., 8., 41., 1., 0., 80., 92.,
       0., 0., 1., 5., 9., 12., 6., 22., 6., 3., 7., 15., 1., 3., 14.,
       131., 82., 31., 10., 155., 7., 2., 8., 19., 21., 36., 39., 21.,
       4., 2., 93., 111., 6., 2., 5., 15., 2., 1., 45., 21., 17., 52.,
