%YAML:1.0
---
mat: !!opencv-matrix
   rows: 101
   cols: 128
   dt: f
   data: [ 1., 11., 112., 27., 7., 1., 6., 1., 16., 84., 101., 7., 1.,
       0., 10., 1., 20., 27., 4., 0., 0., 1., 16., 2., 1., 0., 0., 0.,
       1., 1., 6., 3., 19., 13., 43., 43., 159., 25., 5., 11., 159., 96.,
       49., 16., 35., 1., 0., 10., 119., 15., 1., 0., 0., 0., 0., 14.,
       2., 0., 0., 0., 1., 2., 0., 1., 36., 3., 0., 2., 159., 13., 0.,
       3., 159., 9., 0., 0., 67., 2., 0., 3., 144., 2., 0., 0., 0., 0.,
       0., 3., 1., 0., 0., 1., 2., 0., 0., 0., 21., 15., 6., 29., 159.,
       1., 0., 0., 159., 10., 0., 3., 51., 0., 0., 0., 119., 3., 0., 0.,
       0., 0., 0., 0., 1., 0., 0., 0., 1., 0., 0., 0., 123., 15., 6.,
       32., 39., 9., 2., 18., 72., 4., 0., 1., 143., 38., 2., 11., 143.,
       18., 0., 0., 23., 2., 0., 0., 41., 2., 0., 0., 0., 0., 0., 1.,
       143., 26., 1., 5., 46., 51., 17., 15., 86., 14., 1., 7., 143.,
       28., 7., 8., 143., 14., 0., 0., 32., 7., 7., 20., 59., 4., 0., 0.,
       0., 0., 0., 2., 23., 5., 3., 1., 5., 73., 97., 20., 17., 5., 3.,
       3., 57., 74., 142., 28., 110., 4., 2., 0., 6., 16., 90., 118.,
       35., 4., 2., 0., 0., 0., 0., 13., 0., 7., 79., 0., 0., 4., 21.,
       1., 0., 10., 91., 0., 0., 3., 44., 3., 1., 9., 92., 0., 0., 1.,
       28., 14., 3., 15., 67., 0., 0., 0., 3., 3., 0., 0., 0., 0., 53.,
       1., 0., 0., 33., 0., 0., 0., 152., 9., 0., 1., 152., 3., 0., 0.,
       46., 9., 3., 14., 26., 10., 4., 6., 152., 34., 2., 4., 0., 0., 0.,
       6., 63., 1., 0., 0., 34., 1., 0., 10., 152., 25., 5., 4., 152.,
       27., 3., 9., 53., 8., 6., 15., 31., 8., 3., 39., 152., 14., 11.,
       12., 0., 0., 2., 4., 35., 16., 1., 0., 5., 0., 1., 4., 104., 130.,
       97., 11., 66., 10., 3., 5., 10., 29., 152., 67., 6., 3., 3., 16.,
       34., 26., 109., 30., 0., 4., 52., 8., 3., 4., 2., 0., 0., 4., 62.,
       2., 1., 15., 27., 1., 0., 1., 52., 2., 0., 5., 49., 2., 0., 0.,
       36., 4., 0., 2., 31., 3., 0., 4., 35., 3., 0., 0., 34., 2., 0.,
       7., 50., 2., 0., 2., 49., 1., 1., 16., 27., 0., 0., 7., 61., 1.,
       2., 4., 3., 0., 0., 6., 55., 7., 41., 29., 107., 28., 6., 3., 3.,
       20., 11., 32., 152., 65., 70., 9., 3., 6., 102., 132., 96., 11.,
       5., 0., 1., 6., 34., 16., 1., 0., 0., 1., 3., 5., 152., 10., 8.,
       10., 34., 7., 3., 46., 56., 7., 6., 19., 152., 16., 3., 10., 152.,
       21., 5., 5., 30., 0., 0., 22., 58., 1., 0., 0., 0., 0., 0., 9.,
       152., 31., 3., 6., 30., 9., 4., 7., 55., 6., 2., 24., 152., 0.,
       0., 1., 152., 0., 0., 1., 24., 0., 0., 6., 45., 0., 0., 0., 0.,
       0., 0., 1., 1., 86., 129., 4., 0., 0., 0., 0., 4., 69., 129., 27.,
       1., 0., 0., 0., 67., 112., 44., 1., 0., 0., 0., 0., 15., 5., 0.,
       0., 0., 0., 0., 1., 53., 99., 49., 7., 4., 29., 29., 36., 69.,
       68., 69., 46., 53., 47., 9., 22., 129., 102., 17., 2., 3., 5., 3.,
       20., 45., 2., 0., 0., 0., 0., 0., 1., 26., 1., 0., 0., 0., 35.,
       117., 92., 29., 1., 0., 0., 15., 102., 117., 85., 129., 5., 0.,
       0., 1., 11., 42., 129., 44., 3., 0., 0., 0., 0., 0., 4., 1., 0.,
       1., 0., 0., 1., 104., 18., 4., 0., 0., 0., 0., 4., 104., 50., 21.,
       0., 0., 0., 0., 0., 39., 83., 8., 0., 0., 0., 0., 0., 2., 9., 18.,
       6., 20., 8., 2., 21., 82., 55., 19., 31., 48., 7., 1., 0., 48.,
       40., 19., 14., 6., 10., 54., 4., 9., 15., 60., 0., 0., 0., 8., 1.,
       0., 22., 12., 62., 128., 81., 7., 16., 40., 7., 128., 122., 73.,
       8., 3., 1., 8., 30., 59., 7., 1., 4., 55., 6., 1., 27., 64., 0.,
       0., 0., 4., 1., 1., 26., 17., 48., 118., 20., 4., 35., 128., 27.,
       128., 67., 27., 2., 8., 8., 55., 74., 87., 2., 0., 1., 58., 4.,
       0., 23., 49., 0., 0., 0., 1., 1., 5., 31., 11., 36., 105., 1., 0.,
       21., 128., 25., 128., 40., 24., 2., 13., 3., 63., 114., 76., 1.,
       0., 8., 43., 1., 1., 20., 44., 0., 0., 0., 0., 1., 5., 20., 12.,
       1., 0., 2., 17., 20., 73., 28., 158., 14., 0., 1., 4., 3., 9.,
       52., 68., 12., 0., 0., 0., 0., 0., 7., 1., 3., 0., 0., 0., 0., 0.,
       0., 20., 9., 2., 37., 84., 13., 17., 8., 158., 45., 3., 16., 17.,
       1., 0., 5., 150., 23., 0., 0., 0., 0., 6., 16., 9., 26., 0., 0.,
       0., 0., 4., 2., 21., 5., 1., 31., 158., 41., 37., 32., 158., 17.,
       2., 9., 14., 5., 21., 158., 135., 1., 0., 0., 0., 0., 10., 47.,
       5., 6., 0., 0., 0., 4., 21., 5., 1., 0., 0., 1., 27., 30., 122.,
       101., 39., 0., 0., 0., 1., 2., 61., 158., 35., 0., 0., 0., 0., 0.,
       0., 32., 8., 2., 0., 0., 0., 2., 3., 2., 33., 72., 58., 30., 32.,
       11., 0., 4., 49., 109., 24., 21., 10., 1., 0., 1., 1., 14., 98.,
       44., 14., 1., 0., 0., 32., 53., 72., 1., 0., 0., 0., 2., 113.,
       26., 3., 5., 117., 101., 4., 20., 117., 96., 4., 10., 52., 37.,
       3., 10., 18., 11., 28., 37., 110., 54., 2., 3., 117., 34., 24.,
       11., 6., 2., 0., 6., 84., 4., 4., 2., 74., 111., 16., 36., 117.,
       8., 2., 1., 47., 68., 36., 97., 22., 1., 1., 10., 117., 86., 25.,
       14., 117., 1., 0., 4., 10., 14., 26., 61., 10., 7., 14., 4., 5.,
       15., 42., 9., 8., 12., 18., 3., 5., 15., 47., 22., 2., 3., 13.,
       3., 13., 46., 54., 11., 37., 7., 0., 0., 0., 9., 45., 53., 0., 8.,
       29., 95., 61., 4., 0., 0., 25., 72., 57., 19., 3., 2., 5., 2.,
       13., 24., 36., 13., 4., 19., 15., 2., 2., 29., 43., 2., 1., 6.,
       8., 1., 7., 7., 8., 105., 119., 1., 3., 9., 119., 57., 13., 18.,
       13., 0., 2., 44., 66., 44., 39., 119., 77., 5., 3., 7., 85., 67.,
       23., 42., 27., 7., 9., 3., 4., 1., 0., 22., 98., 56., 50., 9.,
       116., 24., 1., 9., 28., 18., 34., 55., 87., 25., 5., 52., 119.,
       28., 1., 8., 119., 52., 5., 72., 90., 2., 0., 1., 0., 0., 0., 1.,
       6., 57., 59., 1., 7., 0., 0., 0., 14., 29., 60., 37., 27., 2., 0.,
       1., 119., 107., 26., 18., 64., 12., 2., 37., 73., 38., 29., 25.,
       0., 0., 0., 3., 135., 43., 18., 8., 45., 12., 1., 9., 39., 21.,
       49., 29., 143., 55., 1., 3., 6., 1., 2., 13., 26., 21., 0., 0.,
       0., 0., 1., 3., 3., 2., 1., 18., 94., 29., 31., 9., 46., 17., 3.,
       32., 143., 34., 24., 20., 143., 58., 2., 10., 16., 2., 5., 59.,
       61., 8., 0., 0., 0., 0., 12., 16., 43., 58., 19., 31., 26., 12.,
       13., 17., 14., 4., 1., 5., 92., 64., 120., 132., 130., 2., 0., 1.,
       4., 5., 53., 143., 40., 1., 0., 0., 0., 0., 1., 18., 57., 18., 5.,
       6., 1., 1., 12., 143., 7., 1., 0., 0., 1., 2., 48., 127., 12., 0.,
       0., 0., 0., 0., 10., 52., 12., 0., 0., 0., 0., 0., 0., 5., 2., 6.,
       49., 132., 29., 0., 0., 0., 69., 57., 69., 84., 1., 0., 0., 3.,
       42., 16., 10., 10., 21., 40., 8., 12., 21., 0., 1., 5., 23., 47.,
       18., 58., 21., 8., 13., 113., 132., 43., 2., 6., 132., 56., 17.,
       18., 9., 5., 1., 17., 58., 34., 51., 49., 5., 1., 0., 1., 95., 7.,
       12., 14., 6., 3., 1., 32., 17., 0., 0., 0., 132., 119., 2., 9.,
       132., 8., 4., 7., 23., 17., 2., 26., 53., 22., 19., 42., 19., 1.,
       0., 1., 132., 40., 3., 1., 0., 0., 0., 4., 6., 0., 0., 2., 132.,
       89., 1., 2., 63., 21., 22., 20., 36., 21., 1., 6., 21., 34., 41.,
       57., 9., 0., 0., 0., 129., 65., 6., 1., 0., 0., 0., 1., 20., 2.,
       0., 0., 160., 20., 0., 0., 160., 49., 0., 0., 28., 3., 0., 2.,
       70., 45., 17., 4., 1., 0., 0., 2., 2., 2., 11., 19., 17., 3., 2.,
       3., 18., 1., 0., 0., 160., 26., 0., 2., 160., 27., 0., 0., 41.,
       6., 2., 43., 64., 34., 30., 2., 2., 16., 11., 28., 21., 7., 21.,
       7., 3., 3., 3., 31., 19., 0., 0., 0., 160., 26., 0., 1., 160.,
       25., 0., 0., 47., 6., 1., 12., 84., 17., 2., 2., 4., 12., 8., 30.,
       10., 0., 0., 0., 8., 5., 5., 53., 9., 1., 0., 0., 160., 23., 0.,
       1., 160., 31., 0., 0., 43., 6., 1., 22., 98., 11., 0., 0., 0., 0.,
       0., 43., 5., 0., 0., 3., 3., 1., 0., 14., 80., 23., 1., 2., 0.,
       2., 1., 14., 1., 2., 15., 45., 2., 18., 11., 0., 8., 30., 37.,
