%YAML:1.0
---
mat: !!opencv-matrix
   rows: 88
   cols: 128
   dt: f
   data: [ 0., 0., 0., 0., 0., 0., 0., 0., 0., 0., 0., 0., 0., 0., 2.,
       5., 0., 0., 0., 0., 0., 0., 36., 53., 0., 0., 0., 0., 0., 0., 88.,
       113., 15., 3., 0., 0., 0., 0., 0., 0., 162., 9., 0., 0., 0., 0.,
       13., 148., 54., 1., 0., 0., 1., 1., 143., 162., 9., 0., 0., 0.,
       1., 2., 96., 131., 16., 2., 0., 0., 0., 0., 0., 1., 162., 35., 0.,
       0., 0., 0., 1., 43., 162., 25., 0., 0., 5., 3., 8., 47., 18., 3.,
       0., 0., 9., 5., 3., 3., 0., 0., 0., 0., 0., 0., 0., 0., 162., 17.,
       0., 0., 0., 0., 0., 13., 162., 36., 0., 0., 2., 1., 0., 6., 8.,
       3., 0., 0., 6., 5., 0., 0., 38., 3., 0., 4., 155., 24., 0., 11.,
       155., 6., 0., 0., 47., 3., 0., 0., 121., 1., 0., 0., 0., 0., 0.,
       3., 4., 0., 0., 0., 0., 0., 0., 4., 59., 5., 0., 6., 155., 7., 1.,
       4., 155., 3., 0., 0., 67., 2., 1., 8., 155., 2., 0., 0., 0., 0.,
       0., 5., 5., 0., 0., 0., 0., 0., 0., 3., 26., 8., 0., 14., 138.,
       57., 54., 13., 155., 6., 0., 0., 32., 21., 62., 92., 133., 11.,
       0., 0., 0., 0., 1., 17., 5., 0., 0., 0., 0., 0., 0., 3., 0., 3.,
       9., 0., 3., 34., 102., 5., 16., 4., 9., 0., 0., 8., 114., 68.,
       23., 3., 8., 0., 0., 0., 7., 32., 2., 2., 2., 0., 0., 0., 0., 1.,
       2., 10., 90., 33., 7., 1., 20., 1., 18., 80., 96., 10., 1., 1.,
       31., 2., 22., 28., 3., 0., 0., 0., 38., 9., 3., 1., 0., 0., 0.,
       0., 9., 12., 26., 12., 36., 50., 160., 12., 4., 11., 160., 90.,
       48., 22., 41., 0., 0., 9., 126., 19., 0., 0., 0., 0., 0., 10., 8.,
       4., 0., 0., 0., 0., 0., 0., 42., 3., 0., 3., 160., 8., 0., 3.,
       160., 3., 0., 0., 72., 1., 0., 4., 145., 3., 0., 0., 0., 0., 0.,
       2., 8., 5., 0., 0., 0., 0., 0., 0., 26., 18., 4., 23., 160., 3.,
       0., 1., 160., 6., 0., 2., 53., 1., 0., 0., 114., 2., 0., 0., 0.,
       0., 0., 1., 5., 2., 0., 0., 0., 0., 0., 1., 109., 20., 6., 35.,
       47., 10., 1., 13., 82., 6., 0., 3., 146., 31., 0., 10., 146., 14.,
       0., 0., 25., 2., 0., 0., 40., 1., 0., 0., 0., 0., 0., 3., 146.,
       18., 1., 9., 64., 44., 16., 17., 102., 12., 0., 9., 146., 22., 5.,
       8., 146., 12., 0., 0., 37., 5., 5., 13., 56., 4., 0., 0., 0., 0.,
       0., 3., 27., 5., 1., 2., 9., 73., 106., 20., 23., 5., 0., 7., 71.,
       77., 142., 26., 138., 7., 0., 0., 8., 15., 95., 106., 40., 4., 0.,
       0., 0., 0., 1., 14., 0., 11., 50., 0., 0., 4., 22., 2., 1., 13.,
       51., 0., 0., 6., 53., 4., 1., 12., 47., 0., 0., 1., 38., 20., 3.,
       11., 30., 0., 0., 0., 2., 6., 0., 0., 0., 0., 45., 3., 0., 0.,
       35., 1., 0., 0., 148., 10., 0., 1., 148., 6., 0., 0., 54., 15.,
       3., 13., 26., 24., 7., 8., 148., 34., 2., 4., 0., 0., 0., 2., 56.,
       4., 0., 0., 36., 1., 0., 5., 148., 23., 5., 5., 148., 18., 2., 9.,
       71., 8., 6., 17., 37., 5., 2., 28., 148., 15., 11., 25., 0., 0.,
       6., 5., 32., 15., 0., 0., 6., 0., 6., 4., 110., 115., 83., 13.,
       68., 5., 6., 5., 17., 30., 126., 76., 6., 2., 4., 11., 39., 33.,
       95., 43., 0., 0., 57., 23., 7., 9., 9., 0., 0., 1., 101., 3., 1.,
       15., 34., 0., 0., 1., 96., 2., 0., 5., 43., 4., 0., 0., 75., 3.,
       0., 4., 25., 2., 0., 5., 27., 3., 0., 3., 69., 1., 0., 7., 42.,
       3., 0., 5., 90., 1., 1., 16., 34., 0., 0., 6., 100., 2., 6., 11.,
       11., 0., 0., 1., 65., 19., 48., 37., 96., 43., 7., 2., 3., 15.,
       18., 33., 125., 74., 71., 4., 6., 6., 108., 117., 83., 14., 6.,
       0., 7., 6., 32., 15., 0., 0., 0., 0., 9., 6., 148., 10., 8., 21.,
       40., 4., 2., 39., 74., 7., 5., 23., 148., 6., 2., 12., 148., 18.,
       5., 6., 31., 0., 0., 20., 52., 3., 0., 0., 0., 0., 0., 5., 143.,
       32., 2., 6., 29., 20., 6., 11., 65., 10., 2., 22., 148., 0., 0.,
       2., 148., 0., 0., 1., 23., 0., 0., 9., 36., 1., 0., 0., 0., 0.,
       0., 1., 0., 29., 130., 24., 1., 0., 0., 0., 5., 78., 130., 28.,
       1., 0., 0., 0., 58., 121., 40., 2., 1., 0., 0., 1., 9., 3., 0.,
       0., 1., 0., 0., 1., 36., 88., 88., 11., 3., 32., 32., 35., 58.,
       84., 64., 65., 46., 45., 17., 23., 130., 117., 19., 5., 4., 6.,
       4., 27., 40., 3., 0., 0., 0., 0., 0., 2., 23., 3., 0., 0., 0.,
       55., 130., 98., 23., 2., 0., 0., 12., 93., 130., 89., 130., 3.,
       0., 0., 1., 14., 53., 130., 31., 0., 0., 0., 0., 0., 0., 9., 0.,
       0., 0., 4., 6., 28., 81., 7., 11., 1., 0., 1., 2., 9., 70., 43.,
       30., 2., 0., 0., 0., 1., 14., 76., 3., 0., 0., 0., 1., 1., 1., 6.,
       6., 13., 64., 16., 5., 33., 47., 11., 21., 57., 26., 1., 0., 1.,
       44., 24., 7., 18., 6., 49., 55., 1., 26., 12., 70., 0., 0., 27.,
       37., 0., 0., 40., 16., 86., 118., 49., 7., 42., 68., 8., 118.,
       118., 41., 4., 6., 4., 16., 28., 44., 8., 1., 63., 88., 0., 1.,
       24., 84., 0., 0., 10., 16., 0., 0., 77., 24., 87., 95., 2., 1.,
       59., 117., 21., 118., 43., 10., 11., 22., 10., 39., 101., 59., 1.,
       0., 34., 78., 1., 1., 69., 51., 0., 0., 1., 2., 2., 6., 78., 23.,
       34., 29., 0., 0., 68., 118., 43., 88., 17., 4., 11., 38., 6., 45.,
       89., 56., 0., 0., 11., 30., 1., 1., 90., 16., 0., 0., 0., 0., 4.,
       10., 36., 0., 1., 4., 28., 62., 0., 0., 0., 54., 9., 3., 28., 75.,
       4., 0., 0., 10., 3., 68., 85., 107., 55., 36., 1., 0., 1., 114.,
       16., 4., 19., 114., 2., 2., 1., 5., 38., 86., 0., 0., 0., 95., 8.,
       0., 22., 85., 8., 0., 1., 14., 3., 51., 59., 114., 92., 31., 2.,
       5., 15., 114., 27., 10., 33., 102., 32., 5., 1., 1., 23., 106.,
       0., 0., 0., 114., 2., 0., 11., 61., 8., 1., 7., 16., 0., 3., 7.,
       72., 114., 56., 2., 5., 9., 17., 4., 6., 46., 114., 75., 7., 0.,
       0., 5., 102., 4., 1., 0., 114., 1., 2., 6., 37., 4., 3., 13., 13.,
       1., 30., 39., 9., 29., 27., 4., 1., 6., 68., 81., 17., 11., 9.,
       2., 2., 0., 1., 8., 81., 0., 0., 0., 107., 8., 2., 6., 48., 1.,
       1., 1., 23., 5., 53., 81., 3., 2., 18., 2., 0., 0., 115., 115.,
       1., 1., 20., 1., 2., 1., 2., 12., 97., 0., 0., 0., 106., 10., 2.,
       14., 71., 7., 1., 2., 16., 4., 43., 115., 94., 106., 55., 1., 0.,
       0., 91., 115., 15., 36., 115., 59., 2., 0., 2., 8., 89., 3., 0.,
       1., 112., 1., 1., 3., 52., 8., 2., 13., 23., 1., 25., 22., 9.,
       77., 72., 4., 0., 5., 49., 12., 1., 32., 115., 19., 1., 0., 0.,
       0., 54., 15., 2., 2., 60., 1., 1., 13., 41., 9., 0., 18., 10., 2.,
       63., 115., 57., 9., 9., 1., 2., 33., 115., 39., 4., 5., 23., 6.,
       16., 15., 46., 48., 56., 4., 2., 12., 37., 115., 88., 25., 11.,
       11., 9., 1., 24., 32., 3., 1., 0., 38., 32., 1., 0., 8., 8., 2.,
       1., 43., 36., 0., 13., 3., 6., 29., 156., 3., 1., 9., 156., 59.,
       16., 20., 88., 1., 0., 16., 118., 18., 3., 15., 6., 1., 1., 13.,
       1., 8., 16., 24., 8., 8., 6., 1., 11., 0., 0., 1., 156., 5., 0.,
       2., 156., 21., 1., 0., 101., 3., 0., 14., 90., 31., 28., 17., 3.,
       0., 1., 9., 3., 3., 8., 55., 29., 1., 3., 8., 9., 0., 0., 5.,
       156., 2., 0., 1., 156., 4., 0., 1., 73., 2., 0., 18., 61., 3., 4.,
       0., 2., 1., 6., 47., 2., 0., 1., 25., 98., 17., 3., 15., 3., 1.,
       2., 15., 32., 12., 13., 7., 58., 7., 0., 5., 146., 23., 2., 0.,
       146., 25., 0., 1., 18., 1., 0., 0., 22., 2., 0., 46., 66., 0., 0.,
       0., 9., 0., 0., 3., 50., 12., 8., 20., 60., 4., 0., 4., 146., 46.,
       4., 6., 146., 22., 0., 5., 31., 6., 3., 12., 30., 3., 0., 101.,
       146., 0., 0., 1., 2., 23., 25., 2., 24., 15., 2., 4., 15., 7., 8.,
       2., 97., 141., 76., 20., 133., 7., 2., 11., 18., 29., 75., 77.,
       18., 3., 1., 84., 146., 40., 14., 12., 0., 26., 30., 0., 0., 21.,
       30., 0., 0., 41., 48., 0., 0., 24., 36., 1., 1., 34., 40., 1., 4.,
       17., 35., 8., 1., 13., 16., 2., 23., 74., 51., 8., 0., 0., 0., 0.,
       1., 1., 0., 0., 9., 0., 0., 0., 0., 0., 0., 1., 4., 0., 0., 0.,
       0., 0., 0., 0., 0., 0., 0., 0., 4., 7., 0., 0., 24., 17., 17.,
