%YAML:1.0
---
mat: !!opencv-matrix
   rows: 32
   cols: 128
   dt: f
   data: [ 1., 0., 0., 57., 143., 0., 0., 0., 120., 4., 1., 60., 99., 0.,
       0., 17., 82., 9., 4., 3., 1., 0., 0., 12., 56., 12., 1., 4., 2.,
       0., 0., 0., 4., 1., 0., 51., 144., 0., 0., 0., 144., 5., 1., 32.,
       117., 0., 0., 27., 78., 10., 1., 3., 14., 8., 1., 14., 41., 34.,
       15., 26., 6., 1., 0., 1., 7., 1., 0., 22., 144., 2., 0., 0., 144.,
       17., 0., 13., 120., 1., 0., 2., 78., 11., 1., 1., 15., 23., 8.,
       3., 3., 14., 20., 12., 5., 19., 33., 21., 4., 1., 0., 1., 144.,
       17., 0., 0., 144., 23., 0., 1., 107., 8., 0., 0., 86., 19., 0.,
       0., 0., 3., 5., 3., 21., 1., 0., 0., 0., 4., 20., 20., 31., 37.,
       2., 1., 0., 0., 0., 8., 7., 18., 14., 91., 23., 0., 0., 1., 112.,
       28., 9., 66., 19., 0., 0., 0., 120., 30., 0., 0., 0., 0., 0., 0.,
       15., 109., 15., 14., 1., 0., 0., 0., 12., 21., 26., 139., 44., 0.,
       0., 0., 139., 45., 14., 56., 9., 0., 0., 1., 134., 39., 0., 0.,
       0., 0., 0., 0., 2., 113., 52., 53., 2., 0., 0., 0., 70., 19., 44.,
       139., 26., 0., 0., 8., 139., 22., 5., 15., 2., 0., 0., 26., 104.,
       46., 0., 0., 0., 0., 0., 0., 2., 11., 44., 56., 0., 0., 0., 5.,
       136., 11., 34., 66., 0., 0., 0., 64., 139., 11., 0., 0., 0., 0.,
       0., 41., 49., 35., 0., 0., 0., 0., 0., 0., 0., 0., 0., 0., 69.,
       119., 7., 0., 55., 0., 0., 1., 91., 103., 9., 48., 81., 0., 0.,
       0., 0., 6., 62., 93., 0., 0., 0., 0., 0., 24., 95., 3., 0., 0.,
       0., 0., 41., 134., 12., 0., 63., 1., 0., 0., 82., 134., 11., 19.,
       134., 8., 0., 0., 2., 15., 32., 56., 12., 0., 0., 0., 0., 33.,
       93., 13., 0., 0., 0., 0., 6., 117., 26., 0., 13., 0., 0., 0., 45.,
       134., 14., 7., 134., 9., 0., 0., 4., 64., 20., 32., 50., 2., 0.,
       0., 1., 18., 29., 15., 0., 0., 0., 0., 0., 46., 28., 0., 0., 0.,
       0., 0., 13., 134., 15., 0., 68., 7., 0., 0., 8., 121., 14., 12.,
       69., 12., 0., 0., 8., 10., 6., 7., 30., 4., 12., 11., 0., 0., 0.,
       27., 14., 15., 94., 30., 0., 0., 0., 6., 5., 81., 69., 3., 0., 0.,
       0., 1., 15., 47., 5., 0., 0., 0., 0., 0., 9., 5., 38., 123., 10.,
       0., 0., 7., 92., 36., 110., 94., 1., 0., 0., 7., 63., 90., 48.,
       46., 9., 0., 0., 6., 116., 83., 6., 2., 0., 0., 0., 2., 57., 9.,
       17., 123., 67., 0., 0., 8., 123., 36., 22., 47., 2., 0., 0., 10.,
       123., 19., 14., 96., 14., 0., 0., 53., 123., 12., 1., 1., 0., 0.,
       0., 49., 90., 4., 1., 73., 69., 0., 1., 36., 74., 28., 11., 10.,
       0., 0., 6., 68., 74., 32., 20., 26., 8., 1., 3., 106., 61., 100.,
       28., 11., 1., 0., 0., 17., 37., 26., 1., 1., 116., 56., 0., 0.,
       127., 99., 4., 2., 17., 7., 0., 0., 13., 31., 37., 9., 0., 0., 0.,
       0., 1., 19., 27., 1., 0., 0., 0., 0., 22., 20., 2., 4., 127., 35.,
       0., 2., 127., 54., 3., 7., 56., 23., 0., 11., 27., 45., 74., 52.,
       67., 36., 0., 1., 10., 92., 127., 60., 20., 12., 0., 0., 21., 31.,
       12., 27., 82., 6., 0., 2., 127., 5., 0., 10., 46., 10., 0., 20.,
       41., 3., 5., 7., 77., 127., 3., 3., 42., 39., 28., 30., 91., 127.,
       5., 1., 13., 11., 22., 22., 13., 7., 17., 22., 127., 13., 1., 7.,
       6., 0., 3., 50., 19., 16., 4., 6., 37., 16., 0., 1., 10., 4., 0.,
       2., 127., 70., 1., 0., 1., 89., 42., 9., 46., 34., 0., 0., 85.,
       109., 27., 1., 2., 6., 5., 35., 75., 35., 15., 30., 2., 0., 0.,
       16., 121., 30., 4., 8., 1., 0., 0., 3., 3., 50., 50., 11., 64.,
       121., 10., 4., 121., 121., 31., 5., 8., 39., 19., 59., 95., 63.,
       27., 58., 4., 0., 0., 6., 121., 67., 7., 7., 0., 0., 0., 2., 4.,
       23., 52., 14., 20., 121., 32., 6., 121., 42., 20., 9., 3., 23.,
       34., 58., 97., 17., 6., 31., 16., 1., 1., 20., 121., 11., 1., 2.,
       0., 0., 0., 21., 1., 1., 6., 16., 24., 98., 40., 2., 34., 3., 4.,
       10., 5., 25., 47., 35., 53., 1., 0., 1., 2., 1., 6., 66., 121.,
       2., 0., 0., 0., 0., 0., 39., 3., 9., 34., 11., 39., 12., 0., 0.,
       1., 1., 20., 111., 127., 8., 0., 0., 127., 37., 34., 79., 27., 0.,
       0., 11., 127., 48., 0., 0., 0., 0., 0., 4., 0., 23., 127., 64.,
       12., 0., 0., 0., 9., 11., 61., 127., 127., 1., 0., 2., 127., 16.,
       3., 29., 44., 1., 0., 25., 127., 40., 0., 0., 0., 0., 0., 7., 1.,
       29., 64., 49., 57., 34., 3., 0., 10., 35., 40., 49., 50., 18.,
       11., 19., 127., 10., 1., 5., 10., 6., 6., 87., 121., 10., 2., 4.,
       9., 0., 0., 18., 1., 5., 5., 2., 16., 57., 23., 1., 5., 9., 3.,
       1., 1., 19., 74., 57., 53., 12., 4., 0., 0., 0., 10., 119., 35.,
       18., 11., 12., 10., 0., 0., 11., 0., 0., 0., 12., 37., 19., 37.,
       3., 1., 1., 18., 95., 51., 5., 5., 1., 5., 38., 68., 24., 3., 11.,
       22., 5., 48., 61., 10., 0., 0., 1., 10., 23., 6., 1., 0., 8.,
       121., 51., 5., 2., 15., 15., 8., 41., 121., 49., 2., 2., 94., 26.,
       5., 4., 4., 13., 70., 68., 47., 9., 0., 0., 0., 1., 94., 121., 5.,
       3., 0., 0., 64., 74., 8., 1., 21., 4., 0., 1., 121., 121., 1., 3.,
       121., 61., 0., 1., 23., 18., 12., 46., 75., 43., 0., 0., 0., 0.,
       56., 66., 0., 0., 0., 0., 15., 94., 22., 0., 3., 1., 0., 0., 121.,
       121., 7., 5., 121., 23., 0., 0., 25., 39., 16., 95., 64., 51., 0.,
       0., 0., 0., 17., 43., 3., 11., 9., 61., 58., 3., 5., 3., 14., 36.,
       24., 11., 3., 51., 48., 8., 47., 77., 13., 0., 0., 28., 56., 34.,
       63., 23., 0., 0., 0., 8., 19., 34., 15., 13., 5., 13., 116., 73.,
       2., 3., 124., 40., 3., 2., 9., 16., 37., 79., 35., 2., 0., 0., 0.,
       17., 124., 101., 26., 0., 0., 0., 1., 13., 56., 108., 12., 5., 0.,
       7., 124., 85., 2., 5., 124., 73., 0., 5., 24., 9., 5., 42., 116.,
       74., 0., 0., 0., 2., 62., 34., 3., 8., 0., 0., 4., 16., 49., 21.,
       4., 1., 0., 1., 124., 86., 8., 11., 118., 14., 0., 1., 15., 21.,
       18., 124., 63., 76., 0., 0., 0., 2., 29., 40., 9., 47., 4., 1.,
       4., 3., 8., 6., 5., 24., 13., 49., 86., 43., 2., 0., 70., 20.,
       10., 2., 15., 117., 17., 37., 117., 14., 13., 7., 3., 7., 6.,
       117., 28., 7., 15., 17., 30., 6., 9., 19., 19., 96., 21., 27.,
       117., 23., 0., 0., 95., 85., 6., 2., 8., 20., 14., 78., 117., 16.,
       34., 20., 0., 2., 5., 78., 83., 12., 20., 10., 6., 5., 3., 43.,
       25., 61., 27., 8., 91., 72., 13., 22., 117., 69., 17., 9., 6.,
       12., 11., 87., 117., 25., 39., 19., 0., 0., 0., 24., 117., 7., 1.,
       1., 5., 2., 0., 36., 29., 11., 14., 5., 19., 64., 31., 30., 65.,
       8., 9., 18., 2., 2., 7., 54., 117., 6., 9., 11., 1., 0., 0., 78.,
       82., 4., 0., 0., 1., 0., 0., 18., 109., 12., 0., 3., 137., 53.,
       1., 6., 137., 57., 4., 9., 11., 3., 0., 7., 15., 3., 1., 24., 33.,
       1., 1., 16., 2., 2., 0., 31., 52., 5., 2., 2., 68., 7., 0., 0.,
       137., 120., 2., 8., 137., 58., 0., 0., 24., 19., 1., 10., 48., 4.,
       0., 9., 60., 21., 8., 10., 3., 3., 1., 8., 34., 16., 38., 75.,
       20., 0., 0., 0., 137., 115., 5., 12., 137., 4., 0., 0., 41., 42.,
       9., 72., 61., 1., 0., 0., 6., 14., 16., 60., 14., 0., 0., 0., 2.,
       8., 54., 137., 1., 0., 0., 1., 94., 54., 9., 8., 42., 0., 0., 0.,
       19., 29., 20., 94., 56., 0., 0., 0., 0., 0., 0., 70., 34., 0., 0.,
       0., 0., 0., 1., 43., 1., 32., 31., 19., 91., 41., 6., 0., 86.,
       118., 38., 2., 13., 38., 20., 55., 109., 51., 12., 36., 28., 2.,
       3., 43., 99., 23., 9., 15., 7., 0., 0., 2., 8., 24., 114., 35.,
       65., 56., 9., 3., 123., 88., 26., 6., 17., 11., 9., 103., 123.,
       12., 4., 10., 82., 13., 8., 45., 70., 46., 11., 2., 13., 5., 7.,
       10., 11., 30., 19., 11., 22., 109., 41., 7., 123., 57., 11., 6.,
       2., 37., 26., 68., 102., 39., 36., 40., 11., 4., 4., 14., 38.,
       16., 7., 2., 21., 28., 8., 12., 12., 90., 27., 6., 39., 32., 2.,
       5., 102., 58., 13., 10., 1., 4., 4., 42., 110., 23., 14., 20., 1.,
       0., 0., 10., 56., 11., 1., 0., 15., 21., 0., 6., 5., 13., 75., 6.,
