%YAML:1.0
---
mat: !!opencv-matrix
   rows: 27
   cols: 128
   dt: f
   data: [ 36., 10., 0., 2., 116., 75., 5., 2., 125., 43., 0., 5., 51.,
       18., 0., 1., 91., 34., 1., 3., 36., 17., 1., 1., 26., 14., 0., 0.,
       6., 37., 10., 2., 17., 3., 0., 0., 125., 101., 5., 4., 125., 22.,
       0., 0., 67., 49., 2., 14., 53., 60., 4., 2., 82., 63., 2., 4.,
       52., 106., 3., 0., 3., 4., 3., 5., 5., 0., 0., 0., 125., 46., 0.,
       1., 125., 15., 0., 0., 93., 32., 2., 13., 57., 13., 2., 0., 79.,
       107., 33., 15., 60., 35., 1., 0., 5., 16., 43., 84., 2., 0., 1.,
       16., 125., 17., 1., 2., 125., 1., 0., 3., 61., 16., 5., 58., 43.,
       1., 0., 0., 4., 24., 42., 33., 1., 0., 0., 2., 1., 3., 30., 42.,
       0., 0., 0., 0., 73., 53., 11., 0., 42., 7., 1., 2., 137., 79., 6.,
       20., 137., 14., 0., 0., 8., 15., 5., 58., 33., 0., 0., 0., 25.,
       40., 7., 20., 0., 24., 40., 11., 80., 25., 4., 0., 42., 17., 8.,
       25., 137., 58., 2., 10., 137., 46., 2., 3., 14., 13., 2., 35.,
       46., 1., 0., 0., 35., 45., 9., 20., 0., 37., 117., 31., 51., 44.,
       6., 0., 38., 21., 85., 60., 108., 40., 10., 15., 137., 39., 3.,
       2., 7., 8., 4., 45., 46., 7., 0., 0., 4., 27., 23., 15., 2., 3.,
       9., 5., 16., 91., 42., 5., 19., 8., 21., 9., 3., 99., 137., 15.,
       137., 30., 1., 0., 0., 14., 36., 30., 41., 20., 6., 1., 0., 0.,
       2., 1., 12., 20., 24., 24., 129., 58., 5., 9., 136., 74., 19., 3.,
       14., 19., 6., 49., 67., 2., 0., 0., 27., 55., 9., 25., 50., 0.,
       0., 0., 0., 2., 14., 28., 17., 5., 1., 4., 136., 112., 4., 8.,
       136., 37., 1., 2., 29., 28., 6., 54., 91., 3., 0., 0., 49., 71.,
       10., 31., 62., 0., 0., 0., 1., 3., 16., 39., 7., 18., 58., 38.,
       136., 41., 2., 3., 136., 62., 6., 10., 45., 21., 4., 38., 110.,
       10., 0., 0., 23., 58., 24., 27., 32., 0., 0., 0., 1., 6., 16.,
       43., 5., 10., 67., 32., 21., 78., 56., 4., 136., 48., 11., 7., 6.,
       15., 39., 32., 98., 32., 3., 0., 0., 5., 10., 6., 0., 1., 9., 6.,
       0., 1., 6., 6., 0., 4., 6., 5., 71., 10., 0., 0., 58., 9., 2., 9.,
       139., 89., 13., 27., 139., 35., 2., 1., 3., 7., 6., 33., 14., 10.,
       3., 2., 7., 1., 0., 1., 0., 2., 5., 22., 57., 6., 0., 0., 28.,
       34., 20., 97., 139., 47., 6., 11., 139., 107., 14., 13., 8., 5.,
       3., 19., 35., 9., 1., 3., 9., 0., 0., 1., 0., 0., 0., 3., 51.,
       30., 1., 0., 26., 10., 4., 29., 139., 116., 7., 17., 139., 82.,
       6., 9., 16., 18., 5., 38., 32., 29., 1., 2., 9., 0., 0., 0., 0.,
       0., 0., 7., 44., 6., 0., 0., 7., 14., 8., 61., 139., 9., 0., 0.,
       139., 112., 14., 26., 39., 2., 0., 7., 56., 22., 1., 3., 5., 2.,
       2., 8., 6., 0., 0., 15., 149., 11., 0., 2., 149., 8., 0., 6., 64.,
       9., 0., 36., 88., 14., 4., 3., 9., 2., 2., 14., 11., 1., 1., 9.,
       44., 2., 0., 2., 8., 1., 0., 8., 149., 50., 2., 3., 149., 16., 0.,
       6., 66., 20., 1., 45., 100., 6., 1., 1., 19., 7., 8., 28., 16.,
       1., 1., 6., 65., 6., 1., 2., 6., 3., 0., 10., 149., 25., 1., 2.,
       149., 35., 0., 11., 88., 13., 1., 27., 113., 17., 2., 2., 19., 3.,
       1., 7., 14., 0., 0., 1., 62., 13., 2., 9., 2., 0., 0., 4., 137.,
       47., 5., 5., 141., 4., 0., 2., 36., 31., 13., 92., 59., 2., 0.,
       0., 12., 4., 2., 33., 12., 0., 0., 0., 36., 11., 1., 9., 1., 0.,
       0., 1., 0., 2., 4., 4., 0., 1., 14., 21., 2., 5., 1., 1., 2., 19.,
       27., 8., 0., 1., 1., 1., 1., 5., 1., 0., 1., 3., 2., 1., 0., 0.,
       11., 73., 5., 3., 4., 1., 10., 20., 95., 160., 42., 3., 0., 0.,
       153., 130., 92., 46., 4., 0., 0., 2., 30., 13., 1., 1., 0., 0.,
       1., 1., 2., 0., 26., 92., 23., 16., 12., 34., 57., 8., 12., 91.,
       160., 69., 9., 16., 160., 27., 10., 14., 34., 6., 0., 52., 46.,
       4., 11., 7., 0., 1., 2., 7., 1., 0., 1., 10., 52., 8., 25., 61.,
       65., 2., 0., 40., 160., 13., 4., 17., 160., 20., 15., 35., 26.,
       1., 0., 44., 28., 28., 56., 72., 0., 0., 1., 9., 1., 1., 3., 67.,
       24., 0., 0., 0., 17., 24., 42., 117., 16., 0., 0., 3., 9., 56.,
       53., 52., 17., 2., 0., 2., 24., 117., 39., 8., 2., 0., 0., 0., 3.,
       3., 18., 108., 117., 1., 0., 0., 117., 22., 10., 80., 79., 5., 4.,
       41., 29., 15., 9., 66., 117., 17., 8., 22., 16., 117., 39., 17.,
       15., 1., 12., 33., 38., 28., 35., 26., 88., 49., 6., 14., 117.,
       54., 6., 15., 65., 62., 30., 29., 22., 20., 7., 42., 81., 26.,
       95., 77., 8., 8., 4., 4., 5., 3., 117., 117., 35., 2., 3., 8., 4.,
       36., 21., 60., 8., 4., 17., 14., 5., 62., 63., 37., 12., 21., 35.,
       1., 0., 1., 37., 75., 9., 26., 43., 0., 0., 0., 19., 51., 0., 0.,
       2., 38., 14., 11., 50., 5., 0., 2., 25., 72., 23., 10., 34., 12.,
       6., 73., 80., 31., 18., 5., 2., 12., 4., 21., 19., 41., 80., 23.,
       15., 11., 4., 3., 46., 118., 15., 5., 17., 2., 75., 24., 57.,
       102., 31., 35., 11., 16., 76., 71., 27., 15., 98., 90., 8., 9.,
       117., 39., 3., 1., 12., 20., 42., 44., 12., 2., 14., 118., 22.,
       42., 43., 7., 118., 33., 11., 20., 21., 14., 11., 28., 85., 11.,
       4., 18., 118., 47., 10., 45., 118., 2., 0., 0., 3., 3., 3., 68.,
       1., 0., 0., 0., 2., 118., 117., 6., 35., 5., 0., 1., 2., 72., 67.,
       48., 22., 2., 0., 1., 11., 31., 38., 89., 37., 0., 0., 0., 1., 3.,
       6., 75., 0., 2., 4., 3., 0., 0., 0., 0., 1., 6., 34., 27., 0., 0.,
       0., 0., 4., 34., 33., 6., 1., 0., 0., 0., 1., 4., 10., 54., 33.,
       7., 0., 0., 0., 0., 24., 103., 2., 0., 0., 0., 18., 29., 110.,
       148., 23., 6., 0., 1., 148., 135., 71., 27., 3., 1., 0., 4., 26.,
       9., 1., 9., 50., 69., 1., 0., 2., 0., 31., 139., 18., 12., 16.,
       44., 61., 6., 11., 77., 134., 98., 21., 27., 148., 17., 4., 6.,
       17., 10., 1., 28., 43., 4., 10., 11., 4., 17., 0., 1., 1., 0., 1.,
       8., 36., 21., 38., 84., 55., 3., 0., 16., 148., 22., 9., 20.,
       148., 20., 5., 13., 28., 1., 0., 9., 22., 9., 19., 63., 2., 0.,
       2., 11., 0., 9., 44., 28., 0., 0., 0., 0., 2., 46., 78., 23., 2.,
       0., 0., 0., 3., 26., 97., 70., 7., 0., 0., 0., 12., 33., 43., 31.,
       23., 20., 3., 0., 7., 9., 76., 124., 55., 22., 0., 1., 124., 121.,
       101., 57., 29., 12., 1., 12., 54., 50., 36., 62., 88., 76., 17.,
       11., 98., 78., 9., 2., 3., 15., 14., 39., 18., 1., 1., 17., 124.,
       105., 6., 8., 124., 27., 2., 5., 56., 19., 8., 73., 54., 17., 2.,
       0., 17., 57., 58., 71., 33., 3., 0., 0., 0., 7., 44., 102., 2.,
       0., 0., 0., 69., 77., 40., 15., 44., 2., 0., 0., 12., 21., 58.,
       124., 18., 4., 0., 0., 0., 0., 2., 60., 4., 1., 0., 0., 0., 0.,
       2., 7., 96., 9., 5., 12., 46., 7., 1., 15., 115., 8., 9., 23., 8.,
       9., 8., 41., 17., 1., 0., 1., 108., 54., 14., 20., 110., 0., 0.,
       0., 57., 18., 5., 78., 44., 0., 0., 1., 53., 55., 25., 86., 115.,
       11., 2., 6., 24., 37., 8., 33., 45., 6., 3., 40., 115., 40., 6.,
       30., 87., 0., 0., 2., 35., 9., 5., 115., 2., 0., 0., 0., 19.,
       115., 105., 68., 68., 29., 14., 15., 19., 115., 41., 11., 29.,
       13., 16., 71., 34., 6., 38., 106., 32., 0., 0., 2., 5., 4., 9.,
       115., 0., 0., 0., 0., 4., 51., 21., 2., 0., 0., 1., 0., 3., 115.,
       79., 3., 1., 0., 1., 1., 3., 19., 104., 63., 1., 0., 0., 0., 7.,
       12., 8., 23., 0., 0., 52., 27., 11., 14., 22., 0., 5., 20., 115.,
       74., 65., 15., 4., 0., 91., 118., 75., 14., 10., 1., 0., 1., 17.,
       9., 14., 34., 31., 17., 8., 1., 0., 0., 5., 45., 46., 29., 30.,
       0., 35., 8., 8., 86., 151., 32., 4., 0., 151., 36., 5., 14., 37.,
       3., 0., 4., 64., 2., 0., 2., 11., 29., 25., 4., 0., 0., 22., 57.,
       52., 21., 4., 0., 29., 0., 6., 34., 151., 69., 25., 15., 151., 4.,
       0., 2., 30., 15., 19., 74., 64., 3., 0., 34., 12., 1., 0., 4., 0.,
       0., 9., 15., 11., 27., 79., 0., 2., 0., 2., 7., 26., 42., 151.,
       19., 45., 0., 0., 0., 4., 9., 89., 106., 12., 1., 0., 42., 69.,
