%YAML:1.0
---
mat: !!opencv-matrix
   rows: 91
   cols: 128
   dt: f
   data: [ 0., 0., 6., 25., 14., 2., 0., 0., 0., 3., 89., 46., 5., 1.,
       0., 0., 3., 19., 101., 10., 3., 1., 0., 0., 5., 12., 11., 2., 8.,
       3., 0., 0., 0., 0., 2., 53., 100., 15., 0., 0., 10., 38., 125.,
       125., 125., 41., 1., 1., 125., 125., 125., 16., 7., 7., 2., 33.,
       56., 17., 6., 0., 2., 2., 1., 32., 0., 0., 0., 2., 96., 57., 2.,
       0., 14., 8., 3., 12., 125., 125., 103., 12., 125., 25., 2., 2.,
       7., 58., 104., 116., 58., 1., 0., 1., 9., 2., 1., 23., 0., 0., 0.,
       0., 16., 23., 5., 0., 0., 0., 0., 1., 6., 54., 89., 1., 9., 0.,
       0., 0., 1., 21., 92., 38., 5., 0., 0., 0., 4., 7., 4., 8., 10.,
       1., 0., 4., 13., 1., 21., 81., 4., 0., 5., 56., 149., 9., 2., 9.,
       26., 0., 18., 57., 79., 3., 28., 149., 17., 0., 0., 4., 0., 0.,
       17., 149., 1., 1., 1., 13., 35., 1., 1., 1., 39., 6., 0., 95.,
       149., 24., 2., 8., 149., 19., 0., 16., 44., 6., 6., 118., 39., 4.,
       2., 0., 0., 0., 2., 48., 0., 1., 1., 2., 24., 12., 0., 0., 17.,
       1., 0., 5., 144., 149., 48., 24., 149., 7., 0., 1., 12., 40., 54.,
       123., 35., 5., 2., 0., 0., 0., 0., 7., 0., 2., 3., 1., 1., 2., 0.,
       0., 0., 2., 1., 0., 2., 38., 27., 4., 7., 1., 0., 0., 0., 9., 33.,
       35., 3., 3., 2., 0., 0., 0., 0., 3., 2., 6., 8., 24., 132., 26.,
       0., 1., 132., 86., 15., 12., 40., 10., 0., 9., 73., 17., 0., 0.,
       0., 0., 0., 6., 0., 0., 0., 0., 0., 1., 1., 1., 6., 1., 2., 121.,
       132., 17., 0., 1., 132., 11., 2., 25., 49., 9., 0., 34., 105., 3.,
       0., 7., 3., 1., 1., 16., 0., 0., 35., 50., 2., 1., 0., 0., 14.,
       2., 4., 132., 22., 0., 9., 51., 132., 31., 3., 21., 3., 1., 23.,
       73., 88., 31., 3., 61., 34., 0., 0., 3., 0., 0., 43., 132., 54.,
       1., 5., 13., 49., 0., 1., 30., 13., 2., 15., 132., 33., 12., 2.,
       1., 12., 47., 49., 78., 23., 28., 19., 83., 50., 8., 1., 3., 16.,
       0., 1., 61., 59., 3., 10., 90., 7., 4., 7., 15., 102., 21., 3.,
       18., 1., 9., 65., 136., 59., 2., 5., 28., 37., 0., 5., 79., 11.,
       0., 10., 136., 66., 0., 0., 0., 1., 0., 0., 126., 2., 1., 0., 40.,
       136., 5., 0., 3., 66., 2., 3., 34., 126., 5., 15., 136., 34., 1.,
       1., 1., 0., 0., 15., 136., 10., 5., 1., 0., 0., 0., 0., 42., 4.,
       2., 0., 40., 136., 27., 1., 1., 136., 27., 0., 18., 69., 17., 5.,
       45., 114., 10., 1., 0., 0., 0., 0., 29., 1., 5., 2., 0., 0., 0.,
       0., 1., 0., 0., 0., 1., 51., 86., 16., 2., 80., 2., 0., 0., 13.,
       54., 59., 81., 57., 4., 1., 0., 0., 0., 1., 23., 0., 3., 3., 0.,
       0., 0., 0., 0., 6., 5., 14., 42., 138., 14., 0., 1., 138., 29.,
       0., 5., 60., 4., 0., 19., 116., 16., 2., 0., 0., 0., 0., 4., 0.,
       1., 5., 2., 1., 5., 2., 0., 10., 1., 9., 56., 98., 118., 4., 5.,
       138., 29., 0., 10., 30., 27., 1., 46., 115., 34., 2., 1., 0., 0.,
       0., 9., 0., 1., 5., 2., 0., 0., 0., 0., 4., 1., 0., 0., 53., 138.,
       3., 1., 74., 138., 8., 0., 58., 135., 4., 6., 54., 138., 8., 0.,
       1., 3., 2., 2., 9., 26., 4., 1., 0., 0., 0., 0., 1., 1., 1., 0.,
       22., 43., 0., 0., 4., 16., 2., 0., 35., 138., 57., 5., 76., 68.,
       1., 0., 0., 24., 73., 62., 31., 15., 1., 0., 0., 0., 1., 12., 0.,
       3., 13., 38., 68., 2., 0., 0., 61., 79., 40., 28., 26., 0., 0.,
       1., 27., 15., 3., 1., 0., 1., 2., 1., 0., 1., 4., 0., 0., 1., 4.,
       0., 6., 2., 3., 116., 113., 1., 0., 3., 116., 27., 9., 50., 49.,
       0., 0., 20., 62., 8., 70., 100., 5., 0., 1., 4., 1., 47., 116.,
       20., 0., 0., 3., 3., 16., 1., 1., 116., 83., 2., 8., 92., 95.,
       10., 8., 50., 25., 15., 28., 116., 29., 6., 30., 116., 49., 4.,
       22., 70., 8., 30., 45., 13., 2., 17., 115., 80., 67., 0., 0., 10.,
       51., 14., 9., 107., 25., 0., 0., 8., 96., 62., 15., 51., 110.,
       10., 0., 12., 57., 22., 4., 60., 39., 9., 0., 0., 0., 16., 30.,
       43., 1., 1., 2., 53., 5., 0., 0., 0., 3., 0., 62., 124., 3., 0.,
       0., 14., 8., 6., 96., 46., 0., 0., 17., 88., 2., 2., 35., 6., 0.,
       0., 64., 54., 2., 1., 1., 124., 103., 0., 0., 0., 111., 4., 14.,
       124., 37., 0., 0., 109., 46., 2., 5., 3., 0., 0., 21., 124., 3.,
       0., 0., 0., 0., 0., 30., 42., 5., 1., 0., 26., 124., 80., 1., 0.,
       124., 70., 0., 12., 49., 47., 5., 20., 102., 82., 0., 0., 0., 0.,
       0., 19., 8., 5., 2., 0., 0., 0., 0., 3., 0., 11., 26., 4., 33.,
       94., 1., 0., 37., 51., 4., 4., 37., 124., 9., 2., 26., 124., 32.,
       0., 4., 8., 3., 1., 2., 45., 83., 4., 0., 0., 0., 0., 16., 8., 2.,
       2., 10., 51., 94., 23., 22., 29., 16., 36., 112., 26., 35., 13.,
       140., 21., 1., 19., 87., 5., 0., 3., 93., 17., 4., 0., 0., 0., 0.,
       0., 0., 0., 3., 20., 43., 47., 74., 0., 8., 3., 3., 140., 140.,
       54., 36., 6., 140., 43., 6., 56., 50., 9., 5., 24., 102., 30., 9.,
       0., 0., 0., 0., 0., 0., 0., 11., 21., 49., 14., 0., 0., 3., 0.,
       1., 40., 140., 140., 52., 11., 140., 22., 1., 9., 6., 47., 81.,
       82., 80., 28., 3., 0., 0., 0., 1., 11., 0., 0., 13., 12., 3., 2.,
       0., 0., 0., 0., 3., 8., 11., 61., 22., 0., 12., 1., 3., 2., 0.,
       29., 71., 34., 14., 3., 4., 0., 0., 0., 3., 15., 4., 0., 9., 13.,
       1., 0., 0., 10., 7., 19., 66., 12., 0., 0., 0., 4., 14., 43., 22.,
       0., 0., 0., 0., 14., 9., 3., 1., 1., 0., 0., 0., 21., 0., 0., 14.,
       51., 53., 38., 3., 2., 11., 40., 137., 98., 56., 46., 1., 2.,
       133., 137., 88., 14., 5., 2., 0., 9., 31., 34., 62., 50., 0., 0.,
       0., 5., 0., 0., 0., 1., 17., 81., 16., 2., 22., 7., 5., 15., 90.,
       137., 14., 7., 137., 137., 24., 17., 20., 84., 5., 20., 27., 34.,
       69., 73., 16., 14., 22., 6., 0., 0., 0., 0., 0., 5., 4., 3., 0.,
       0., 0., 0., 21., 137., 13., 5., 36., 72., 2., 0., 46., 137., 4.,
       3., 69., 90., 3., 4., 40., 38., 20., 10., 0., 0., 1., 43., 93.,
       18., 1., 1., 5., 7., 72., 88., 44., 9., 9., 15., 100., 79., 43.,
       11., 0., 0., 7., 19., 72., 22., 0., 0., 0., 0., 2., 7., 2., 1.,
       0., 41., 123., 4., 1., 1., 55., 6., 7., 36., 82., 7., 60., 107.,
       79., 9., 3., 0., 0., 1., 123., 123., 69., 5., 1., 0., 0., 0., 9.,
       52., 10., 2., 0., 77., 123., 1., 0., 5., 123., 36., 5., 24., 44.,
       2., 8., 73., 46., 36., 98., 18., 4., 2., 44., 36., 8., 62., 56.,
       2., 0., 0., 5., 16., 38., 1., 0., 44., 123., 1., 0., 9., 123., 3.,
       2., 8., 24., 26., 9., 81., 16., 9., 38., 18., 29., 73., 13., 28.,
       13., 40., 39., 21., 13., 2., 4., 19., 1., 14., 113., 30., 9., 1.,
       0., 0., 17., 101., 104., 2., 0., 0., 0., 2., 24., 49., 10., 17.,
       2., 0., 0., 3., 2., 1., 24., 74., 13., 2., 0., 1., 17., 15., 30.,
       51., 93., 22., 4., 2., 119., 88., 38., 9., 8., 3., 1., 42., 77.,
       42., 25., 56., 44., 2., 1., 28., 12., 27., 23., 73., 45., 10.,
       11., 7., 9., 2., 0., 4., 38., 119., 52., 4., 73., 89., 45., 1.,
       5., 97., 50., 9., 29., 119., 116., 19., 16., 20., 8., 7., 19.,
       61., 18., 9., 17., 10., 77., 42., 3., 0., 0., 0., 0., 59., 37.,
       2., 0., 2., 4., 0., 1., 119., 80., 0., 7., 74., 25., 0., 1., 119.,
       49., 1., 8., 119., 60., 0., 0., 28., 19., 5., 0., 0., 1., 1., 35.,
       26., 0., 0., 6., 5., 13., 20., 137., 43., 0., 1., 137., 22., 15.,
       14., 22., 1., 0., 16., 72., 1., 0., 0., 1., 1., 0., 10., 0., 1.,
       6., 39., 30., 2., 0., 0., 24., 2., 1., 108., 137., 7., 0., 3.,
       137., 10., 1., 12., 37., 0., 0., 30., 72., 5., 0., 2., 1., 0., 0.,
       8., 2., 3., 72., 137., 10., 0., 0., 1., 25., 3., 12., 137., 61.,
       1., 13., 77., 137., 35., 0., 5., 7., 5., 19., 65., 60., 33., 4.,
       34., 4., 0., 0., 0., 9., 3., 92., 75., 0., 5., 44., 64., 38., 1.,
       11., 20., 9., 7., 19., 137., 30., 25., 15., 14., 50., 21., 20.,
       34., 21., 32., 53., 127., 3., 0., 0., 1., 65., 31., 3., 1., 2.,
       18., 32., 60., 19., 32., 15., 87., 97., 4., 0., 2., 39., 0., 1.,
