%YAML:1.0
---
mat: !!opencv-matrix
   rows: 56
   cols: 128
   dt: f
   data: [ 0., 0., 0., 0., 0., 0., 0., 0., 11., 1., 13., 10., 5., 3., 7.,
       15., 44., 41., 27., 20., 24., 28., 62., 85., 136., 12., 2., 45.,
       117., 84., 57., 78., 0., 0., 0., 1., 4., 2., 0., 0., 64., 18., 4.,
       20., 39., 17., 5., 18., 136., 61., 3., 3., 7., 30., 85., 118.,
       73., 25., 11., 6., 17., 109., 136., 105., 9., 0., 0., 0., 2., 3.,
       3., 13., 52., 4., 0., 4., 14., 44., 67., 66., 136., 60., 2., 0.,
       1., 3., 19., 103., 81., 63., 16., 2., 0., 4., 8., 10., 35., 3.,
       0., 0., 0., 0., 1., 16., 48., 1., 0., 0., 0., 3., 48., 78., 86.,
       19., 0., 0., 0., 1., 36., 101., 61., 16., 0., 0., 0., 0., 0., 23.,
       58., 21., 8., 13., 1., 0., 0., 28., 84., 36., 29., 22., 4., 3.,
       9., 54., 98., 18., 1., 0., 0., 1., 19., 82., 13., 0., 0., 0., 0.,
       1., 10., 25., 75., 28., 19., 78., 18., 4., 1., 15., 171., 37.,
       24., 67., 13., 3., 19., 106., 87., 4., 2., 7., 10., 25., 80.,
       106., 1., 0., 0., 1., 4., 14., 21., 16., 40., 15., 7., 26., 45.,
       76., 12., 29., 171., 70., 16., 16., 25., 37., 6., 35., 103., 56.,
       59., 30., 10., 8., 4., 9., 5., 9., 5., 6., 4., 2., 2., 4., 38.,
       12., 2., 3., 23., 36., 66., 57., 171., 9., 4., 1., 17., 24., 68.,
       133., 51., 19., 15., 0., 0., 0., 14., 62., 10., 4., 1., 0., 0.,
       0., 2., 11., 3., 1., 25., 71., 17., 2., 9., 24., 31., 17., 24.,
       29., 9., 3., 24., 52., 13., 12., 15., 4., 19., 23., 5., 7., 0.,
       0., 0., 0., 20., 85., 9., 2., 41., 8., 34., 67., 5., 0., 7., 100.,
       18., 32., 72., 125., 37., 3., 14., 28., 125., 106., 57., 25., 4.,
       4., 6., 14., 16., 1., 0., 0., 19., 58., 11., 6., 23., 16., 116.,
       125., 8., 0., 0., 12., 59., 16., 39., 125., 35., 11., 35., 74.,
       125., 18., 4., 6., 4., 4., 20., 125., 25., 0., 4., 5., 3., 30.,
       11., 11., 13., 9., 27., 39., 29., 34., 41., 9., 125., 15., 8., 2.,
       0., 6., 27., 125., 49., 0., 3., 41., 6., 0., 13., 125., 2., 12.,
       67., 83., 11., 6., 2., 5., 18., 23., 2., 8., 121., 29., 0., 0.,
       65., 107., 12., 21., 39., 4., 1., 1., 98., 5., 3., 18., 43., 10.,
       6., 12., 96., 4., 0., 0., 1., 2., 1., 9., 9., 8., 11., 44., 121.,
       25., 4., 2., 121., 48., 4., 7., 43., 16., 7., 39., 98., 10., 1.,
       2., 32., 43., 15., 22., 121., 16., 0., 0., 1., 1., 1., 3., 5., 0.,
       2., 5., 107., 121., 29., 2., 121., 26., 0., 1., 58., 42., 2., 16.,
       100., 16., 0., 4., 75., 21., 3., 7., 121., 15., 0., 0., 4., 2.,
       1., 5., 0., 0., 0., 1., 121., 45., 2., 0., 121., 11., 0., 0., 87.,
       26., 1., 12., 89., 8., 0., 2., 49., 22., 3., 9., 96., 3., 0., 0.,
       5., 3., 1., 10., 37., 21., 3., 9., 67., 6., 0., 1., 68., 30., 1.,
       12., 127., 16., 0., 0., 127., 90., 11., 1., 7., 1., 0., 0., 4.,
       14., 35., 2., 2., 1., 0., 0., 49., 18., 3., 5., 87., 14., 0., 3.,
       48., 31., 5., 27., 127., 27., 0., 2., 127., 127., 28., 5., 29.,
       2., 7., 22., 8., 32., 87., 2., 1., 21., 25., 12., 15., 24., 11.,
       13., 116., 11., 1., 4., 34., 16., 10., 26., 127., 89., 11., 15.,
       127., 22., 0., 2., 27., 36., 10., 42., 48., 9., 1., 0., 4., 63.,
       30., 20., 43., 2., 1., 14., 113., 2., 1., 9., 73., 3., 0., 1.,
       58., 82., 9., 25., 127., 46., 0., 0., 51., 62., 1., 3., 72., 31.,
       0., 0., 5., 8., 1., 1., 4., 6., 1., 1., 75., 39., 0., 0., 51.,
       72., 1., 3., 126., 49., 0., 0., 50., 81., 9., 24., 77., 4., 0.,
       1., 120., 4., 0., 7., 37., 3., 1., 11., 3., 59., 28., 19., 52.,
       11., 0., 0., 27., 40., 10., 34., 126., 28., 0., 1., 126., 89.,
       11., 13., 32., 17., 10., 23., 112., 15., 0., 3., 14., 24., 11.,
       12., 1., 23., 28., 13., 8., 27., 84., 3., 26., 3., 7., 21., 126.,
       126., 31., 4., 126., 33., 0., 1., 46., 35., 5., 21., 83., 17., 0.,
       2., 50., 19., 3., 5., 2., 1., 0., 0., 2., 13., 41., 3., 5., 0.,
       0., 0., 126., 98., 14., 1., 126., 20., 0., 0., 71., 36., 1., 9.,
       69., 8., 0., 1., 36., 22., 3., 7., 41., 29., 1., 12., 123., 7.,
       0., 0., 123., 123., 22., 3., 14., 0., 0., 0., 5., 35., 70., 4.,
       13., 4., 0., 0., 1., 8., 10., 18., 123., 29., 0., 0., 26., 18.,
       9., 30., 123., 21., 2., 3., 123., 89., 17., 5., 32., 12., 13.,
       48., 22., 51., 60., 2., 3., 65., 29., 20., 6., 46., 17., 8., 123.,
       38., 1., 1., 37., 2., 4., 8., 62., 87., 14., 24., 123., 39., 0.,
       0., 25., 59., 10., 30., 79., 22., 0., 0., 26., 92., 14., 11., 5.,
       7., 1., 2., 81., 65., 2., 1., 82., 1., 0., 1., 34., 51., 4., 16.,
       107., 45., 0., 0., 48., 88., 2., 4., 83., 68., 2., 3., 32., 9.,
       0., 0., 0., 1., 1., 2., 58., 25., 6., 10., 16., 1., 2., 9., 99.,
       86., 12., 4., 130., 16., 0., 1., 30., 18., 3., 23., 73., 9., 0.,
       4., 59., 15., 3., 6., 107., 9., 0., 0., 1., 0., 0., 3., 8., 0.,
       0., 0., 130., 80., 5., 2., 130., 13., 0., 1., 66., 25., 1., 25.,
       89., 6., 0., 3., 66., 34., 5., 16., 126., 5., 0., 0., 2., 2., 1.,
       17., 4., 0., 1., 4., 130., 24., 0., 1., 130., 21., 0., 2., 89.,
       15., 0., 12., 102., 10., 0., 8., 76., 7., 1., 5., 120., 5., 0.,
       0., 3., 1., 0., 6., 1., 0., 0., 2., 130., 15., 0., 1., 130., 13.,
       0., 2., 76., 12., 0., 9., 80., 8., 1., 10., 43., 3., 0., 6., 83.,
       1., 0., 0., 2., 0., 0., 11., 2., 8., 26., 46., 23., 2., 0., 1.,
       7., 18., 24., 61., 38., 0., 1., 3., 75., 74., 28., 24., 10., 3.,
       8., 4., 19., 6., 4., 27., 16., 43., 18., 2., 9., 44., 69., 55.,
       2., 0., 0., 0., 23., 33., 27., 119., 52., 4., 2., 5., 119., 35.,
       7., 35., 15., 1., 2., 23., 38., 8., 15., 90., 54., 10., 1., 2.,
       42., 66., 52., 24., 3., 0., 0., 0., 31., 58., 59., 49., 33., 10.,
       11., 27., 119., 57., 14., 75., 23., 2., 8., 74., 16., 66., 68.,
       119., 48., 4., 0., 1., 8., 47., 103., 62., 1., 0., 0., 0., 52.,
       119., 98., 49., 0., 0., 0., 2., 28., 119., 62., 119., 24., 0., 0.,
       2., 35., 49., 31., 119., 50., 0., 0., 1., 18., 14., 39., 102., 5.,
       0., 0., 6., 16., 13., 31., 122., 10., 3., 2., 5., 81., 13., 3.,
       5., 8., 13., 55., 69., 100., 4., 0., 1., 0., 0., 11., 54., 3., 4.,
       18., 77., 89., 39., 8., 7., 48., 34., 30., 29., 13., 28., 20.,
       19., 122., 48., 4., 1., 1., 3., 19., 69., 45., 1., 1., 19., 12.,
       1., 14., 50., 26., 58., 23., 9., 25., 50., 40., 17., 21., 7., 0.,
       0., 4., 60., 122., 74., 122., 6., 3., 10., 2., 8., 37., 122., 25.,
       4., 27., 122., 20., 0., 1., 10., 79., 122., 13., 5., 0., 0., 4.,
       5., 40., 96., 6., 1., 0., 3., 28., 18., 22., 19., 26., 66., 22.,
       0., 8., 29., 10., 36., 59., 122., 108., 2., 0., 0., 9., 47., 7.,
       3., 119., 58., 0., 0., 116., 34., 0., 0., 119., 89., 1., 2., 114.,
       36., 0., 0., 47., 95., 14., 9., 119., 9., 0., 0., 10., 32., 22.,
       56., 29., 35., 2., 2., 64., 59., 2., 2., 67., 22., 0., 1., 119.,
       119., 5., 8., 119., 40., 0., 0., 10., 37., 39., 52., 31., 0., 0.,
       0., 1., 13., 72., 88., 16., 10., 0., 0., 70., 48., 0., 1., 20.,
       7., 0., 0., 56., 117., 55., 41., 116., 1., 0., 0., 3., 22., 57.,
       119., 19., 0., 0., 3., 4., 4., 14., 27., 5., 2., 1., 6., 55., 25.,
       3., 12., 18., 1., 0., 0., 2., 6., 19., 89., 5., 0., 0., 1., 3.,
       2., 26., 67., 0., 0., 1., 35., 19., 2., 4., 5., 6., 6., 3., 2.,
       0., 1., 8., 14., 2., 4., 41., 26., 0., 0., 3., 9., 1., 5., 75.,
       42., 0., 0., 0., 1., 4., 1., 32., 58., 0., 0., 0., 3., 2., 27.,
       74., 39., 4., 0., 0., 0., 9., 21., 85., 128., 49., 0., 0., 0.,
       85., 76., 110., 51., 9., 0., 0., 2., 56., 6., 17., 20., 13., 0.,
       0., 15., 65., 60., 70., 87., 34., 0., 0., 0., 79., 23., 17., 128.,
       128., 0., 0., 6., 128., 18., 5., 20., 28., 1., 0., 38., 96., 8.,
       1., 7., 24., 1., 0., 19., 128., 11., 3., 38., 60., 0., 0., 5.,
       121., 4., 2., 81., 128., 0., 0., 21., 128., 1., 1., 5., 35., 10.,
