%YAML:1.0
---
mat: !!opencv-matrix
   rows: 134
   cols: 128
   dt: f
   data: [ 7., 1., 1., 2., 0., 0., 0., 2., 100., 1., 1., 2., 0., 0., 23.,
       154., 26., 0., 0., 1., 1., 31., 157., 125., 0., 0., 0., 1., 0.,
       33., 157., 28., 30., 1., 0., 0., 0., 0., 0., 5., 157., 6., 0., 0.,
       0., 0., 1., 100., 111., 2., 1., 10., 14., 6., 19., 48., 0., 0.,
       6., 10., 5., 5., 30., 3., 21., 4., 0., 0., 0., 0., 0., 1., 157.,
       84., 0., 0., 0., 0., 0., 8., 122., 31., 0., 2., 24., 4., 0., 2.,
       0., 0., 1., 4., 14., 3., 0., 0., 4., 1., 0., 0., 0., 0., 0., 0.,
       157., 93., 0., 0., 0., 0., 0., 0., 143., 59., 1., 2., 14., 2., 0.,
       0., 0., 0., 2., 10., 15., 4., 0., 0., 29., 2., 0., 0., 0., 0., 0.,
       2., 203., 20., 0., 0., 0., 0., 0., 24., 131., 6., 0., 1., 37., 3.,
       0., 7., 4., 6., 1., 1., 28., 3., 0., 0., 35., 1., 0., 0., 0., 0.,
       0., 4., 203., 17., 0., 0., 0., 0., 0., 54., 150., 6., 0., 1., 37.,
       4., 0., 16., 2., 7., 1., 1., 44., 13., 0., 0., 34., 4., 0., 0.,
       0., 0., 0., 1., 203., 56., 0., 0., 0., 0., 0., 15., 143., 18., 0.,
       5., 29., 2., 0., 5., 0., 1., 1., 2., 39., 21., 0., 0., 25., 1.,
       0., 0., 0., 0., 0., 2., 203., 15., 0., 0., 0., 0., 0., 29., 122.,
       5., 0., 1., 20., 2., 0., 9., 0., 0., 0., 1., 16., 11., 0., 0.,
       35., 10., 0., 0., 0., 0., 0., 0., 191., 94., 0., 0., 0., 0., 0.,
       4., 109., 25., 0., 0., 15., 3., 0., 2., 0., 1., 0., 0., 23., 14.,
       0., 0., 38., 2., 0., 0., 0., 0., 0., 5., 191., 20., 0., 0., 0.,
       0., 0., 59., 169., 6., 0., 2., 20., 1., 0., 19., 0., 0., 0., 4.,
       21., 6., 0., 0., 36., 4., 0., 0., 0., 0., 0., 1., 191., 47., 0.,
       0., 0., 0., 0., 12., 168., 17., 0., 3., 23., 1., 0., 3., 0., 0.,
       0., 6., 18., 2., 0., 0., 23., 2., 0., 0., 0., 0., 0., 0., 191.,
       35., 0., 0., 0., 0., 0., 5., 150., 13., 0., 0., 11., 5., 0., 1.,
       0., 0., 0., 0., 12., 9., 0., 0., 16., 2., 0., 0., 0., 0., 0., 0.,
       182., 34., 0., 0., 0., 0., 0., 7., 159., 14., 0., 3., 13., 0., 0.,
       3., 0., 0., 0., 6., 13., 3., 0., 0., 23., 1., 0., 0., 0., 0., 0.,
       4., 182., 12., 0., 0., 0., 0., 0., 80., 169., 5., 0., 4., 20., 1.,
       0., 29., 0., 0., 0., 3., 13., 1., 0., 0., 23., 4., 0., 0., 0., 0.,
       0., 1., 182., 80., 0., 0., 0., 0., 0., 11., 172., 27., 0., 1.,
       17., 7., 0., 5., 0., 0., 0., 1., 14., 8., 0., 0., 16., 1., 0., 0.,
       0., 0., 0., 1., 182., 13., 0., 0., 0., 0., 0., 32., 161., 6., 0.,
       4., 13., 0., 0., 11., 0., 0., 0., 3., 13., 1., 0., 0., 30., 2.,
       0., 0., 0., 0., 0., 2., 204., 31., 0., 0., 0., 0., 0., 18., 109.,
       9., 0., 1., 20., 1., 0., 5., 0., 0., 0., 5., 13., 3., 0., 0., 37.,
       2., 0., 0., 0., 0., 0., 1., 204., 28., 0., 0., 0., 0., 0., 18.,
       163., 9., 0., 2., 30., 0., 0., 6., 0., 0., 0., 8., 18., 1., 0.,
       0., 40., 1., 0., 0., 0., 0., 0., 1., 204., 18., 0., 0., 0., 0.,
       0., 11., 163., 9., 0., 3., 25., 1., 0., 4., 0., 0., 0., 2., 16.,
       5., 1., 0., 30., 3., 0., 0., 0., 0., 0., 0., 204., 23., 0., 0.,
       0., 0., 0., 6., 135., 5., 0., 1., 19., 3., 0., 3., 0., 0., 0., 5.,
       13., 1., 0., 0., 21., 1., 0., 0., 0., 0., 0., 1., 196., 8., 0.,
       0., 0., 0., 0., 8., 152., 3., 0., 2., 19., 7., 0., 4., 5., 3., 0.,
       1., 22., 13., 0., 0., 31., 1., 0., 0., 0., 0., 0., 3., 196., 9.,
       0., 0., 0., 0., 0., 50., 158., 3., 0., 3., 21., 4., 0., 20., 1.,
       2., 1., 3., 24., 16., 0., 0., 35., 3., 0., 0., 0., 0., 0., 0.,
       196., 35., 0., 0., 0., 0., 0., 11., 166., 11., 1., 9., 29., 1.,
       0., 5., 0., 0., 6., 23., 18., 3., 1., 1., 33., 0., 0., 0., 0., 0.,
       0., 1., 196., 1., 0., 0., 0., 0., 0., 16., 133., 0., 0., 6., 37.,
       0., 0., 6., 2., 0., 1., 7., 16., 1., 4., 9., 24., 2., 0., 0., 0.,
       0., 0., 0., 188., 39., 0., 0., 0., 0., 0., 3., 130., 12., 0., 0.,
       38., 8., 0., 1., 10., 4., 0., 0., 11., 4., 0., 1., 25., 1., 0.,
       0., 0., 0., 0., 3., 188., 15., 0., 0., 0., 0., 0., 54., 166., 5.,
       0., 1., 41., 13., 0., 18., 3., 17., 2., 2., 28., 8., 0., 0., 23.,
       3., 0., 0., 0., 0., 0., 0., 188., 63., 0., 0., 0., 0., 0., 8.,
       164., 24., 0., 4., 37., 4., 0., 3., 1., 8., 1., 1., 30., 27., 0.,
       0., 13., 1., 0., 0., 0., 0., 0., 0., 188., 37., 0., 0., 0., 0.,
       0., 0., 165., 18., 0., 1., 19., 2., 0., 0., 0., 0., 1., 0., 12.,
       18., 1., 0., 11., 0., 0., 0., 0., 0., 0., 1., 187., 0., 0., 0.,
       0., 0., 0., 40., 169., 0., 0., 2., 21., 4., 0., 21., 5., 0., 0.,
       2., 33., 4., 0., 1., 24., 0., 0., 0., 0., 0., 0., 3., 187., 7.,
       0., 0., 0., 0., 0., 54., 171., 3., 0., 2., 30., 2., 0., 19., 5.,
       1., 0., 1., 39., 8., 0., 0., 28., 2., 0., 0., 0., 0., 0., 2.,
       187., 39., 0., 0., 0., 0., 0., 31., 165., 12., 0., 1., 24., 1.,
       0., 9., 1., 2., 0., 1., 37., 11., 0., 0., 34., 0., 0., 0., 0., 0.,
       0., 9., 187., 1., 0., 0., 0., 0., 0., 102., 89., 0., 0., 5., 18.,
       0., 0., 26., 0., 0., 0., 4., 22., 7., 0., 0., 29., 12., 0., 0.,
       0., 0., 0., 0., 169., 146., 0., 0., 0., 0., 0., 5., 92., 42., 0.,
       1., 17., 7., 0., 2., 0., 0., 1., 12., 22., 3., 1., 1., 21., 2.,
       0., 0., 0., 0., 0., 4., 169., 29., 0., 0., 0., 0., 0., 69., 169.,
       11., 0., 2., 25., 2., 0., 28., 4., 0., 0., 5., 44., 1., 1., 3.,
       18., 3., 0., 0., 0., 0., 0., 0., 169., 84., 0., 0., 0., 0., 0.,
       8., 169., 40., 0., 6., 22., 2., 0., 3., 5., 3., 0., 6., 41., 3.,
       0., 0., 5., 2., 0., 0., 0., 0., 0., 0., 169., 73., 0., 0., 0., 0.,
       0., 0., 169., 42., 0., 1., 11., 7., 0., 0., 1., 2., 0., 1., 25.,
       19., 0., 0., 35., 0., 0., 0., 0., 0., 0., 4., 190., 0., 0., 0.,
       0., 0., 0., 59., 121., 0., 0., 2., 21., 1., 0., 21., 0., 0., 1.,
       2., 13., 0., 0., 0., 68., 1., 0., 0., 0., 0., 0., 4., 190., 9.,
       0., 0., 0., 0., 0., 31., 130., 2., 0., 3., 29., 1., 0., 8., 0.,
       0., 1., 3., 17., 2., 0., 0., 62., 3., 0., 0., 0., 0., 0., 13.,
       190., 33., 0., 0., 0., 0., 0., 56., 125., 10., 0., 2., 26., 2.,
       0., 8., 0., 0., 2., 14., 19., 2., 0., 0., 74., 0., 0., 0., 0., 0.,
       0., 52., 190., 0., 0., 0., 1., 0., 0., 190., 41., 0., 0., 11.,
       21., 0., 0., 25., 1., 0., 0., 20., 19., 1., 2., 3., 31., 3., 0.,
       0., 0., 0., 0., 0., 200., 44., 0., 0., 0., 0., 0., 0., 104., 13.,
       0., 7., 38., 1., 0., 1., 13., 1., 0., 2., 8., 1., 0., 2., 32., 2.,
       0., 0., 0., 0., 0., 1., 200., 25., 0., 0., 0., 0., 0., 19., 158.,
       7., 0., 0., 39., 8., 0., 7., 10., 0., 0., 0., 9., 3., 0., 4., 28.,
       4., 0., 0., 0., 0., 0., 0., 200., 42., 0., 0., 0., 0., 0., 5.,
       165., 10., 0., 0., 29., 10., 0., 2., 3., 5., 2., 1., 12., 5., 0.,
       1., 17., 4., 0., 0., 0., 0., 0., 0., 200., 51., 0., 0., 0., 0.,
       0., 0., 152., 13., 0., 1., 16., 6., 0., 0., 0., 1., 2., 2., 14.,
       12., 1., 0., 14., 0., 0., 0., 0., 0., 0., 1., 198., 2., 0., 0.,
       0., 0., 0., 38., 153., 0., 0., 7., 30., 1., 0., 17., 2., 3., 0.,
       5., 28., 11., 4., 2., 25., 0., 0., 0., 0., 0., 0., 1., 198., 6.,
       0., 0., 0., 0., 0., 28., 170., 3., 0., 16., 41., 0., 0., 9., 12.,
       1., 0., 6., 16., 7., 2., 6., 27., 2., 0., 0., 0., 0., 0., 1.,
       198., 26., 0., 0., 0., 0., 0., 20., 161., 8., 0., 6., 46., 1., 0.,
       7., 14., 1., 0., 2., 10., 1., 0., 4., 27., 1., 0., 0., 0., 0., 0.,
       2., 198., 3., 0., 0., 0., 0., 0., 35., 111., 1., 0., 0., 31., 6.,
       0., 11., 5., 1., 0., 0., 7., 2., 0., 3., 0., 0., 0., 1., 3., 2.,
       0., 0., 0., 0., 0., 5., 9., 1., 14., 8., 1., 4., 5., 4., 3., 1.,
       56., 39., 1., 2., 1., 0., 13., 30., 107., 130., 9., 1., 0., 2.,
       2., 1., 0., 5., 99., 2., 0., 2., 3., 1., 80., 144., 15., 0., 0.,
       1., 1., 2., 144., 144., 0., 0., 0., 3., 2., 1., 127., 144., 24.,
       3., 0., 0., 0., 0., 0., 1., 144., 70., 0., 0., 0., 0., 6., 57.,
       96., 30., 0., 3., 14., 5., 40., 35., 0., 0., 0., 8., 12., 3., 8.,
