%YAML:1.0
---
mat: !!opencv-matrix
   rows: 66
   cols: 128
   dt: f
   data: [ 0., 37., 113., 8., 1., 0., 0., 0., 4., 52., 100., 7., 1., 0.,
       0., 0., 2., 16., 34., 13., 2., 0., 0., 0., 0., 10., 20., 2., 3.,
       0., 0., 0., 13., 48., 101., 40., 39., 19., 10., 14., 113., 113.,
       90., 27., 21., 9., 2., 10., 57., 43., 68., 64., 78., 13., 0., 2.,
       50., 95., 71., 11., 10., 2., 0., 5., 5., 1., 0., 2., 25., 108.,
       113., 33., 113., 7., 0., 2., 16., 71., 99., 113., 62., 4., 4., 6.,
       113., 113., 11., 41., 113., 18., 5., 3., 25., 38., 16., 85., 0.,
       20., 68., 4., 1., 22., 45., 1., 3., 18., 60., 2., 0., 17., 56.,
       31., 2., 9., 45., 1., 11., 44., 19., 17., 10., 7., 14., 0., 2.,
       17., 28., 40., 150., 68., 2., 8., 28., 4., 12., 48., 50., 24., 5.,
       78., 150., 9., 0., 2., 150., 57., 3., 13., 11., 1., 0., 0., 33.,
       12., 2., 4., 8., 0., 0., 0., 103., 30., 6., 6., 40., 34., 65.,
       62., 81., 15., 3., 40., 150., 57., 6., 14., 150., 52., 2., 6.,
       19., 9., 5., 22., 42., 23., 11., 3., 3., 0., 0., 0., 57., 19.,
       12., 3., 13., 17., 13., 49., 18., 0., 1., 1., 85., 150., 69., 35.,
       138., 13., 2., 0., 4., 24., 62., 119., 24., 17., 24., 2., 0., 0.,
       0., 3., 9., 2., 23., 2., 0., 2., 10., 25., 1., 1., 33., 5., 2.,
       13., 13., 3., 3., 4., 33., 1., 0., 2., 13., 12., 1., 2., 39., 4.,
       0., 0., 0., 0., 18., 8., 0., 4., 119., 11., 0., 2., 119., 19., 0.,
       4., 54., 8., 0., 6., 28., 6., 2., 16., 119., 42., 5., 6., 119.,
       17., 2., 5., 15., 11., 6., 24., 27., 7., 1., 9., 119., 7., 0., 3.,
       119., 24., 1., 13., 81., 7., 0., 12., 40., 13., 9., 85., 119.,
       14., 2., 3., 119., 48., 11., 21., 16., 4., 2., 10., 35., 18., 1.,
       9., 119., 5., 0., 1., 119., 7., 0., 5., 79., 11., 0., 12., 37.,
       4., 2., 20., 119., 88., 30., 16., 119., 12., 2., 5., 13., 15.,
       29., 80., 39., 5., 0., 13., 89., 10., 2., 7., 108., 16., 1., 10.,
       43., 10., 7., 24., 29., 5., 4., 31., 47., 48., 21., 11., 58., 19.,
       5., 9., 5., 8., 21., 37., 9., 11., 24., 36., 50., 20., 5., 10.,
       47., 45., 20., 10., 38., 7., 3., 25., 55., 11., 6., 18., 99., 21.,
       1., 9., 86., 9., 1., 5., 47., 9., 0., 7., 14., 18., 31., 77.,
       119., 17., 2., 5., 119., 94., 31., 14., 40., 6., 1., 13., 82.,
       14., 0., 7., 119., 13., 0., 2., 119., 11., 0., 1., 30., 24., 1.,
       4., 16., 3., 2., 9., 119., 60., 10., 18., 119., 16., 2., 3., 36.,
       16., 9., 71., 78., 10., 0., 7., 119., 34., 1., 10., 119., 15., 0.,
       2., 26., 8., 1., 5., 8., 9., 5., 19., 119., 24., 3., 4., 119.,
       56., 6., 7., 25., 8., 2., 15., 49., 12., 0., 4., 119., 26., 1.,
       3., 119., 22., 0., 1., 17., 7., 0., 2., 17., 3., 0., 2., 61., 4.,
       0., 4., 17., 7., 2., 18., 143., 26., 0., 2., 143., 31., 2., 4.,
       11., 3., 0., 2., 43., 4., 1., 13., 62., 26., 2., 0., 13., 5., 0.,
       5., 86., 1., 0., 3., 19., 14., 4., 55., 143., 11., 2., 4., 143.,
       51., 4., 14., 19., 3., 2., 18., 61., 5., 5., 55., 70., 13., 1.,
       2., 23., 12., 1., 7., 70., 4., 0., 0., 18., 5., 2., 32., 143.,
       69., 11., 18., 143., 27., 2., 6., 15., 13., 10., 75., 46., 4., 1.,
       33., 129., 22., 0., 6., 36., 6., 0., 8., 59., 1., 0., 0., 17., 4.,
       2., 42., 143., 16., 2., 7., 143., 24., 2., 6., 10., 3., 1., 24.,
       34., 6., 0., 25., 84., 37., 7., 3., 73., 37., 6., 3., 41., 7., 0.,
       18., 13., 4., 2., 20., 143., 28., 2., 6., 143., 19., 2., 5., 13.,
       3., 2., 36., 51., 2., 0., 0., 39., 10., 0., 5., 126., 24., 0., 4.,
       49., 6., 1., 29., 16., 14., 10., 66., 143., 32., 2., 6., 143.,
       77., 11., 16., 17., 5., 2., 25., 67., 6., 0., 0., 22., 14., 1.,
       5., 80., 15., 1., 1., 56., 7., 5., 54., 18., 3., 2., 16., 143.,
       63., 3., 13., 143., 14., 2., 4., 21., 17., 4., 43., 91., 3., 0.,
       3., 13., 5., 0., 3., 64., 33., 3., 0., 34., 5., 1., 14., 8., 2.,
       0., 2., 143., 42., 2., 3., 143., 32., 0., 2., 22., 10., 3., 12.,
       70., 8., 0., 2., 14., 3., 0., 1., 32., 8., 3., 11., 128., 64., 3.,
       7., 128., 42., 0., 2., 32., 21., 3., 18., 121., 20., 0., 2., 52.,
       35., 2., 4., 89., 14., 0., 0., 1., 0., 0., 3., 26., 5., 49., 91.,
       78., 67., 16., 5., 128., 27., 2., 13., 24., 17., 5., 23., 114.,
       19., 1., 9., 72., 49., 2., 9., 111., 32., 1., 3., 2., 1., 0., 1.,
       10., 0., 7., 16., 10., 128., 128., 9., 128., 18., 2., 7., 14.,
       41., 100., 58., 80., 28., 3., 31., 110., 18., 3., 11., 125., 42.,
       2., 4., 5., 1., 1., 4., 1., 1., 3., 16., 17., 22., 16., 1., 19.,
       6., 5., 16., 16., 25., 31., 24., 23., 2., 1., 1., 30., 57., 26.,
       24., 51., 10., 5., 1., 1., 5., 12., 25., 138., 20., 0., 3., 11.,
       0., 0., 0., 18., 4., 3., 67., 138., 0., 0., 0., 138., 11., 4.,
       24., 34., 0., 0., 4., 35., 0., 0., 11., 123., 0., 0., 2., 138.,
       7., 0., 5., 30., 1., 0., 2., 37., 5., 3., 57., 138., 10., 0., 1.,
       138., 18., 3., 13., 42., 3., 0., 2., 41., 3., 0., 9., 124., 23.,
       6., 2., 138., 0., 0., 1., 27., 4., 0., 22., 21., 0., 0., 4., 138.,
       112., 10., 8., 138., 10., 0., 1., 20., 42., 17., 38., 34., 6., 1.,
       3., 28., 18., 15., 11., 90., 0., 0., 2., 7., 2., 0., 29., 4., 0.,
       0., 2., 14., 55., 24., 9., 26., 1., 0., 0., 1., 33., 55., 42.,
       10., 1., 0., 0., 0., 0., 6., 28., 16., 17., 23., 38., 133., 49.,
       2., 6., 133., 60., 14., 5., 27., 13., 2., 21., 68., 9., 1., 2.,
       70., 36., 3., 13., 45., 17., 29., 28., 13., 3., 3., 6., 24., 12.,
       3., 11., 133., 52., 2., 5., 133., 70., 3., 4., 40., 12., 2., 24.,
       66., 20., 0., 16., 87., 18., 1., 6., 36., 17., 7., 20., 90., 11.,
       1., 6., 10., 10., 9., 23., 133., 96., 20., 12., 133., 27., 4., 5.,
       29., 31., 33., 104., 65., 9., 1., 13., 119., 7., 1., 14., 44., 9.,
       0., 5., 75., 14., 1., 9., 5., 17., 68., 55., 43., 18., 7., 4.,
       103., 78., 13., 10., 18., 4., 7., 38., 48., 14., 1., 5., 92., 6.,
       0., 5., 36., 8., 1., 12., 59., 8., 1., 3., 1., 4., 12., 47., 95.,
       50., 2., 1., 120., 73., 22., 24., 22., 19., 5., 8., 69., 14., 1.,
       6., 75., 3., 1., 4., 41., 2., 1., 0., 5., 21., 28., 18., 6., 4.,
       7., 36., 149., 28., 0., 1., 149., 58., 16., 24., 75., 7., 0., 21.,
       120., 9., 1., 2., 66., 34., 3., 16., 59., 23., 40., 20., 7., 4.,
       10., 10., 7., 4., 4., 9., 149., 34., 3., 4., 149., 23., 2., 6.,
       87., 20., 8., 54., 102., 11., 3., 25., 56., 13., 2., 11., 27.,
       14., 16., 31., 60., 5., 1., 7., 3., 8., 27., 54., 96., 38., 7.,
       5., 123., 22., 4., 11., 30., 26., 18., 93., 42., 5., 1., 13., 72.,
       3., 0., 19., 29., 4., 1., 5., 50., 6., 1., 7., 15., 6., 1., 28.,
       121., 34., 2., 4., 121., 47., 1., 6., 25., 13., 4., 36., 59., 13.,
       2., 17., 84., 21., 3., 14., 89., 8., 1., 2., 6., 4., 2., 18., 10.,
       15., 10., 55., 121., 69., 10., 3., 121., 64., 3., 4., 17., 25.,
       27., 74., 83., 17., 2., 24., 121., 12., 1., 19., 121., 9., 1., 3.,
       8., 2., 0., 11., 12., 21., 40., 46., 87., 48., 5., 6., 121., 36.,
       4., 5., 19., 13., 7., 63., 76., 2., 0., 2., 121., 22., 2., 20.,
       121., 0., 0., 0., 7., 2., 1., 20., 27., 20., 30., 13., 11., 83.,
       32., 16., 121., 16., 2., 5., 12., 6., 7., 72., 43., 3., 1., 21.,
       75., 14., 1., 11., 92., 2., 0., 1., 3., 1., 1., 6., 2., 1., 1.,
       11., 85., 1., 0., 1., 74., 11., 1., 12., 43., 2., 1., 22., 15.,
       5., 6., 78., 121., 12., 1., 6., 9., 88., 30., 21., 34., 19., 22.,
       11., 6., 2., 1., 29., 121., 0., 0., 0., 121., 16., 2., 25., 72.,
       1., 0., 5., 21., 12., 6., 74., 121., 29., 3., 6., 80., 41., 4.,
       8., 14., 23., 41., 51., 9., 2., 0., 17., 121., 8., 1., 4., 121.,
       8., 1., 24., 83., 16., 2., 30., 17., 27., 29., 79., 121., 55., 3.,
       5., 121., 63., 9., 3., 10., 15., 11., 59., 10., 5., 2., 25., 88.,
       6., 1., 3., 86., 16., 3., 17., 66., 12., 1., 18., 29., 15., 4.,
