%YAML:1.0
---
mat: !!opencv-matrix
   rows: 104
   cols: 128
   dt: f
   data: [ 0., 0., 0., 0., 0., 0., 0., 0., 13., 2., 0., 0., 0., 0., 0.,
       2., 60., 1., 0., 0., 0., 0., 10., 95., 5., 0., 0., 0., 0., 0.,
       49., 150., 0., 0., 3., 26., 11., 5., 0., 0., 81., 36., 38., 35.,
       2., 1., 0., 3., 189., 31., 5., 0., 0., 0., 2., 104., 37., 0., 0.,
       0., 0., 0., 10., 101., 0., 0., 16., 127., 15., 4., 0., 0., 166.,
       25., 29., 53., 1., 0., 0., 2., 189., 33., 2., 0., 0., 0., 0., 33.,
       60., 2., 0., 0., 0., 0., 2., 36., 0., 0., 3., 13., 0., 0., 0., 0.,
       107., 23., 1., 2., 0., 0., 0., 0., 189., 92., 0., 0., 0., 0., 0.,
       1., 76., 11., 0., 0., 0., 0., 1., 11., 1., 0., 0., 0., 0., 0.,
       25., 69., 2., 3., 16., 10., 0., 0., 15., 47., 12., 14., 12., 2.,
       5., 4., 9., 28., 4., 2., 3., 12., 79., 37., 4., 7., 1., 1., 1.,
       5., 14., 5., 15., 33., 9., 28., 70., 121., 96., 27., 4., 9., 125.,
       125., 60., 24., 8., 8., 6., 26., 36., 4., 0., 1., 59., 109., 18.,
       19., 52., 43., 38., 7., 10., 17., 7., 27., 20., 6., 3., 17., 117.,
       125., 28., 25., 125., 38., 3., 5., 17., 55., 24., 77., 95., 11.,
       0., 0., 47., 67., 8., 17., 82., 41., 39., 12., 1., 3., 9., 101.,
       26., 21., 3., 0., 56., 125., 10., 14., 119., 48., 2., 3., 50.,
       74., 5., 7., 96., 54., 1., 0., 8., 15., 1., 1., 5., 0., 0., 0.,
       0., 0., 3., 3., 154., 22., 6., 1., 0., 0., 105., 134., 30., 40.,
       48., 2., 0., 50., 155., 52., 1., 16., 53., 3., 0., 73., 155., 1.,
       14., 1., 0., 0., 0., 0., 0., 0., 155., 22., 5., 2., 0., 2., 8.,
       35., 42., 32., 50., 23., 4., 34., 47., 21., 0., 14., 109., 31.,
       17., 34., 9., 1., 20., 1., 0., 0., 0., 0., 0., 0., 155., 35., 5.,
       4., 0., 1., 3., 11., 49., 16., 39., 60., 17., 38., 43., 9., 1.,
       2., 51., 31., 11., 32., 77., 2., 20., 3., 0., 0., 0., 0., 0., 0.,
       155., 47., 5., 0., 0., 0., 2., 6., 41., 51., 44., 1., 1., 16.,
       43., 9., 2., 25., 23., 7., 4., 23., 87., 2., 87., 14., 9., 11.,
       83., 51., 61., 62., 104., 9., 1., 24., 96., 31., 6., 38., 128.,
       18., 2., 13., 36., 14., 2., 5., 47., 12., 7., 11., 11., 5., 0.,
       1., 34., 9., 10., 12., 48., 75., 111., 75., 52., 11., 5., 59.,
       128., 22., 20., 54., 128., 29., 7., 28., 48., 7., 2., 14., 59.,
       13., 10., 9., 46., 11., 0., 3., 0., 0., 47., 27., 12., 14., 34.,
       8., 7., 1., 21., 28., 128., 80., 30., 15., 128., 20., 22., 4.,
       23., 35., 38., 69., 26., 14., 56., 28., 26., 6., 0., 1., 0., 0.,
       95., 31., 0., 0., 0., 0., 0., 0., 107., 37., 6., 6., 4., 1., 2.,
       2., 113., 27., 1., 3., 6., 5., 0., 1., 121., 34., 0., 0., 0., 0.,
       0., 0., 0., 0., 0., 1., 121., 32., 1., 3., 6., 5., 2., 2., 114.,
       26., 6., 6., 4., 1., 0., 0., 108., 35., 0., 0., 0., 0., 0., 0.,
       97., 29., 27., 6., 0., 1., 26., 13., 56., 28., 23., 35., 38., 69.,
       128., 19., 22., 4., 128., 79., 30., 15., 7., 1., 21., 28., 12.,
       13., 32., 7., 0., 0., 48., 27., 46., 10., 0., 3., 60., 13., 9.,
       9., 48., 7., 2., 16., 128., 27., 7., 29., 128., 21., 21., 54.,
       52., 10., 5., 60., 48., 76., 112., 73., 32., 9., 9., 12., 11., 5.,
       0., 1., 49., 12., 8., 11., 37., 14., 2., 6., 128., 16., 2., 14.,
       94., 30., 6., 40., 104., 9., 1., 25., 85., 52., 61., 61., 83.,
       13., 9., 11., 9., 0., 0., 23., 133., 6., 0., 1., 133., 0., 0.,
       28., 121., 0., 0., 44., 121., 0., 0., 14., 7., 0., 0., 32., 3.,
       1., 1., 30., 10., 1., 4., 3., 18., 8., 1., 13., 133., 11., 0., 1.,
       133., 6., 0., 9., 133., 1., 0., 30., 129., 4., 2., 36., 42., 0.,
       0., 12., 45., 3., 3., 21., 14., 1., 2., 16., 14., 16., 25., 61.,
       133., 7., 1., 1., 133., 27., 1., 22., 110., 10., 3., 28., 124.,
       12., 1., 12., 64., 6., 1., 11., 65., 0., 0., 3., 16., 3., 1., 22.,
       35., 6., 16., 23., 31., 37., 10., 18., 116., 1., 0., 2., 24., 45.,
       17., 86., 62., 0., 0., 0., 22., 23., 2., 25., 30., 6., 3., 2., 5.,
       9., 2., 6., 70., 29., 3., 12., 70., 9., 1., 5., 60., 10., 1., 20.,
       131., 50., 10., 22., 131., 18., 2., 3., 9., 6., 5., 40., 14., 4.,
       3., 9., 18., 0., 0., 1., 127., 13., 1., 11., 94., 7., 1., 13.,
       67., 17., 5., 25., 131., 39., 8., 17., 131., 44., 5., 8., 14., 5.,
       4., 29., 22., 1., 0., 9., 36., 1., 0., 3., 112., 16., 1., 10.,
       83., 13., 1., 19., 60., 14., 8., 46., 131., 40., 5., 15., 131.,
       39., 7., 10., 16., 9., 4., 30., 20., 5., 1., 17., 39., 0., 0., 1.,
       92., 20., 2., 21., 73., 1., 0., 2., 55., 23., 11., 86., 131., 15.,
       3., 7., 131., 64., 16., 15., 8., 3., 2., 11., 11., 9., 20., 35.,
       19., 0., 0., 0., 0., 2., 13., 57., 53., 0., 0., 0., 20., 8., 25.,
       53., 73., 12., 5., 22., 118., 28., 11., 5., 14., 7., 5., 59., 19.,
       14., 23., 87., 15., 0., 0., 2., 4., 1., 6., 29., 118., 18., 1.,
       3., 118., 13., 9., 19., 88., 19., 6., 46., 41., 68., 51., 28.,
       89., 23., 6., 25., 30., 60., 40., 90., 84., 12., 3., 5., 5., 1.,
       0., 5., 118., 17., 3., 12., 118., 16., 0., 4., 118., 13., 1., 14.,
       75., 15., 3., 5., 118., 75., 6., 18., 67., 16., 3., 4., 32., 36.,
       47., 73., 6., 5., 1., 13., 118., 8., 3., 9., 101., 1., 0., 2.,
       63., 11., 9., 85., 30., 0., 0., 0., 45., 52., 39., 37., 17., 0.,
       0., 0., 3., 9., 31., 94., 2., 7., 46., 96., 11., 0., 0., 0., 65.,
       50., 48., 47., 15., 0., 0., 0., 37., 9., 14., 110., 74., 0., 0.,
       4., 108., 8., 8., 25., 6., 2., 1., 32., 45., 37., 43., 61., 56.,
       21., 5., 15., 119., 34., 6., 28., 63., 15., 5., 10., 111., 5., 1.,
       43., 119., 1., 0., 16., 119., 5., 4., 12., 8., 0., 0., 33., 50.,
       3., 1., 3., 23., 70., 43., 119., 81., 12., 9., 39., 45., 70., 37.,
       29., 106., 8., 7., 65., 119., 8., 8., 25., 119., 6., 2., 5., 2.,
       1., 4., 30., 2., 0., 0., 13., 44., 11., 16., 49., 30., 9., 10.,
       88., 105., 18., 5., 7., 61., 5., 4., 13., 11., 9., 36., 78., 38.,
       0., 0., 0., 0., 4., 14., 57., 76., 8., 1., 2., 18., 14., 11., 68.,
       43., 2., 0., 2., 105., 27., 2., 21., 123., 4., 0., 1., 23., 10.,
       2., 27., 12., 0., 2., 27., 106., 39., 1., 3., 123., 30., 3., 9.,
       26., 4., 2., 14., 57., 11., 2., 29., 123., 7., 0., 3., 123., 29.,
       2., 8., 28., 4., 0., 6., 24., 2., 1., 23., 115., 75., 2., 0.,
       109., 32., 8., 11., 24., 11., 4., 18., 63., 8., 0., 7., 123., 18.,
       1., 7., 123., 4., 0., 3., 28., 5., 1., 24., 26., 1., 4., 80.,
       123., 15., 0., 1., 119., 34., 8., 16., 31., 4., 1., 14., 63., 10.,
       1., 3., 80., 34., 2., 9., 123., 10., 1., 2., 21., 10., 2., 18.,
       17., 1., 0., 15., 123., 24., 0., 1., 1., 25., 32., 29., 59., 10.,
       0., 0., 38., 117., 32., 9., 11., 0., 0., 0., 11., 14., 5., 11.,
       1., 1., 0., 0., 0., 0., 16., 94., 17., 0., 0., 0., 6., 5., 7.,
       90., 117., 6., 1., 5., 117., 76., 17., 26., 40., 3., 3., 34., 48.,
       26., 64., 117., 2., 0., 0., 2., 6., 6., 36., 117., 81., 34., 11.,
       4., 41., 3., 3., 58., 117., 14., 1., 16., 83., 32., 58., 42., 48.,
       13., 3., 35., 68., 37., 76., 117., 28., 7., 17., 32., 93., 16.,
       10., 10., 14., 54., 58., 48., 54., 2., 0., 1., 117., 20., 3., 16.,
       66., 3., 4., 5., 67., 62., 24., 45., 22., 2., 4., 5., 13., 18.,
       67., 117., 31., 0., 0., 0., 0., 1., 23., 85., 0., 9., 35., 52.,
       77., 16., 0., 0., 4., 70., 50., 9., 24., 107., 7., 0., 38., 116.,
       24., 0., 11., 51., 4., 2., 59., 68., 2., 0., 0., 0., 0., 7., 6.,
       10., 13., 52., 116., 35., 3., 3., 82., 61., 25., 12., 24., 34.,
       26., 84., 35., 45., 7., 4., 36., 116., 38., 25., 48., 116., 14.,
       1., 2., 14., 21., 18., 6., 5., 19., 40., 75., 116., 16., 4., 116.,
       22., 8., 6., 6., 52., 38., 74., 56., 4., 0., 0., 6., 116., 79.,
       19., 12., 17., 1., 0., 1., 31., 116., 46., 11., 36., 69., 95.,
       70., 7., 2., 1., 116., 87., 25., 6., 3., 4., 4., 27., 39., 5., 1.,
