%YAML:1.0
---
mat: !!opencv-matrix
   rows: 105
   cols: 128
   dt: f
   data: [ 128., 32., 4., 18., 15., 0., 0., 2., 13., 7., 4., 114., 128.,
       3., 0., 1., 128., 46., 5., 26., 34., 2., 1., 6., 34., 14., 8.,
       41., 93., 32., 5., 1., 127., 26., 10., 39., 34., 1., 0., 11., 23.,
       14., 9., 128., 128., 18., 6., 8., 128., 72., 10., 29., 22., 4.,
       5., 32., 31., 17., 15., 89., 59., 29., 7., 1., 58., 7., 7., 14.,
       34., 7., 0., 18., 8., 1., 5., 23., 121., 105., 79., 31., 90., 5.,
       16., 7., 6., 13., 60., 121., 14., 2., 22., 19., 26., 34., 12., 4.,
       4., 2., 47., 22., 1., 1., 0., 5., 0., 0., 61., 32., 3., 9., 11.,
       1., 1., 0., 73., 39., 0., 1., 8., 5., 0., 0., 80., 21., 0., 0.,
       0., 0., 0., 0., 0., 0., 0., 0., 43., 77., 1., 2., 10., 6., 0., 0.,
       25., 82., 8., 15., 12., 2., 0., 1., 19., 53., 2., 1., 2., 20.,
       50., 10., 9., 13., 3., 6., 3., 3., 11., 2., 29., 50., 5., 17.,
       56., 116., 91., 12., 9., 18., 126., 126., 67., 32., 10., 3., 2.,
       11., 39., 9., 0., 2., 89., 49., 6., 10., 57., 64., 35., 4., 14.,
       10., 3., 33., 18., 7., 4., 22., 126., 126., 10., 13., 126., 27.,
       5., 7., 31., 47., 9., 47., 100., 2., 0., 0., 58., 61., 10., 28.,
       73., 51., 28., 6., 0., 4., 8., 82., 25., 11., 0., 0., 85., 126.,
       10., 14., 126., 24., 2., 1., 55., 63., 3., 14., 113., 21., 0., 0.,
       15., 24., 2., 7., 32., 104., 21., 4., 15., 94., 79., 11., 113.,
       62., 2., 2., 3., 16., 41., 87., 64., 10., 2., 71., 95., 0., 0.,
       16., 85., 9., 2., 33., 46., 0., 0., 20., 19., 10., 2., 36., 56.,
       113., 83., 14., 113., 51., 3., 25., 38., 29., 9., 15., 68., 14.,
       6., 113., 113., 0., 0., 8., 106., 9., 4., 62., 54., 1., 0., 22.,
       11., 1., 7., 113., 63., 7., 4., 15., 113., 7., 5., 63., 46., 4.,
       2., 46., 72., 17., 12., 113., 65., 10., 8., 17., 79., 17., 9.,
       54., 55., 6., 2., 12., 3., 2., 43., 13., 18., 10., 8., 10., 15.,
       4., 52., 12., 21., 9., 5., 19., 14., 3., 38., 14., 27., 24., 25.,
       27., 13., 4., 28., 17., 22., 14., 6., 14., 2., 5., 7., 7., 4., 1.,
       32., 85., 15., 23., 9., 6., 19., 7., 18., 48., 58., 21., 11., 16.,
       41., 9., 4., 12., 63., 9., 1., 0., 4., 3., 7., 30., 21., 20., 12.,
       19., 55., 37., 9., 16., 114., 45., 13., 10., 35., 42., 6., 26.,
       90., 33., 7., 2., 90., 101., 3., 9., 75., 55., 108., 33., 13.,
       11., 1., 10., 80., 37., 3., 1., 33., 71., 7., 13., 114., 32., 0.,
       0., 37., 65., 7., 21., 61., 20., 6., 4., 54., 114., 11., 6., 2.,
       21., 102., 57., 41., 114., 43., 1., 114., 27., 1., 1., 22., 35.,
       5., 19., 99., 32., 0., 0., 45., 77., 5., 7., 98., 36., 0., 4.,
       56., 66., 3., 3., 3., 9., 22., 40., 84., 114., 58., 4., 12., 14.,
       18., 20., 27., 18., 8., 11., 55., 31., 9., 6., 30., 23., 5., 21.,
       66., 13., 9., 14., 57., 55., 7., 27., 82., 7., 1., 0., 38., 32.,
       5., 33., 18., 16., 8., 19., 110., 60., 6., 6., 117., 63., 7., 7.,
       27., 28., 5., 21., 92., 10., 0., 0., 94., 80., 6., 19., 117., 13.,
       0., 0., 22., 44., 4., 21., 11., 3., 1., 5., 117., 117., 13., 12.,
       117., 18., 1., 2., 24., 34., 14., 69., 83., 7., 0., 0., 100., 96.,
       5., 15., 117., 22., 0., 0., 17., 22., 3., 9., 1., 2., 1., 4.,
       110., 55., 4., 3., 117., 48., 4., 6., 34., 15., 5., 20., 59., 16.,
       0., 1., 99., 40., 1., 4., 117., 39., 0., 1., 31., 9., 0., 1., 36.,
       3., 0., 2., 41., 73., 133., 64., 41., 4., 1., 47., 133., 28., 37.,
       52., 133., 8., 3., 22., 44., 14., 2., 17., 60., 15., 15., 10.,
       13., 4., 0., 4., 0., 1., 18., 17., 29., 6., 25., 2., 26., 5., 4.,
       116., 133., 15., 9., 4., 133., 23., 5., 35., 39., 5., 4., 37.,
       47., 25., 13., 15., 53., 4., 0., 7., 0., 1., 88., 28., 14., 0.,
       0., 0., 11., 1., 23., 36., 133., 71., 37., 14., 129., 25., 17.,
       3., 14., 22., 44., 62., 13., 17., 42., 15., 29., 10., 1., 0., 0.,
       0., 103., 16., 0., 0., 0., 0., 0., 1., 118., 22., 4., 5., 5., 1.,
       1., 3., 125., 12., 0., 1., 7., 5., 0., 2., 120., 13., 0., 0., 0.,
       0., 0., 0., 0., 0., 0., 1., 114., 38., 1., 2., 7., 5., 1., 1.,
       112., 35., 6., 5., 4., 1., 0., 0., 95., 45., 0., 0., 0., 0., 0.,
       0., 81., 31., 18., 9., 1., 1., 10., 15., 51., 18., 14., 28., 46.,
       63., 116., 33., 19., 4., 138., 87., 35., 14., 11., 1., 19., 33.,
       19., 0., 0., 0., 0., 0., 68., 39., 58., 12., 1., 1., 32., 27.,
       20., 14., 37., 7., 4., 13., 138., 54., 6., 22., 138., 23., 8., 6.,
       34., 11., 3., 73., 44., 10., 53., 14., 0., 0., 8., 12., 15., 9.,
       1., 1., 30., 24., 14., 10., 24., 10., 1., 4., 138., 32., 4., 14.,
       138., 52., 14., 34., 49., 8., 2., 31., 38., 54., 138., 111., 80.,
       14., 0., 0., 113., 17., 2., 15., 113., 31., 1., 7., 113., 5., 0.,
       10., 113., 35., 6., 46., 113., 39., 5., 18., 84., 13., 4., 7.,
       98., 34., 6., 50., 59., 2., 1., 2., 62., 8., 7., 96., 113., 26.,
       4., 34., 113., 26., 9., 41., 84., 54., 8., 20., 78., 22., 12.,
       20., 69., 110., 35., 17., 59., 36., 27., 50., 69., 5., 2., 4., 3.,
       1., 63., 100., 67., 26., 3., 9., 58., 43., 107., 42., 19., 18.,
       4., 10., 7., 16., 113., 94., 22., 17., 2., 1., 3., 11., 101., 57.,
       9., 1., 0., 0., 0., 0., 25., 21., 0., 0., 0., 0., 0., 1., 18., 9.,
       0., 0., 0., 0., 0., 0., 13., 6., 0., 0., 0., 0., 0., 0., 3., 2.,
       0., 0., 0., 0., 7., 3., 0., 0., 0., 0., 0., 0., 107., 65., 34.,
       8., 2., 2., 1., 2., 24., 99., 116., 15., 11., 44., 21., 3., 7.,
       45., 79., 1., 2., 65., 116., 4., 15., 2., 0., 0., 0., 0., 0., 2.,
       116., 23., 14., 10., 3., 16., 43., 58., 14., 62., 75., 33., 5.,
       57., 116., 17., 3., 45., 116., 12., 6., 60., 73., 2., 25., 4., 0.,
       0., 0., 0., 0., 1., 116., 61., 25., 20., 2., 3., 12., 24., 8.,
       26., 99., 106., 20., 31., 83., 9., 5., 44., 96., 9., 4., 32., 83.,
       9., 25., 6., 0., 0., 0., 0., 0., 1., 116., 43., 20., 2., 0., 1.,
       12., 24., 12., 62., 42., 3., 4., 16., 116., 23., 4., 28., 13., 4.,
       1., 14., 116., 11., 2., 5., 9., 13., 23., 10., 37., 15., 55., 37.,
       14., 9., 7., 1., 25., 32., 12., 1., 0., 0., 0., 0., 60., 46., 0.,
       0., 0., 0., 7., 13., 40., 23., 16., 4., 3., 7., 120., 41., 7., 8.,
       120., 34., 12., 11., 48., 16., 3., 30., 54., 30., 75., 24., 1.,
       0., 10., 15., 7., 27., 14., 1., 18., 6., 6., 8., 8., 3., 1., 1.,
       117., 41., 8., 5., 99., 57., 13., 27., 94., 17., 1., 14., 84.,
       95., 112., 103., 120., 7., 0., 1., 120., 100., 20., 2., 9., 5.,
       0., 1., 10., 2., 0., 0., 97., 35., 2., 7., 71., 30., 2., 3., 120.,
       34., 0., 2., 120., 18., 1., 4., 120., 61., 0., 5., 120., 31., 0.,
       0., 9., 4., 0., 2., 0., 4., 14., 64., 52., 0., 0., 0., 32., 9.,
       26., 51., 63., 9., 2., 23., 120., 31., 11., 8., 9., 4., 2., 39.,
       13., 13., 25., 98., 21., 0., 0., 0., 7., 4., 8., 41., 120., 12.,
       0., 2., 120., 14., 13., 22., 75., 14., 5., 54., 36., 68., 59.,
       32., 84., 18., 5., 22., 35., 49., 39., 92., 93., 11., 3., 5., 9.,
       1., 0., 2., 120., 21., 3., 10., 120., 28., 0., 2., 109., 14., 1.,
       14., 61., 19., 5., 6., 120., 74., 5., 16., 59., 15., 4., 4., 30.,
       35., 46., 67., 7., 3., 1., 11., 120., 9., 3., 10., 119., 2., 0.,
       1., 59., 11., 6., 78., 31., 1., 0., 0., 48., 54., 35., 35., 20.,
       0., 0., 0., 3., 9., 30., 95., 1., 7., 47., 97., 12., 0., 0., 0.,
       69., 50., 43., 46., 15., 0., 0., 0., 35., 9., 10., 105., 87., 0.,
       0., 3., 116., 8., 6., 29., 8., 1., 1., 33., 45., 35., 42., 56.,
       51., 20., 6., 17., 121., 33., 5., 23., 52., 20., 6., 13., 100.,
       5., 1., 38., 121., 4., 0., 11., 121., 5., 3., 11., 14., 0., 0.,
       29., 56., 3., 0., 3., 24., 59., 43., 121., 74., 9., 7., 36., 42.,
       74., 43., 30., 89., 7., 6., 80., 121., 10., 11., 30., 121., 3.,
       1., 4., 5., 3., 5., 44., 3., 0., 0., 7., 32., 10., 19., 62., 21.,
