%YAML:1.0
---
mat: !!opencv-matrix
   rows: 72
   cols: 128
   dt: f
   data: [ 2., 33., 143., 8., 6., 12., 13., 6., 6., 94., 138., 38., 1.,
       7., 9., 2., 101., 85., 52., 17., 0., 0., 3., 7., 28., 6., 0., 0.,
       0., 0., 0., 4., 99., 12., 11., 11., 34., 71., 29., 32., 52., 53.,
       71., 37., 105., 118., 12., 8., 144., 54., 23., 11., 3., 4., 1.,
       9., 54., 1., 0., 0., 0., 0., 0., 6., 94., 15., 11., 26., 31., 30.,
       41., 25., 41., 5., 8., 36., 104., 127., 55., 33., 144., 10., 0.,
       0., 3., 31., 24., 56., 56., 6., 0., 0., 0., 0., 0., 2., 1., 1.,
       6., 5., 5., 29., 56., 13., 2., 0., 0., 3., 2., 40., 87., 40., 87.,
       5., 0., 0., 0., 17., 42., 64., 37., 5., 0., 0., 0., 0., 0., 6.,
       17., 36., 66., 35., 10., 10., 17., 6., 129., 98., 8., 7., 8., 10.,
       2., 0., 54., 16., 0., 0., 11., 12., 1., 2., 20., 4., 0., 0., 0.,
       0., 5., 8., 20., 12., 19., 84., 65., 30., 87., 37., 129., 72., 3.,
       17., 28., 12., 2., 45., 87., 21., 0., 0., 25., 30., 0., 6., 54.,
       10., 0., 0., 0., 1., 2., 8., 38., 38., 65., 129., 31., 5., 38.,
       43., 129., 129., 12., 9., 5., 1., 32., 112., 86., 41., 0., 0.,
       14., 37., 12., 34., 54., 5., 0., 0., 1., 7., 7., 22., 6., 4., 3.,
       11., 9., 7., 129., 129., 25., 9., 0., 0., 0., 0., 129., 129., 18.,
       1., 0., 0., 0., 10., 41., 54., 6., 0., 0., 0., 0., 3., 20., 22.,
       1., 1., 87., 23., 16., 9., 10., 6., 3., 24., 126., 14., 12., 14.,
       13., 9., 2., 102., 126., 27., 1., 12., 10., 2., 66., 68., 60.,
       22., 0., 0., 3., 4., 19., 11., 4., 40., 73., 21., 8., 9., 126.,
       9., 11., 20., 41., 62., 29., 40., 30., 43., 54., 29., 113., 126.,
       17., 10., 126., 47., 29., 14., 9., 8., 2., 8., 19., 12., 4., 15.,
       35., 31., 68., 13., 116., 15., 10., 23., 30., 35., 65., 33., 27.,
       8., 11., 47., 110., 109., 44., 24., 126., 5., 0., 1., 8., 43.,
       28., 50., 0., 6., 17., 0., 0., 8., 66., 6., 1., 2., 10., 5., 6.,
       34., 74., 11., 1., 0., 1., 4., 3., 38., 80., 36., 52., 2., 0., 0.,
       0., 21., 44., 50., 1., 11., 16., 107., 88., 0., 0., 0., 15., 99.,
       69., 45., 12., 0., 2., 3., 16., 48., 63., 5., 0., 1., 4., 5., 2.,
       22., 38., 0., 0., 11., 6., 1., 15., 15., 7., 118., 118., 7., 6.,
       4., 118., 76., 22., 37., 30., 7., 22., 62., 36., 50., 53., 55.,
       62., 10., 24., 34., 12., 84., 72., 7., 3., 7., 6., 9., 8., 1., 0.,
       45., 118., 74., 86., 14., 118., 84., 15., 27., 31., 63., 40., 25.,
       56., 34., 19., 98., 87., 3., 8., 39., 55., 17., 10., 12., 41., 9.,
       9., 45., 0., 4., 15., 1., 12., 73., 56., 3., 5., 17., 11., 4.,
       12., 118., 84., 2., 31., 13., 10., 9., 4., 42., 84., 39., 13., 7.,
       16., 14., 17., 15., 22., 27., 14., 33., 119., 6., 4., 20., 46.,
       35., 119., 41., 84., 10., 8., 16., 26., 48., 100., 8., 0., 6.,
       19., 5., 7., 39., 68., 13., 3., 1., 1., 0., 0., 0., 5., 10., 42.,
       27., 6., 48., 106., 29., 119., 28., 25., 16., 9., 23., 33., 62.,
       119., 10., 0., 18., 46., 0., 0., 11., 77., 22., 4., 2., 2., 0.,
       0., 0., 10., 15., 95., 119., 16., 4., 9., 50., 119., 69., 61.,
       33., 7., 2., 4., 119., 101., 14., 1., 16., 53., 1., 0., 15., 66.,
       20., 7., 1., 0., 0., 0., 0., 36., 12., 16., 61., 8., 3., 12.,
       119., 81., 78., 12., 5., 7., 0., 4., 119., 48., 18., 1., 17., 48.,
       0., 0., 7., 43., 17., 10., 1., 0., 0., 0., 0., 24., 9., 4., 22.,
       154., 28., 3., 8., 154., 43., 4., 6., 11., 4., 2., 21., 45., 4.,
       0., 0., 9., 5., 0., 1., 10., 1., 0., 0., 24., 7., 0., 2., 15.,
       14., 9., 43., 154., 64., 15., 13., 154., 78., 9., 11., 15., 13.,
       15., 62., 80., 6., 0., 0., 8., 8., 2., 7., 9., 1., 0., 1., 24.,
       15., 2., 4., 10., 10., 8., 32., 154., 50., 9., 7., 154., 66., 10.,
       13., 21., 8., 10., 36., 94., 5., 0., 0., 4., 13., 8., 9., 10., 2.,
       1., 3., 30., 13., 4., 3., 10., 6., 3., 17., 154., 61., 4., 4.,
       154., 44., 4., 9., 31., 17., 6., 27., 100., 5., 0., 0., 3., 9.,
       6., 9., 7., 0., 0., 0., 28., 18., 3., 3., 26., 1., 0., 2., 39.,
       4., 0., 9., 5., 3., 6., 56., 128., 36., 9., 11., 128., 21., 9.,
       18., 13., 8., 10., 67., 65., 1., 0., 0., 6., 1., 0., 10., 29., 2.,
       0., 9., 62., 5., 0., 7., 5., 13., 32., 110., 128., 43., 13., 11.,
       128., 99., 41., 20., 9., 9., 13., 49., 87., 8., 0., 0., 10., 2.,
       0., 6., 23., 3., 0., 6., 72., 12., 1., 10., 4., 7., 24., 59.,
       128., 106., 58., 11., 128., 43., 22., 8., 5., 18., 67., 108., 83.,
       3., 0., 0., 12., 4., 1., 16., 20., 1., 0., 6., 65., 10., 1., 6.,
       7., 11., 29., 63., 128., 36., 6., 5., 128., 54., 26., 7., 5., 5.,
       6., 40., 58., 3., 0., 0., 6., 6., 1., 12., 1., 4., 1., 4., 120.,
       39., 1., 0., 34., 23., 8., 15., 100., 64., 42., 28., 123., 77.,
       5., 1., 0., 0., 10., 29., 16., 10., 1., 7., 39., 14., 0., 0., 5.,
       7., 1., 5., 100., 27., 0., 0., 10., 18., 64., 86., 123., 62., 34.,
       15., 123., 123., 57., 13., 3., 3., 12., 36., 49., 21., 0., 4.,
       30., 11., 0., 1., 8., 6., 0., 2., 64., 22., 0., 0., 6., 4., 10.,
       30., 123., 123., 44., 17., 123., 74., 18., 18., 12., 15., 34.,
       67., 76., 26., 0., 1., 19., 3., 0., 2., 6., 4., 0., 0., 20., 6.,
       0., 0., 1., 1., 3., 23., 123., 51., 5., 4., 123., 54., 16., 23.,
       38., 16., 8., 35., 78., 37., 1., 1., 8., 1., 0., 2., 3., 2., 35.,
       11., 1., 4., 57., 41., 5., 7., 23., 14., 1., 1., 55., 55., 19.,
       19., 11., 2., 0., 0., 41., 88., 8., 1., 0., 0., 0., 0., 38., 68.,
       0., 1., 110., 63., 1., 2., 40., 23., 15., 30., 131., 131., 9., 3.,
       15., 12., 131., 131., 68., 13., 0., 0., 1., 14., 56., 40., 0., 0.,
       0., 0., 1., 18., 10., 21., 106., 35., 5., 6., 9., 15., 63., 8.,
       35., 73., 60., 42., 9., 20., 131., 34., 7., 4., 4., 3., 1., 51.,
       76., 44., 0., 0., 0., 0., 0., 14., 32., 75., 91., 5., 1., 0., 2.,
       31., 34., 6., 26., 25., 18., 3., 33., 131., 131., 1., 0., 1., 1.,
       0., 9., 131., 37., 2., 0., 0., 0., 0., 0., 39., 12., 5., 44., 63.,
       11., 24., 39., 49., 72., 36., 11., 9., 4., 1., 12., 126., 22., 4.,
       0., 7., 126., 9., 1., 23., 20., 30., 1., 13., 126., 40., 10., 11.,
       16., 20., 23., 60., 12., 28., 83., 23., 126., 79., 5., 1., 7., 5.,
       18., 33., 34., 7., 0., 5., 126., 31., 9., 5., 2., 1., 0., 1.,
       126., 74., 107., 116., 9., 20., 77., 22., 6., 23., 93., 30., 126.,
       21., 26., 17., 13., 19., 27., 23., 53., 3., 0., 1., 68., 22., 18.,
       17., 12., 0., 0., 0., 7., 22., 93., 78., 8., 12., 49., 26., 6.,
       8., 41., 12., 116., 12., 18., 7., 8., 2., 9., 81., 45., 0., 0.,
       0., 35., 4., 0., 20., 26., 0., 0., 0., 0., 0., 1., 15., 31., 4.,
       2., 3., 10., 19., 32., 101., 124., 1., 1., 3., 9., 9., 14., 89.,
       56., 3., 11., 55., 47., 11., 1., 18., 33., 21., 14., 24., 35., 5.,
       2., 8., 38., 53., 45., 16., 14., 43., 17., 13., 124., 45., 14.,
       8., 19., 2., 2., 36., 55., 3., 2., 37., 124., 9., 1., 16., 90.,
       5., 3., 10., 66., 15., 2., 47., 16., 8., 8., 2., 3., 124., 124.,
       21., 124., 14., 3., 5., 20., 32., 100., 114., 38., 4., 1., 18.,
       114., 21., 7., 18., 105., 3., 1., 1., 14., 19., 11., 41., 0., 0.,
       0., 0., 1., 36., 98., 14., 1., 0., 0., 1., 53., 50., 77., 22.,
       19., 2., 1., 7., 113., 25., 5., 19., 87., 2., 0., 0., 3., 1., 2.,
       61., 16., 4., 7., 26., 139., 24., 2., 3., 139., 70., 22., 19.,
       41., 13., 4., 27., 83., 14., 0., 1., 6., 3., 0., 6., 6., 6., 4.,
       6., 10., 1., 0., 0., 19., 2., 1., 21., 139., 30., 2., 6., 139.,
       27., 5., 20., 85., 18., 4., 46., 122., 3., 0., 0., 11., 5., 0.,
       12., 13., 2., 0., 2., 31., 4., 0., 2., 17., 3., 5., 43., 139.,
       34., 5., 5., 139., 80., 16., 34., 76., 25., 15., 58., 128., 13.,
       0., 0., 10., 6., 1., 12., 13., 1., 0., 0., 29., 10., 1., 5., 12.,
       2., 3., 22., 139., 33., 5., 4., 139., 38., 10., 19., 56., 19.,
