%YAML:1.0
---
mat: !!opencv-matrix
   rows: 111
   cols: 128
   dt: f
   data: [ 1., 0., 0., 0., 0., 0., 0., 0., 137., 0., 0., 0., 0., 0., 0.,
       33., 137., 15., 3., 0., 0., 0., 0., 16., 18., 11., 15., 45., 5.,
       0., 0., 1., 6., 0., 0., 0., 0., 0., 0., 1., 137., 22., 11., 1.,
       0., 0., 0., 25., 130., 70., 137., 7., 0., 0., 0., 5., 3., 14.,
       106., 137., 18., 0., 0., 0., 10., 0., 0., 0., 0., 0., 0., 1.,
       126., 30., 39., 25., 7., 9., 8., 12., 12., 48., 137., 49., 8.,
       15., 39., 4., 1., 27., 137., 79., 17., 14., 21., 1., 16., 0., 0.,
       0., 0., 0., 0., 4., 93., 0., 1., 3., 4., 14., 42., 60., 5., 2.,
       4., 4., 4., 46., 137., 16., 0., 1., 10., 6., 1., 60., 137., 1.,
       58., 2., 11., 48., 17., 15., 20., 64., 53., 5., 1., 5., 102., 90.,
       21., 18., 133., 32., 0., 0., 11., 5., 0., 1., 28., 4., 0., 0., 8.,
       0., 0., 0., 130., 100., 17., 12., 41., 16., 3., 16., 48., 27.,
       22., 58., 133., 22., 4., 10., 133., 34., 0., 4., 28., 2., 1., 20.,
       49., 6., 0., 1., 8., 0., 0., 1., 16., 62., 20., 6., 13., 118.,
       97., 4., 11., 21., 30., 45., 33., 8., 133., 95., 133., 2., 0., 2.,
       6., 2., 41., 133., 30., 1., 0., 3., 5., 0., 0., 9., 0., 5., 8.,
       0., 0., 52., 93., 3., 0., 0., 2., 1., 1., 6., 133., 46., 2., 0.,
       0., 0., 1., 4., 36., 38., 1., 0., 0., 1., 4., 1., 1., 2., 1., 0.,
       0., 5., 14., 4., 0., 1., 0., 1., 33., 31., 9., 3., 0., 0., 1.,
       13., 38., 9., 6., 2., 0., 0., 1., 2., 1., 1., 8., 3., 0., 0., 2.,
       1., 1., 15., 52., 13., 0., 0., 8., 18., 108., 141., 148., 30., 0.,
       0., 143., 123., 119., 25., 12., 4., 0., 10., 33., 12., 1., 0., 3.,
       7., 1., 5., 4., 1., 1., 5., 45., 18., 1., 1., 30., 5., 4., 16.,
       152., 102., 0., 2., 152., 31., 5., 5., 65., 22., 0., 19., 58., 3.,
       0., 0., 8., 4., 0., 6., 3., 1., 18., 79., 17., 6., 1., 0., 15.,
       3., 26., 122., 152., 13., 1., 0., 152., 37., 1., 14., 62., 5., 0.,
       0., 61., 6., 0., 0., 7., 4., 0., 1., 10., 2., 0., 3., 13., 0., 0.,
       1., 17., 1., 0., 46., 147., 1., 0., 6., 147., 4., 1., 11., 69.,
       1., 29., 134., 19., 2., 1., 2., 0., 0., 79., 121., 8., 3., 0.,
       17., 31., 1., 0., 1., 45., 5., 0., 102., 147., 16., 5., 7., 147.,
       20., 0., 13., 45., 3., 5., 45., 61., 9., 0., 1., 1., 0., 3., 16.,
       5., 3., 0., 8., 28., 15., 2., 1., 13., 1., 0., 24., 112., 132.,
       122., 24., 147., 10., 0., 2., 7., 18., 101., 133., 52., 4., 0.,
       1., 5., 1., 1., 14., 8., 1., 0., 0., 0., 2., 2., 3., 6., 1., 0.,
       0., 0., 13., 40., 8., 12., 1., 0., 0., 0., 1., 34., 30., 15., 2.,
       0., 3., 1., 0., 0., 5., 8., 36., 40., 33., 9., 5., 0., 1., 16.,
       62., 38., 77., 14., 2., 1., 1., 25., 35., 32., 36., 64., 11., 0.,
       0., 1., 1., 0., 1., 125., 21., 0., 0., 42., 58., 32., 63., 66.,
       21., 2., 5., 35., 76., 69., 125., 34., 5., 11., 11., 125., 50.,
       13., 39., 46., 10., 5., 24., 10., 1., 0., 0., 125., 36., 0., 1.,
       21., 21., 11., 47., 33., 59., 97., 38., 17., 6., 12., 24., 11.,
       20., 125., 125., 77., 2., 1., 3., 35., 14., 72., 125., 4., 0., 0.,
       0., 125., 34., 1., 3., 2., 3., 6., 11., 3., 39., 80., 19., 1., 0.,
       1., 1., 2., 18., 71., 94., 0., 0., 0., 0., 44., 24., 20., 20., 0.,
       0., 0., 0., 125., 32., 0., 0., 0., 0., 6., 8., 7., 50., 80., 0.,
       0., 11., 25., 5., 1., 80., 117., 0., 0., 5., 4., 0., 0., 95.,
       117., 0., 0., 0., 0., 0., 0., 62., 91., 0., 1., 3., 30., 35., 73.,
       54., 7., 1., 6., 80., 117., 31., 63., 58., 11., 3., 77., 117.,
       49., 1., 2., 29., 52., 11., 13., 3., 0., 0., 0., 66., 117., 5.,
       1., 2., 65., 69., 48., 41., 19., 2., 29., 22., 39., 64., 88., 90.,
       15., 16., 117., 75., 6., 2., 6., 6., 4., 54., 56., 11., 0., 0.,
       0., 5., 28., 14., 2., 16., 53., 29., 47., 43., 18., 4., 32., 23.,
       59., 22., 39., 83., 25., 41., 89., 23., 1., 1., 6., 10., 19.,
       117., 63., 16., 1., 1., 3., 1., 6., 18., 2., 20., 110., 52., 5.,
       1., 2., 6., 3., 114., 100., 0., 1., 3., 3., 2., 12., 80., 8., 1.,
       4., 19., 1., 0., 1., 3., 2., 5., 23., 41., 1., 0., 27., 4., 17.,
       34., 22., 16., 27., 114., 34., 84., 23., 8., 87., 57., 25., 20.,
       114., 114., 3., 7., 8., 2., 0., 4., 11., 5., 20., 40., 37., 17.,
       0., 0., 79., 21., 28., 50., 21., 4., 4., 65., 50., 4., 7., 94.,
       114., 11., 5., 57., 114., 10., 1., 32., 32., 0., 0., 88., 10., 5.,
       49., 114., 67., 0., 1., 6., 11., 13., 29., 25., 2., 9., 85., 18.,
       12., 0., 6., 29., 8., 1., 75., 114., 29., 0., 1., 79., 66., 1.,
       6., 79., 31., 3., 2., 86., 70., 0., 2., 37., 39., 44., 2., 25.,
       113., 45., 4., 1., 79., 104., 12., 77., 63., 12., 0., 0., 28.,
       25., 6., 69., 65., 34., 14., 8., 113., 60., 1., 3., 11., 12., 4.,
       12., 21., 11., 33., 83., 113., 59., 2., 2., 113., 62., 2., 14.,
       48., 59., 18., 20., 22., 24., 8., 7., 24., 100., 113., 36., 60.,
       7., 2., 3., 6., 2., 67., 113., 9., 1., 16., 39., 17., 100., 111.,
       11., 113., 77., 2., 6., 3., 54., 80., 36., 44., 64., 10., 0., 0.,
       15., 63., 42., 10., 3., 0., 0., 2., 4., 32., 36., 0., 0., 1., 3.,
       1., 34., 61., 26., 8., 3., 1., 6., 4., 72., 86., 25., 19., 5., 0.,
       0., 0., 2., 20., 60., 7., 0., 0., 0., 4., 4., 1., 11., 1., 32.,
       85., 64., 0., 0., 2., 2., 17., 110., 33., 3., 1., 0., 1., 2., 3.,
       20., 30., 7., 2., 0., 1., 3., 1., 13., 17., 4., 0., 0., 0., 1.,
       23., 27., 43., 69., 11., 9., 29., 34., 114., 114., 18., 17., 15.,
       4., 6., 30., 36., 45., 49., 82., 36., 0., 0., 1., 46., 56., 24.,
       8., 1., 2., 3., 8., 10., 3., 8., 47., 12., 51., 114., 30., 56.,
       7., 82., 114., 7., 4., 35., 72., 95., 19., 105., 114., 11., 9.,
       14., 12., 114., 32., 7., 6., 0., 1., 2., 27., 2., 0., 27., 114.,
       13., 15., 44., 27., 7., 1., 15., 92., 7., 18., 96., 114., 61., 3.,
       10., 6., 8., 99., 61., 56., 92., 45., 9., 1., 0., 2., 5., 17., 8.,
       1., 5., 114., 73., 11., 0., 0., 123., 8., 2., 30., 30., 2., 0.,
       7., 54., 5., 16., 109., 12., 0., 0., 2., 2., 0., 56., 98., 12.,
       5., 6., 12., 13., 8., 11., 44., 100., 96., 1., 2., 123., 11., 1.,
       14., 45., 20., 1., 13., 66., 8., 3., 101., 123., 6., 0., 9., 73.,
       14., 8., 33., 43., 17., 17., 57., 13., 23., 53., 61., 46., 16.,
       13., 14., 123., 12., 0., 13., 34., 9., 19., 71., 55., 13., 0., 3.,
       123., 117., 7., 8., 53., 69., 22., 23., 35., 38., 26., 5., 23.,
       30., 3., 1., 8., 82., 12., 14., 55., 74., 1., 0., 1., 5., 15.,
       58., 9., 20., 6., 0., 9., 75., 17., 7., 1., 6., 5., 2., 1., 54.,
       99., 7., 0., 5., 9., 36., 43., 42., 1., 0., 38., 2., 2., 65., 92.,
       79., 1., 3., 125., 11., 2., 12., 13., 5., 1., 8., 25., 5., 5.,
       106., 56., 0., 0., 2., 0., 81., 95., 25., 18., 28., 1., 0., 40.,
       9., 27., 84., 125., 57., 3., 6., 125., 15., 0., 7., 41., 9., 2.,
       19., 39., 7., 0., 20., 125., 33., 0., 3., 3., 35., 51., 10., 5.,
       99., 14., 1., 41., 22., 27., 39., 22., 16., 40., 57., 125., 15.,
       0., 2., 10., 8., 28., 120., 21., 4., 0., 0., 66., 125., 10., 7.,
       1., 0., 0., 0., 6., 125., 24., 3., 39., 66., 1., 1., 15., 100.,
       8., 15., 51., 101., 3., 0., 0., 2., 6., 28., 3., 25., 10., 0., 1.,
       28., 8., 2., 1., 1., 26., 9., 3., 27., 35., 6., 2., 5., 48., 13.,
       5., 31., 29., 17., 12., 15., 18., 3., 2., 1., 9., 53., 3., 1., 0.,
       1., 9., 4., 0., 4., 0., 2., 144., 71., 11., 10., 26., 19., 13.,
       31., 144., 53., 16., 41., 23., 6., 133., 126., 89., 4., 3., 3.,
       1., 8., 21., 8., 1., 3., 15., 5., 0., 1., 0., 1., 12., 12., 21.,
       44., 123., 87., 43., 8., 14., 8., 144., 144., 49., 17., 144., 26.,
       5., 1., 34., 19., 1., 17., 36., 2., 1., 6., 7., 9., 2., 4., 1.,
       2., 4., 13., 14., 7., 16., 11., 23., 4., 1., 52., 144., 29., 1.,
       1., 144., 42., 1., 10., 54., 5., 0., 1., 34., 8., 9., 79., 12.,
