%YAML:1.0
---
mat: !!opencv-matrix
   rows: 61
   cols: 128
   dt: f
   data: [ 2., 4., 84., 20., 16., 6., 14., 7., 7., 35., 127., 16., 14.,
       15., 16., 12., 6., 101., 118., 33., 1., 13., 14., 3., 67., 58.,
       48., 20., 0., 0., 5., 5., 28., 12., 5., 45., 65., 34., 8., 11.,
       127., 13., 8., 25., 43., 76., 23., 43., 46., 47., 48., 38., 112.,
       127., 13., 10., 127., 39., 20., 16., 8., 6., 1., 8., 20., 11.,
       12., 17., 27., 39., 79., 15., 114., 16., 13., 32., 34., 41., 66.,
       34., 37., 7., 13., 53., 103., 111., 39., 30., 127., 5., 0., 1.,
       8., 37., 18., 40., 0., 5., 29., 0., 0., 8., 64., 5., 1., 2., 16.,
       7., 9., 31., 71., 10., 2., 1., 1., 4., 4., 38., 77., 33., 60., 5.,
       0., 0., 0., 17., 34., 45., 1., 4., 10., 101., 70., 0., 0., 0.,
       27., 85., 62., 67., 24., 0., 2., 2., 19., 51., 57., 5., 0., 2.,
       5., 5., 3., 28., 32., 0., 1., 10., 8., 1., 12., 7., 5., 117.,
       117., 6., 7., 5., 117., 56., 21., 57., 43., 7., 31., 71., 44.,
       54., 53., 55., 53., 9., 41., 40., 10., 96., 61., 6., 2., 13., 13.,
       9., 5., 0., 0., 57., 117., 75., 78., 18., 117., 72., 13., 35.,
       46., 59., 41., 31., 67., 35., 20., 117., 87., 4., 12., 43., 51.,
       35., 18., 18., 40., 10., 20., 35., 0., 10., 19., 1., 12., 69.,
       41., 3., 6., 21., 13., 7., 21., 117., 68., 4., 33., 15., 13., 16.,
       6., 48., 62., 53., 15., 7., 16., 25., 30., 18., 13., 27., 12.,
       70., 62., 55., 1., 2., 8., 0., 7., 31., 115., 26., 1., 3., 17.,
       6., 5., 32., 115., 13., 12., 11., 21., 6., 4., 74., 66., 3., 1.,
       2., 22., 1., 54., 63., 37., 35., 30., 31., 9., 24., 115., 29.,
       51., 28., 33., 28., 8., 55., 66., 23., 31., 25., 115., 36., 11.,
       40., 43., 80., 50., 20., 46., 29., 2., 10., 45., 2., 1., 0., 29.,
       103., 56., 115., 99., 53., 8., 10., 37., 115., 55., 18., 65., 34.,
       14., 69., 99., 19., 55., 17., 61., 8., 0., 4., 21., 63., 32., 30.,
       0., 14., 71., 1., 1., 18., 19., 17., 1., 17., 61., 1., 1., 74.,
       67., 2., 4., 13., 24., 3., 5., 31., 115., 11., 10., 6., 8., 0.,
       1., 13., 79., 41., 8., 5., 28., 34., 1., 1., 20., 57., 10., 9.,
       19., 17., 2., 2., 31., 86., 39., 36., 15., 2., 0., 0., 11., 88.,
       23., 5., 0., 0., 0., 0., 3., 45., 2., 0., 28., 84., 2., 1., 38.,
       77., 16., 31., 94., 137., 15., 5., 13., 22., 137., 137., 63., 25.,
       1., 1., 1., 21., 59., 20., 0., 0., 0., 0., 1., 8., 11., 5., 105.,
       112., 4., 1., 6., 13., 35., 9., 21., 99., 37., 47., 39., 26.,
       137., 67., 5., 8., 5., 8., 9., 58., 60., 27., 8., 4., 1., 1., 1.,
       8., 22., 69., 102., 12., 0., 0., 2., 10., 34., 12., 68., 34., 9.,
       4., 7., 78., 137., 30., 2., 6., 3., 1., 2., 137., 45., 19., 3.,
       0., 0., 0., 0., 13., 28., 2., 0., 4., 14., 22., 33., 87., 130.,
       1., 0., 4., 11., 12., 8., 91., 43., 4., 19., 64., 43., 16., 2.,
       12., 36., 22., 18., 23., 35., 6., 2., 9., 52., 35., 33., 38., 23.,
       34., 12., 16., 130., 41., 8., 11., 30., 2., 1., 37., 47., 2., 4.,
       50., 130., 9., 2., 14., 101., 6., 4., 12., 73., 12., 2., 48., 31.,
       9., 8., 9., 25., 130., 100., 29., 130., 15., 2., 12., 33., 25.,
       64., 101., 37., 4., 3., 25., 118., 18., 9., 16., 116., 3., 1., 0.,
       20., 21., 12., 37., 0., 0., 0., 0., 5., 91., 65., 5., 4., 0., 0.,
       3., 67., 56., 65., 29., 25., 3., 3., 11., 105., 18., 4., 26., 84.,
       3., 1., 0., 1., 0., 2., 68., 4., 2., 36., 61., 22., 23., 6., 16.,
       132., 63., 48., 32., 4., 3., 0., 10., 131., 40., 1., 0., 0., 0.,
       0., 7., 2., 1., 0., 0., 0., 0., 2., 3., 3., 7., 6., 15., 39.,
       132., 5., 0., 115., 132., 40., 5., 20., 125., 13., 12., 132.,
       132., 24., 0., 0., 2., 3., 13., 24., 8., 0., 0., 0., 0., 1., 5.,
       19., 82., 12., 3., 4., 112., 10., 1., 26., 23., 7., 0., 4., 132.,
       102., 29., 132., 28., 3., 0., 0., 25., 50., 112., 40., 2., 0., 0.,
       0., 0., 0., 13., 31., 77., 10., 3., 13., 14., 8., 3., 11., 86.,
       20., 0., 0., 38., 27., 8., 35., 26., 2., 0., 0., 9., 25., 37.,
       20., 16., 0., 0., 0., 0., 0., 4., 0., 2., 6., 2., 0., 0., 0., 0.,
       0., 1., 24., 31., 0., 0., 0., 0., 2., 10., 46., 49., 11., 0., 0.,
       0., 2., 5., 5., 28., 59., 3., 2., 0., 0., 1., 4., 21., 15., 0.,
       0., 0., 3., 6., 66., 135., 93., 4., 0., 0., 135., 93., 125., 89.,
       12., 1., 0., 1., 52., 17., 6., 18., 90., 8., 0., 1., 0., 0., 21.,
       131., 25., 1., 0., 0., 18., 3., 40., 135., 135., 19., 0., 8.,
       135., 21., 10., 26., 44., 9., 0., 48., 76., 3., 1., 58., 82., 4.,
       2., 6., 0., 1., 12., 119., 37., 18., 7., 0., 17., 1., 16., 72.,
       25., 75., 48., 24., 135., 0., 1., 6., 9., 6., 15., 81., 34., 3.,
       3., 11., 58., 16., 16., 10., 0., 1., 31., 46., 1., 0., 0., 0., 2.,
       17., 68., 70., 16., 0., 0., 0., 2., 5., 6., 54., 100., 5., 1., 1.,
       62., 10., 3., 10., 15., 4., 3., 11., 4., 5., 45., 129., 99., 0.,
       0., 0., 129., 110., 109., 88., 31., 0., 0., 4., 54., 22., 8., 51.,
       129., 1., 0., 2., 107., 11., 6., 11., 32., 1., 0., 23., 19., 1.,
       5., 129., 100., 21., 10., 13., 129., 13., 3., 34., 36., 5., 6.,
       77., 64., 3., 1., 42., 92., 21., 16., 27., 94., 3., 0., 10., 28.,
       2., 10., 54., 10., 7., 21., 24., 19., 42., 31., 18., 129., 9., 2.,
       3., 10., 10., 18., 80., 23., 13., 5., 10., 26., 22., 24., 22.,
       17., 19., 2., 10., 43., 2., 14., 36., 0., 14., 128., 34., 14., 6.,
       0., 0., 3., 50., 89., 10., 33., 26., 0., 0., 1., 21., 6., 2., 38.,
       34., 1., 0., 14., 76., 3., 0., 5., 11., 3., 1., 9., 37., 128.,
       44., 34., 81., 14., 3., 128., 128., 91., 2., 3., 15., 7., 11.,
       68., 17., 2., 1., 13., 65., 18., 9., 21., 11., 0., 0., 1., 30.,
       31., 38., 27., 83., 4., 2., 22., 106., 20., 6., 128., 13., 0., 0.,
       11., 46., 20., 73., 128., 3., 0., 0., 0., 32., 34., 47., 13., 0.,
       0., 0., 0., 25., 65., 70., 81., 77., 2., 1., 4., 5., 39., 52.,
       128., 18., 0., 0., 2., 8., 24., 80., 116., 17., 0., 0., 0., 1.,
       9., 62., 4., 0., 0., 0., 0., 1., 33., 79., 0., 18., 109., 77., 1.,
       1., 3., 0., 35., 29., 52., 45., 4., 0., 0., 13., 130., 20., 4.,
       3., 1., 0., 0., 29., 32., 20., 0., 0., 0., 0., 0., 1., 41., 61.,
       81., 75., 30., 5., 6., 8., 130., 74., 21., 0., 0., 0., 0., 93.,
       127., 5., 0., 0., 0., 0., 0., 130., 20., 17., 0., 0., 0., 0., 0.,
       4., 43., 5., 1., 8., 15., 93., 104., 29., 130., 45., 0., 0., 0.,
       5., 22., 104., 130., 14., 0., 0., 0., 0., 0., 37., 7., 10., 0.,
       0., 0., 0., 0., 1., 1., 0., 0., 0., 0., 114., 130., 22., 39., 0.,
       0., 0., 0., 8., 104., 130., 25., 1., 0., 0., 0., 0., 2., 40., 3.,
       4., 0., 0., 0., 0., 0., 0., 2., 2., 1., 1., 52., 132., 9., 7.,
       14., 8., 5., 3., 20., 55., 23., 39., 74., 10., 1., 0., 0., 0., 7.,
       127., 110., 6., 0., 0., 0., 0., 0., 80., 1., 4., 12., 17., 49.,
       77., 5., 7., 13., 15., 20., 26., 122., 92., 17., 14., 132., 50.,
       19., 9., 8., 2., 1., 54., 113., 0., 0., 0., 0., 0., 0., 49., 7.,
       19., 17., 22., 43., 16., 0., 0., 28., 16., 8., 8., 132., 132.,
       11., 7., 132., 24., 2., 2., 22., 48., 20., 72., 111., 3., 0., 0.,
       0., 0., 2., 26., 22., 20., 3., 6., 49., 35., 1., 1., 60., 31., 1.,
       0., 10., 67., 32., 15., 74., 3., 0., 0., 2., 32., 57., 132., 31.,
       0., 0., 0., 0., 0., 4., 42., 0., 2., 81., 22., 1., 0., 0., 0., 2.,
       30., 82., 11., 1., 0., 0., 0., 0., 7., 91., 37., 3., 0., 0., 0.,
       3., 35., 65., 8., 0., 0., 0., 0., 10., 16., 111., 92., 97., 7.,
       1., 2., 111., 105., 91., 23., 15., 8., 3., 8., 27., 16., 57., 66.,
       111., 24., 2., 2., 111., 76., 45., 26., 40., 3., 1., 2., 11., 3.,
       5., 14., 76., 92., 102., 20., 111., 9., 2., 4., 16., 22., 75.,
       111., 29., 2., 1., 8., 111., 80., 56., 16., 103., 4., 0., 2., 31.,
       28., 58., 72., 0., 0., 0., 1., 0., 26., 85., 5., 3., 0., 0., 1.,
