%YAML:1.0
---
mat: !!opencv-matrix
   rows: 88
   cols: 128
   dt: f
   data: [ 84., 15., 6., 19., 33., 50., 57., 89., 52., 6., 2., 15., 88.,
       32., 6., 37., 137., 13., 2., 4., 13., 9., 3., 88., 30., 0., 0.,
       4., 18., 4., 1., 20., 2., 0., 6., 56., 28., 34., 48., 32., 36.,
       29., 18., 137., 133., 10., 4., 14., 137., 102., 16., 29., 14., 2.,
       1., 24., 41., 4., 0., 1., 25., 7., 2., 9., 0., 0., 2., 24., 31.,
       46., 19., 7., 32., 4., 2., 36., 123., 137., 48., 68., 137., 12.,
       1., 5., 10., 15., 25., 137., 28., 1., 0., 8., 10., 4., 2., 11.,
       1., 1., 3., 6., 8., 31., 26., 8., 14., 0., 0., 0., 6., 65., 66.,
       53., 58., 0., 0., 0., 0., 6., 19., 109., 2., 0., 0., 4., 12., 20.,
       2., 4., 0., 0., 0., 4., 3., 2., 6., 4., 0., 4., 29., 42., 8., 1.,
       0., 1., 2., 36., 31., 9., 3., 4., 3., 1., 0., 3., 0., 13., 8., 4.,
       5., 0., 0., 0., 1., 61., 33., 1., 0., 0., 16., 39., 122., 139.,
       127., 14., 4., 7., 139., 139., 117., 51., 8., 3., 3., 22., 22.,
       21., 3., 46., 21., 5., 0., 0., 0., 0., 3., 29., 74., 49., 1., 0.,
       19., 8., 8., 70., 139., 139., 134., 54., 139., 49., 7., 9., 11.,
       25., 98., 139., 31., 33., 6., 8., 16., 18., 1., 2., 0., 1., 30.,
       7., 6., 17., 0., 0., 0., 1., 6., 10., 15., 53., 55., 5., 4., 10.,
       2., 2., 31., 21., 42., 16., 3., 27., 20., 5., 6., 5., 1., 0., 3.,
       10., 11., 19., 1., 0., 1., 3., 10., 21., 76., 41., 1., 0., 0.,
       11., 17., 64., 72., 5., 0., 0., 0., 5., 9., 8., 1., 0., 0., 0.,
       0., 1., 2., 27., 20., 29., 20., 9., 16., 3., 12., 56., 122., 140.,
       140., 73., 11., 6., 140., 140., 93., 27., 11., 13., 9., 29., 61.,
       20., 1., 0., 0., 0., 0., 2., 5., 8., 11., 2., 9., 24., 46., 11.,
       14., 10., 5., 13., 83., 140., 140., 28., 140., 30., 3., 3., 7.,
       59., 140., 140., 55., 10., 2., 0., 1., 0., 1., 17., 17., 21., 26.,
       6., 0., 0., 1., 1., 41., 22., 2., 0., 0., 13., 33., 4., 4., 3.,
       4., 5., 1., 5., 47., 19., 2., 9., 3., 1., 0., 0., 1., 3., 12.,
       10., 46., 39., 28., 23., 15., 20., 32., 39., 27., 6., 8., 1., 2.,
       15., 23., 17., 7., 28., 62., 13., 2., 4., 66., 42., 4., 3., 3.,
       2., 1., 5., 23., 52., 113., 130., 46., 7., 22., 31., 130., 130.,
       50., 8., 7., 9., 14., 21., 50., 13., 3., 12., 65., 49., 8., 10.,
       81., 20., 3., 4., 4., 5., 4., 18., 107., 6., 13., 47., 65., 16.,
       31., 99., 130., 11., 0., 0., 19., 20., 33., 115., 69., 6., 2., 9.,
       94., 54., 2., 21., 90., 20., 2., 4., 12., 12., 2., 21., 36., 43.,
       37., 8., 2., 14., 77., 130., 50., 18., 13., 1., 5., 7., 66., 109.,
       17., 7., 3., 20., 98., 12., 1., 13., 54., 30., 5., 19., 28., 5.,
       1., 10., 45., 122., 14., 2., 9., 35., 48., 17., 7., 122., 30., 1.,
       2., 3., 2., 2., 1., 21., 7., 0., 0., 0., 0., 0., 0., 0., 0., 0.,
       0., 0., 0., 0., 7., 29., 7., 2., 24., 122., 122., 11., 27., 122.,
       49., 5., 62., 114., 82., 16., 122., 122., 25., 1., 7., 6., 3.,
       15., 25., 3., 0., 0., 0., 0., 0., 4., 59., 66., 2., 0., 11., 29.,
       22., 19., 19., 5., 1., 1., 87., 122., 78., 28., 122., 44., 0., 0.,
       6., 27., 75., 80., 61., 55., 0., 0., 1., 1., 4., 9., 75., 10., 0.,
       0., 0., 11., 21., 85., 5., 0., 0., 0., 2., 51., 82., 27., 8., 5.,
       0., 0., 0., 14., 122., 37., 20., 39., 1., 0., 1., 25., 41., 5.,
       7., 2., 3., 5., 42., 9., 0., 2., 1., 54., 46., 16., 77., 9., 0.,
       0., 3., 74., 121., 4., 1., 0., 0., 0., 5., 34., 34., 25., 2., 0.,
       0., 0., 0., 0., 3., 23., 28., 1., 0., 0., 9., 21., 43., 121.,
       121., 10., 0., 1., 121., 121., 76., 43., 14., 2., 0., 10., 34.,
       40., 19., 74., 29., 4., 0., 3., 0., 0., 0., 6., 11., 1., 0., 0.,
       16., 6., 4., 51., 121., 121., 4., 6., 121., 121., 39., 16., 50.,
       65., 5., 23., 39., 70., 13., 17., 60., 27., 0., 3., 0., 0., 0.,
       0., 0., 0., 0., 0., 0., 0., 1., 0., 46., 71., 0., 0., 45., 68.,
       28., 11., 118., 121., 6., 8., 49., 121., 54., 11., 18., 7., 1.,
       2., 0., 0., 0., 0., 43., 63., 7., 0., 20., 3., 1., 17., 74., 100.,
       26., 8., 134., 9., 1., 5., 5., 11., 16., 54., 16., 0., 0., 0., 3.,
       5., 42., 55., 0., 0., 0., 0., 28., 62., 40., 1., 21., 8., 1., 14.,
       134., 129., 6., 5., 134., 38., 1., 6., 19., 11., 6., 45., 68., 2.,
       2., 10., 6., 9., 36., 48., 0., 0., 0., 0., 16., 43., 46., 5., 5.,
       1., 0., 1., 134., 134., 44., 10., 134., 11., 0., 1., 12., 44.,
       65., 104., 99., 4., 6., 44., 77., 28., 6., 29., 0., 0., 0., 0.,
       3., 16., 13., 1., 0., 0., 0., 1., 32., 120., 63., 3., 27., 11.,
       2., 3., 9., 24., 95., 91., 18., 3., 0., 1., 31., 56., 12., 36.,
       126., 41., 12., 15., 9., 13., 44., 92., 21., 12., 85., 97., 31.,
       1., 0., 3., 36., 91., 81., 14., 9., 4., 1., 11., 26., 34., 3., 0.,
       0., 0., 0., 4., 12., 9., 28., 54., 32., 2., 22., 31., 14., 22.,
       42., 128., 128., 1., 0., 4., 128., 110., 45., 23., 5., 0., 0.,
       10., 74., 47., 14., 0., 0., 0., 0., 2., 1., 8., 70., 92., 40., 0.,
       0., 0., 42., 6., 6., 128., 128., 4., 5., 28., 128., 39., 5., 5.,
       5., 1., 2., 53., 34., 43., 25., 0., 0., 0., 0., 1., 5., 6., 17.,
       75., 68., 1., 0., 1., 46., 58., 9., 63., 40., 2., 6., 29., 128.,
       41., 2., 0., 0., 0., 1., 23., 9., 22., 8., 0., 0., 0., 0., 0., 1.,
       0., 0., 2., 18., 119., 81., 9., 49., 11., 4., 4., 11., 39., 72.,
       81., 38., 32., 11., 2., 7., 36., 20., 41., 8., 5., 5., 2., 5.,
       119., 82., 21., 0., 0., 0., 31., 119., 74., 31., 2., 21., 13., 7.,
       26., 81., 66., 22., 12., 119., 32., 6., 7., 7., 3., 21., 109.,
       21., 2., 3., 5., 7., 66., 58., 51., 0., 1., 5., 8., 53., 97., 63.,
       2., 8., 2., 1., 3., 63., 119., 95., 68., 103., 11., 2., 1., 5.,
       21., 94., 119., 21., 7., 12., 19., 11., 19., 27., 9., 22., 42.,
       48., 27., 18., 23., 19., 27., 2., 2., 1., 3., 14., 26., 49., 119.,
       1., 1., 0., 1., 24., 48., 66., 64., 5., 1., 0., 1., 13., 37., 35.,
       15., 15., 60., 34., 9., 3., 12., 48., 18., 71., 42., 21., 8., 0.,
       2., 52., 58., 66., 24., 4., 2., 5., 4., 64., 61., 1., 1., 3., 8.,
       28., 23., 55., 14., 89., 58., 17., 6., 3., 10., 34., 72., 53.,
       106., 50., 14., 16., 27., 11., 6., 115., 115., 49., 5., 4., 3.,
       4., 25., 24., 12., 7., 5., 8., 8., 21., 55., 5., 0., 0., 0., 10.,
       95., 109., 72., 14., 9., 5., 3., 12., 83., 115., 68., 115., 31.,
       3., 1., 1., 18., 113., 115., 83., 5., 1., 0., 1., 17., 52., 57.,
       19., 1., 0., 0., 5., 81., 46., 22., 8., 0., 2., 7., 6., 43., 105.,
       78., 61., 10., 13., 13., 6., 22., 48., 36., 105., 17., 0., 0., 0.,
       1., 11., 10., 12., 7., 32., 26., 20., 2., 2., 4., 10., 7., 11.,
       11., 30., 10., 19., 36., 10., 26., 6., 1., 5., 34., 49., 26., 66.,
       70., 1., 0., 1., 8., 16., 10., 8., 19., 67., 84., 15., 1., 1., 1.,
       134., 52., 26., 3., 0., 1., 24., 89., 42., 2., 0., 0., 0., 89.,
       134., 70., 34., 4., 0., 0., 0., 66., 95., 37., 14., 8., 26., 51.,
       20., 4., 53., 101., 134., 40., 7., 1., 0., 3., 53., 115., 134.,
       15., 0., 0., 0., 47., 27., 39., 1., 0., 0., 0., 2., 81., 48., 23.,
       8., 0., 0., 1., 22., 24., 79., 134., 127., 1., 0., 1., 25., 30.,
       68., 89., 95., 1., 1., 1., 2., 4., 4., 41., 3., 1., 2., 3., 13.,
       21., 7., 11., 48., 66., 37., 35., 3., 0., 0., 15., 36., 81., 27.,
       1., 0., 0., 0., 3., 8., 51., 22., 2., 5., 1., 0., 0., 2., 7., 3.,
       14., 82., 25., 1., 0., 116., 21., 9., 19., 19., 0., 0., 46., 31.,
       40., 116., 82., 22., 0., 0., 7., 72., 116., 73., 11., 2., 0., 0.,
       2., 12., 21., 6., 81., 111., 0., 0., 0., 116., 64., 9., 27., 30.,
       0., 0., 4., 36., 16., 20., 72., 116., 11., 6., 20., 116., 59.,
       20., 11., 8., 2., 3., 39., 24., 11., 16., 73., 116., 22., 0., 1.,
       73., 85., 27., 25., 7., 1., 0., 1., 11., 41., 71., 79., 17., 6.,
       4., 8., 45., 113., 80., 33., 5., 1., 2., 10., 2., 47., 116., 49.,
