%YAML:1.0
---
mat: !!opencv-matrix
   rows: 73
   cols: 128
   dt: f
   data: [ 0., 0., 0., 0., 0., 0., 0., 0., 1., 0., 0., 16., 32., 2., 1.,
       0., 3., 1., 0., 19., 82., 63., 38., 6., 0., 0., 0., 1., 9., 67.,
       24., 0., 0., 0., 0., 2., 3., 0., 0., 0., 22., 10., 6., 73., 54.,
       1., 1., 1., 154., 18., 5., 18., 26., 63., 55., 47., 7., 0., 0.,
       0., 138., 153., 28., 7., 0., 0., 0., 24., 23., 0., 0., 0., 63.,
       12., 3., 116., 104., 0., 0., 0., 154., 18., 2., 11., 61., 6., 1.,
       7., 25., 0., 0., 2., 154., 18., 1., 2., 0., 0., 0., 63., 42., 0.,
       0., 0., 82., 4., 2., 90., 59., 0., 0., 1., 154., 3., 0., 3., 49.,
       1., 0., 6., 19., 0., 0., 4., 154., 13., 8., 13., 0., 0., 0., 0.,
       0., 0., 0., 0., 1., 0., 0., 23., 41., 3., 1., 1., 2., 1., 0., 27.,
       82., 52., 39., 5., 0., 0., 0., 0., 4., 40., 20., 0., 0., 0., 0.,
       2., 4., 0., 0., 0., 26., 12., 5., 78., 69., 1., 1., 2., 155., 21.,
       5., 18., 29., 79., 69., 41., 6., 0., 0., 0., 112., 150., 30., 5.,
       0., 0., 0., 22., 27., 0., 0., 0., 65., 9., 2., 106., 123., 0., 0.,
       0., 155., 21., 1., 10., 69., 9., 2., 9., 22., 1., 0., 2., 155.,
       23., 1., 2., 0., 0., 0., 61., 45., 0., 0., 0., 72., 3., 1., 81.,
       65., 0., 0., 1., 155., 7., 0., 3., 55., 1., 0., 3., 18., 1., 0.,
       4., 155., 4., 2., 6., 15., 0., 0., 0., 4., 4., 0., 1., 141., 0.,
       0., 0., 0., 0., 0., 19., 141., 4., 1., 0., 0., 0., 0., 6., 1., 1.,
       1., 0., 0., 0., 0., 0., 23., 1., 0., 0., 9., 18., 0., 4., 141.,
       34., 2., 0., 0., 0., 0., 37., 135., 41., 25., 1., 0., 0., 0., 9.,
       0., 3., 16., 3., 0., 0., 0., 0., 11., 6., 0., 0., 51., 138., 0.,
       0., 92., 141., 43., 0., 3., 4., 0., 2., 19., 141., 141., 0., 0.,
       0., 0., 0., 0., 59., 141., 2., 0., 0., 0., 0., 0., 4., 1., 1.,
       141., 141., 0., 0., 0., 17., 15., 1., 29., 27., 0., 0., 0., 43.,
       76., 0., 0., 1., 0., 0., 0., 34., 102., 2., 0., 0., 0., 0., 11.,
       2., 32., 151., 0., 0., 0., 30., 151., 13., 20., 40., 12., 0., 0.,
       23., 74., 2., 0., 37., 151., 1., 0., 10., 32., 0., 0., 9., 71.,
       2., 1., 74., 39., 4., 19., 55., 0., 0., 0., 2., 151., 20., 3., 7.,
       26., 0., 0., 30., 74., 6., 2., 35., 151., 8., 2., 22., 64., 0.,
       0., 2., 43., 5., 3., 107., 28., 17., 1., 0., 0., 0., 0., 0., 145.,
       151., 33., 11., 9., 0., 0., 2., 34., 66., 48., 47., 126., 12., 5.,
       29., 30., 0., 0., 0., 10., 4., 4., 54., 4., 11., 3., 0., 0., 0.,
       0., 0., 24., 59., 18., 0., 0., 0., 0., 9., 90., 39., 17., 3., 1.,
       0., 0., 39., 10., 0., 0., 0., 0., 0., 0., 8., 0., 0., 0., 7., 22.,
       1., 0., 0., 1., 0., 0., 24., 102., 45., 26., 2., 0., 0., 0., 2.,
       12., 51., 24., 0., 0., 0., 0., 0., 3., 11., 2., 0., 8., 5., 3.,
       38., 35., 1., 0., 0., 116., 18., 4., 21., 34., 75., 65., 37., 9.,
       0., 0., 0., 130., 155., 39., 8., 0., 0., 0., 0., 25., 18., 3., 3.,
       24., 8., 2., 76., 86., 0., 0., 0., 155., 36., 3., 19., 64., 11.,
       2., 7., 40., 2., 0., 0., 155., 45., 3., 4., 2., 0., 0., 0., 46.,
       7., 9., 85., 34., 4., 1., 77., 64., 0., 0., 0., 155., 15., 1., 7.,
       42., 2., 0., 1., 39., 2., 0., 0., 155., 32., 12., 27., 5., 0., 0.,
       25., 24., 6., 12., 155., 29., 2., 0., 48., 46., 0., 0., 0., 147.,
       12., 0., 3., 29., 1., 0., 0., 27., 2., 0., 1., 147., 8., 1., 2.,
       4., 0., 0., 1., 30., 3., 3., 75., 44., 1., 0., 34., 29., 0., 0.,
       1., 147., 6., 0., 0., 29., 4., 0., 7., 37., 1., 0., 0., 147., 39.,
       15., 38., 7., 0., 0., 47., 24., 6., 11., 147., 47., 1., 0., 9.,
       11., 0., 0., 2., 147., 17., 0., 0., 10., 6., 1., 6., 42., 4., 1.,
       47., 61., 57., 41., 29., 1., 0., 0., 147., 30., 3., 13., 42., 27.,
       4., 0., 2., 2., 0., 0., 1., 138., 90., 23., 6., 0., 0., 0., 1.,
       18., 27., 45., 147., 12., 4., 3., 0., 0., 0., 0., 110., 15., 0.,
       0., 0., 0., 0., 1., 2., 1., 1., 0., 0., 25., 1., 2., 6., 5., 3.,
       1., 14., 108., 0., 0., 0., 0., 0., 8., 138., 11., 0., 0., 1., 6.,
       5., 73., 133., 0., 0., 1., 0., 0., 2., 11., 0., 75., 2., 2., 1.,
       0., 36., 59., 16., 138., 19., 1., 0., 1., 4., 5., 96., 54., 8.,
       3., 8., 50., 13., 8., 35., 0., 0., 0., 1., 2., 8., 13., 0., 23.,
       7., 1., 22., 106., 129., 68., 4., 138., 138., 17., 12., 33., 19.,
       4., 4., 29., 78., 94., 25., 13., 3., 0., 0., 0., 0., 0., 5., 4.,
       1., 0., 0., 0., 2., 1., 85., 138., 5., 0., 0., 11., 122., 24.,
       25., 49., 0., 0., 0., 2., 86., 138., 4., 0., 0., 0., 0., 1., 0.,
       0., 1., 2., 4., 7., 0., 81., 26., 1., 1., 1., 2., 2., 1., 107.,
       14., 0., 0., 0., 0., 0., 9., 0., 0., 0., 0., 0., 0., 0., 0., 0.,
       0., 0., 0., 0., 23., 142., 27., 87., 5., 0., 0., 1., 91., 122.,
       16., 142., 31., 5., 0., 0., 7., 6., 34., 6., 4., 2., 0., 0., 0.,
       0., 1., 11., 1., 0., 0., 0., 22., 142., 113., 16., 4., 1., 1.,
       76., 142., 142., 16., 67., 82., 96., 18., 80., 71., 7., 7., 2.,
       10., 41., 5., 1., 0., 0., 0., 43., 13., 2., 2., 0., 2., 7., 31.,
       13., 9., 4., 46., 142., 71., 8., 4., 0., 1., 19., 36., 142., 39.,
       0., 0., 0., 0., 11., 6., 8., 1., 1., 1., 0., 0., 0., 0., 0., 0.,
       0., 0., 0., 0., 0., 2., 18., 20., 0., 0., 0., 1., 0., 1., 21.,
       51., 26., 51., 0., 0., 0., 0., 0., 2., 120., 112., 0., 0., 14.,
       13., 0., 0., 0., 0., 8., 3., 70., 131., 49., 16., 0., 2., 96., 5.,
       10., 38., 47., 35., 29., 131., 24., 3., 1., 9., 3., 8., 115.,
       131., 0., 0., 36., 107., 1., 0., 0., 0., 55., 19., 79., 131., 0.,
       0., 0., 2., 131., 131., 13., 8., 0., 0., 0., 48., 45., 74., 36.,
       27., 2., 1., 2., 25., 0., 0., 2., 76., 6., 0., 0., 0., 22., 14.,
       1., 11., 1., 0., 2., 2., 69., 131., 5., 0., 0., 0., 0., 0., 5.,
       131., 81., 3., 0., 0., 0., 0., 1., 1., 0., 1., 2., 4., 8., 0.,
       54., 17., 0., 3., 5., 4., 2., 0., 139., 22., 0., 0., 0., 0., 0.,
       8., 3., 0., 0., 0., 0., 0., 0., 1., 0., 0., 0., 0., 0., 21., 139.,
       32., 52., 3., 0., 0., 3., 130., 112., 8., 139., 42., 8., 0., 1.,
       17., 5., 20., 19., 9., 7., 0., 0., 0., 0., 3., 12., 4., 0., 0.,
       0., 12., 139., 96., 12., 3., 0., 0., 84., 139., 111., 20., 64.,
       94., 92., 9., 99., 101., 4., 3., 4., 21., 69., 6., 1., 0., 0., 0.,
       34., 21., 2., 0., 0., 2., 5., 17., 23., 17., 5., 34., 139., 50.,
       4., 5., 0., 1., 12., 25., 139., 47., 0., 1., 2., 1., 11., 2., 8.,
       2., 1., 4., 0., 0., 0., 0., 0., 0., 0., 0., 0., 0., 0., 1., 25.,
       64., 3., 2., 12., 1., 1., 0., 11., 31., 13., 129., 3., 0., 0., 0.,
       1., 4., 117., 129., 0., 0., 9., 33., 1., 1., 0., 0., 18., 2., 23.,
       129., 85., 47., 2., 7., 129., 10., 4., 21., 31., 20., 6., 129.,
       32., 6., 6., 27., 14., 5., 32., 129., 0., 0., 17., 129., 7., 0.,
       0., 0., 53., 16., 27., 129., 4., 0., 0., 3., 129., 129., 17., 7.,
       0., 0., 0., 20., 16., 74., 51., 23., 9., 0., 0., 4., 0., 0., 1.,
       82., 24., 0., 1., 2., 11., 8., 0., 12., 3., 0., 3., 5., 29., 129.,
       12., 0., 0., 0., 0., 1., 1., 119., 82., 3., 0., 0., 0., 0., 0.,
       1., 61., 72., 10., 2., 0., 1., 1., 0., 3., 17., 12., 10., 21.,
       10., 33., 32., 0., 0., 0., 19., 16., 1., 55., 55., 0., 0., 0., 1.,
       0., 0., 18., 1., 3., 1., 1., 14., 12., 6., 114., 4., 1., 0., 0.,
       28., 76., 112., 19., 8., 2., 1., 8., 130., 82., 22., 78., 61., 0.,
       0., 2., 53., 2., 1., 33., 5., 0., 0., 50., 118., 23., 4., 130.,
       41., 19., 10., 10., 14., 6., 20., 30., 72., 68., 21., 26., 130.,
       9., 6., 39., 38., 1., 0., 7., 130., 11., 3., 34., 29., 0., 0.,
       80., 94., 1., 1., 130., 18., 3., 12., 52., 31., 1., 4., 18., 117.,
       31., 36., 83., 7., 0., 0., 3., 128., 30., 7., 7., 85., 5., 1.,
       12., 2., 1., 68., 35., 0., 0., 0., 137., 8., 2., 30., 57., 6., 0.,
       13., 32., 0., 0., 8., 137., 32., 28., 52., 5., 1., 3., 51., 13.,
       10., 40., 90., 39., 2., 1., 86., 65., 0., 0., 2., 137., 27., 8.,
