%YAML:1.0
---
mat: !!opencv-matrix
   rows: 81
   cols: 128
   dt: f
   data: [ 126., 23., 4., 3., 2., 18., 12., 82., 83., 4., 8., 80., 19.,
       0., 2., 56., 39., 5., 13., 90., 58., 6., 1., 17., 92., 2., 1., 1.,
       2., 1., 1., 45., 126., 32., 10., 15., 18., 46., 11., 39., 48.,
       28., 52., 126., 46., 2., 1., 9., 126., 58., 54., 96., 6., 1., 1.,
       18., 96., 36., 27., 0., 0., 0., 0., 13., 34., 44., 52., 16., 14.,
       4., 2., 10., 19., 12., 40., 83., 108., 45., 25., 24., 126., 43.,
       27., 10., 8., 11., 19., 76., 28., 47., 83., 0., 0., 0., 0., 1.,
       0., 25., 67., 1., 0., 0., 0., 0., 1., 19., 91., 4., 4., 5., 4.,
       3., 9., 46., 104., 0., 0., 1., 3., 8., 1., 33., 126., 1., 0., 0.,
       0., 0., 0., 0., 0., 0., 0., 0., 9., 32., 7., 9., 7., 3., 1., 0.,
       21., 106., 13., 14., 4., 1., 6., 23., 48., 77., 13., 28., 41., 6.,
       9., 27., 36., 38., 0., 0., 0., 1., 9., 16., 55., 124., 24., 48.,
       39., 42., 73., 69., 23., 39., 131., 104., 19., 7., 8., 46., 26.,
       34., 19., 11., 39., 10., 55., 131., 35., 9., 0., 0., 0., 0., 3.,
       25., 50., 100., 16., 4., 1., 3., 42., 131., 62., 28., 131., 21.,
       1., 1., 5., 58., 36., 77., 66., 8., 0., 2., 72., 131., 9., 7., 1.,
       0., 0., 0., 0., 2., 24., 76., 1., 0., 0., 0., 23., 126., 30., 17.,
       65., 41., 6., 2., 29., 78., 8., 13., 38., 82., 4., 2., 50., 27.,
       0., 0., 0., 0., 0., 1., 0., 0., 26., 63., 1., 4., 17., 15., 1.,
       0., 21., 39., 16., 15., 11., 2., 4., 5., 9., 37., 3., 1., 2., 13.,
       72., 47., 6., 12., 2., 0., 0., 10., 22., 6., 12., 31., 18., 39.,
       70., 129., 105., 26., 6., 7., 129., 127., 47., 18., 6., 7., 6.,
       28., 33., 2., 1., 2., 72., 106., 12., 18., 42., 31., 26., 5., 17.,
       24., 6., 18., 29., 6., 4., 17., 120., 129., 36., 27., 129., 49.,
       3., 3., 12., 42., 25., 65., 77., 13., 0., 0., 53., 64., 5., 12.,
       78., 34., 27., 6., 0., 5., 8., 102., 15., 12., 2., 0., 63., 129.,
       11., 15., 124., 53., 1., 2., 45., 69., 5., 6., 83., 57., 1., 0.,
       9., 13., 0., 0., 4., 11., 30., 44., 119., 39., 10., 5., 119., 2.,
       1., 7., 53., 31., 20., 119., 119., 0., 0., 12., 80., 7., 1., 71.,
       88., 1., 0., 6., 36., 6., 2., 29., 16., 10., 31., 48., 25., 117.,
       45., 8., 119., 23., 7., 17., 7., 27., 20., 89., 70., 17., 19.,
       119., 50., 4., 1., 26., 111., 29., 11., 18., 13., 2., 1., 11., 3.,
       7., 51., 36., 11., 79., 30., 4., 98., 40., 26., 30., 18., 40.,
       17., 19., 54., 35., 31., 119., 65., 11., 5., 9., 107., 74., 37.,
       9., 1., 1., 2., 7., 0., 15., 52., 42., 1., 0., 0., 0., 4., 38.,
       77., 8., 4., 1., 0., 0., 9., 8., 68., 16., 20., 9., 5., 6., 17.,
       23., 86., 1., 0., 1., 2., 5., 40., 95., 31., 5., 16., 81., 94.,
       23., 113., 70., 1., 2., 5., 8., 30., 87., 46., 6., 1., 33., 113.,
       2., 0., 10., 90., 4., 1., 26., 45., 2., 1., 17., 22., 13., 1.,
       21., 56., 113., 104., 17., 113., 61., 1., 17., 46., 35., 11., 20.,
       74., 15., 5., 95., 113., 0., 0., 5., 102., 11., 3., 38., 73., 6.,
       1., 12., 13., 4., 11., 107., 68., 7., 2., 7., 113., 14., 7., 59.,
       51., 5., 2., 29., 61., 28., 15., 113., 81., 17., 13., 18., 75.,
       35., 13., 46., 30., 11., 5., 13., 3., 1., 41., 25., 22., 8., 5.,
       6., 22., 7., 58., 12., 11., 5., 4., 13., 8., 3., 57., 10., 21.,
       21., 23., 19., 12., 3., 50., 7., 6., 7., 6., 14., 1., 3., 4., 5.,
       1., 0., 55., 113., 10., 10., 6., 5., 13., 12., 26., 55., 64., 22.,
       9., 10., 25., 17., 6., 19., 53., 6., 0., 0., 6., 7., 16., 29.,
       13., 15., 15., 28., 48., 36., 14., 18., 114., 46., 17., 13., 29.,
       47., 11., 31., 84., 46., 8., 2., 90., 98., 5., 12., 65., 62.,
       111., 33., 17., 10., 2., 9., 54., 31., 6., 2., 25., 85., 14., 26.,
       114., 35., 0., 1., 29., 73., 11., 25., 49., 29., 7., 3., 62.,
       114., 13., 3., 2., 23., 114., 65., 43., 114., 43., 1., 104., 59.,
       7., 5., 24., 27., 3., 11., 74., 41., 0., 1., 52., 68., 2., 2.,
       69., 53., 0., 3., 45., 49., 2., 1., 3., 7., 13., 46., 96., 114.,
       49., 3., 51., 20., 1., 2., 13., 1., 1., 3., 9., 3., 1., 48., 126.,
       7., 2., 3., 126., 12., 2., 20., 35., 3., 2., 22., 35., 1., 6.,
       55., 93., 1., 0., 2., 124., 21., 1., 12., 22., 0., 0., 10., 23.,
       3., 1., 74., 126., 10., 2., 6., 126., 8., 2., 15., 32., 5., 3.,
       34., 26., 2., 1., 60., 126., 35., 15., 2., 91., 12., 8., 57., 32.,
       0., 0., 17., 46., 25., 20., 126., 126., 1., 0., 3., 126., 57.,
       16., 24., 11., 0., 0., 10., 10., 6., 47., 94., 48., 37., 18., 1.,
       29., 9., 11., 45., 47., 9., 1., 3., 39., 12., 9., 72., 91., 46.,
       53., 46., 110., 27., 8., 12., 7., 2., 12., 54., 2., 2., 13., 38.,
       30., 37., 32., 1., 10., 9., 8., 5., 19., 9., 4., 10., 23., 18.,
       31., 71., 104., 49., 8., 14., 122., 48., 20., 10., 5., 8., 7.,
       56., 15., 2., 1., 4., 79., 46., 6., 14., 60., 24., 16., 1., 11.,
       22., 11., 84., 29., 1., 0., 1., 122., 122., 21., 28., 122., 10.,
       0., 0., 13., 19., 11., 66., 32., 1., 0., 2., 113., 58., 3., 10.,
       90., 77., 45., 9., 6., 7., 5., 42., 31., 10., 1., 3., 122., 82.,
       2., 6., 122., 62., 3., 5., 40., 17., 1., 9., 47., 14., 0., 0.,
       39., 37., 2., 1., 122., 35., 8., 3., 3., 3., 4., 26., 45., 9., 1.,
       2., 120., 56., 1., 3., 122., 36., 2., 3., 58., 37., 3., 10., 66.,
       18., 0., 0., 6., 9., 0., 1., 6., 23., 36., 16., 14., 37., 28., 7.,
       3., 8., 13., 30., 123., 62., 10., 6., 123., 0., 0., 3., 60., 35.,
       16., 116., 123., 0., 0., 5., 40., 3., 0., 58., 0., 18., 69., 25.,
       33., 88., 12., 0., 13., 15., 60., 105., 63., 65., 23., 6., 123.,
       19., 5., 13., 16., 18., 19., 123., 86., 3., 3., 36., 40., 4., 1.,
       53., 0., 1., 21., 12., 16., 98., 28., 0., 9., 3., 14., 15., 14.,
       123., 87., 7., 123., 30., 7., 9., 6., 56., 34., 30., 52., 25.,
       21., 123., 32., 1., 0., 1., 0., 1., 68., 26., 1., 0., 1., 0., 0.,
       11., 72., 66., 7., 15., 3., 0., 19., 37., 43., 11., 8., 15., 4.,
       4., 10., 11., 24., 40., 45., 10., 4., 4., 2., 1., 14., 16., 4.,
       9., 53., 42., 0., 0., 13., 50., 16., 46., 125., 7., 5., 2., 11.,
       51., 26., 24., 45., 18., 1., 0., 1., 5., 53., 34., 2., 1., 2.,
       12., 125., 86., 0., 0., 9., 19., 11., 17., 125., 125., 9., 5., 6.,
       2., 125., 25., 45., 72., 8., 16., 7., 27., 14., 1., 0., 2., 27.,
       88., 35., 10., 26., 23., 125., 66., 0., 0., 16., 107., 35., 22.,
       42., 35., 12., 51., 85., 102., 125., 28., 4., 6., 7., 30., 25.,
       33., 35., 9., 0., 1., 8., 49., 14., 11., 7., 2., 3., 7., 11., 5.,
       86., 125., 17., 14., 4., 5., 40., 53., 40., 77., 90., 3., 0., 0.,
       30., 47., 19., 62., 42., 1., 0., 0., 12., 31., 6., 29., 17., 18.,
       13., 9., 128., 128., 0., 0., 128., 95., 2., 2., 45., 20., 1., 3.,
       114., 19., 0., 0., 52., 21., 4., 11., 62., 10., 1., 6., 6., 0.,
       0., 6., 11., 5., 21., 35., 128., 83., 10., 8., 128., 22., 1., 8.,
       53., 45., 11., 77., 123., 27., 5., 22., 53., 26., 2., 14., 63.,
       35., 12., 11., 10., 0., 0., 1., 4., 1., 14., 43., 38., 95., 52.,
       3., 128., 46., 11., 30., 21., 36., 44., 31., 51., 77., 31., 104.,
       50., 4., 1., 3., 24., 83., 84., 26., 1., 0., 0., 0., 0., 0., 41.,
       67., 4., 19., 12., 0., 6., 11., 63., 53., 6., 12., 11., 3., 8.,
       14., 50., 37., 21., 3., 1., 1., 5., 14., 65., 21., 0., 0., 0., 0.,
       25., 29., 20., 2., 0., 0., 0., 1., 10., 16., 44., 35., 7., 1., 3.,
       6., 20., 14., 33., 62., 38., 7., 4., 4., 53., 46., 11., 55., 76.,
       6., 3., 6., 62., 29., 6., 10., 5., 0., 0., 1., 26., 12., 31.,
       117., 88., 0., 0., 2., 117., 53., 43., 70., 49., 6., 1., 11., 80.,
       10., 16., 47., 110., 20., 19., 78., 28., 36., 11., 16., 9., 3.,
       3., 4., 28., 20., 11., 95., 117., 22., 3., 2., 117., 102., 59.,
       51., 34., 7., 1., 13., 11., 10., 117., 117., 10., 13., 10., 20.,
