%YAML:1.0
---
mat: !!opencv-matrix
   rows: 103
   cols: 128
   dt: f
   data: [ 16., 82., 135., 20., 3., 4., 2., 7., 56., 122., 75., 8., 9.,
       9., 2., 3., 9., 13., 15., 25., 68., 19., 1., 1., 0., 1., 4., 4.,
       3., 0., 0., 0., 38., 28., 16., 6., 87., 61., 46., 26., 135., 75.,
       8., 2., 22., 14., 3., 32., 49., 6., 0., 10., 135., 64., 4., 18.,
       0., 0., 0., 2., 10., 3., 0., 0., 12., 2., 0., 1., 99., 135., 135.,
       6., 135., 21., 0., 0., 11., 56., 133., 107., 68., 4., 0., 0., 45.,
       89., 11., 26., 0., 0., 0., 0., 2., 5., 0., 0., 0., 0., 2., 5., 4.,
       57., 78., 1., 9., 0., 1., 4., 3., 28., 114., 44., 5., 0., 0., 2.,
       6., 11., 8., 14., 0., 0., 0., 0., 0., 0., 0., 0., 0., 0., 0., 6.,
       4., 2., 10., 2., 0., 1., 37., 70., 5., 2., 4., 0., 22., 41., 69.,
       27., 0., 0., 1., 1., 20., 12., 1., 0., 0., 0., 6., 7., 0., 0., 0.,
       21., 58., 8., 3., 2., 9., 11., 57., 139., 139., 21., 1., 2., 139.,
       80., 73., 44., 7., 4., 1., 11., 97., 8., 0., 0., 1., 1., 3., 9.,
       0., 0., 0., 2., 55., 38., 4., 2., 12., 4., 2., 21., 139., 139.,
       8., 10., 139., 46., 3., 8., 26., 31., 10., 35., 110., 20., 0., 0.,
       0., 0., 2., 3., 1., 0., 0., 0., 21., 13., 2., 2., 1., 3., 2., 11.,
       139., 66., 0., 0., 109., 129., 6., 13., 72., 15., 0., 3., 117.,
       75., 0., 0., 0., 0., 1., 3., 2., 1., 3., 72., 137., 19., 0., 1.,
       137., 33., 16., 37., 44., 7., 1., 17., 137., 16., 1., 1., 1., 0.,
       0., 5., 0., 1., 1., 4., 3., 0., 0., 0., 2., 1., 1., 32., 137.,
       50., 3., 2., 137., 13., 2., 10., 58., 26., 11., 78., 137., 9., 2.,
       1., 0., 0., 0., 22., 1., 1., 2., 5., 3., 0., 0., 0., 4., 5., 6.,
       104., 137., 12., 9., 5., 137., 66., 11., 28., 35., 6., 13., 70.,
       131., 25., 3., 1., 0., 0., 0., 14., 0., 3., 8., 4., 0., 0., 0.,
       0., 1., 0., 0., 18., 74., 47., 79., 17., 56., 1., 0., 1., 6., 8.,
       78., 137., 40., 3., 3., 2., 0., 0., 0., 30., 1., 2., 6., 7., 0.,
       0., 0., 0., 0., 2., 0., 0., 0., 0., 0., 0., 7., 14., 0., 1., 3.,
       0., 0., 0., 6., 12., 13., 18., 9., 0., 0., 2., 11., 8., 3., 1.,
       0., 0., 6., 33., 8., 25., 12., 14., 11., 4., 1., 1., 127., 127.,
       15., 10., 27., 14., 3., 11., 98., 52., 22., 46., 127., 63., 2.,
       6., 127., 52., 6., 3., 5., 5., 5., 40., 7., 2., 1., 4., 8., 13.,
       43., 11., 127., 15., 2., 2., 12., 25., 101., 127., 96., 16., 0.,
       0., 127., 127., 7., 33., 127., 81., 0., 0., 29., 36., 2., 7., 0.,
       0., 0., 0., 0., 0., 13., 4., 6., 1., 4., 1., 0., 2., 51., 69., 8.,
       6., 4., 1., 92., 111., 5., 18., 59., 116., 6., 1., 69., 72., 4.,
       3., 0., 0., 0., 1., 0., 6., 45., 12., 0., 2., 15., 8., 1., 3.,
       38., 10., 2., 10., 12., 1., 0., 1., 40., 11., 1., 0., 0., 0., 0.,
       3., 42., 7., 0., 0., 0., 16., 42., 15., 19., 9., 11., 31., 128.,
       147., 111., 15., 4., 2., 146., 147., 97., 18., 3., 2., 5., 8.,
       31., 7., 0., 0., 0., 2., 25., 12., 0., 0., 3., 29., 81., 17., 4.,
       3., 42., 10., 14., 57., 147., 73., 4., 14., 147., 35., 8., 7.,
       22., 11., 3., 51., 66., 1., 0., 0., 0., 0., 2., 25., 0., 2., 11.,
       62., 97., 6., 1., 1., 20., 13., 18., 58., 147., 35., 8., 17.,
       147., 62., 3., 6., 14., 10., 6., 68., 47., 8., 0., 0., 0., 0.,
       10., 20., 75., 21., 2., 3., 3., 6., 1., 0., 205., 100., 0., 1.,
       0., 0., 1., 2., 52., 12., 4., 5., 2., 1., 12., 28., 18., 8., 3.,
       2., 0., 0., 6., 15., 73., 11., 4., 7., 21., 35., 9., 6., 205.,
       37., 1., 0., 0., 1., 0., 18., 119., 6., 10., 11., 5., 0., 3., 23.,
       19., 3., 8., 6., 1., 0., 1., 21., 76., 1., 11., 22., 20., 14., 2.,
       12., 205., 7., 1., 0., 0., 1., 0., 61., 102., 11., 8., 6., 2., 0.,
       2., 39., 16., 5., 1., 1., 1., 1., 3., 19., 83., 1., 1., 4., 4.,
       0., 0., 28., 205., 1., 2., 1., 0., 0., 0., 120., 46., 13., 8., 2.,
       0., 0., 1., 34., 8., 5., 2., 1., 1., 1., 1., 7., 84., 36., 1., 2.,
       1., 2., 0., 0., 200., 127., 2., 1., 0., 1., 0., 0., 43., 15., 16.,
       12., 4., 8., 7., 9., 10., 4., 9., 2., 0., 0., 5., 20., 83., 10.,
       1., 1., 4., 10., 1., 2., 200., 52., 0., 0., 0., 0., 0., 3., 107.,
       10., 4., 5., 3., 3., 6., 7., 23., 6., 3., 1., 0., 0., 3., 19.,
       88., 5., 6., 5., 7., 8., 1., 9., 200., 6., 0., 0., 0., 0., 0.,
       52., 110., 3., 4., 4., 2., 2., 19., 39., 16., 4., 6., 3., 1., 1.,
       18., 23., 85., 2., 2., 5., 20., 16., 2., 34., 200., 1., 1., 0.,
       0., 0., 0., 111., 58., 2., 9., 8., 3., 0., 2., 29., 8., 2., 10.,
       4., 1., 0., 1., 19., 0., 1., 2., 20., 98., 11., 1., 1., 111., 32.,
       9., 20., 61., 11., 2., 19., 36., 8., 6., 20., 101., 35., 14., 16.,
       9., 27., 49., 6., 8., 6., 65., 37., 2., 2., 1., 23., 125., 8., 0.,
       1., 125., 30., 3., 23., 105., 6., 0., 10., 57., 12., 10., 57.,
       125., 9., 2., 5., 10., 46., 42., 15., 19., 14., 22., 11., 3., 0.,
       0., 1., 125., 15., 0., 1., 125., 2., 0., 0., 118., 14., 0., 18.,
       59., 6., 6., 8., 125., 77., 1., 3., 43., 63., 19., 5., 34., 31.,
       3., 11., 2., 0., 0., 2., 125., 11., 0., 2., 125., 0., 0., 2., 72.,
       11., 0., 34., 37., 0., 0., 42., 93., 56., 1., 6., 31., 30., 7.,
       33., 33., 41., 4., 20., 64., 56., 0., 3., 6., 17., 20., 2., 180.,
       156., 2., 0., 0., 1., 1., 4., 38., 19., 21., 1., 0., 1., 4., 13.,
       42., 12., 3., 1., 0., 0., 1., 3., 55., 7., 10., 41., 14., 12., 7.,
       1., 180., 46., 1., 1., 1., 1., 4., 17., 94., 9., 6., 1., 1., 7.,
       50., 27., 41., 1., 1., 0., 1., 3., 11., 18., 61., 1., 3., 5., 3.,
       15., 3., 16., 180., 12., 2., 0., 0., 0., 0., 85., 91., 32., 24.,
       1., 1., 2., 8., 22., 26., 4., 4., 1., 1., 2., 2., 20., 69., 0.,
       5., 6., 21., 22., 1., 81., 180., 0., 0., 0., 0., 0., 1., 180.,
       31., 2., 0., 0., 0., 0., 1., 57., 14., 0., 0., 0., 0., 0., 0.,
       24., 0., 1., 2., 34., 120., 29., 2., 1., 123., 28., 7., 25., 52.,
       35., 14., 68., 89., 6., 0., 0., 0., 1., 5., 34., 0., 0., 0., 0.,
       0., 2., 8., 3., 6., 2., 2., 52., 136., 3., 1., 1., 136., 41., 11.,
       34., 76., 0., 0., 44., 110., 30., 22., 0., 0., 1., 2., 23., 2.,
       5., 2., 0., 0., 4., 5., 2., 10., 2., 0., 22., 136., 13., 3., 2.,
       136., 42., 20., 19., 85., 6., 5., 27., 104., 102., 84., 20., 7.,
       0., 0., 4., 52., 24., 3., 0., 1., 2., 3., 5., 2., 0., 1., 4.,
       105., 83., 29., 8., 36., 2., 3., 11., 76., 42., 68., 68., 136.,
       15., 4., 15., 52., 4., 1., 14., 88., 2., 0., 0., 1., 1., 1., 8.,
       89., 33., 0., 0., 5., 2., 0., 0., 206., 109., 0., 0., 0., 0., 0.,
       2., 63., 16., 2., 1., 0., 0., 0., 13., 7., 9., 3., 0., 1., 1., 1.,
       5., 77., 10., 0., 0., 5., 6., 1., 0., 206., 67., 0., 0., 0., 0.,
       0., 2., 114., 19., 5., 1., 1., 5., 3., 3., 7., 20., 8., 1., 0.,
       2., 1., 1., 70., 2., 1., 4., 8., 2., 0., 6., 206., 8., 0., 0., 0.,
       0., 0., 47., 121., 6., 8., 9., 3., 3., 1., 10., 6., 10., 7., 3.,
       1., 1., 1., 6., 79., 4., 2., 8., 17., 9., 1., 16., 206., 2., 0.,
       0., 0., 0., 0., 93., 59., 2., 3., 8., 7., 6., 4., 13., 13., 10.,
       3., 1., 1., 1., 5., 8., 1., 2., 0., 12., 5., 2., 4., 1., 133.,
       91., 0., 0., 0., 1., 1., 0., 165., 117., 2., 0., 0., 0., 0., 1.,
       39., 4., 1., 0., 0., 0., 0., 8., 0., 0., 1., 4., 7., 54., 75., 0.,
       143., 22., 0., 1., 7., 32., 9., 4., 165., 48., 0., 0., 0., 0., 0.,
       8., 67., 3., 0., 0., 0., 0., 0., 13., 0., 0., 70., 62., 16., 30.,
       21., 0., 136., 2., 12., 27., 18., 19., 3., 19., 165., 2., 0., 0.,
       0., 0., 0., 48., 68., 2., 0., 0., 0., 0., 0., 14., 1., 0., 21.,
       10., 2., 5., 0., 1., 133., 1., 5., 3., 0., 1., 0., 69., 165., 0.,
       0., 0., 0., 0., 0., 108., 36., 1., 0., 0., 0., 0., 0., 13., 0.,
       1., 2., 5., 5., 70., 175., 0., 3., 3., 1., 5., 5., 27., 175., 48.,
       4., 8., 7., 6., 6., 3., 175., 120., 6., 9., 3., 3., 8., 12., 175.,
       94., 9., 12., 20., 44., 39., 13., 26., 2., 93., 15., 4., 20., 33.,
