%YAML:1.0
---
mat: !!opencv-matrix
   rows: 129
   cols: 128
   dt: f
   data: [ 2., 0., 0., 0., 0., 0., 0., 0., 134., 0., 0., 0., 5., 0., 0.,
       28., 70., 0., 0., 2., 64., 4., 1., 11., 3., 0., 0., 0., 5., 1.,
       2., 13., 9., 0., 0., 0., 0., 0., 0., 0., 134., 17., 1., 0., 3.,
       3., 2., 28., 73., 18., 4., 0., 29., 36., 64., 16., 1., 3., 1., 0.,
       1., 8., 113., 12., 9., 8., 0., 0., 0., 0., 0., 0., 134., 134.,
       22., 0., 0., 1., 4., 12., 31., 134., 134., 0., 0., 8., 37., 11.,
       1., 85., 134., 0., 0., 4., 76., 5., 18., 3., 0., 0., 0., 0., 0.,
       2., 134., 49., 8., 1., 1., 11., 32., 107., 27., 45., 50., 6., 8.,
       82., 117., 63., 6., 36., 71., 2., 2., 37., 102., 44., 24., 16.,
       0., 0., 0., 0., 0., 1., 59., 90., 30., 0., 0., 1., 11., 20., 1.,
       64., 102., 0., 0., 10., 17., 6., 1., 49., 107., 0., 0., 1., 5.,
       2., 54., 2., 0., 0., 0., 0., 0., 6., 119., 25., 4., 2., 4., 17.,
       49., 119., 26., 15., 14., 12., 46., 119., 96., 72., 12., 11., 19.,
       1., 11., 72., 92., 68., 65., 5., 0., 0., 0., 0., 0., 3., 119.,
       117., 37., 11., 4., 6., 9., 41., 46., 94., 91., 68., 41., 33.,
       19., 33., 42., 79., 64., 39., 32., 39., 27., 42., 65., 1., 0., 0.,
       0., 0., 0., 9., 119., 26., 10., 4., 4., 15., 25., 90., 26., 25.,
       21., 17., 17., 69., 53., 61., 14., 24., 23., 13., 53., 46., 42.,
       46., 1., 0., 58., 39., 0., 0., 0., 1., 1., 0., 44., 39., 0., 3.,
       17., 9., 41., 2., 21., 17., 0., 4., 18., 57., 33., 3., 2., 2., 5.,
       36., 98., 92., 18., 1., 19., 9., 0., 29., 50., 22., 96., 8., 4.,
       3., 2., 38., 91., 106., 90., 32., 2., 3., 23., 106., 87., 34.,
       101., 106., 50., 20., 24., 26., 15., 32., 29., 18., 6., 13., 37.,
       106., 64., 27., 106., 100., 59., 20., 30., 47., 12., 24., 15.,
       37., 93., 98., 72., 63., 14., 7., 5., 49., 95., 43., 20., 15., 6.,
       1., 11., 56., 71., 60., 27., 9., 3., 5., 8., 22., 49., 52., 25.,
       11., 27., 10., 53., 11., 50., 20., 2., 14., 35., 76., 5., 1., 3.,
       6., 23., 97., 37., 16., 21., 3., 2., 17., 44., 90., 69., 62., 15.,
       4., 0., 11., 59., 98., 37., 18., 45., 57., 58., 17., 4., 37., 31.,
       14., 29., 28., 59., 67., 15., 6., 1., 7., 29., 55., 106., 110.,
       47., 8., 2., 12., 110., 24., 12., 79., 52., 22., 35., 75., 22.,
       8., 13., 52., 89., 110., 57., 36., 14., 25., 10., 9., 31., 47.,
       56., 19., 7., 22., 67., 30., 1., 27., 11., 0., 100., 110., 74.,
       37., 2., 6., 3., 6., 65., 36., 88., 110., 38., 6., 2., 22., 77.,
       14., 7., 23., 33., 31., 56., 80., 0., 1., 0., 0., 0., 72., 34.,
       0., 1., 13., 17., 4., 1., 61., 20., 0., 39., 47., 22., 11., 1.,
       24., 4., 2., 43., 77., 67., 47., 13., 2., 1., 4., 39., 39., 15.,
       20., 23., 19., 37., 44., 48., 42., 11., 25., 44., 39., 25., 34.,
       37., 30., 25., 49., 40., 57., 53., 45., 44., 9., 0., 15., 41.,
       45., 9., 1., 74., 43., 42., 28., 9., 19., 34., 91., 46., 33., 35.,
       80., 56., 75., 36., 28., 70., 65., 45., 58., 41., 38., 55., 66.,
       26., 8., 2., 30., 69., 95., 40., 6., 22., 43., 87., 38., 1., 0.,
       3., 5., 61., 23., 60., 76., 7., 1., 17., 13., 108., 103., 52.,
       26., 10., 19., 43., 77., 10., 11., 30., 82., 108., 85., 37., 10.,
       25., 3., 3., 2., 0., 0., 19., 58., 25., 10., 4., 7., 13., 45.,
       108., 83., 48., 58., 31., 12., 16., 43., 44., 59., 12., 8., 18.,
       31., 35., 75., 48., 30., 77., 22., 0., 0., 0., 0., 0., 1., 138.,
       50., 1., 16., 36., 6., 0., 0., 12., 8., 52., 95., 121., 25., 7.,
       1., 2., 9., 82., 38., 21., 5., 10., 13., 94., 12., 0., 0., 0., 0.,
       0., 6., 138., 37., 9., 3., 35., 16., 2., 14., 26., 6., 23., 19.,
       138., 138., 53., 4., 2., 2., 29., 8., 4., 18., 112., 76., 59.,
       34., 1., 0., 0., 0., 0., 4., 116., 125., 138., 7., 3., 2., 0., 8.,
       6., 15., 138., 56., 15., 26., 13., 1., 1., 0., 138., 36., 1., 3.,
       22., 10., 21., 13., 1., 0., 0., 0., 0., 1., 10., 22., 31., 0., 0.,
       0., 0., 0., 4., 6., 47., 5., 0., 0., 0., 0., 1., 1., 24., 5., 1.,
       1., 0., 0., 1., 0., 0., 0., 0., 2., 22., 11., 1., 0., 0., 0., 0.,
       5., 58., 34., 0., 0., 0., 0., 0., 10., 90., 7., 0., 0., 0., 0.,
       0., 1., 69., 16., 30., 0., 0., 0., 0., 1., 10., 21., 140., 5., 3.,
       2., 0., 11., 110., 130., 9., 3., 32., 12., 2., 28., 143., 26., 1.,
       14., 26., 4., 0., 1., 143., 32., 53., 3., 0., 0., 0., 0., 3., 6.,
       143., 41., 17., 28., 15., 1., 6., 17., 21., 20., 143., 130., 45.,
       4., 31., 6., 46., 101., 119., 21., 7., 1., 23., 9., 34., 5., 1.,
       0., 0., 1., 1., 1., 143., 23., 1., 5., 32., 13., 1., 1., 25., 6.,
       7., 22., 115., 65., 1., 4., 90., 40., 22., 6., 11., 8., 1., 13.,
       28., 0., 0., 0., 0., 0., 4., 44., 91., 2., 1., 2., 7., 28., 81.,
       109., 43., 1., 1., 4., 42., 48., 81., 78., 71., 0., 0., 2., 66.,
       38., 22., 36., 23., 12., 2., 0., 0., 0., 0., 11., 85., 74., 98.,
       22., 6., 11., 16., 46., 109., 34., 38., 20., 47., 48., 15., 49.,
       102., 4., 1., 8., 106., 78., 3., 20., 5., 3., 1., 0., 0., 0., 1.,
       12., 60., 34., 27., 8., 3., 16., 109., 109., 109., 44., 18., 24.,
       36., 43., 89., 69., 86., 14., 5., 29., 109., 54., 5., 10., 6., 2.,
       0., 0., 0., 0., 0., 2., 101., 62., 12., 16., 8., 16., 11., 49.,
       30., 54., 22., 37., 35., 41., 17., 31., 50., 19., 7., 27., 94.,
       40., 7., 9., 3., 0., 1., 110., 7., 0., 0., 22., 13., 1., 1., 110.,
       8., 1., 15., 17., 104., 21., 8., 15., 1., 3., 35., 87., 13., 15.,
       20., 23., 56., 41., 41., 23., 17., 2., 4., 110., 3., 0., 3., 10.,
       105., 25., 6., 26., 5., 18., 83., 110., 49., 43., 43., 29., 62.,
       89., 81., 33., 44., 29., 71., 46., 37., 9., 21., 30., 59., 9., 4.,
       32., 1., 3., 45., 75., 94., 81., 53., 31., 29., 34., 64., 49., 8.,
       30., 85., 110., 75., 31., 8., 3., 67., 110., 24., 29., 15., 4.,
       5., 16., 50., 32., 25., 14., 18., 24., 47., 32., 31., 23., 65.,
       72., 42., 18., 20., 19., 17., 5., 11., 28., 18., 78., 70., 21.,
       1., 25., 9., 3., 10., 50., 13., 0., 55., 34., 20., 16., 13., 17.,
       41., 39., 18., 25., 33., 31., 77., 49., 39., 10., 10., 25., 88.,
       108., 23., 27., 13., 4., 6., 0., 4., 47., 13., 3., 6., 33., 35.,
       88., 89., 14., 6., 22., 0., 2., 87., 36., 55., 43., 35., 26., 59.,
       88., 6., 3., 10., 31., 94., 109., 72., 29., 54., 15., 10., 4.,
       13., 27., 16., 96., 16., 14., 6., 0., 8., 109., 2., 1., 86., 109.,
       103., 23., 8., 25., 4., 18., 62., 41., 89., 76., 59., 36., 33.,
       36., 23., 23., 32., 18., 64., 66., 36., 17., 1., 24., 1., 0., 9.,
       109., 0., 0., 6., 13., 16., 1., 16., 109., 0., 0., 60., 80., 63.,
       11., 7., 20., 2., 8., 36., 21., 40., 32., 36., 23., 24., 27., 31.,
       17., 5., 19., 32., 51., 24., 28., 50., 35., 25., 37., 34., 45.,
       44., 53., 32., 7., 2., 31., 73., 61., 13., 1., 107., 27., 0., 0.,
       4., 3., 0., 1., 34., 21., 54., 87., 26., 20., 8., 8., 105., 58.,
       32., 34., 17., 26., 61., 85., 18., 6., 7., 41., 96., 107., 70.,
       15., 107., 39., 0., 2., 13., 11., 1., 1., 38., 13., 16., 13., 0.,
       11., 66., 26., 107., 107., 69., 23., 5., 15., 29., 50., 9., 16.,
       53., 107., 104., 74., 36., 16., 95., 34., 0., 8., 21., 21., 2.,
       1., 24., 16., 20., 26., 25., 50., 102., 58., 48., 38., 14., 21.,
       29., 46., 31., 62., 19., 17., 17., 29., 54., 82., 45., 35., 46.,
       17., 0., 13., 51., 38., 2., 0., 16., 0., 0., 0., 0., 2., 19., 53.,
       33., 44., 5., 0., 10., 25., 48., 39., 14., 55., 68., 34., 7., 14.,
       19., 24., 39., 36., 21., 36., 13., 12., 5., 6., 120., 10., 0., 0.,
       4., 2., 7., 41., 68., 8., 1., 12., 105., 50., 30., 36., 86., 9.,
       3., 3., 43., 53., 42., 72., 33., 26., 2., 1., 57., 65., 46., 27.,
       120., 37., 1., 0., 1., 1., 1., 5., 103., 34., 39., 12., 23., 61.,
       94., 36., 30., 5., 109., 25., 8., 40., 86., 109., 4., 1., 115.,
