%YAML:1.0
---
mat: !!opencv-matrix
   rows: 100
   cols: 128
   dt: f
   data: [ 13., 33., 69., 39., 6., 0., 0., 0., 23., 118., 76., 10., 1.,
       21., 9., 1., 18., 22., 1., 3., 3., 57., 49., 5., 5., 23., 41.,
       24., 23., 28., 20., 6., 7., 22., 62., 96., 120., 75., 23., 11.,
       120., 120., 82., 31., 27., 30., 37., 97., 89., 36., 35., 72., 3.,
       6., 4., 8., 36., 2., 14., 35., 21., 15., 19., 61., 2., 1., 0., 0.,
       46., 110., 36., 12., 83., 35., 43., 6., 8., 45., 69., 113., 59.,
       15., 70., 53., 0., 0., 6., 99., 80., 1., 4., 28., 47., 3., 0.,
       95., 10., 2., 0., 0., 2., 24., 18., 5., 10., 5., 5., 0., 1., 21.,
       94., 48., 24., 2., 3., 0., 0., 0., 30., 120., 42., 2., 0., 3.,
       27., 19., 3., 25., 0., 1., 35., 15., 2., 0., 0., 0., 0., 1., 14.,
       135., 107., 3., 0., 0., 126., 19., 15., 49., 75., 11., 0., 21.,
       111., 17., 8., 11., 8., 0., 0., 13., 0., 0., 118., 61., 12., 0.,
       0., 0., 14., 14., 57., 138., 114., 6., 1., 4., 138., 92., 54.,
       81., 10., 2., 1., 13., 81., 47., 55., 13., 2., 0., 0., 0., 0., 0.,
       92., 43., 23., 1., 0., 0., 17., 3., 11., 83., 138., 84., 44., 30.,
       138., 38., 16., 6., 8., 16., 33., 85., 24., 29., 104., 6., 0., 0.,
       0., 0., 0., 0., 10., 4., 1., 0., 0., 0., 0., 0., 1., 3., 5., 13.,
       10., 3., 8., 6., 4., 0., 0., 2., 7., 9., 1., 3., 23., 2., 0., 0.,
       0., 0., 0., 0., 0., 0., 0., 0., 0., 0., 4., 10., 15., 6., 1., 0.,
       0., 1., 27., 20., 7., 1., 0., 0., 2., 57., 2., 0., 0., 0., 0., 0.,
       15., 99., 0., 0., 0., 2., 9., 15., 14., 14., 14., 44., 55., 67.,
       88., 71., 9., 4., 135., 135., 35., 11., 8., 10., 4., 42., 58., 4.,
       0., 0., 0., 0., 9., 114., 1., 0., 0., 0., 3., 23., 36., 93., 10.,
       4., 2., 4., 63., 135., 57., 27., 135., 38., 2., 1., 8., 78., 37.,
       106., 128., 29., 0., 0., 0., 0., 1., 34., 19., 11., 1., 0., 0.,
       2., 8., 70., 7., 1., 0., 0., 9., 135., 41., 29., 43., 57., 6., 0.,
       36., 133., 12., 16., 67., 135., 3., 0., 3., 3., 0., 1., 0., 0.,
       0., 0., 0., 1., 15., 27., 0., 3., 12., 10., 1., 0., 27., 33., 10.,
       15., 12., 2., 0., 1., 22., 44., 2., 0., 1., 11., 62., 24., 10.,
       14., 2., 0., 0., 4., 16., 6., 21., 48., 9., 26., 64., 129., 117.,
       22., 9., 12., 129., 129., 63., 29., 9., 5., 4., 25., 41., 4., 0.,
       2., 89., 71., 9., 15., 52., 34., 19., 2., 18., 21., 7., 28., 20.,
       5., 5., 22., 129., 129., 22., 24., 129., 47., 5., 6., 23., 45.,
       19., 75., 81., 14., 0., 0., 68., 54., 2., 7., 62., 28., 27., 3.,
       2., 6., 4., 94., 8., 8., 1., 0., 110., 121., 5., 8., 129., 41.,
       1., 2., 53., 52., 5., 9., 94., 29., 0., 0., 14., 18., 1., 3., 39.,
       104., 28., 3., 11., 47., 79., 31., 113., 95., 2., 8., 11., 3.,
       12., 48., 41., 15., 3., 54., 113., 1., 0., 3., 96., 14., 2., 38.,
       49., 2., 0., 6., 24., 25., 0., 13., 76., 108., 96., 15., 113.,
       84., 2., 18., 51., 21., 5., 13., 74., 22., 6., 100., 113., 0., 0.,
       3., 112., 18., 3., 26., 65., 20., 1., 7., 15., 1., 3., 76., 108.,
       9., 3., 12., 113., 11., 5., 35., 63., 6., 2., 35., 64., 21., 8.,
       92., 113., 29., 18., 24., 90., 30., 10., 30., 28., 10., 5., 18.,
       3., 0., 26., 27., 28., 10., 5., 5., 22., 8., 44., 12., 9., 5., 4.,
       12., 5., 4., 38., 9., 16., 18., 16., 12., 8., 3., 32., 11., 2.,
       2., 4., 9., 0., 2., 3., 3., 1., 1., 18., 17., 9., 11., 5., 3., 9.,
       7., 31., 37., 38., 18., 10., 13., 37., 12., 9., 17., 68., 12., 2.,
       1., 5., 1., 6., 31., 11., 12., 13., 25., 57., 36., 14., 17., 115.,
       59., 22., 17., 39., 35., 7., 24., 83., 33., 3., 5., 115., 72., 3.,
       7., 109., 70., 58., 14., 20., 5., 1., 9., 50., 32., 5., 1., 51.,
       85., 8., 20., 115., 20., 0., 1., 47., 72., 8., 26., 68., 21., 3.,
       1., 82., 115., 15., 5., 9., 43., 115., 41., 29., 115., 35., 0.,
       99., 65., 10., 4., 31., 26., 2., 15., 108., 28., 0., 0., 62., 58.,
       2., 4., 104., 26., 0., 2., 42., 73., 9., 6., 2., 9., 17., 48.,
       99., 115., 41., 2., 83., 33., 3., 38., 63., 0., 2., 22., 112., 8.,
       2., 53., 101., 2., 1., 18., 65., 12., 15., 115., 105., 6., 1.,
       11., 115., 17., 10., 18., 22., 6., 2., 24., 105., 32., 4., 82.,
       76., 0., 0., 9., 115., 16., 5., 68., 91., 4., 0., 25., 64., 13.,
       13., 104., 115., 58., 20., 32., 115., 25., 9., 11., 6., 6., 11.,
       55., 60., 10., 9., 93., 88., 17., 10., 22., 115., 35., 13., 59.,
       44., 12., 12., 38., 35., 19., 16., 80., 68., 46., 23., 19., 58.,
       43., 26., 2., 1., 3., 8., 26., 5., 6., 40., 8., 15., 12., 9., 7.,
       15., 6., 45., 8., 6., 7., 10., 20., 3., 1., 37., 35., 10., 14.,
       9., 4., 4., 8., 56., 7., 0., 1., 2., 3., 43., 39., 5., 8., 8., 0.,
       1., 6., 4., 4., 3., 53., 126., 3., 1., 2., 126., 23., 3., 18.,
       46., 3., 1., 15., 47., 5., 5., 52., 78., 1., 0., 1., 120., 36.,
       5., 9., 15., 0., 0., 3., 12., 4., 2., 64., 126., 8., 1., 4., 126.,
       12., 2., 16., 38., 7., 2., 43., 39., 2., 0., 34., 126., 34., 10.,
       5., 126., 8., 1., 18., 27., 0., 0., 16., 24., 15., 10., 126.,
       126., 0., 0., 1., 126., 46., 9., 23., 19., 0., 0., 9., 26., 7.,
       21., 68., 33., 32., 12., 0., 56., 11., 7., 27., 34., 3., 0., 8.,
       22., 10., 9., 88., 126., 45., 32., 28., 126., 33., 10., 14., 6.,
       4., 16., 62., 10., 5., 10., 38., 34., 25., 12., 0., 15., 10., 4.,
       4., 31., 13., 9., 17., 31., 20., 28., 65., 123., 51., 9., 21.,
       128., 40., 15., 6., 5., 8., 6., 56., 12., 2., 2., 7., 110., 31.,
       3., 8., 39., 18., 8., 0., 29., 24., 6., 67., 40., 2., 0., 0.,
       128., 114., 12., 26., 128., 12., 0., 0., 11., 11., 5., 49., 22.,
       2., 0., 1., 128., 54., 3., 3., 94., 68., 35., 2., 21., 8., 2.,
       18., 30., 9., 2., 11., 128., 53., 2., 6., 128., 35., 2., 6., 20.,
       8., 2., 16., 32., 2., 0., 0., 48., 57., 7., 6., 128., 21., 2., 0.,
       9., 5., 4., 32., 24., 4., 1., 6., 128., 63., 2., 6., 128., 25.,
       1., 3., 25., 18., 2., 14., 46., 4., 0., 1., 14., 23., 5., 8., 0.,
       7., 95., 8., 1., 0., 0., 0., 0., 11., 108., 13., 6., 0., 0., 0.,
       1., 18., 38., 11., 15., 4., 0., 0., 0., 1., 11., 15., 23., 4., 0.,
       0., 11., 11., 91., 36., 76., 28., 4., 12., 15., 45., 120., 46.,
       19., 17., 7., 2., 120., 120., 83., 32., 25., 7., 1., 7., 17., 31.,
       63., 66., 47., 8., 0., 1., 4., 0., 1., 3., 73., 120., 72., 17.,
       19., 5., 7., 9., 17., 120., 120., 24., 120., 12., 2., 3., 36.,
       54., 71., 114., 42., 11., 5., 10., 90., 110., 20., 27., 0., 1.,
       79., 6., 2., 32., 30., 0., 0., 12., 67., 3., 1., 38., 99., 4., 5.,
       4., 45., 3., 6., 21., 58., 38., 2., 1., 21., 7., 15., 65., 27.,
       11., 0., 1., 8., 54., 37., 49., 22., 2., 2., 7., 12., 30., 76.,
       37., 16., 5., 0., 0., 0., 3., 5., 8., 20., 17., 0., 0., 0., 0.,
       0., 0., 0., 0., 11., 16., 50., 145., 21., 1., 0., 0., 145., 78.,
       40., 53., 8., 18., 31., 21., 25., 1., 0., 0., 2., 101., 59., 23.,
       1., 0., 0., 0., 1., 16., 24., 11., 37., 5., 16., 103., 41., 93.,
       29., 18., 145., 22., 4., 7., 1., 12., 9., 42., 106., 5., 0., 0.,
       1., 95., 79., 23., 0., 0., 0., 0., 0., 85., 101., 6., 23., 1., 0.,
       0., 48., 145., 49., 58., 145., 8., 0., 0., 13., 37., 24., 86.,
       123., 22., 18., 1., 0., 8., 15., 16., 1., 8., 4., 0., 0., 54.,
       18., 0., 10., 11., 28., 23., 18., 19., 15., 24., 52., 27., 15.,
       3., 28., 24., 7., 51., 64., 5., 3., 8., 90., 79., 9., 27., 107.,
       4., 1., 1., 41., 20., 2., 24., 10., 13., 38., 52., 70., 41., 20.,
       17., 115., 98., 47., 13., 27., 12., 5., 31., 75., 16., 0., 3.,
       115., 52., 1., 5., 115., 14., 0., 1., 19., 23., 2., 7., 10., 3.,
       5., 13., 115., 84., 16., 16., 115., 26., 6., 4., 20., 24., 18.,
       95., 70., 8., 0., 2., 115., 74., 2., 14., 115., 29., 0., 1., 19.,
       15., 2., 5., 1., 3., 5., 7., 86., 41., 6., 5., 94., 69., 13., 7.,
