%YAML:1.0
---
mat: !!opencv-matrix
   rows: 105
   cols: 128
   dt: f
   data: [ 0., 0., 0., 0., 0., 0., 0., 0., 1., 0., 0., 0., 0., 0., 0.,
       1., 2., 0., 0., 0., 0., 0., 0., 2., 0., 0., 0., 0., 0., 0., 0.,
       0., 0., 0., 0., 0., 0., 0., 0., 0., 85., 9., 0., 0., 0., 0., 0.,
       31., 134., 92., 13., 0., 0., 0., 0., 81., 12., 26., 19., 2., 0.,
       0., 0., 2., 5., 0., 0., 2., 7., 2., 1., 13., 96., 6., 1., 3., 5.,
       5., 22., 134., 134., 134., 108., 26., 64., 26., 43., 134., 12.,
       112., 134., 27., 15., 2., 0., 1., 27., 1., 0., 16., 21., 1., 1.,
       61., 126., 48., 71., 34., 15., 3., 7., 134., 13., 30., 113., 112.,
       83., 13., 9., 25., 21., 41., 35., 11., 32., 10., 2., 9., 0., 1.,
       1., 0., 0., 0., 0., 0., 48., 131., 13., 1., 0., 0., 0., 1., 53.,
       134., 134., 25., 1., 7., 10., 18., 0., 4., 134., 134., 8., 25.,
       13., 2., 0., 0., 0., 0., 0., 1., 0., 0., 104., 17., 3., 2., 3.,
       4., 0., 7., 134., 29., 14., 4., 21., 30., 32., 87., 6., 1., 13.,
       26., 84., 106., 31., 8., 0., 0., 0., 0., 2., 2., 0., 0., 91., 14.,
       0., 0., 19., 14., 0., 1., 134., 130., 53., 36., 21., 7., 2., 9.,
       6., 14., 53., 134., 88., 15., 1., 1., 0., 0., 0., 0., 4., 3., 0.,
       0., 41., 5., 0., 0., 43., 18., 0., 2., 103., 44., 21., 10., 5.,
       13., 10., 22., 2., 5., 18., 40., 37., 80., 9., 3., 60., 13., 1.,
       0., 0., 0., 0., 2., 13., 3., 6., 2., 2., 5., 29., 16., 0., 0., 5.,
       7., 10., 21., 57., 1., 0., 0., 2., 8., 18., 23., 47., 0., 118.,
       7., 0., 0., 0., 0., 0., 14., 131., 8., 1., 4., 2., 10., 105.,
       136., 5., 2., 10., 37., 12., 79., 136., 26., 0., 0., 7., 41., 20.,
       49., 136., 0., 136., 13., 0., 0., 0., 0., 0., 3., 136., 61., 7.,
       32., 16., 4., 6., 35., 15., 16., 37., 136., 56., 22., 12., 7., 4.,
       4., 24., 73., 52., 6., 4., 3., 118., 7., 0., 0., 0., 0., 0., 2.,
       136., 24., 0., 3., 12., 26., 8., 29., 20., 5., 1., 10., 40., 136.,
       28., 8., 3., 3., 3., 9., 40., 57., 15., 1., 84., 4., 0., 0., 0.,
       2., 13., 24., 134., 6., 0., 0., 7., 55., 36., 28., 2., 2., 4., 5.,
       19., 53., 60., 7., 41., 0., 2., 2., 1., 4., 29., 84., 81., 3., 0.,
       0., 2., 6., 10., 16., 134., 31., 6., 2., 9., 44., 16., 44., 10.,
       7., 21., 20., 26., 134., 79., 28., 46., 10., 45., 13., 1., 6.,
       32., 134., 32., 15., 6., 2., 8., 4., 3., 5., 110., 134., 128.,
       12., 1., 4., 3., 6., 6., 27., 134., 99., 7., 24., 14., 4., 5.,
       11., 134., 52., 0., 1., 6., 11., 0., 2., 42., 23., 7., 0., 0., 0.,
       0., 13., 104., 20., 0., 0., 0., 0., 0., 2., 122., 32., 0., 0., 0.,
       0., 0., 0., 81., 19., 0., 0., 0., 0., 68., 0., 0., 1., 5., 0., 0.,
       13., 130., 2., 2., 7., 3., 7., 30., 103., 14., 2., 4., 50., 34.,
       88., 77., 21., 0., 0., 2., 13., 33., 63., 35., 4., 122., 1., 0.,
       0., 6., 0., 0., 17., 130., 27., 8., 8., 10., 29., 8., 68., 19.,
       7., 14., 64., 104., 116., 6., 10., 0., 1., 37., 32., 47., 26., 6.,
       0., 111., 9., 0., 1., 4., 0., 0., 7., 130., 130., 111., 10., 2.,
       6., 1., 6., 6., 22., 130., 130., 62., 40., 1., 1., 0., 1., 67.,
       101., 40., 6., 0., 0., 67., 2., 0., 0., 2., 0., 1., 17., 31., 14.,
       24., 6., 2., 14., 31., 23., 0., 1., 39., 41., 31., 48., 17., 0.,
       0., 1., 20., 31., 21., 18., 3., 0., 11., 10., 10., 10., 10., 28.,
       14., 9., 85., 7., 1., 2., 5., 20., 18., 43., 117., 19., 0., 0.,
       1., 108., 50., 27., 2., 0., 0., 1., 13., 127., 40., 1., 11., 12.,
       10., 5., 2., 7., 70., 39., 43., 7., 1., 6., 7., 12., 27., 52.,
       127., 32., 6., 28., 11., 18., 4., 21., 14., 3., 3., 127., 91.,
       61., 8., 1., 52., 113., 0., 0., 1., 20., 46., 14., 23., 17., 4.,
       21., 14., 38., 127., 40., 56., 10., 38., 127., 15., 2., 22., 40.,
       2., 2., 14., 127., 24., 0., 0., 0., 42., 114., 9., 0., 0., 0., 2.,
       4., 17., 78., 94., 101., 12., 4., 20., 5., 0., 0., 18., 127., 14.,
       1., 3., 0., 0., 0., 5., 84., 0., 0., 0., 0., 30., 3., 0., 0., 0.,
       0., 17., 23., 119., 42., 6., 6., 22., 20., 19., 111., 21., 5., 4.,
       8., 134., 85., 14., 18., 100., 0., 0., 0., 11., 6., 0., 17., 61.,
       4., 0., 0., 0., 1., 7., 13., 134., 44., 8., 6., 38., 14., 6., 54.,
       37., 7., 7., 25., 134., 71., 4., 9., 134., 6., 0., 1., 31., 7.,
       0., 6., 26., 12., 1., 1., 0., 1., 4., 5., 105., 122., 120., 26.,
       7., 2., 1., 10., 15., 16., 106., 134., 97., 10., 0., 1., 134.,
       22., 1., 12., 16., 1., 0., 1., 0., 1., 4., 7., 0., 0., 0., 0., 0.,
       8., 34., 8., 0., 0., 0., 0., 5., 3., 28., 16., 0., 0., 0., 0.,
       134., 30., 2., 2., 0., 0., 0., 0., 0., 0., 0., 2., 137., 5., 1.,
       1., 0., 0., 0., 0., 18., 4., 28., 13., 0., 0., 0., 0., 0., 8.,
       36., 5., 0., 0., 0., 0., 0., 1., 8., 7., 16., 1., 0., 12., 137.,
       1., 1., 10., 101., 5., 0., 2., 21., 16., 108., 137., 7., 1., 1.,
       15., 96., 125., 123., 23., 0., 0., 3., 5., 23., 13., 2., 2., 43.,
       4., 0., 27., 137., 0., 0., 1., 137., 35., 6., 16., 38., 5., 8.,
       30., 30., 7., 6., 79., 137., 28., 9., 7., 0., 1., 8., 16., 47.,
       2., 0., 0., 28., 7., 1., 34., 74., 0., 0., 0., 137., 62., 20.,
       29., 18., 11., 5., 16., 8., 10., 19., 127., 120., 25., 3., 3., 0.,
       2., 17., 16., 16., 0., 0., 0., 11., 3., 0., 0., 0., 0., 1., 5.,
       46., 16., 0., 0., 0., 0., 36., 76., 12., 8., 0., 0., 0., 1., 134.,
       84., 2., 0., 0., 2., 2., 3., 134., 66., 6., 13., 4., 0., 0., 0.,
       0., 0., 92., 134., 1., 0., 0., 0., 3., 18., 134., 104., 0., 2.,
       1., 0., 27., 60., 30., 2., 11., 94., 16., 2., 35., 46., 0., 5.,
       10., 0., 0., 0., 0., 0., 134., 31., 3., 0., 0., 0., 0., 6., 134.,
       23., 1., 22., 15., 0., 0., 40., 17., 2., 5., 134., 99., 0., 0.,
       6., 0., 3., 22., 0., 0., 0., 0., 0., 100., 40., 9., 0., 0., 0.,
       0., 1., 134., 86., 18., 46., 17., 0., 0., 3., 4., 10., 13., 132.,
       75., 0., 0., 0., 0., 0., 0., 0., 4., 0., 0., 0., 0., 0., 0., 8.,
       133., 6., 2., 3., 1., 0., 0., 1., 55., 15., 63., 30., 0., 0., 0.,
       0., 2., 23., 47., 6., 0., 0., 0., 2., 4., 0., 0., 0., 32., 1., 0.,
       36., 133., 2., 2., 14., 133., 3., 0., 8., 66., 35., 89., 133., 6.,
       0., 1., 19., 133., 90., 53., 12., 0., 0., 0., 3., 2., 0., 0., 0.,
       58., 11., 2., 66., 101., 0., 0., 1., 133., 70., 15., 56., 67., 4.,
       2., 11., 8., 6., 9., 114., 133., 4., 1., 1., 0., 0., 1., 3., 0.,
       0., 0., 0., 55., 17., 13., 70., 18., 0., 0., 1., 133., 41., 7.,
       24., 67., 20., 6., 26., 2., 2., 12., 57., 133., 18., 2., 2., 55.,
       7., 0., 0., 0., 0., 20., 14., 131., 74., 7., 7., 39., 20., 2., 8.,
       15., 10., 6., 12., 131., 75., 3., 9., 40., 0., 0., 0., 8., 8., 2.,
       38., 23., 2., 0., 0., 0., 0., 26., 19., 131., 59., 8., 6., 14.,
       13., 17., 112., 24., 12., 6., 12., 131., 106., 19., 29., 117., 1.,
       0., 0., 21., 12., 1., 16., 31., 2., 0., 0., 0., 1., 8., 9., 131.,
       42., 4., 2., 15., 9., 5., 49., 48., 11., 7., 19., 131., 80., 6.,
       14., 131., 9., 0., 2., 48., 13., 0., 3., 11., 3., 0., 0., 0., 1.,
       4., 4., 91., 83., 61., 9., 2., 1., 0., 7., 14., 22., 93., 102.,
       69., 9., 0., 2., 113., 19., 2., 16., 21., 2., 0., 0., 10., 0., 0.,
       25., 134., 0., 0., 5., 90., 2., 0., 4., 23., 9., 67., 96., 9., 1.,
       1., 16., 72., 93., 96., 21., 0., 0., 2., 5., 21., 13., 2., 1.,
       35., 2., 0., 42., 119., 0., 0., 2., 137., 23., 7., 19., 33., 3.,
       5., 35., 33., 6., 7., 98., 137., 17., 7., 7., 0., 2., 7., 19.,
       43., 1., 0., 0., 41., 7., 2., 54., 65., 0., 0., 2., 137., 55.,
       24., 36., 25., 19., 9., 33., 8., 9., 25., 137., 131., 26., 4., 3.,
       0., 4., 19., 17., 13., 0., 0., 0., 59., 10., 5., 46., 12., 0., 0.,
       1., 137., 24., 1., 12., 57., 18., 8., 27., 6., 3., 7., 39., 137.,
       26., 3., 3., 1., 7., 34., 9., 8., 0., 0., 0., 1., 0., 8., 21.,
       43., 57., 8., 1., 96., 5., 0., 1., 14., 16., 11., 39., 92., 1.,
