%YAML:1.0
---
mat: !!opencv-matrix
   rows: 60
   cols: 128
   dt: f
   data: [ 1., 16., 65., 54., 19., 14., 5., 0., 16., 82., 41., 17., 17.,
       95., 58., 2., 97., 109., 3., 0., 8., 43., 21., 5., 23., 25., 1.,
       0., 2., 16., 33., 38., 27., 40., 115., 122., 2., 0., 4., 10.,
       122., 122., 34., 23., 23., 28., 7., 27., 121., 48., 1., 10., 50.,
       33., 3., 3., 62., 46., 3., 0., 0., 0., 0., 0., 122., 19., 36.,
       42., 4., 9., 38., 122., 122., 5., 0., 11., 23., 7., 27., 122.,
       84., 18., 2., 28., 57., 15., 18., 41., 71., 21., 7., 1., 0., 0.,
       0., 15., 88., 3., 0., 0., 0., 5., 17., 122., 44., 10., 5., 1., 2.,
       5., 5., 35., 11., 13., 16., 0., 4., 9., 19., 25., 19., 15., 10.,
       0., 0., 0., 0., 8., 72., 5., 0., 0., 0., 10., 51., 81., 42., 8.,
       0., 0., 2., 80., 86., 37., 108., 27., 0., 0., 1., 43., 42., 28.,
       64., 6., 0., 0., 1., 70., 53., 20., 53., 13., 0., 0., 0., 70.,
       88., 23., 108., 17., 0., 0., 1., 81., 74., 33., 108., 11., 0., 0.,
       1., 108., 102., 36., 84., 5., 0., 0., 1., 37., 55., 35., 6., 0.,
       0., 0., 0., 102., 108., 23., 108., 9., 0., 0., 0., 66., 81., 49.,
       73., 2., 0., 0., 2., 108., 51., 30., 100., 11., 0., 0., 0., 44.,
       35., 24., 0., 0., 0., 0., 0., 18., 61., 26., 13., 0., 0., 0., 0.,
       39., 108., 26., 46., 9., 0., 0., 1., 36., 36., 35., 23., 9., 0.,
       0., 10., 65., 29., 9., 47., 54., 42., 28., 0., 0., 0., 8., 39.,
       30., 63., 74., 1., 0., 0., 8., 112., 24., 30., 25., 1., 0., 0.,
       22., 27., 7., 15., 45., 5., 0., 0., 17., 78., 29., 57., 84., 0.,
       0., 0., 14., 112., 41., 67., 68., 0., 0., 0., 24., 85., 35., 86.,
       63., 0., 0., 0., 23., 66., 67., 33., 11., 0., 0., 0., 6., 59.,
       29., 60., 92., 3., 0., 0., 13., 112., 45., 56., 70., 1., 0., 0.,
       24., 112., 47., 89., 109., 0., 0., 0., 5., 112., 62., 8., 1., 0.,
       0., 0., 6., 99., 65., 58., 23., 0., 0., 0., 3., 48., 41., 77.,
       71., 2., 0., 0., 6., 112., 58., 18., 29., 1., 0., 0., 9., 49.,
       94., 9., 0., 0., 0., 0., 1., 87., 0., 0., 0., 0., 29., 58., 59.,
       52., 2., 0., 0., 1., 76., 98., 50., 110., 13., 0., 0., 0., 17.,
       18., 56., 29., 0., 0., 0., 7., 58., 49., 43., 49., 7., 0., 0., 4.,
       76., 71., 42., 110., 17., 0., 0., 2., 75., 66., 41., 110., 6., 0.,
       0., 2., 92., 65., 37., 110., 3., 0., 0., 0., 11., 24., 54., 71.,
       5., 0., 0., 3., 102., 63., 23., 110., 9., 0., 0., 2., 76., 56.,
       42., 72., 1., 0., 0., 4., 77., 77., 43., 110., 5., 0., 0., 0., 5.,
       24., 52., 94., 2., 0., 0., 1., 38., 32., 32., 54., 1., 0., 0., 5.,
       110., 34., 23., 83., 4., 0., 0., 1., 25., 41., 31., 47., 11., 0.,
       0., 2., 33., 20., 12., 73., 39., 27., 12., 0., 0., 0., 18., 7.,
       26., 96., 83., 0., 0., 0., 0., 49., 47., 36., 31., 1., 0., 0., 9.,
       30., 14., 37., 47., 4., 0., 0., 6., 14., 35., 96., 88., 0., 0.,
       0., 2., 93., 36., 83., 99., 0., 0., 0., 20., 68., 48., 75., 64.,
       0., 0., 0., 16., 86., 17., 48., 42., 0., 0., 0., 31., 34., 24.,
       98., 107., 0., 0., 0., 5., 107., 50., 51., 60., 0., 0., 0., 13.,
       93., 28., 77., 107., 1., 0., 0., 16., 107., 34., 50., 43., 0., 0.,
       0., 17., 93., 60., 63., 34., 0., 0., 0., 3., 63., 51., 105., 52.,
       0., 0., 0., 4., 105., 40., 38., 31., 1., 0., 0., 23., 49., 18.,
       52., 69., 1., 0., 0., 7., 35., 1., 0., 0., 2., 70., 42., 56., 71.,
       6., 0., 0., 7., 91., 58., 59., 65., 9., 0., 0., 15., 75., 32.,
       40., 74., 13., 0., 0., 13., 84., 26., 14., 101., 25., 2., 1., 7.,
       34., 18., 34., 41., 15., 2., 2., 58., 118., 26., 12., 118., 29.,
       1., 1., 8., 44., 23., 28., 52., 1., 0., 0., 36., 118., 34., 15.,
       118., 8., 0., 0., 6., 60., 19., 27., 78., 2., 0., 0., 16., 118.,
       54., 25., 118., 5., 0., 0., 14., 104., 27., 40., 49., 2., 0., 0.,
       30., 54., 48., 19., 63., 2., 0., 0., 6., 96., 28., 17., 107., 2.,
       0., 0., 20., 54., 15., 25., 70., 4., 0., 0., 45., 103., 10., 14.,
       69., 5., 0., 0., 2., 16., 29., 19., 47., 17., 27., 89., 0., 0.,
       0., 28., 48., 48., 24., 50., 1., 0., 1., 26., 52., 12., 30., 110.,
       3., 0., 0., 31., 82., 12., 14., 22., 0., 0., 0., 36., 121., 38.,
       19., 48., 1., 0., 0., 26., 44., 18., 44., 121., 5., 0., 0., 15.,
       121., 33., 32., 62., 0., 0., 0., 36., 41., 17., 36., 118., 1., 0.,
       0., 17., 94., 30., 36., 53., 7., 0., 0., 22., 61., 16., 28., 117.,
       30., 3., 3., 40., 121., 31., 27., 74., 2., 0., 1., 42., 60., 20.,
       34., 121., 2., 0., 0., 6., 37., 27., 60., 106., 0., 0., 0., 2.,
       121., 57., 42., 28., 1., 0., 0., 15., 36., 20., 42., 88., 17., 1.,
       1., 10., 84., 22., 12., 44., 9., 2., 2., 22., 0., 37., 28., 6.,
       0., 0., 0., 0., 17., 83., 112., 21., 0., 0., 0., 0., 28., 99.,
       40., 4., 0., 0., 0., 0., 0., 15., 44., 12., 0., 4., 2., 0., 5.,
       70., 93., 39., 0., 0., 0., 1., 112., 58., 85., 46., 0., 0., 0.,
       13., 95., 70., 95., 14., 0., 0., 0., 3., 2., 57., 72., 8., 0., 0.,
       0., 0., 56., 83., 104., 15., 0., 0., 0., 1., 112., 88., 76., 8.,
       0., 0., 0., 11., 16., 100., 112., 14., 0., 0., 0., 1., 9., 105.,
       55., 1., 0., 0., 0., 0., 95., 57., 30., 6., 0., 0., 0., 0., 35.,
       76., 112., 8., 0., 0., 0., 0., 1., 112., 92., 3., 0., 0., 0., 0.,
       5., 112., 48., 0., 0., 0., 0., 0., 6., 28., 52., 6., 0., 0., 4.,
       14., 8., 42., 64., 7., 1., 0., 3., 16., 4., 33., 71., 9., 1., 0.,
       5., 11., 6., 35., 55., 9., 0., 0., 2., 10., 8., 44., 118., 40.,
       37., 21., 1., 1., 118., 87., 87., 29., 16., 17., 3., 9., 18., 34.,
       118., 42., 82., 43., 3., 4., 112., 75., 96., 40., 6., 5., 1., 4.,
       12., 2., 6., 15., 83., 52., 53., 14., 118., 8., 3., 4., 25., 21.,
       34., 79., 37., 1., 3., 12., 118., 92., 42., 10., 118., 5., 3., 5.,
       9., 26., 48., 60., 6., 1., 0., 0., 6., 31., 110., 21., 36., 1.,
       0., 0., 2., 7., 68., 104., 12., 1., 0., 0., 8., 58., 83., 20.,
       14., 0., 0., 0., 0., 8., 96., 63., 57., 0., 0., 4., 26., 51., 12.,
       29., 32., 20., 28., 64., 51., 53., 66., 33., 127., 52., 18., 8.,
       1., 1., 8., 49., 6., 0., 0., 0., 0., 0., 0., 2., 56., 0., 0., 1.,
       43., 83., 8., 44., 66., 9., 8., 26., 127., 127., 14., 31., 127.,
       36., 4., 3., 10., 17., 11., 73., 26., 1., 0., 0., 0., 0., 0., 7.,
       30., 0., 0., 0., 27., 104., 19., 41., 25., 2., 4., 6., 63., 127.,
       107., 50., 127., 31., 11., 4., 6., 23., 86., 127., 27., 3., 0.,
       0., 0., 0., 0., 24., 17., 0., 0., 0., 28., 69., 7., 23., 21., 3.,
       11., 23., 78., 61., 23., 27., 127., 65., 29., 19., 31., 19., 12.,
       29., 64., 8., 0., 0., 0., 0., 0., 7., 0., 0., 1., 1., 0., 0., 0.,
       0., 0., 1., 22., 82., 91., 17., 3., 0., 87., 15., 19., 50., 66.,
       33., 30., 47., 88., 17., 5., 53., 6., 0., 1., 16., 0., 0., 1.,
       18., 12., 0., 0., 0., 9., 23., 103., 126., 102., 6., 1., 1., 89.,
       126., 100., 41., 11., 11., 14., 22., 58., 45., 30., 57., 3., 0.,
       0., 5., 0., 0., 1., 57., 35., 1., 0., 0., 58., 12., 18., 126.,
       126., 16., 14., 16., 126., 51., 17., 54., 17., 1., 5., 37., 99.,
       52., 14., 54., 12., 0., 0., 1., 0., 0., 13., 69., 34., 4., 0., 0.,
       21., 52., 53., 67., 57., 35., 46., 39., 70., 38., 11., 65., 16.,
       1., 16., 52., 104., 31., 5., 31., 5., 0., 0., 3., 23., 30., 48.,
       4., 0., 0., 0., 10., 40., 82., 38., 3., 0., 0., 0., 4., 11., 30.,
       71., 27., 5., 0., 0., 3., 5., 58., 116., 9., 1., 0., 0., 2., 20.,
       93., 113., 30., 1., 2., 11., 12., 116., 93., 49., 21., 8., 4., 3.,
       16., 40., 9., 27., 55., 116., 34., 5., 7., 13., 46., 116., 33.,
       35., 47., 34., 26., 24., 22., 8., 5., 1., 11., 116., 75., 116.,
       12., 3., 13., 14., 8., 79., 108., 72., 10., 2., 44., 78., 19.,
       15., 25., 38., 3., 0., 1., 8., 51., 116., 71., 89., 77., 27., 6.,
       0., 1., 25., 42., 46., 6., 1., 3., 24., 10., 24., 36., 74., 14.,
