%YAML:1.0
---
mat: !!opencv-matrix
   rows: 17
   cols: 128
   dt: f
   data: [ 13., 57., 105., 5., 0., 0., 0., 0., 17., 89., 112., 2., 0.,
       1., 1., 1., 21., 103., 76., 2., 0., 1., 1., 0., 36., 37., 1., 0.,
       0., 1., 0., 2., 17., 65., 95., 19., 35., 9., 2., 10., 112., 90.,
       71., 4., 2., 11., 14., 32., 106., 79., 33., 9., 13., 45., 25.,
       18., 112., 46., 0., 0., 0., 0., 1., 7., 14., 7., 1., 1., 40., 45.,
       87., 72., 112., 29., 10., 6., 2., 2., 81., 103., 93., 14., 18.,
       27., 13., 10., 41., 93., 112., 1., 0., 0., 0., 0., 1., 63., 25.,
       9., 0., 0., 1., 11., 72., 53., 28., 1., 0., 0., 0., 0., 88., 95.,
       23., 0., 0., 0., 0., 0., 62., 102., 34., 1., 0., 0., 0., 0., 2.,
       39., 3., 14., 38., 32., 10., 1., 0., 0., 7., 20., 66., 38., 13.,
       1., 0., 0., 5., 14., 64., 53., 16., 1., 0., 0., 13., 22., 29., 7.,
       5., 2., 0., 1., 18., 19., 22., 29., 96., 26., 26., 22., 116., 57.,
       47., 37., 92., 22., 2., 16., 81., 28., 39., 68., 116., 27., 2.,
       8., 116., 26., 13., 7., 17., 1., 0., 9., 1., 1., 2., 7., 116.,
       18., 13., 4., 48., 81., 34., 25., 116., 24., 17., 39., 95., 31.,
       33., 93., 82., 57., 20., 17., 116., 12., 1., 11., 27., 3., 1., 3.,
       7., 12., 26., 21., 103., 8., 2., 3., 81., 29., 1., 21., 105., 22.,
       21., 50., 66., 20., 1., 25., 116., 65., 24., 22., 116., 30., 2.,
       16., 36., 6., 4., 10., 36., 4., 3., 9., 115., 20., 2., 20., 115.,
       61., 22., 20., 74., 17., 1., 30., 93., 21., 24., 53., 87., 25.,
       1., 25., 107., 8., 3., 5., 8., 13., 22., 28., 25., 2., 1., 8.,
       115., 4., 1., 13., 80., 51., 18., 17., 101., 27., 32., 97., 115.,
       20., 20., 42., 48., 80., 32., 30., 115., 11., 10., 2., 1., 1., 3.,
       14., 16., 1., 0., 16., 115., 27., 16., 8., 115., 19., 2., 11.,
       75., 27., 41., 70., 98., 17., 2., 20., 115., 54., 44., 36., 103.,
       22., 30., 22., 17., 17., 18., 25., 5., 2., 0., 0., 10., 22., 30.,
       7., 14., 1., 0., 0., 4., 14., 62., 48., 13., 1., 0., 1., 8., 22.,
       70., 38., 9., 1., 1., 1., 5., 19., 41., 30., 25., 0., 0., 0., 5.,
       36., 78., 44., 107., 17., 1., 2., 13., 23., 49., 39., 118., 11.,
       0., 0., 0., 1., 31., 50., 2., 0., 0., 0., 0., 1., 62., 49., 24.,
       0., 0., 0., 7., 47., 80., 93., 52., 12., 1., 2., 38., 118., 65.,
       29., 118., 34., 0., 0., 2., 4., 14., 59., 31., 0., 0., 0., 0., 0.,
       55., 68., 0., 0., 0., 0., 2., 33., 114., 80., 5., 1., 0., 0., 20.,
       118., 118., 31., 118., 4., 0., 0., 1., 15., 86., 118., 63., 0.,
       0., 0., 0., 0., 22., 78., 0., 0., 0., 0., 0., 4., 55., 55., 0.,
       0., 0., 0., 0., 69., 118., 14., 6., 0., 2., 9., 1., 12., 118.,
       78., 7., 0., 18., 34., 1., 0., 10., 42., 41., 45., 24., 54., 62.,
       4., 3., 7., 118., 18., 14., 51., 47., 2., 0., 19., 68., 5., 2.,
       75., 113., 1., 0., 10., 62., 52., 28., 66., 85., 5., 0., 1., 34.,
       19., 10., 31., 76., 52., 35., 44., 118., 14., 3., 31., 50., 32.,
       5., 31., 60., 4., 1., 118., 118., 10., 6., 6., 73., 31., 0., 36.,
       82., 39., 11., 2., 35., 6., 0., 15., 67., 71., 73., 33., 114.,
       14., 1., 18., 55., 51., 80., 74., 21., 5., 1., 44., 91., 63., 65.,
       36., 26., 10., 0., 2., 44., 118., 64., 28., 0., 0., 0., 1., 14.,
       37., 39., 2., 0., 0., 0., 4., 10., 29., 60., 17., 0., 0., 0., 2.,
       13., 43., 48., 8., 1., 0., 0., 1., 8., 53., 51., 8., 40., 4., 10.,
       117., 43., 0., 0., 17., 116., 65., 44., 77., 20., 0., 0., 2., 39.,
       19., 22., 83., 48., 6., 1., 0., 0., 31., 90., 40., 13., 20., 7.,
       1., 16., 1., 2., 107., 90., 54., 9., 5., 117., 8., 2., 32., 32.,
       23., 2., 17., 67., 6., 5., 115., 117., 2., 4., 10., 12., 25., 24.,
       32., 65., 21., 28., 23., 2., 0., 0., 3., 24., 117., 51., 3., 83.,
       5., 1., 23., 39., 95., 67., 49., 34., 27., 12., 114., 94., 49.,
       16., 7., 25., 22., 18., 76., 44., 9., 20., 28., 0., 0., 0., 9.,
       18., 25., 7., 0., 0., 0., 0., 8., 29., 60., 27., 3., 1., 3., 1.,
       4., 28., 117., 66., 1., 1., 2., 3., 9., 6., 32., 103., 30., 10.,
       11., 13., 19., 1., 0., 0., 0., 3., 7., 110., 59., 1., 0., 0., 0.,
       15., 57., 114., 24., 1., 1., 0., 0., 19., 39., 37., 39., 26., 15.,
       0., 1., 9., 19., 10., 102., 59., 0., 0., 0., 61., 5., 66., 114.,
       27., 20., 19., 49., 107., 41., 50., 17., 17., 85., 28., 27., 114.,
       36., 3., 2., 25., 57., 3., 8., 42., 56., 5., 27., 114., 13., 0.,
       0., 114., 54., 1., 13., 66., 23., 6., 27., 81., 36., 4., 8., 102.,
       78., 8., 12., 114., 77., 1., 1., 14., 13., 1., 2., 56., 79., 1.,
       0., 36., 37., 3., 1., 57., 82., 8., 1., 25., 78., 26., 2., 21.,
       63., 35., 44., 48., 7., 28., 10., 100., 63., 3., 9., 11., 1., 11.,
       33., 105., 28., 6., 59., 27., 0., 0., 2., 37., 5., 43., 109., 26.,
       4., 10., 65., 33., 29., 64., 7., 40., 46., 25., 48., 88., 47.,
       19., 10., 23., 9., 2., 41., 112., 18., 1., 26., 86., 15., 1., 7.,
       112., 23., 4., 26., 71., 14., 3., 65., 100., 8., 5., 33., 112.,
       21., 9., 46., 112., 0., 0., 1., 50., 17., 2., 57., 68., 3., 0.,
       0., 27., 70., 30., 60., 66., 54., 18., 17., 22., 107., 62., 4.,
       112., 27., 25., 66., 24., 11., 47., 35., 112., 3., 0., 0., 31.,
       10., 2., 26., 4., 30., 31., 0., 0., 12., 20., 25., 2., 24., 25.,
       1., 0., 51., 95., 4., 19., 11., 12., 2., 0., 14., 112., 54., 34.,
       7., 3., 0., 5., 6., 11., 42., 55., 7., 0., 3., 65., 73., 4., 12.,
       120., 15., 0., 0., 41., 46., 8., 17., 2., 0., 3., 14., 78., 94.,
       84., 32., 10., 21., 45., 13., 3., 3., 64., 88., 39., 10., 1., 15.,
       80., 84., 7., 4., 120., 30., 0., 1., 25., 31., 12., 18., 29., 7.,
       3., 30., 120., 57., 28., 27., 13., 20., 36., 29., 20., 16., 90.,
       60., 8., 1., 2., 6., 24., 93., 17., 8., 120., 9., 0., 0., 13.,
       37., 22., 49., 50., 10., 2., 1., 88., 120., 75., 28., 7., 16.,
       21., 27., 8., 19., 120., 75., 2., 3., 3., 8., 30., 44., 26., 2.,
       95., 30., 1., 0., 2., 13., 15., 33., 56., 18., 1., 21., 21., 26.,
       40., 24., 0., 0., 34., 120., 24., 17., 55., 14., 50., 29., 8., 6.,
       25., 95., 3., 3., 90., 23., 2., 6., 65., 63., 2., 9., 31., 10.,
       25., 33., 81., 59., 24., 26., 113., 28., 7., 1., 0., 0., 7., 59.,
       35., 3., 1., 4., 83., 113., 4., 8., 113., 12., 0., 0., 40., 82.,
       10., 25., 11., 4., 2., 0., 67., 113., 79., 47., 54., 73., 10., 0.,
       3., 7., 31., 72., 9., 1., 1., 5., 56., 96., 21., 3., 113., 9., 0.,
       0., 29., 51., 25., 42., 39., 2., 0., 0., 95., 98., 54., 33., 27.,
       13., 3., 4., 11., 24., 91., 47., 0., 0., 0., 0., 43., 80., 18.,
       1., 99., 3., 0., 0., 8., 23., 23., 38., 54., 5., 0., 18., 24.,
       50., 82., 28., 6., 4., 18., 92., 18., 15., 73., 23., 9., 23., 68.,
       31., 28., 7., 28., 21., 27., 72., 106., 13., 5., 0., 17., 39.,
       12., 32., 22., 79., 76., 0., 0., 3., 35., 57., 16., 15., 11., 0.,
       0., 4., 12., 27., 55., 28., 53., 33., 1., 2., 109., 58., 55., 27.,
       13., 2., 0., 16., 52., 42., 18., 109., 106., 0., 0., 4., 65., 81.,
       11., 15., 7., 0., 0., 6., 5., 11., 66., 109., 60., 26., 1., 1.,
       109., 109., 57., 25., 11., 2., 0., 8., 66., 40., 6., 88., 109.,
       0., 0., 5., 109., 37., 2., 7., 10., 0., 4., 25., 7., 4., 14., 39.,
       80., 32., 39., 13., 109., 25., 8., 11., 15., 2., 23., 38., 56.,
       32., 2., 49., 109., 4., 0., 1., 95., 83., 3., 4., 7., 1., 0., 2.,
       0., 0., 3., 14., 11., 7., 10., 4., 13., 23., 24., 20., 5., 3., 5.,
       3., 9., 6., 7., 13., 56., 42., 4., 3., 7., 8., 4., 19., 117., 85.,
       4., 4., 1., 0., 5., 34., 112., 17., 8., 3., 117., 35., 26., 41.,
       63., 8., 0., 8., 46., 5., 48., 99., 103., 26., 0., 6., 5., 13.,
       84., 67., 91., 59., 4., 3., 1., 0., 0., 1., 88., 100., 11., 2.,
       117., 24., 1., 1., 64., 107., 7., 12., 62., 22., 5., 15., 105.,
       117., 2., 3., 12., 20., 20., 11., 74., 117., 2., 4., 0., 0., 0.,
