%YAML:1.0
---
mat: !!opencv-matrix
   rows: 27
   cols: 128
   dt: f
   data: [ 0., 0., 0., 0., 0., 0., 0., 0., 12., 0., 0., 0., 0., 2., 1.,
       2., 13., 0., 0., 0., 1., 4., 3., 5., 11., 1., 1., 3., 0., 0., 0.,
       1., 4., 0., 0., 0., 0., 0., 0., 0., 141., 11., 2., 0., 1., 13.,
       14., 29., 141., 24., 8., 1., 4., 45., 73., 76., 111., 51., 33.,
       114., 17., 0., 1., 17., 4., 2., 0., 0., 0., 0., 0., 0., 141.,
       131., 67., 1., 0., 1., 2., 5., 141., 128., 85., 2., 1., 7., 16.,
       55., 55., 25., 16., 95., 127., 75., 19., 37., 0., 1., 1., 0., 0.,
       0., 0., 0., 65., 53., 66., 15., 2., 2., 6., 11., 141., 78., 36.,
       4., 1., 1., 10., 65., 38., 14., 33., 18., 31., 51., 48., 18., 0.,
       0., 3., 4., 20., 1., 0., 0., 10., 1., 1., 6., 125., 47., 12., 14.,
       122., 4., 1., 1., 11., 13., 11., 53., 18., 2., 3., 0., 0., 0., 0.,
       1., 0., 0., 6., 9., 23., 0., 0., 0., 12., 18., 21., 69., 115.,
       16., 6., 6., 119., 57., 16., 10., 5., 4., 5., 21., 14., 5., 6.,
       0., 0., 0., 0., 0., 0., 35., 69., 6., 19., 3., 0., 0., 12., 10.,
       27., 12., 99., 60., 39., 23., 96., 12., 16., 2., 5., 9., 26., 68.,
       9., 4., 27., 2., 0., 0., 0., 1., 0., 132., 167., 1., 1., 45., 46.,
       0., 0., 99., 167., 1., 1., 20., 39., 3., 2., 31., 167., 3., 0.,
       2., 24., 9., 0., 1., 167., 32., 0., 0., 14., 4., 0., 0., 23., 7.,
       0., 1., 174., 59., 0., 2., 30., 9., 2., 14., 174., 14., 2., 18.,
       39., 2., 0., 68., 174., 1., 1., 34., 40., 0., 0., 108., 174., 1.,
       0., 0., 0., 1., 9., 3., 36., 5., 5., 10., 27., 66., 97., 14., 20.,
       2., 103., 64., 38., 22., 12., 7., 26., 11., 20., 3., 0., 0., 0.,
       21., 59., 5., 0., 0., 0., 0., 12., 6., 6., 1., 5., 3., 4., 17.,
       117., 65., 16., 9., 118., 20., 6., 7., 13., 20., 22., 62., 27.,
       1., 0., 0., 0., 0., 5., 8., 0., 0., 0., 0., 12., 3., 4., 1., 5.,
       9., 9., 41., 130., 6., 1., 0., 115., 60., 13., 18., 20., 1., 1.,
       4., 29., 4., 0., 0., 0., 0., 2., 3., 2., 17., 75., 11., 0., 0.,
       0., 0., 2., 29., 70., 2., 0., 0., 0., 0., 0., 7., 62., 9., 0., 0.,
       0., 0., 0., 18., 52., 8., 0., 0., 0., 0., 15., 62., 122., 62., 5.,
       6., 17., 6., 122., 111., 86., 12., 7., 2., 5., 18., 15., 15., 82.,
       96., 104., 11., 2., 4., 1., 88., 122., 78., 20., 7., 7., 1., 12.,
       6., 10., 8., 3., 30., 122., 28., 118., 12., 2., 4., 8., 4., 108.,
       104., 13., 4., 2., 20., 112., 96., 83., 6., 1., 17., 16., 15.,
       22., 61., 122., 3., 1., 0., 0., 0., 0., 4., 74., 5., 1., 0., 0.,
       0., 0., 1., 63., 19., 1., 0., 0., 0., 0., 17., 67., 4., 0., 0.,
       0., 0., 0., 9., 102., 3., 14., 12., 6., 16., 3., 1., 19., 31.,
       12., 9., 48., 101., 5., 3., 3., 4., 24., 52., 107., 64., 7., 7.,
       5., 10., 39., 43., 10., 0., 0., 1., 0., 7., 5., 18., 119., 119.,
       10., 1., 6., 14., 100., 21., 48., 119., 12., 13., 23., 30., 48.,
       24., 26., 19., 9., 37., 118., 95., 47., 13., 1., 0., 0., 1., 8.,
       63., 32., 54., 119., 73., 4., 18., 13., 3., 119., 112., 61., 25.,
       1., 1., 4., 18., 41., 83., 71., 0., 0., 3., 21., 30., 36., 46.,
       3., 0., 0., 1., 2., 6., 27., 9., 6., 20., 29., 119., 76., 27.,
       119., 33., 3., 2., 6., 14., 9., 84., 64., 10., 2., 5., 22., 11.,
       12., 60., 66., 8., 0., 0., 3., 2., 0., 15., 127., 65., 11., 39.,
       39., 3., 15., 10., 23., 18., 70., 53., 0., 3., 31., 34., 10., 69.,
       46., 3., 0., 0., 2., 7., 5., 15., 0., 0., 0., 2., 1., 0., 127.,
       127., 36., 59., 26., 0., 0., 0., 127., 44., 54., 63., 4., 9., 9.,
       50., 64., 64., 10., 1., 33., 38., 13., 26., 59., 35., 0., 0., 1.,
       1., 0., 1., 83., 83., 13., 6., 15., 55., 95., 12., 127., 74., 5.,
       5., 13., 7., 2., 14., 99., 12., 1., 14., 96., 24., 1., 13., 95.,
       4., 0., 2., 4., 1., 0., 14., 38., 7., 0., 83., 104., 58., 43., 6.,
       127., 74., 8., 11., 15., 3., 0., 6., 80., 32., 13., 25., 27., 0.,
       0., 19., 51., 0., 1., 37., 6., 0., 0., 20., 3., 8., 12., 34., 11.,
       11., 149., 74., 0., 4., 12., 11., 39., 149., 149., 104., 2., 2.,
       5., 3., 37., 149., 149., 58., 1., 2., 8., 10., 4., 50., 149., 27.,
       1., 44., 42., 43., 57., 10., 23., 7., 8., 50., 105., 62., 6., 16.,
       13., 7., 61., 42., 43., 11., 9., 16., 54., 16., 8., 15., 35., 26.,
       28., 7., 60., 8., 1., 13., 42., 12., 55., 48., 36., 4., 10., 23.,
       30., 13., 4., 21., 107., 26., 73., 15., 15., 6., 9., 7., 34., 43.,
       7., 6., 16., 8., 32., 20., 27., 16., 0., 16., 98., 13., 1., 2.,
       4., 0., 0., 46., 61., 0., 0., 1., 15., 2., 1., 14., 42., 9., 0.,
       1., 7., 5., 0., 7., 51., 4., 0., 1., 5., 1., 0., 10., 62., 45.,
       44., 9., 0., 0., 51., 51., 19., 17., 128., 53., 0., 2., 128.,
       128., 1., 2., 12., 2., 0., 1., 14., 8., 2., 1., 0., 0., 0., 1.,
       2., 32., 62., 55., 65., 58., 22., 0., 32., 53., 54., 84., 109.,
       43., 22., 8., 128., 92., 3., 16., 23., 4., 6., 27., 41., 15., 18.,
       4., 2., 3., 3., 2., 7., 1., 1., 1., 10., 123., 88., 9., 8., 2.,
       4., 16., 8., 128., 128., 27., 128., 15., 0., 3., 6., 19., 99.,
       83., 64., 12., 1., 1., 4., 14., 22., 10., 37., 3., 0., 1., 2.,
       30., 18., 6., 0., 0., 0., 0., 1., 55., 90., 6., 24., 4., 0., 0.,
       12., 64., 64., 25., 48., 4., 0., 0., 5., 7., 11., 28., 51., 10.,
       0., 0., 119., 96., 1., 6., 119., 63., 1., 9., 32., 17., 1., 4.,
       5., 5., 15., 58., 119., 30., 4., 0., 9., 20., 55., 21., 37., 39.,
       9., 0., 16., 2., 0., 0., 119., 70., 1., 1., 119., 36., 2., 11.,
       62., 36., 2., 4., 22., 6., 3., 53., 119., 90., 26., 13., 11., 4.,
       1., 3., 27., 119., 44., 15., 5., 0., 0., 0., 119., 34., 0., 1.,
       119., 3., 0., 0., 68., 28., 2., 16., 42., 2., 0., 0., 46., 119.,
       18., 15., 23., 20., 0., 0., 7., 92., 52., 16., 2., 0., 0., 2.,
       99., 11., 0., 0., 119., 14., 0., 1., 69., 11., 0., 6., 44., 5.,
       0., 0., 22., 51., 0., 2., 10., 35., 4., 0., 15., 62., 2., 0., 7.,
       2., 8., 93., 69., 5., 1., 2., 2., 74., 57., 79., 46., 3., 2., 3.,
       41., 122., 44., 9., 0., 1., 3., 5., 30., 52., 3., 2., 8., 13., 3.,
       2., 8., 3., 4., 94., 122., 2., 3., 3., 46., 16., 14., 45., 32.,
       12., 88., 92., 36., 97., 6., 2., 45., 46., 72., 36., 36., 122.,
       21., 3., 7., 2., 0., 1., 23., 5., 1., 38., 122., 36., 5., 9.,
       122., 19., 1., 5., 33., 18., 21., 71., 38., 9., 0., 6., 122., 89.,
       25., 15., 69., 47., 5., 1., 12., 14., 19., 33., 18., 11., 7., 46.,
       96., 24., 7., 12., 122., 10., 2., 3., 11., 11., 8., 82., 20., 5.,
       2., 5., 38., 70., 39., 12., 29., 3., 2., 2., 3., 28., 68., 40.,
       4., 11., 53., 28., 14., 4., 3., 5., 1., 2., 112., 68., 3., 3., 8.,
       3., 2., 16., 94., 59., 5., 3., 4., 1., 24., 95., 30., 3., 0., 4.,
       5., 10., 4., 2., 42., 112., 35., 22., 4., 0., 97., 18., 67., 52.,
       5., 9., 31., 48., 17., 11., 38., 8., 0., 63., 112., 39., 41., 17.,
       11., 1., 0., 6., 51., 104., 5., 1., 3., 15., 74., 112., 33., 2.,
       108., 68., 56., 4., 16., 57., 22., 17., 24., 112., 112., 0., 0.,
       17., 50., 13., 6., 78., 24., 1., 0., 15., 42., 17., 4., 4., 3.,
       1., 11., 88., 34., 2., 1., 8., 15., 1., 4., 112., 102., 2., 16.,
       57., 26., 3., 5., 60., 97., 24., 8., 90., 76., 9., 5., 19., 8.,
       3., 8., 28., 24., 13., 15., 3., 3., 1., 16., 8., 3., 36., 139.,
       15., 3., 7., 139., 1., 0., 6., 40., 8., 3., 50., 45., 1., 0., 1.,
       5., 1., 0., 8., 24., 93., 69., 24., 21., 2., 1., 0., 30., 40., 9.,
       78., 139., 9., 1., 4., 139., 52., 6., 15., 28., 5., 2., 30., 46.,
       4., 0., 2., 9., 3., 1., 6., 50., 63., 28., 17., 24., 69., 4., 1.,
       54., 34., 50., 102., 131., 10., 1., 17., 139., 16., 3., 9., 22.,
       4., 0., 59., 42., 4., 5., 3., 4., 3., 4., 7., 1., 3., 8., 6., 24.,
       139., 18., 1., 32., 3., 19., 27., 8., 66., 75., 63., 139., 3., 2.,
       3., 6., 3., 7., 120., 13., 9., 11., 6., 10., 1., 1., 5., 0., 0.,
