%YAML:1.0
---
mat: !!opencv-matrix
   rows: 38
   cols: 128
   dt: f
   data: [ 15., 0., 0., 0., 25., 2., 2., 9., 39., 0., 0., 1., 159., 32.,
       0., 11., 159., 1., 0., 0., 49., 10., 0., 44., 36., 0., 0., 2.,
       10., 4., 1., 6., 8., 0., 0., 7., 33., 1., 4., 13., 43., 7., 3.,
       71., 159., 22., 4., 11., 159., 39., 3., 13., 45., 7., 3., 35.,
       43., 4., 1., 4., 14., 3., 1., 2., 3., 0., 0., 3., 30., 13., 11.,
       11., 11., 1., 1., 22., 151., 124., 146., 37., 152., 7., 1., 3.,
       11., 18., 121., 157., 24., 1., 1., 3., 9., 7., 18., 10., 0., 0.,
       0., 0., 0., 2., 16., 8., 0., 0., 0., 0., 1., 13., 66., 12., 0.,
       0., 0., 0., 0., 6., 54., 15., 0., 0., 0., 0., 0., 2., 17., 3., 0.,
       0., 9., 4., 0., 0., 0., 0., 0., 3., 53., 24., 0., 0., 0., 0., 1.,
       15., 57., 22., 1., 0., 0., 0., 1., 2., 13., 16., 1., 0., 0., 0.,
       5., 5., 23., 16., 22., 3., 0., 1., 11., 18., 120., 149., 141.,
       17., 1., 2., 149., 122., 122., 41., 13., 3., 1., 8., 29., 11., 4.,
       10., 6., 0., 0., 1., 14., 5., 1., 1., 27., 9., 1., 2., 30., 9.,
       3., 18., 149., 106., 2., 7., 149., 62., 3., 7., 61., 20., 2., 22.,
       48., 9., 2., 11., 13., 0., 0., 1., 11., 4., 1., 1., 10., 2., 1.,
       1., 11., 7., 0., 4., 149., 36., 0., 0., 149., 100., 0., 6., 105.,
       11., 0., 0., 62., 23., 1., 4., 18., 1., 0., 0., 94., 12., 0., 2.,
       34., 57., 13., 16., 17., 14., 14., 26., 57., 102., 116., 76., 79.,
       32., 10., 3., 2., 5., 35., 116., 6., 1., 5., 27., 54., 59., 27.,
       11., 116., 2., 0., 0., 17., 20., 13., 58., 17., 27., 26., 59.,
       116., 65., 33., 14., 116., 92., 23., 17., 16., 9., 18., 58., 22.,
       1., 0., 3., 22., 50., 65., 19., 105., 18., 1., 2., 10., 20., 12.,
       40., 10., 1., 0., 2., 77., 116., 116., 35., 93., 4., 0., 1., 7.,
       21., 112., 116., 12., 0., 0., 0., 0., 3., 35., 31., 116., 5., 1.,
       2., 5., 7., 5., 23., 8., 0., 0., 0., 4., 14., 39., 25., 0., 0.,
       0., 0., 0., 1., 40., 49., 0., 0., 0., 0., 0., 4., 24., 19., 15.,
       23., 17., 1., 2., 17., 39., 49., 41., 18., 22., 1., 1., 11., 42.,
       59., 43., 25., 9., 0., 0., 0., 0., 11., 33., 10., 0., 0., 0., 0.,
       0., 5., 93., 118., 72., 29., 13., 7., 3., 12., 22., 70., 118.,
       79., 27., 23., 19., 8., 118., 118., 85., 2., 0., 1., 8., 21., 53.,
       35., 0., 0., 0., 0., 0., 1., 100., 27., 6., 6., 11., 28., 78.,
       118., 24., 12., 14., 18., 23., 72., 118., 54., 118., 30., 6., 0.,
       0., 3., 84., 118., 51., 23., 0., 0., 0., 0., 3., 11., 5., 50.,
       118., 6., 0., 1., 16., 23., 14., 96., 86., 2., 0., 0., 17., 15.,
       10., 54., 92., 8., 1., 1., 11., 22., 10., 40., 79., 1., 0., 0.,
       3., 6., 0., 7., 36., 7., 0., 0., 0., 0., 0., 2., 58., 28., 0., 0.,
       0., 0., 3., 11., 57., 20., 0., 0., 0., 0., 4., 7., 14., 42., 57.,
       0., 0., 0., 1., 20., 45., 24., 9., 0., 0., 0., 8., 24., 117.,
       117., 81., 1., 0., 1., 85., 117., 117., 29., 5., 0., 0., 5., 12.,
       23., 9., 62., 81., 5., 1., 1., 48., 54., 32., 20., 23., 1., 1.,
       15., 20., 9., 25., 77., 117., 74., 29., 27., 117., 53., 21., 13.,
       13., 15., 23., 81., 18., 15., 16., 106., 72., 3., 0., 1., 33.,
       42., 13., 37., 26., 1., 1., 13., 7., 25., 117., 117., 64., 29.,
       14., 10., 82., 117., 78., 17., 7., 4., 10., 28., 13., 16., 5.,
       75., 117., 4., 0., 1., 0., 0., 6., 34., 106., 6., 1., 1., 106.,
       24., 38., 25., 55., 6., 6., 19., 94., 12., 13., 20., 49., 49., 8.,
       19., 26., 18., 45., 19., 21., 33., 30., 40., 1., 0., 6., 21., 88.,
       73., 32., 1., 71., 15., 17., 11., 26., 39., 106., 87., 68., 10.,
       34., 75., 62., 43., 14., 43., 32., 56., 69., 33., 13., 28., 28.,
       40., 2., 2., 23., 83., 88., 11., 6., 1., 104., 72., 63., 36., 17.,
       7., 19., 18., 55., 21., 8., 51., 99., 104., 11., 10., 86., 20.,
       17., 22., 28., 40., 17., 59., 2., 2., 0., 21., 106., 38., 27., 3.,
       106., 13., 1., 10., 19., 13., 50., 51., 47., 5., 3., 85., 62.,
       34., 19., 17., 85., 4., 2., 27., 14., 7., 18., 49., 3., 13., 3.,
       5., 94., 100., 1., 0., 68., 105., 2., 1., 12., 44., 4., 2., 100.,
       31., 0., 0., 0., 2., 5., 30., 41., 0., 0., 0., 0., 1., 6., 94.,
       0., 0., 0., 0., 16., 121., 21., 4., 72., 29., 0., 0., 18., 123.,
       37., 13., 123., 26., 0., 0., 0., 9., 12., 99., 80., 0., 0., 0.,
       0., 0., 0., 123., 0., 0., 0., 0., 0., 16., 28., 14., 8., 1., 0.,
       0., 3., 123., 123., 41., 82., 1., 0., 0., 0., 29., 123., 123.,
       96., 1., 0., 0., 0., 1., 12., 98., 0., 0., 0., 0., 0., 0., 3., 3.,
       0., 0., 0., 0., 0., 3., 63., 40., 2., 0., 0., 0., 0., 12., 115.,
       59., 16., 1., 0., 0., 0., 8., 50., 43., 0., 7., 127., 24., 0., 0.,
       0., 0., 2., 19., 124., 69., 0., 0., 0., 0., 23., 121., 66., 6.,
       0., 0., 0., 0., 2., 40., 28., 0., 0., 0., 0., 0., 0., 2., 127.,
       51., 0., 0., 0., 0., 10., 36., 127., 127., 3., 0., 0., 0., 101.,
       127., 72., 21., 0., 0., 0., 1., 8., 72., 27., 0., 0., 0., 0., 0.,
       2., 6., 44., 103., 18., 0., 0., 0., 78., 17., 38., 127., 32., 0.,
       0., 19., 127., 92., 18., 12., 1., 0., 0., 34., 10., 35., 11., 0.,
       0., 0., 0., 0., 1., 0., 1., 50., 77., 7., 1., 2., 112., 3., 2.,
       51., 49., 2., 2., 70., 115., 16., 2., 0., 0., 0., 0., 39., 1., 4.,
       1., 0., 0., 0., 0., 0., 16., 15., 41., 36., 65., 71., 52., 22.,
       78., 57., 45., 5., 4., 7., 46., 106., 26., 12., 6., 12., 3., 0.,
       0., 7., 0., 2., 11., 3., 0., 0., 0., 0., 26., 21., 85., 113.,
       130., 21., 5., 10., 130., 130., 87., 15., 11., 2., 3., 25., 80.,
       19., 2., 6., 13., 1., 0., 2., 0., 1., 7., 5., 3., 0., 0., 0., 27.,
       9., 3., 16., 130., 68., 91., 21., 130., 15., 4., 1., 13., 10.,
       79., 129., 72., 5., 5., 17., 7., 0., 0., 12., 0., 1., 12., 6., 1.,
       0., 0., 0., 16., 7., 74., 94., 26., 25., 76., 14., 58., 92., 114.,
       19., 1., 2., 58., 59., 27., 18., 2., 5., 14., 2., 0., 7., 0., 1.,
       7., 5., 3., 0., 0., 0., 12., 1., 0., 2., 23., 10., 4., 7., 13.,
       11., 8., 74., 141., 43., 4., 11., 141., 53., 11., 27., 33., 17.,
       4., 56., 50., 2., 0., 0., 5., 17., 4., 9., 11., 0., 0., 4., 38.,
       16., 7., 15., 18., 8., 3., 64., 141., 83., 19., 17., 141., 46.,
       3., 14., 33., 22., 20., 93., 65., 4., 0., 0., 7., 16., 4., 10.,
       6., 1., 0., 1., 16., 25., 11., 8., 3., 3., 11., 26., 80., 141.,
       103., 20., 83., 27., 17., 8., 6., 27., 108., 141., 24., 2., 0.,
       0., 3., 5., 9., 23., 10., 0., 0., 2., 17., 8., 4., 7., 3., 14.,
       26., 91., 117., 11., 7., 3., 116., 96., 39., 33., 14., 3., 7.,
       13., 29., 5., 0., 0., 1., 4., 11., 9., 10., 2., 3., 2., 0., 0.,
       3., 15., 7., 8., 31., 11., 0., 0., 1., 11., 6., 18., 28., 25., 8.,
       0., 0., 1., 4., 10., 87., 95., 12., 2., 2., 3., 6., 5., 121.,
       100., 2., 0., 0., 9., 16., 53., 121., 121., 2., 5., 9., 11., 91.,
       121., 72., 29., 34., 25., 9., 18., 9., 5., 18., 59., 46., 62.,
       109., 27., 10., 10., 94., 92., 20., 35., 117., 78., 26., 17., 47.,
       35., 2., 12., 121., 121., 115., 26., 5., 2., 1., 8., 66., 121.,
       14., 6., 1., 0., 0., 12., 51., 22., 2., 2., 4., 0., 0., 7., 97.,
       50., 3., 8., 6., 1., 0., 0., 55., 55., 9., 12., 14., 2., 0., 0.,
       13., 26., 7., 5., 34., 34., 4., 0., 1., 7., 1., 5., 10., 9., 34.,
       7., 0., 0., 17., 3., 7., 12., 111., 99., 42., 36., 120., 11., 8.,
       3., 2., 11., 24., 85., 14., 8., 4., 7., 12., 0., 0., 1., 3., 5.,
       10., 23., 24., 3., 0., 0., 6., 26., 107., 142., 82., 28., 19., 8.,
       79., 142., 105., 20., 3., 3., 10., 25., 15., 25., 11., 8., 6., 1.,
       0., 0., 7., 16., 4., 9., 62., 5., 0., 0., 31., 22., 20., 90.,
       142., 52., 3., 13., 142., 87., 19., 18., 19., 8., 3., 59., 40.,
       17., 7., 15., 11., 0., 0., 4., 4., 18., 4., 7., 43., 1., 0., 0.,
       29., 17., 4., 52., 142., 56., 10., 24., 142., 48., 4., 12., 16.,
