%YAML:1.0
---
mat: !!opencv-matrix
   rows: 19
   cols: 128
   dt: f
   data: [ 22., 18., 0., 0., 0., 0., 0., 0., 125., 140., 4., 0., 0., 0.,
       0., 2., 29., 140., 62., 0., 0., 0., 1., 7., 10., 89., 85., 0., 0.,
       0., 2., 9., 16., 3., 0., 0., 0., 0., 0., 2., 140., 36., 1., 0.,
       0., 0., 5., 75., 53., 50., 20., 0., 0., 0., 46., 140., 15., 28.,
       20., 0., 0., 0., 47., 140., 7., 1., 0., 0., 0., 0., 0., 0., 140.,
       39., 0., 0., 0., 0., 1., 19., 140., 24., 0., 0., 0., 0., 8., 79.,
       71., 3., 0., 0., 0., 0., 8., 67., 1., 0., 0., 0., 0., 0., 0., 0.,
       140., 39., 0., 0., 0., 0., 0., 0., 140., 50., 0., 0., 0., 0., 0.,
       0., 87., 15., 0., 0., 0., 0., 0., 0., 10., 12., 53., 118., 74.,
       16., 1., 4., 154., 81., 5., 17., 11., 1., 6., 68., 100., 16., 3.,
       37., 31., 0., 0., 25., 60., 14., 3., 14., 13., 0., 0., 4., 23.,
       7., 8., 54., 129., 38., 0., 0., 154., 32., 3., 11., 8., 1., 0.,
       15., 119., 23., 11., 90., 27., 0., 0., 3., 71., 40., 11., 13., 4.,
       0., 0., 1., 42., 6., 24., 129., 76., 11., 1., 13., 154., 18., 4.,
       16., 8., 1., 0., 49., 79., 14., 5., 52., 37., 12., 8., 14., 61.,
       35., 12., 3., 1., 1., 2., 10., 42., 1., 13., 26., 3., 58., 53.,
       39., 154., 20., 7., 1., 1., 2., 5., 60., 17., 19., 36., 1., 3.,
       6., 5., 5., 5., 17., 36., 0., 0., 0., 1., 4., 0., 9., 31., 3., 0.,
       0., 0., 1., 0., 2., 18., 121., 62., 0., 0., 0., 115., 24., 16.,
       97., 54., 0., 0., 8., 98., 26., 1., 0., 0., 0., 0., 4., 0., 13.,
       64., 40., 4., 0., 0., 0., 12., 5., 23., 133., 70., 0., 0., 0.,
       133., 27., 8., 74., 24., 0., 0., 24., 81., 54., 2., 0., 0., 0.,
       0., 5., 0., 5., 115., 115., 5., 0., 0., 0., 47., 7., 44., 133.,
       64., 2., 1., 7., 133., 49., 4., 19., 7., 0., 0., 14., 37., 81.,
       12., 0., 0., 0., 0., 0., 0., 15., 133., 70., 1., 0., 0., 0., 35.,
       60., 64., 31., 10., 6., 5., 18., 106., 78., 43., 1., 0., 0., 1.,
       21., 7., 54., 70., 0., 0., 0., 0., 0., 0., 0., 0., 0., 10., 30.,
       133., 68., 25., 8., 5., 6., 28., 33., 79., 46., 95., 4., 1., 0.,
       0., 0., 10., 133., 15., 0., 0., 0., 0., 0., 35., 85., 0., 0., 0.,
       0., 22., 81., 68., 21., 66., 11., 2., 3., 71., 133., 11., 16.,
       133., 33., 0., 0., 1., 11., 3., 93., 34., 1., 0., 0., 0., 0., 26.,
       67., 0., 0., 0., 0., 1., 57., 66., 6., 19., 2., 0., 0., 61., 133.,
       29., 7., 133., 33., 0., 0., 19., 53., 5., 40., 68., 8., 0., 0.,
       0., 0., 11., 39., 0., 0., 0., 0., 0., 24., 37., 7., 1., 0., 0.,
       0., 41., 133., 17., 0., 128., 29., 0., 0., 28., 97., 16., 21.,
       97., 18., 0., 0., 0., 1., 4., 17., 1., 0., 0., 0., 0., 0., 0., 0.,
       49., 0., 0., 0., 0., 0., 0., 16., 25., 2., 0., 0., 0., 0., 0., 7.,
       1., 2., 0., 0., 0., 0., 0., 0., 15., 2., 0., 0., 0., 0., 0., 1.,
       159., 21., 0., 0., 0., 0., 0., 75., 159., 58., 25., 3., 2., 3.,
       3., 34., 31., 80., 15., 2., 2., 1., 2., 4., 31., 3., 0., 0., 0.,
       0., 0., 29., 159., 63., 0., 0., 0., 0., 4., 159., 153., 62., 6.,
       2., 2., 7., 29., 79., 52., 45., 30., 6., 2., 11., 18., 20., 73.,
       0., 0., 0., 0., 0., 0., 49., 159., 0., 0., 0., 0., 0., 7., 159.,
       50., 2., 0., 0., 0., 5., 49., 144., 4., 4., 11., 2., 5., 60., 61.,
       9., 2., 4., 15., 15., 10., 0., 0., 1., 7., 12., 26., 128., 87.,
       15., 1., 1., 106., 70., 28., 28., 9., 8., 3., 15., 40., 20., 6.,
       6., 0., 0., 0., 1., 0., 2., 27., 36., 30., 0., 0., 0., 43., 9.,
       5., 134., 134., 0., 0., 3., 134., 39., 7., 18., 20., 0., 0., 12.,
       50., 29., 7., 0., 0., 0., 0., 1., 0., 1., 26., 120., 46., 0., 0.,
       0., 81., 20., 7., 134., 126., 0., 0., 9., 134., 41., 13., 10., 6.,
       0., 0., 26., 31., 48., 16., 2., 0., 0., 0., 0., 0., 0., 52., 96.,
       68., 0., 0., 0., 101., 23., 7., 84., 107., 0., 0., 1., 134., 55.,
       17., 3., 0., 0., 0., 1., 19., 49., 19., 1., 0., 0., 0., 0., 0.,
       0., 0., 0., 59., 75., 17., 11., 107., 5., 0., 0., 134., 104., 4.,
       28., 134., 15., 0., 0., 1., 2., 3., 76., 8., 0., 0., 0., 0., 0.,
       21., 24., 0., 0., 0., 0., 51., 75., 16., 4., 81., 10., 0., 0.,
       134., 134., 11., 15., 134., 36., 0., 0., 6., 14., 8., 44., 28.,
       1., 0., 0., 1., 1., 23., 19., 1., 0., 0., 0., 32., 54., 8., 8.,
       14., 5., 5., 6., 91., 134., 43., 33., 134., 69., 18., 5., 13.,
       22., 30., 101., 36., 21., 1., 0., 3., 4., 8., 15., 1., 0., 0., 0.,
       11., 43., 7., 6., 2., 4., 5., 7., 93., 87., 12., 10., 75., 69.,
       28., 9., 38., 46., 18., 51., 54., 35., 18., 0., 1., 2., 2., 25.,
       2., 0., 0., 5., 2., 2., 4., 4., 0., 4., 34., 32., 4., 2., 1., 1.,
       3., 24., 29., 4., 4., 4., 4., 1., 1., 1., 0., 0., 0., 7., 8., 2.,
       0., 4., 113., 103., 7., 1., 3., 1., 16., 41., 138., 139., 32., 7.,
       2., 4., 139., 139., 83., 21., 1., 2., 2., 10., 24., 6., 0., 0.,
       0., 7., 7., 4., 21., 35., 139., 113., 13., 4., 14., 15., 50., 26.,
       43., 94., 58., 42., 21., 66., 139., 24., 6., 4., 2., 7., 11.,
       139., 40., 0., 0., 0., 0., 2., 8., 10., 39., 20., 7., 4., 5., 4.,
       14., 34., 35., 6., 5., 8., 9., 8., 40., 139., 40., 1., 0., 0., 0.,
       0., 12., 139., 6., 0., 0., 0., 0., 5., 8., 11., 3., 7., 76., 21.,
       0., 0., 0., 0., 12., 52., 70., 16., 0., 0., 0., 0., 6., 15., 8.,
       35., 52., 24., 0., 0., 7., 76., 31., 31., 100., 19., 0., 0., 34.,
       42., 120., 87., 27., 0., 0., 2., 120., 94., 65., 59., 21., 0., 0.,
       5., 72., 24., 20., 120., 85., 13., 3., 6., 15., 20., 22., 56.,
       78., 50., 41., 22., 52., 5., 2., 18., 46., 26., 71., 52., 120.,
       10., 1., 15., 24., 17., 68., 105., 71., 3., 2., 18., 71., 90.,
       63., 44., 14., 2., 2., 3., 5., 27., 106., 104., 2., 1., 4., 4.,
       1., 9., 116., 60., 12., 8., 24., 6., 0., 3., 76., 73., 6., 7.,
       36., 4., 0., 6., 17., 18., 1., 4., 37., 4., 0., 1., 13., 10., 0.,
       0., 3., 73., 47., 1., 0., 0., 11., 18., 17., 130., 95., 1., 0.,
       0., 130., 97., 19., 17., 6., 1., 0., 0., 36., 13., 3., 16., 76.,
       24., 1., 1., 0., 0., 10., 38., 130., 6., 0., 0., 26., 16., 8.,
       77., 130., 17., 11., 15., 130., 61., 5., 10., 7., 2., 7., 53.,
       73., 11., 1., 14., 73., 38., 1., 4., 0., 1., 22., 32., 75., 14.,
       3., 0., 6., 1., 1., 14., 113., 60., 116., 76., 90., 7., 6., 3.,
       2., 3., 51., 130., 29., 7., 8., 78., 65., 0., 0., 9., 0., 12.,
       55., 4., 5., 4., 2., 0., 1., 13., 46., 1., 3., 7., 24., 16., 3.,
       11., 58., 13., 0., 0., 5., 15., 1., 3., 17., 130., 64., 0., 0.,
       0., 0., 24., 110., 66., 20., 10., 0., 0., 0., 125., 96., 4., 2.,
       22., 16., 0., 0., 53., 27., 1., 6., 67., 53., 1., 0., 9., 12., 6.,
       49., 123., 9., 0., 0., 10., 20., 22., 106., 125., 3., 0., 18.,
       125., 118., 13., 27., 63., 6., 4., 110., 125., 46., 2., 3., 5.,
       1., 8., 9., 15., 6., 16., 62., 61., 0., 0., 0., 0., 0., 1., 49.,
       125., 26., 0., 25., 8., 3., 1., 15., 125., 74., 30., 125., 24.,
       3., 6., 0., 20., 30., 83., 16., 5., 4., 58., 16., 2., 0., 1., 0.,
       0., 0., 19., 13., 18., 2., 0., 1., 0., 0., 17., 23., 79., 22., 5.,
       12., 1., 1., 36., 6., 16., 22., 25., 1., 0., 1., 91., 7., 0., 0.,
       0., 69., 0., 0., 0., 0., 1., 20., 114., 0., 0., 5., 17., 3., 6.,
       65., 8., 5., 10., 24., 18., 1., 5., 46., 1., 6., 5., 1., 0., 0.,
       3., 56., 6., 71., 0., 0., 7., 25., 7., 9., 71., 2., 3., 41., 126.,
       92., 9., 7., 2., 126., 66., 97., 81., 7., 1., 0., 7., 87., 15.,
       2., 0., 0., 0., 19., 27., 79., 39., 0., 3., 56., 18., 0., 12., 6.,
       3., 5., 48., 126., 93., 4., 7., 126., 25., 9., 15., 30., 25., 8.,
       54., 126., 17., 0., 0., 0., 0., 6., 32., 75., 46., 2., 0., 22.,
       11., 3., 9., 9., 2., 0., 0., 126., 111., 16., 6., 103., 1., 0.,
       0., 19., 33., 25., 122., 68., 1., 0., 0., 0., 0., 1., 72., 6., 1.,
       2., 52., 103., 40., 6., 6., 78., 98., 30., 72., 58., 36., 4., 5.,
