%YAML:1.0
---
mat: !!opencv-matrix
   rows: 39
   cols: 128
   dt: f
   data: [ 5., 44., 84., 0., 0., 1., 30., 24., 20., 56., 96., 1., 1., 1.,
       28., 24., 140., 83., 23., 0., 0., 0., 0., 65., 87., 7., 0., 0.,
       0., 0., 0., 15., 25., 74., 45., 16., 3., 4., 27., 23., 68., 63.,
       12., 24., 26., 8., 30., 26., 140., 56., 3., 3., 2., 1., 2., 65.,
       100., 1., 0., 0., 0., 0., 0., 20., 33., 14., 5., 5., 7., 28., 34.,
       107., 54., 10., 1., 3., 11., 13., 82., 140., 140., 8., 0., 0., 1.,
       1., 20., 140., 85., 0., 0., 0., 0., 0., 0., 21., 19., 0., 0., 0.,
       4., 13., 25., 92., 52., 0., 0., 0., 0., 0., 15., 89., 140., 0.,
       0., 0., 0., 0., 2., 79., 42., 0., 0., 0., 0., 0., 0., 17., 80.,
       60., 63., 1., 0., 0., 1., 17., 43., 105., 92., 0., 0., 0., 0., 2.,
       53., 115., 26., 0., 0., 0., 0., 2., 74., 30., 0., 0., 0., 0., 0.,
       2., 51., 40., 96., 9., 8., 9., 4., 20., 115., 86., 79., 3., 6.,
       7., 7., 71., 88., 115., 16., 11., 18., 10., 19., 47., 115., 76.,
       0., 1., 1., 0., 0., 3., 62., 1., 1., 0., 5., 27., 63., 107., 115.,
       35., 5., 2., 4., 21., 70., 104., 81., 29., 14., 26., 16., 3., 30.,
       111., 115., 13., 0., 1., 1., 0., 2., 62., 1., 0., 0., 0., 0., 2.,
       62., 70., 3., 0., 0., 0., 0., 2., 59., 74., 9., 0., 0., 0., 0.,
       0., 20., 70., 26., 2., 0., 0., 0., 0., 1., 19., 0., 1., 24., 112.,
       4., 0., 0., 0., 21., 68., 84., 60., 1., 0., 0., 0., 9., 22., 17.,
       29., 2., 0., 0., 0., 0., 0., 5., 29., 9., 0., 0., 0., 2., 2., 18.,
       116., 56., 55., 8., 1., 116., 68., 29., 80., 24., 17., 1., 13.,
       63., 39., 78., 116., 26., 0., 0., 1., 16., 90., 82., 29., 5., 0.,
       0., 0., 2., 0., 0., 4., 72., 116., 25., 5., 112., 5., 3., 32.,
       62., 70., 37., 74., 37., 22., 19., 116., 116., 48., 7., 4., 71.,
       116., 85., 23., 23., 16., 2., 3., 0., 0., 0., 0., 5., 6., 4., 0.,
       0., 0., 0., 4., 31., 22., 22., 8., 1., 1., 1., 8., 90., 98., 38.,
       1., 36., 17., 33., 10., 66., 54., 18., 59., 3., 13., 48., 31.,
       10., 14., 2., 3., 57., 89., 23., 1., 0., 1., 1., 32., 133., 46.,
       1., 0., 0., 0., 0., 33., 77., 1., 0., 0., 0., 0., 0., 11., 4.,
       24., 74., 50., 14., 10., 5., 17., 51., 133., 40., 0., 0., 0., 15.,
       29., 133., 133., 2., 0., 0., 0., 1., 19., 118., 5., 0., 0., 0.,
       0., 0., 11., 28., 2., 0., 1., 33., 62., 14., 38., 88., 12., 0.,
       0., 0., 0., 53., 121., 133., 11., 0., 0., 0., 0., 7., 111., 126.,
       0., 0., 0., 0., 0., 0., 15., 22., 2., 0., 0., 45., 56., 33., 21.,
       86., 9., 0., 0., 0., 1., 17., 104., 133., 2., 0., 0., 0., 0., 1.,
       82., 85., 0., 0., 0., 0., 0., 0., 16., 2., 5., 81., 81., 0., 0.,
       0., 0., 24., 22., 70., 85., 1., 0., 0., 12., 38., 126., 48., 7.,
       5., 1., 1., 8., 71., 126., 10., 0., 0., 0., 0., 3., 14., 8., 72.,
       70., 4., 3., 34., 40., 38., 29., 78., 42., 20., 5., 8., 19., 126.,
       64., 50., 9., 5., 2., 3., 41., 126., 125., 1., 0., 0., 0., 0.,
       33., 1., 0., 1., 2., 26., 60., 73., 60., 7., 3., 5., 12., 47.,
       52., 93., 32., 126., 22., 3., 2., 1., 3., 60., 65., 126., 38., 0.,
       0., 0., 0., 0., 27., 0., 0., 0., 18., 22., 45., 20., 8., 11., 2.,
       2., 14., 14., 29., 48., 44., 21., 1., 0., 0., 0., 1., 65., 114.,
       61., 2., 0., 0., 0., 0., 6., 117., 0., 5., 13., 10., 32., 14., 4.,
       0., 7., 9., 12., 56., 51., 9., 3., 2., 16., 9., 3., 6., 19., 54.,
       65., 12., 0., 0., 0., 0., 5., 113., 96., 2., 7., 18., 23., 17.,
       35., 9., 11., 13., 28., 42., 13., 52., 133., 15., 1., 2., 133.,
       84., 5., 6., 8., 11., 48., 35., 25., 0., 0., 0., 0., 93., 133.,
       18., 1., 40., 133., 53., 7., 3., 6., 5., 58., 15., 75., 116., 72.,
       4., 0., 9., 133., 97., 5., 5., 8., 0., 2., 24., 56., 63., 19., 4.,
       5., 21., 20., 13., 16., 25., 82., 6., 0., 1., 12., 15., 79., 14.,
       26., 7., 0., 0., 1., 47., 70., 116., 10., 0., 0., 0., 6., 29.,
       37., 133., 27., 1., 0., 0., 2., 8., 35., 1., 0., 1., 20., 74.,
       48., 55., 84., 10., 7., 4., 2., 2., 32., 108., 139., 19., 4., 2.,
       0., 0., 7., 62., 65., 28., 8., 17., 5., 4., 12., 26., 28., 0., 0.,
       0., 5., 39., 119., 54., 39., 18., 8., 19., 91., 58., 49., 33.,
       139., 47., 6., 7., 12., 6., 4., 37., 67., 5., 1., 1., 1., 11.,
       32., 44., 38., 6., 0., 1., 15., 7., 9., 44., 26., 2., 0., 3.,
       128., 86., 7., 15., 139., 18., 1., 1., 22., 25., 4., 63., 88.,
       26., 5., 2., 1., 0., 1., 12., 28., 57., 22., 6., 10., 2., 1., 6.,
       11., 8., 14., 23., 89., 9., 0., 2., 139., 111., 24., 12., 28., 3.,
       0., 6., 31., 46., 139., 37., 0., 0., 0., 0., 13., 2., 0., 0., 29.,
       29., 84., 99., 47., 14., 2., 13., 128., 65., 31., 20., 143., 23.,
       1., 2., 14., 23., 12., 51., 10., 1., 0., 5., 31., 74., 27., 9.,
       0., 0., 0., 0., 38., 39., 26., 5., 60., 6., 0., 1., 143., 107.,
       2., 4., 143., 22., 0., 0., 18., 14., 5., 14., 16., 0., 0., 0., 0.,
       46., 47., 8., 0., 0., 0., 0., 18., 25., 26., 0., 33., 1., 0., 0.,
       143., 123., 3., 9., 143., 7., 0., 0., 33., 21., 3., 35., 31., 0.,
       0., 0., 0., 4., 33., 14., 0., 0., 0., 0., 7., 14., 31., 1., 14.,
       1., 0., 0., 143., 92., 6., 2., 143., 7., 0., 0., 44., 26., 3.,
       30., 37., 0., 0., 0., 0., 1., 26., 19., 2., 14., 25., 5., 2., 0.,
       0., 0., 5., 3., 9., 100., 135., 0., 0., 1., 142., 19., 1., 43.,
       61., 0., 0., 13., 71., 23., 12., 0., 0., 0., 0., 2., 0., 31., 28.,
       13., 9., 0., 0., 0., 22., 5., 8., 137., 142., 0., 0., 1., 142.,
       17., 2., 32., 44., 0., 0., 14., 52., 26., 15., 0., 0., 0., 0., 1.,
       21., 80., 16., 16., 25., 0., 0., 0., 47., 5., 4., 98., 142., 0.,
       0., 4., 142., 13., 2., 12., 24., 0., 0., 15., 32., 25., 10., 0.,
       0., 0., 0., 0., 51., 28., 19., 40., 22., 0., 0., 16., 37., 19.,
       33., 81., 129., 5., 4., 16., 142., 38., 32., 15., 6., 1., 2., 32.,
       10., 26., 111., 18., 0., 0., 0., 0., 34., 6., 2., 20., 7., 0., 0.,
       1., 22., 9., 5., 16., 4., 0., 0., 0., 7., 1., 1., 6., 1., 0., 0.,
       0., 1., 2., 0., 0., 0., 0., 0., 0., 86., 13., 8., 119., 63., 2.,
       2., 16., 119., 44., 18., 82., 39., 1., 1., 7., 60., 52., 32.,
       118., 79., 4., 3., 3., 27., 119., 29., 8., 2., 1., 2., 1., 19.,
       10., 11., 46., 69., 66., 55., 27., 119., 14., 2., 20., 33., 27.,
       78., 119., 33., 19., 5., 33., 97., 83., 119., 18., 76., 95., 7.,
       2., 2., 50., 68., 35., 29., 21., 15., 1., 1., 14., 40., 55., 33.,
       1., 0., 0., 0., 5., 42., 119., 12., 0., 0., 0., 0., 31., 108.,
       46., 15., 0., 0., 0., 0., 46., 113., 61., 7., 1., 1., 3., 42.,
       58., 6., 19., 28., 7., 1., 1., 2., 10., 47., 80., 11., 32., 8.,
       0., 2., 56., 59., 22., 116., 54., 3., 0., 0., 4., 12., 69., 13.,
       5., 2., 25., 90., 80., 6., 7., 116., 24., 3., 6., 10., 8., 23.,
       52., 31., 11., 8., 5., 1., 34., 116., 64., 116., 13., 1., 0., 0.,
       2., 34., 116., 7., 1., 0., 41., 91., 49., 55., 6., 116., 46., 10.,
       4., 7., 6., 63., 45., 47., 50., 50., 15., 1., 2., 36., 55., 116.,
       38., 4., 0., 0., 0., 5., 78., 1., 1., 2., 7., 22., 60., 79., 2.,
       24., 7., 2., 1., 0., 4., 116., 62., 18., 2., 2., 0., 0., 0., 85.,
       116., 57., 0., 0., 0., 0., 0., 11., 116., 9., 9., 72., 63., 35.,
       15., 22., 24., 36., 13., 21., 44., 20., 30., 90., 70., 102., 15.,
       19., 39., 6., 8., 13., 111., 13., 18., 31., 45., 13., 24., 15.,
       14., 26., 23., 15., 8., 41., 63., 26., 23., 81., 27., 15., 4., 5.,
       14., 43., 111., 28., 5., 17., 73., 80., 47., 20., 50., 47., 20.,
       25., 51., 18., 12., 10., 67., 15., 20., 17., 11., 24., 111., 42.,
       14., 111., 23., 1., 8., 24., 45., 21., 111., 26., 2., 0., 34.,
       111., 64., 18., 43., 33., 0., 0., 2., 15., 26., 31., 111., 27.,
       30., 34., 11., 12., 57., 30., 46., 77., 2., 4., 3., 10., 39., 22.,
       111., 5., 0., 0., 2., 22., 111., 88., 42., 14., 0., 0., 0., 0.,
