%YAML:1.0
---
mat: !!opencv-matrix
   rows: 33
   cols: 128
   dt: f
   data: [ 1., 1., 44., 105., 42., 24., 70., 5., 17., 14., 62., 111.,
       25., 33., 67., 43., 111., 74., 5., 15., 4., 3., 30., 60., 29., 9.,
       2., 5., 4., 2., 6., 6., 7., 1., 11., 39., 111., 111., 9., 14.,
       99., 14., 21., 24., 20., 43., 62., 111., 66., 45., 25., 57., 20.,
       7., 54., 79., 47., 52., 8., 8., 9., 6., 2., 5., 2., 1., 1., 3.,
       104., 98., 4., 1., 56., 58., 77., 31., 72., 68., 51., 22., 50.,
       22., 58., 96., 10., 1., 31., 111., 72., 13., 3., 2., 1., 4., 4.,
       63., 0., 0., 0., 0., 17., 46., 8., 0., 0., 2., 5., 1., 13., 74.,
       111., 17., 2., 1., 2., 0., 0., 1., 46., 65., 2., 0., 0., 0., 0.,
       0., 0., 11., 16., 74., 111., 7., 5., 6., 6., 18., 19., 82., 74.,
       9., 3., 3., 3., 2., 4., 38., 62., 15., 6., 10., 7., 4., 8., 20.,
       3., 0., 0., 1., 4., 8., 59., 38., 43., 21., 107., 45., 22., 56.,
       111., 90., 36., 15., 26., 25., 6., 48., 57., 91., 52., 33., 96.,
       44., 3., 4., 62., 63., 3., 0., 1., 0., 0., 0., 30., 20., 1., 27.,
       111., 82., 68., 23., 66., 111., 46., 25., 14., 29., 100., 30.,
       88., 24., 35., 87., 67., 26., 32., 67., 83., 6., 0., 1., 1., 0.,
       1., 38., 0., 0., 0., 0., 6., 49., 86., 6., 1., 2., 1., 2., 1.,
       42., 111., 14., 10., 1., 2., 6., 2., 34., 111., 88., 7., 0., 0.,
       0., 0., 0., 6., 38., 0., 0., 3., 21., 4., 0., 0., 0., 2., 28.,
       99., 102., 9., 1., 3., 6., 2., 93., 103., 6., 0., 1., 2., 3., 0.,
       31., 54., 1., 0., 0., 0., 0., 1., 0., 0., 30., 71., 5., 0., 1.,
       59., 16., 19., 79., 85., 21., 35., 84., 12., 57., 95., 17., 59.,
       102., 34., 29., 78., 108., 107., 12., 24., 9., 1., 28., 1., 0.,
       1., 3., 71., 59., 5., 1., 96., 21., 3., 8., 56., 78., 52., 37.,
       29., 15., 6., 91., 108., 73., 17., 13., 108., 25., 26., 56., 41.,
       12., 8., 62., 3., 5., 8., 10., 10., 16., 5., 1., 6., 9., 5., 1.,
       5., 37., 52., 8., 5., 2., 1., 13., 43., 108., 65., 4., 23., 12.,
       25., 40., 19., 104., 93., 6., 0., 0., 0., 0., 116., 91., 10., 2.,
       110., 27., 2., 6., 147., 140., 8., 4., 147., 54., 0., 0., 1., 4.,
       3., 4., 29., 4., 0., 0., 0., 0., 0., 0., 0., 0., 0., 0., 64., 58.,
       1., 0., 57., 3., 0., 0., 147., 147., 16., 14., 147., 42., 0., 0.,
       12., 26., 12., 32., 53., 11., 2., 2., 0., 0., 0., 1., 0., 0., 0.,
       0., 19., 16., 1., 0., 6., 0., 0., 0., 82., 147., 65., 17., 103.,
       3., 0., 0., 5., 36., 87., 138., 27., 2., 5., 14., 8., 4., 1., 15.,
       0., 0., 0., 0., 0., 2., 6., 3., 0., 0., 0., 0., 1., 20., 33., 3.,
       0., 0., 0., 0., 2., 6., 36., 20., 0., 0., 1., 15., 22., 7., 2.,
       2., 13., 1., 1., 1., 0., 2., 21., 15., 10., 6., 31., 15., 1., 0.,
       2., 9., 1., 26., 32., 2., 0., 0., 0., 0., 0., 8., 6., 0., 0., 0.,
       0., 0., 0., 0., 0., 23., 29., 1., 9., 1., 12., 29., 82., 144.,
       78., 0., 1., 1., 115., 133., 70., 21., 2., 0., 0., 6., 23., 14.,
       4., 0., 0., 0., 0., 1., 0., 0., 0., 60., 93., 0., 0., 0., 81.,
       27., 13., 144., 144., 0., 0., 5., 144., 39., 7., 15., 4., 0., 0.,
       39., 36., 1., 0., 0., 0., 0., 0., 5., 0., 0., 2., 87., 138., 0.,
       0., 0., 112., 16., 3., 115., 144., 3., 1., 31., 144., 17., 2., 2.,
       1., 0., 0., 44., 20., 3., 5., 0., 0., 0., 0., 1., 20., 8., 14.,
       21., 5., 13., 15., 15., 21., 11., 74., 61., 2., 4., 8., 9., 13.,
       37., 110., 52., 3., 3., 1., 0., 16., 26., 24., 22., 12., 25., 10.,
       3., 11., 4., 120., 120., 6., 12., 4., 7., 107., 25., 91., 115.,
       4., 20., 12., 54., 47., 50., 26., 21., 33., 94., 23., 21., 34.,
       87., 56., 9., 9., 10., 6., 12., 56., 52., 33., 30., 60., 90., 11.,
       10., 120., 47., 6., 9., 34., 27., 4., 43., 70., 11., 2., 1., 57.,
       120., 39., 20., 9., 18., 12., 1., 9., 29., 69., 106., 40., 76.,
       12., 17., 36., 12., 64., 65., 120., 3., 1., 5., 24., 6., 39.,
       120., 38., 0., 0., 0., 1., 20., 20., 28., 0., 0., 0., 0., 0., 5.,
       32., 20., 14., 52., 99., 16., 0., 0., 1., 5., 10., 22., 114., 25.,
       4., 3., 1., 2., 3., 31., 114., 14., 5., 5., 5., 10., 5., 18., 97.,
       22., 1., 4., 3., 9., 26., 68., 91., 37., 10., 3., 1., 3., 114.,
       41., 74., 27., 18., 14., 8., 26., 38., 16., 64., 22., 84., 35.,
       6., 18., 61., 11., 40., 11., 8., 6., 8., 103., 52., 29., 3., 2.,
       6., 30., 76., 100., 114., 43., 8., 15., 14., 32., 103., 33., 52.,
       15., 9., 52., 69., 13., 49., 79., 97., 0., 0., 1., 17., 7., 5.,
       114., 9., 0., 0., 0., 0., 10., 76., 105., 9., 2., 0., 1., 0., 20.,
       114., 25., 4., 1., 0., 2., 2., 6., 114., 64., 6., 0., 0., 0., 2.,
       5., 12., 53., 76., 0., 0., 0., 30., 57., 35., 77., 69., 13., 2.,
       8., 110., 126., 36., 41., 126., 10., 1., 1., 1., 11., 27., 98.,
       4., 0., 0., 0., 0., 10., 85., 39., 3., 0., 0., 0., 6., 37., 90.,
       50., 29., 2., 0., 0., 112., 126., 42., 22., 126., 13., 0., 0.,
       19., 17., 17., 64., 30., 0., 0., 0., 0., 0., 43., 44., 0., 0., 0.,
       0., 4., 14., 50., 17., 6., 1., 0., 2., 126., 126., 23., 8., 126.,
       17., 1., 3., 30., 33., 15., 36., 71., 5., 0., 0., 0., 0., 8., 17.,
       0., 0., 0., 0., 3., 3., 14., 5., 1., 1., 0., 2., 118., 60., 3.,
       0., 126., 11., 1., 3., 49., 32., 4., 6., 78., 3., 0., 0., 0., 0.,
       0., 2., 0., 1., 5., 9., 10., 0., 0., 0., 3., 1., 1., 79., 119.,
       1., 0., 2., 121., 12., 2., 24., 31., 1., 1., 29., 51., 2., 2., 0.,
       0., 0., 0., 5., 0., 3., 42., 31., 20., 0., 0., 0., 17., 15., 15.,
       121., 121., 1., 0., 5., 121., 59., 12., 17., 12., 1., 1., 34.,
       29., 18., 30., 0., 0., 0., 0., 3., 0., 12., 81., 54., 21., 0., 0.,
       0., 46., 35., 29., 121., 121., 0., 0., 9., 121., 94., 22., 9., 6.,
       0., 0., 22., 8., 28., 70., 1., 0., 0., 0., 0., 12., 38., 35., 70.,
       39., 0., 0., 0., 77., 47., 30., 121., 105., 8., 3., 15., 121.,
       102., 38., 35., 6., 1., 1., 11., 13., 57., 119., 48., 7., 0., 0.,
       0., 20., 43., 30., 0., 0., 0., 2., 11., 57., 59., 17., 1., 0., 0.,
       1., 33., 58., 40., 33., 8., 0., 0., 0., 15., 25., 48., 35., 0.,
       0., 0., 0., 0., 27., 116., 121., 2., 0., 5., 11., 11., 121., 111.,
       49., 7., 10., 3., 2., 13., 45., 37., 95., 81., 71., 21., 4., 6.,
       11., 109., 121., 6., 3., 3., 7., 9., 27., 14., 9., 1., 0., 28.,
       121., 101., 121., 16., 2., 0., 8., 16., 63., 121., 39., 4., 3.,
       7., 59., 102., 102., 25., 12., 19., 8., 1., 2., 14., 121., 84.,
       20., 0., 0., 0., 0., 2., 39., 43., 65., 0., 0., 0., 0., 1., 21.,
       64., 42., 0., 0., 0., 0., 6., 35., 28., 22., 0., 0., 0., 0., 1.,
       50., 42., 49., 28., 4., 0., 0., 1., 72., 48., 15., 11., 3., 1.,
       3., 6., 111., 68., 43., 23., 5., 6., 13., 13., 53., 45., 86., 43.,
       9., 3., 1., 10., 24., 58., 54., 106., 27., 0., 0., 28., 54., 30.,
       111., 94., 10., 0., 7., 32., 45., 53., 46., 32., 5., 8., 39.,
       111., 96., 26., 111., 80., 3., 4., 3., 19., 70., 64., 25., 38.,
       1., 0., 0., 36., 74., 36., 111., 77., 7., 0., 0., 5., 29., 68.,
       64., 111., 14., 0., 0., 43., 77., 24., 46., 43., 3., 1., 1., 19.,
       101., 68., 16., 72., 22., 0., 0., 0., 5., 6., 59., 62., 4., 0.,
       0., 0., 1., 15., 111., 42., 2., 0., 0., 0., 0., 17., 44., 57.,
       21., 2., 0., 2., 1., 4., 32., 30., 31., 81., 15., 6., 17., 10.,
       37., 113., 52., 59., 21., 1., 1., 3., 2., 10., 30., 113., 42., 2.,
       0., 0., 0., 1., 44., 75., 3., 0., 0., 0., 19., 30., 82., 113.,
       31., 4., 5., 11., 113., 113., 33., 63., 28., 3., 5., 40., 22.,
       16., 30., 101., 108., 0., 0., 0., 0., 0., 40., 71., 33., 0., 0.,
       0., 21., 83., 37., 27., 10., 3., 6., 16., 72., 67., 48., 86., 29.,
       2., 6., 46., 24., 57., 113., 113., 46., 0., 0., 0., 12., 27., 17.,
       41., 56., 1., 0., 0., 8., 79., 22., 18., 9., 5., 2., 1., 12.,
       113., 26., 49., 57., 1., 0., 0., 65., 53., 29., 59., 85., 3., 0.,
