%YAML:1.0
---
mat: !!opencv-matrix
   rows: 29
   cols: 128
   dt: f
   data: [ 0., 0., 0., 0., 59., 31., 14., 0., 33., 2., 0., 2., 146., 74.,
       2., 10., 146., 6., 0., 0., 10., 8., 3., 48., 29., 0., 0., 0., 45.,
       30., 4., 14., 0., 0., 0., 3., 67., 31., 22., 2., 28., 18., 11.,
       67., 146., 90., 15., 12., 146., 70., 11., 15., 17., 11., 14., 65.,
       49., 2., 0., 0., 61., 32., 4., 14., 0., 0., 0., 0., 31., 36., 18.,
       2., 7., 2., 1., 10., 108., 146., 146., 28., 114., 8., 1., 2., 5.,
       20., 146., 146., 21., 0., 0., 0., 25., 42., 14., 25., 0., 0., 0.,
       0., 0., 4., 15., 3., 0., 0., 0., 0., 0., 14., 52., 2., 0., 0., 0.,
       0., 0., 4., 40., 11., 0., 0., 0., 0., 0., 6., 10., 2., 4., 14.,
       29., 0., 0., 0., 45., 30., 4., 15., 49., 2., 0., 0., 61., 32.,
       14., 25., 21., 0., 0., 0., 25., 42., 10., 2., 0., 0., 0., 0., 0.,
       7., 3., 48., 146., 6., 0., 0., 11., 8., 14., 65., 146., 70., 11.,
       15., 17., 11., 146., 146., 114., 8., 1., 2., 5., 20., 40., 11.,
       0., 0., 0., 0., 0., 4., 2., 10., 32., 2., 0., 2., 146., 73., 15.,
       12., 28., 18., 11., 68., 146., 89., 146., 28., 7., 2., 1., 10.,
       108., 146., 52., 1., 0., 0., 0., 0., 0., 14., 14., 0., 0., 0., 0.,
       0., 58., 30., 22., 2., 0., 0., 0., 3., 67., 31., 18., 2., 0., 0.,
       0., 0., 31., 36., 15., 3., 0., 0., 0., 0., 0., 4., 25., 70., 35.,
       31., 11., 0., 0., 0., 10., 54., 108., 55., 15., 1., 0., 0., 40.,
       98., 35., 1., 0., 0., 0., 0., 6., 5., 0., 2., 135., 8., 0., 0.,
       99., 64., 5., 36., 50., 18., 23., 22., 61., 40., 31., 42., 113.,
       62., 11., 13., 135., 73., 10., 1., 2., 4., 5., 23., 30., 2., 0.,
       0., 135., 16., 0., 1., 19., 4., 0., 1., 7., 26., 118., 48., 15.,
       2., 0., 0., 25., 97., 135., 47., 105., 3., 0., 0., 1., 7., 59.,
       126., 19., 1., 0., 0., 135., 17., 0., 5., 14., 1., 0., 0., 0., 0.,
       7., 9., 7., 3., 0., 0., 0., 3., 22., 15., 12., 1., 0., 0., 0., 0.,
       9., 20., 4., 1., 0., 0., 135., 13., 0., 5., 0., 0., 0., 3., 54.,
       44., 21., 3., 50., 17., 9., 19., 126., 105., 17., 16., 132., 27.,
       3., 2., 2., 6., 9., 42., 12., 0., 0., 0., 18., 57., 11., 11., 0.,
       0., 0., 0., 29., 45., 37., 3., 30., 13., 3., 14., 132., 132., 16.,
       16., 132., 67., 3., 6., 15., 13., 10., 49., 35., 3., 0., 0., 31.,
       44., 9., 12., 0., 0., 0., 0., 14., 24., 32., 9., 8., 3., 1., 7.,
       132., 132., 19., 10., 132., 40., 3., 6., 31., 34., 18., 49., 72.,
       6., 0., 0., 16., 38., 12., 15., 0., 0., 0., 0., 2., 10., 29., 7.,
       1., 1., 0., 3., 128., 112., 9., 1., 132., 25., 2., 4., 55., 47.,
       6., 27., 94., 8., 0., 0., 10., 17., 5., 15., 63., 20., 5., 12.,
       8., 0., 0., 3., 5., 6., 6., 113., 133., 2., 1., 3., 133., 31., 5.,
       35., 37., 2., 1., 33., 71., 26., 8., 0., 0., 0., 0., 6., 56., 25.,
       8., 27., 21., 0., 0., 4., 14., 17., 17., 133., 133., 6., 2., 7.,
       133., 64., 14., 23., 19., 4., 2., 45., 54., 27., 21., 0., 0., 0.,
       0., 4., 32., 20., 11., 53., 38., 0., 0., 1., 42., 22., 13., 133.,
       133., 12., 4., 22., 133., 53., 8., 9., 8., 3., 2., 67., 27., 23.,
       29., 0., 0., 0., 0., 1., 14., 15., 9., 53., 65., 4., 0., 0., 66.,
       23., 15., 94., 111., 19., 10., 23., 133., 42., 7., 2., 1., 1., 2.,
       27., 6., 21., 29., 0., 0., 0., 0., 0., 19., 1., 0., 0., 27., 76.,
       16., 15., 55., 4., 0., 1., 41., 108., 23., 43., 118., 7., 0., 0.,
       0., 8., 12., 69., 4., 0., 0., 0., 34., 104., 15., 8., 65., 3., 0.,
       1., 42., 46., 12., 32., 25., 27., 19., 42., 118., 86., 13., 14.,
       118., 99., 15., 8., 4., 4., 11., 57., 28., 3., 0., 0., 24., 78.,
       30., 23., 97., 12., 0., 0., 21., 41., 17., 31., 8., 4., 3., 12.,
       77., 118., 118., 38., 99., 26., 6., 5., 6., 14., 93., 118., 26.,
       4., 0., 1., 19., 32., 27., 47., 117., 4., 0., 0., 0., 5., 14.,
       60., 6., 0., 1., 9., 76., 56., 52., 18., 58., 59., 16., 24., 55.,
       11., 14., 17., 67., 19., 0., 0., 2., 10., 24., 33., 59., 92., 8.,
       0., 5., 22., 22., 12., 80., 102., 5., 0., 0., 1., 12., 13., 18.,
       30., 5., 0., 0., 33., 61., 18., 10., 2., 1., 2., 11., 39., 92.,
       35., 18., 9., 0., 0., 3., 79., 115., 17., 39., 106., 60., 21.,
       30., 48., 30., 12., 115., 115., 44., 5., 2., 2., 5., 32., 53.,
       18., 2., 0., 2., 19., 28., 24., 35., 48., 2., 0., 3., 47., 41.,
       13., 12., 8., 5., 8., 37., 115., 115., 55., 110., 26., 13., 7.,
       11., 28., 85., 115., 38., 91., 52., 10., 12., 11., 1., 9., 53.,
       112., 7., 0., 0., 5., 12., 9., 48., 79., 5., 0., 0., 11., 48.,
       31., 20., 7., 1., 2., 10., 66., 60., 45., 15., 22., 14., 6., 23.,
       101., 45., 28., 15., 8., 4., 0., 0., 0., 35., 102., 29., 23., 28.,
       3., 0., 0., 25., 79., 27., 47., 25., 3., 0., 1., 19., 33., 25.,
       32., 64., 17., 0., 0., 2., 12., 12., 73., 118., 7., 0., 0., 0.,
       8., 11., 58., 118., 97., 15., 8., 4., 5., 94., 118., 99., 25., 6.,
       5., 6., 13., 14., 18., 61., 59., 16., 24., 52., 10., 23., 42.,
       50., 4., 0., 1., 44., 110., 13., 14., 24., 26., 19., 44., 118.,
       85., 118., 38., 8., 4., 3., 13., 77., 118., 50., 17., 5., 0., 2.,
       10., 80., 56., 16., 16., 21., 1., 0., 0., 27., 73., 12., 33., 66.,
       3., 0., 1., 43., 44., 17., 33., 96., 11., 0., 0., 21., 41., 14.,
       63., 113., 3., 0., 0., 0., 5., 0., 0., 0., 0., 0., 1., 29., 20.,
       0., 0., 7., 29., 5., 10., 53., 13., 16., 25., 33., 26., 1., 2.,
       29., 17., 11., 4., 0., 0., 0., 0., 29., 27., 0., 0., 0., 2., 12.,
       11., 56., 18., 9., 5., 21., 131., 131., 47., 16., 5., 131., 68.,
       61., 101., 18., 10., 6., 35., 72., 7., 0., 0., 0., 0., 21., 56.,
       0., 0., 0., 0., 9., 22., 57., 18., 7., 1., 1., 24., 100., 131.,
       131., 8., 131., 17., 3., 9., 18., 112., 131., 96., 100., 7., 0.,
       0., 0., 0., 24., 66., 0., 0., 0., 0., 0., 1., 60., 12., 0., 0.,
       1., 27., 18., 35., 78., 9., 46., 17., 9., 83., 60., 47., 52., 21.,
       99., 17., 3., 4., 2., 0., 11., 41., 3., 48., 14., 1., 0., 0., 0.,
       0., 2., 49., 77., 47., 0., 0., 0., 0., 20., 31., 96., 95., 9., 5.,
       18., 11., 21., 33., 54., 39., 7., 34., 88., 22., 1., 28., 50.,
       54., 20., 12., 1., 0., 16., 24., 133., 133., 24., 37., 28., 10.,
       133., 121., 77., 63., 1., 3., 21., 52., 70., 38., 0., 0., 0., 17.,
       56., 27., 14., 45., 7., 13., 19., 36., 15., 1., 13., 8., 13., 35.,
       22., 115., 133., 41., 133., 23., 4., 4., 1., 8., 95., 133., 48.,
       65., 0., 0., 0., 0., 0., 6., 83., 61., 4., 0., 0., 0., 1., 11.,
       8., 46., 5., 0., 0., 1., 13., 5., 20., 59., 1., 0., 0., 0., 6.,
       12., 10., 57., 1., 0., 0., 0., 0., 0., 139., 43., 9., 4., 6., 3.,
       17., 139., 43., 20., 40., 45., 27., 8., 21., 40., 54., 33., 16.,
       3., 1., 0., 7., 17., 2., 0., 0., 0., 1., 2., 20., 10., 6., 0., 0.,
       2., 31., 27., 50., 139., 34., 39., 24., 53., 139., 90., 10., 12.,
       139., 101., 15., 9., 7., 9., 11., 42., 13., 1., 0., 0., 0., 0.,
       46., 24., 0., 0., 0., 0., 9., 26., 49., 20., 11., 6., 3., 8., 61.,
       139., 124., 31., 115., 16., 2., 2., 4., 38., 113., 139., 11., 0.,
       0., 0., 0., 0., 59., 46., 0., 0., 0., 0., 0., 1., 45., 22., 0.,
       0., 5., 27., 14., 19., 68., 16., 32., 27., 31., 34., 6., 4., 42.,
       33., 16., 4., 0., 0., 0., 0., 35., 35., 10., 58., 18., 0., 0., 0.,
       0., 2., 0., 52., 58., 8., 0., 0., 0., 0., 1., 37., 50., 37., 24.,
       23., 16., 1., 33., 19., 7., 31., 16., 27., 81., 58., 0., 35., 20.,
       16., 3., 0., 0., 0., 9., 41., 126., 126., 54., 4., 2., 3., 126.,
       126., 116., 40., 6., 3., 5., 13., 25., 65., 18., 0., 0., 1., 10.,
       7., 0., 9., 17., 54., 25., 8., 1., 0., 25., 5., 12., 126., 101.,
       37., 42., 67., 126., 39., 9., 9., 9., 8., 26., 126., 29., 49.,
       19., 0., 0., 0., 0., 3., 1., 31., 58., 23., 11., 13., 4., 0., 13.,
