%YAML:1.0
---
mat: !!opencv-matrix
   rows: 68
   cols: 128
   dt: f
   data: [ 1., 0., 7., 66., 108., 5., 1., 5., 5., 6., 19., 46., 32., 6.,
       4., 4., 17., 59., 34., 5., 7., 14., 5., 5., 15., 28., 95., 13.,
       1., 6., 10., 9., 8., 7., 21., 115., 115., 0., 0., 0., 115., 39.,
       36., 47., 20., 12., 13., 47., 51., 10., 11., 14., 68., 70., 19.,
       37., 54., 12., 9., 5., 13., 23., 15., 37., 28., 7., 21., 115.,
       67., 4., 2., 24., 115., 60., 69., 61., 40., 4., 5., 54., 61., 88.,
       115., 71., 48., 8., 2., 15., 48., 35., 21., 16., 8., 3., 5., 35.,
       24., 3., 8., 26., 36., 88., 50., 66., 31., 8., 34., 42., 94., 25.,
       26., 73., 112., 48., 24., 21., 45., 18., 43., 78., 62., 33., 11.,
       26., 35., 7., 4., 29., 0., 0., 0., 10., 53., 6., 0., 0., 14., 5.,
       2., 43., 128., 17., 0., 0., 128., 18., 2., 5., 20., 6., 0., 1.,
       20., 1., 0., 12., 128., 44., 0., 1., 0., 0., 0., 10., 92., 8., 0.,
       0., 20., 12., 8., 53., 128., 42., 5., 4., 128., 42., 10., 27.,
       17., 5., 4., 12., 25., 7., 5., 128., 128., 1., 0., 0., 0., 0., 2.,
       16., 33., 19., 0., 0., 7., 1., 1., 5., 67., 128., 52., 13., 72.,
       9., 10., 65., 52., 45., 50., 40., 6., 6., 7., 128., 128., 20., 0.,
       0., 0., 0., 5., 29., 1., 1., 0., 0., 0., 0., 17., 26., 7., 17.,
       7., 0., 0., 0., 5., 21., 82., 67., 8., 0., 0., 0., 0., 26., 114.,
       127., 0., 0., 0., 0., 0., 0., 30., 44., 28., 5., 34., 2., 1., 3.,
       127., 140., 35., 35., 140., 5., 1., 1., 4., 13., 25., 118., 9.,
       0., 0., 0., 0., 4., 50., 22., 0., 0., 0., 0., 37., 29., 34., 5.,
       31., 19., 11., 22., 140., 61., 8., 7., 140., 55., 9., 7., 16., 4.,
       8., 42., 26., 0., 0., 0., 0., 1., 39., 23., 0., 0., 0., 0., 32.,
       28., 37., 2., 27., 3., 1., 3., 140., 119., 10., 17., 140., 17.,
       1., 1., 23., 19., 8., 70., 46., 1., 0., 0., 0., 0., 19., 16., 0.,
       0., 0., 1., 22., 8., 5., 1., 10., 1., 0., 1., 140., 83., 37., 11.,
       140., 10., 0., 1., 15., 16., 46., 73., 36., 2., 0., 0., 0., 0.,
       1., 8., 0., 0., 2., 5., 17., 0., 0., 0., 4., 5., 30., 80., 140.,
       0., 0., 1., 139., 71., 53., 25., 23., 0., 0., 11., 43., 11., 2.,
       0., 0., 0., 0., 4., 0., 3., 28., 21., 27., 0., 0., 0., 16., 11.,
       10., 123., 140., 4., 1., 2., 140., 66., 9., 27., 34., 2., 1., 14.,
       55., 25., 24., 0., 0., 0., 0., 1., 0., 5., 40., 27., 26., 0., 0.,
       0., 20., 5., 10., 71., 140., 28., 8., 14., 140., 31., 6., 6., 24.,
       11., 8., 45., 37., 22., 36., 1., 0., 0., 0., 0., 1., 15., 42.,
       37., 23., 0., 0., 0., 25., 35., 35., 140., 138., 2., 1., 3., 140.,
       112., 23., 13., 6., 1., 1., 6., 16., 20., 31., 3., 0., 0., 0., 0.,
       5., 5., 14., 33., 22., 21., 12., 3., 30., 5., 2., 2., 9., 47.,
       118., 34., 3., 0., 0., 8., 7., 33., 124., 24., 0., 0., 0., 25.,
       91., 113., 103., 4., 19., 10., 11., 30., 30., 23., 8., 7., 124.,
       26., 10., 11., 2., 1., 11., 28., 24., 4., 8., 124., 50., 9., 24.,
       9., 0., 0., 5., 124., 98., 19., 8., 0., 7., 3., 3., 12., 9., 53.,
       124., 5., 56., 35., 53., 25., 4., 65., 42., 7., 4., 6., 42., 124.,
       40., 15., 52., 19., 0., 0., 0., 36., 28., 56., 124., 11., 1., 5.,
       29., 4., 2., 37., 54., 3., 2., 2., 12., 4., 5., 116., 76., 8., 0.,
       0., 2., 2., 2., 21., 124., 51., 0., 0., 0., 0., 8., 31., 85., 17.,
       0., 8., 29., 81., 9., 0., 0., 0., 3., 13., 126., 56., 7., 2., 4.,
       11., 3., 7., 126., 96., 4., 3., 4., 9., 23., 13., 39., 63., 2.,
       1., 1., 5., 5., 6., 28., 126., 27., 0., 0., 1., 62., 10., 48.,
       58., 8., 13., 19., 81., 11., 3., 33., 23., 28., 117., 33., 29.,
       34., 33., 21., 10., 9., 20., 10., 14., 49., 24., 91., 120., 3.,
       0., 0., 5., 126., 31., 11., 8., 2., 6., 3., 36., 35., 6., 11.,
       49., 56., 106., 6., 8., 12., 16., 29., 37., 25., 42., 10., 13.,
       95., 78., 36., 15., 11., 2., 1., 9., 126., 73., 42., 39., 0., 0.,
       0., 22., 9., 7., 85., 126., 9., 1., 0., 0., 11., 33., 96., 73.,
       5., 0., 0., 1., 0., 0., 23., 52., 18., 1., 0., 0., 3., 6., 118.,
       67., 8., 1., 2., 1., 9., 27., 101., 35., 7., 4., 6., 3., 10., 19.,
       10., 3., 12., 2., 0., 1., 3., 1., 17., 57., 118., 51., 0., 1.,
       118., 42., 88., 54., 79., 30., 20., 39., 51., 38., 55., 33., 6.,
       39., 77., 43., 37., 23., 6., 1., 4., 4., 6., 22., 4., 1., 0., 1.,
       118., 58., 0., 0., 94., 108., 21., 17., 118., 51., 6., 24., 70.,
       81., 75., 78., 5., 30., 55., 40., 79., 40., 10., 3., 5., 4., 9.,
       20., 6., 5., 17., 22., 105., 22., 0., 0., 95., 25., 3., 6., 118.,
       53., 8., 27., 90., 38., 21., 24., 2., 28., 64., 43., 28., 24.,
       21., 15., 3., 5., 13., 16., 16., 3., 6., 37., 34., 0., 0., 15.,
       4., 38., 110., 78., 32., 0., 0., 4., 4., 68., 106., 8., 3., 1.,
       1., 4., 1., 19., 23., 12., 8., 0., 0., 0., 3., 0., 1., 99., 110.,
       0., 0., 4., 83., 30., 36., 107., 110., 5., 13., 91., 38., 62.,
       65., 5., 14., 77., 37., 65., 46., 49., 21., 3., 2., 9., 9., 23.,
       6., 2., 7., 110., 110., 2., 1., 15., 110., 48., 38., 56., 61.,
       26., 27., 94., 73., 62., 95., 15., 10., 44., 24., 43., 31., 6.,
       1., 3., 6., 5., 11., 32., 43., 6., 7., 85., 81., 22., 10., 31.,
       80., 14., 24., 8., 13., 53., 35., 92., 39., 15., 15., 4., 5., 49.,
       39., 66., 14., 1., 0., 12., 14., 0., 0., 13., 24., 75., 19., 1.,
       0., 3., 2., 1., 13., 94., 87., 2., 0., 0., 0., 0., 18., 14., 18.,
       1., 0., 0., 0., 4., 0., 0., 0., 0., 0., 0., 0., 0., 21., 58., 73.,
       64., 72., 20., 5., 7., 117., 117., 88., 7., 1., 0., 1., 21., 117.,
       53., 11., 0., 0., 0., 0., 23., 3., 8., 1., 0., 0., 0., 0., 2.,
       15., 4., 5., 32., 107., 43., 104., 55., 117., 89., 40., 12., 18.,
       10., 37., 84., 117., 117., 41., 1., 0., 0., 0., 3., 36., 35., 1.,
       0., 0., 0., 0., 0., 0., 0., 0., 0., 27., 71., 109., 28., 18., 13.,
       10., 9., 46., 89., 84., 23., 105., 105., 15., 3., 5., 7., 15.,
       19., 23., 116., 7., 0., 0., 0., 0., 0., 10., 121., 48., 0., 0.,
       22., 38., 5., 13., 44., 67., 3., 1., 36., 98., 14., 78., 71., 9.,
       1., 0., 6., 24., 21., 86., 30., 0., 0., 0., 0., 4., 26., 31., 91.,
       25., 0., 0., 11., 93., 91., 65., 42., 49., 1., 0., 3., 62., 121.,
       53., 13., 6., 0., 0., 42., 121., 75., 121., 18., 0., 0., 0., 5.,
       14., 34., 18., 0., 0., 0., 3., 67., 113., 41., 121., 28., 0., 0.,
       0., 4., 32., 98., 71., 21., 13., 6., 4., 76., 84., 26., 58., 21.,
       4., 6., 9., 41., 27., 18., 1., 0., 0., 0., 2., 121., 64., 5., 75.,
       13., 1., 0., 0., 12., 42., 62., 36., 24., 46., 17., 4., 7., 8.,
       11., 51., 5., 16., 13., 6., 5., 4., 21., 15., 38., 116., 4., 0.,
       0., 2., 25., 14., 95., 87., 3., 0., 0., 0., 8., 20., 116., 41.,
       0., 0., 0., 2., 14., 11., 60., 49., 0., 0., 0., 4., 4., 20., 12.,
       27., 71., 7., 1., 11., 108., 116., 39., 20., 37., 3., 0., 8., 91.,
       41., 41., 10., 2., 2., 1., 53., 116., 9., 27., 10., 15., 24., 12.,
       32., 26., 50., 27., 116., 114., 1., 0., 1., 22., 116., 116., 27.,
       16., 0., 0., 1., 30., 35., 116., 85., 7., 2., 0., 6., 25., 12.,
       29., 28., 36., 25., 2., 5., 9., 60., 9., 24., 8., 0., 0., 80.,
       116., 48., 25., 2., 0., 0., 0., 44., 113., 38., 49., 11., 0., 0.,
       0., 21., 75., 48., 24., 4., 1., 0., 0., 13., 25., 34., 56., 8.,
       1., 0., 0., 0., 0., 10., 32., 55., 4., 0., 0., 0., 0., 0., 25.,
       57., 0., 0., 0., 0., 0., 0., 14., 41., 0., 0., 0., 0., 0., 70.,
       64., 11., 30., 6., 0., 0., 0., 20., 50., 134., 134., 32., 0., 0.,
       1., 86., 134., 115., 13., 1., 0., 0., 2., 6., 22., 46., 0., 0.,
       0., 0., 0., 76., 32., 6., 95., 43., 0., 0., 0., 102., 25., 27.,
       134., 100., 0., 0., 13., 134., 63., 17., 9., 2., 0., 0., 28., 11.,
       23., 47., 0., 0., 0., 0., 0., 43., 14., 2., 65., 106., 1., 0., 1.,
       134., 14., 9., 69., 100., 5., 3., 28., 134., 29., 11., 0., 0., 0.,
