%YAML:1.0
---
mat: !!opencv-matrix
   rows: 39
   cols: 128
   dt: f
   data: [ 88., 46., 7., 19., 9., 13., 36., 22., 19., 10., 71., 33., 1.,
       3., 26., 44., 4., 57., 53., 1., 0., 0., 0., 1., 1., 22., 2., 0.,
       0., 0., 0., 0., 120., 120., 20., 63., 38., 0., 0., 0., 82., 26.,
       69., 96., 16., 5., 10., 40., 29., 101., 30., 1., 17., 36., 19.,
       21., 32., 88., 1., 0., 2., 1., 0., 0., 84., 120., 16., 21., 24.,
       11., 24., 6., 120., 103., 10., 15., 8., 4., 3., 17., 72., 30., 1.,
       4., 104., 43., 5., 8., 109., 48., 0., 1., 22., 4., 0., 0., 30.,
       23., 1., 15., 37., 93., 82., 14., 120., 108., 2., 3., 8., 10., 2.,
       1., 68., 50., 11., 42., 62., 1., 0., 1., 111., 6., 1., 8., 16.,
       0., 0., 5., 63., 56., 84., 117., 17., 0., 0., 2., 103., 78., 74.,
       15., 1., 4., 23., 22., 22., 84., 49., 2., 0., 1., 10., 25., 13.,
       32., 1., 0., 0., 0., 0., 0., 79., 74., 56., 24., 3., 43., 62., 9.,
       127., 105., 38., 6., 2., 4., 6., 45., 86., 55., 13., 6., 31., 14.,
       13., 38., 75., 47., 0., 0., 1., 0., 0., 1., 47., 4., 10., 73.,
       56., 95., 73., 20., 127., 33., 8., 13., 13., 11., 4., 22., 120.,
       18., 12., 42., 42., 2., 1., 23., 98., 9., 0., 1., 1., 0., 0., 17.,
       44., 2., 17., 94., 29., 11., 3., 17., 127., 59., 19., 7., 1., 0.,
       5., 35., 108., 29., 16., 9., 1., 0., 0., 66., 37., 10., 0., 0.,
       0., 0., 0., 16., 18., 37., 14., 6., 54., 80., 4., 4., 30., 36.,
       52., 24., 9., 57., 30., 6., 52., 95., 19., 2., 27., 66., 13., 4.,
       53., 13., 0., 0., 15., 32., 34., 98., 45., 7., 0., 0., 110., 115.,
       6., 20., 115., 32., 0., 0., 44., 98., 30., 25., 66., 20., 0., 0.,
       2., 115., 115., 46., 80., 8., 0., 0., 1., 4., 31., 102., 15., 0.,
       0., 0., 103., 97., 4., 33., 115., 8., 0., 0., 86., 93., 11., 25.,
       100., 4., 0., 0., 0., 31., 79., 25., 3., 0., 0., 0., 1., 6., 38.,
       37., 1., 13., 23., 10., 62., 18., 1., 3., 98., 1., 1., 2., 81.,
       37., 5., 39., 74., 0., 0., 0., 0., 1., 3., 21., 0., 0., 0., 0.,
       0., 2., 5., 0., 6., 8., 8., 3., 12., 85., 15., 15., 75., 69., 3.,
       3., 38., 115., 14., 8., 100., 79., 1., 1., 25., 47., 27., 11.,
       90., 33., 1., 1., 9., 15., 32., 56., 7., 43., 29., 18., 28., 56.,
       24., 5., 48., 45., 13., 36., 78., 102., 28., 12., 123., 44., 0.,
       4., 14., 19., 35., 56., 55., 9., 0., 0., 1., 6., 52., 98., 2., 3.,
       1., 1., 10., 102., 123., 8., 7., 4., 4., 13., 12., 66., 123., 45.,
       115., 22., 0., 1., 4., 21., 110., 111., 92., 34., 0., 0., 0., 3.,
       5., 20., 0., 0., 0., 0., 0., 34., 63., 5., 0., 0., 0., 0., 0.,
       19., 113., 26., 5., 1., 0., 0., 1., 33., 82., 40., 27., 2., 1.,
       1., 0., 6., 21., 37., 18., 4., 0., 1., 108., 43., 3., 9., 144.,
       16., 0., 1., 11., 5., 0., 30., 72., 0., 0., 0., 0., 0., 23., 41.,
       0., 0., 0., 0., 0., 0., 44., 5., 21., 4., 0., 10., 144., 34., 3.,
       12., 144., 18., 0., 3., 18., 6., 1., 70., 96., 2., 0., 0., 0., 0.,
       21., 51., 0., 0., 0., 0., 0., 0., 38., 11., 13., 8., 0., 6., 144.,
       51., 6., 3., 144., 71., 0., 2., 32., 5., 0., 9., 144., 13., 0.,
       0., 0., 0., 15., 24., 0., 0., 0., 0., 0., 0., 30., 12., 3., 0.,
       0., 5., 144., 37., 15., 18., 144., 7., 0., 0., 26., 7., 22., 144.,
       107., 2., 0., 0., 0., 0., 7., 63., 0., 0., 0., 0., 0., 0., 19.,
       6., 3., 13., 16., 124., 42., 0., 0., 0., 2., 56., 75., 124., 28.,
       0., 3., 4., 34., 124., 61., 4., 0., 0., 3., 5., 25., 72., 9., 4.,
       5., 3., 1., 1., 22., 12., 6., 124., 116., 0., 0., 4., 68., 18.,
       13., 70., 23., 5., 56., 87., 37., 96., 6., 8., 35., 31., 66., 37.,
       27., 124., 35., 5., 4., 1., 0., 0., 26., 6., 3., 74., 124., 16.,
       3., 10., 124., 22., 2., 12., 29., 8., 9., 50., 39., 13., 3., 27.,
       124., 41., 16., 9., 82., 51., 6., 4., 9., 7., 10., 23., 27., 20.,
       15., 79., 57., 9., 3., 10., 124., 24., 6., 8., 7., 4., 3., 42.,
       15., 12., 15., 13., 29., 37., 24., 3., 46., 9., 5., 2., 2., 15.,
       30., 24., 33., 9., 36., 59., 61., 21., 2., 5., 119., 24., 1., 10.,
       30., 25., 2., 7., 102., 65., 13., 13., 19., 21., 1., 2., 26., 19.,
       20., 99., 25., 0., 0., 12., 85., 42., 1., 4., 56., 74., 10., 12.,
       119., 11., 4., 6., 36., 44., 12., 33., 43., 32., 48., 56., 119.,
       28., 4., 10., 97., 15., 48., 49., 5., 1., 1., 105., 94., 54., 22.,
       31., 16., 49., 22., 12., 77., 78., 44., 35., 17., 14., 8., 55.,
       23., 14., 18., 34., 68., 24., 104., 79., 107., 5., 1., 2., 4., 3.,
       51., 99., 11., 5., 7., 21., 34., 90., 31., 26., 50., 12., 6., 7.,
       5., 10., 13., 119., 7., 4., 0., 0., 0., 0., 40., 84., 7., 4., 0.,
       0., 0., 0., 22., 22., 29., 4., 2., 4., 63., 82., 13., 19., 122.,
       16., 1., 1., 9., 30., 11., 46., 39., 1., 0., 1., 31., 99., 18.,
       25., 70., 1., 0., 1., 14., 36., 10., 32., 20., 20., 5., 10., 122.,
       76., 2., 5., 122., 73., 4., 3., 23., 19., 2., 15., 69., 14., 4.,
       17., 122., 38., 2., 7., 122., 27., 3., 4., 9., 11., 9., 22., 23.,
       14., 18., 69., 80., 55., 2., 9., 122., 4., 0., 10., 21., 23., 4.,
       67., 75., 3., 1., 5., 67., 91., 80., 42., 79., 9., 1., 1., 5.,
       13., 59., 105., 8., 2., 9., 31., 7., 47., 76., 22., 122., 7., 0.,
       4., 1., 5., 32., 108., 54., 6., 0., 0., 0., 9., 46., 42., 0., 0.,
       0., 0., 0., 1., 41., 25., 75., 8., 0., 0., 10., 58., 10., 11.,
       99., 5., 0., 7., 39., 35., 12., 21., 39., 6., 1., 24., 80., 53.,
       11., 15., 72., 6., 0., 1., 3., 27., 19., 23., 109., 11., 0., 0.,
       8., 75., 32., 32., 114., 8., 0., 2., 21., 75., 42., 51., 29., 2.,
       0., 6., 29., 114., 114., 51., 34., 2., 0., 0., 19., 65., 83., 63.,
       114., 56., 1., 2., 33., 36., 12., 11., 114., 34., 2., 2., 37.,
       38., 43., 57., 71., 7., 0., 0., 0., 21., 114., 61., 1., 1., 0.,
       0., 40., 108., 94., 9., 114., 6., 0., 6., 12., 14., 21., 55., 56.,
       3., 0., 0., 3., 16., 93., 97., 13., 0., 0., 0., 0., 0., 26., 64.,
       0., 0., 0., 0., 6., 35., 27., 9., 25., 19., 70., 29., 0., 0., 1.,
       34., 92., 58., 20., 7., 0., 0., 9., 103., 68., 31., 1., 0., 0.,
       0., 4., 68., 8., 24., 0., 0., 0., 0., 0., 2., 28., 27., 70., 25.,
       1., 6., 41., 37., 112., 88., 36., 5., 0., 1., 11., 56., 72., 76.,
       104., 34., 0., 0., 0., 1., 20., 99., 35., 3., 0., 0., 0., 0., 26.,
       8., 38., 13., 0., 3., 67., 74., 73., 25., 112., 28., 0., 1., 20.,
       69., 39., 32., 105., 78., 3., 2., 27., 50., 65., 83., 112., 30.,
       0., 0., 6., 23., 17., 10., 79., 34., 0., 0., 1., 23., 51., 18.,
       87., 26., 0., 0., 0., 67., 29., 11., 97., 102., 1., 1., 12., 40.,
       7., 6., 111., 66., 2., 6., 23., 47., 87., 8., 1., 10., 34., 28.,
       1., 11., 99., 10., 1., 3., 32., 44., 8., 14., 131., 5., 0., 0.,
       0., 0., 16., 44., 2., 0., 0., 0., 0., 0., 55., 22., 129., 7., 1.,
       17., 13., 27., 24., 62., 98., 7., 0., 0., 51., 97., 11., 31.,
       131., 16., 0., 0., 4., 5., 7., 37., 17., 0., 0., 0., 0., 0., 49.,
       36., 29., 0., 0., 0., 3., 56., 131., 76., 48., 6., 0., 0., 130.,
       89., 21., 34., 131., 33., 0., 0., 23., 10., 2., 29., 42., 3., 0.,
       0., 0., 0., 25., 35., 0., 0., 0., 0., 4., 36., 93., 7., 9., 5.,
       0., 0., 131., 108., 31., 6., 131., 49., 0., 0., 44., 20., 4., 43.,
       69., 6., 0., 0., 0., 0., 10., 28., 18., 11., 11., 115., 122., 1.,
       2., 3., 45., 28., 19., 41., 22., 9., 71., 82., 26., 91., 6., 9.,
       38., 38., 66., 33., 26., 116., 31., 11., 9., 1., 0., 1., 34., 12.,
       3., 81., 127., 35., 4., 6., 127., 59., 2., 15., 31., 11., 16.,
       47., 42., 21., 1., 46., 127., 50., 20., 10., 72., 58., 9., 7.,
       10., 7., 13., 22., 25., 33., 31., 78., 93., 39., 11., 13., 127.,
       39., 7., 14., 13., 12., 13., 67., 28., 27., 13., 31., 54., 56.,
       41., 6., 59., 16., 5., 8., 9., 31., 59., 23., 70., 30., 12., 69.,
       75., 0., 0., 10., 127., 48., 5., 8., 14., 2., 0., 14., 7., 34.,
