%YAML:1.0
---
mat: !!opencv-matrix
   rows: 27
   cols: 128
   dt: f
   data: [ 20., 7., 7., 3., 0., 0., 0., 7., 110., 2., 0., 0., 0., 0., 0.,
       67., 166., 2., 0., 0., 0., 0., 0., 57., 98., 3., 0., 0., 0., 0.,
       0., 8., 70., 4., 4., 2., 0., 0., 0., 26., 166., 21., 0., 0., 0.,
       0., 0., 55., 166., 9., 0., 0., 0., 0., 0., 41., 109., 10., 0., 0.,
       0., 0., 0., 5., 44., 1., 0., 0., 0., 0., 2., 79., 131., 9., 0.,
       0., 0., 0., 0., 105., 166., 32., 0., 0., 0., 0., 0., 26., 95.,
       30., 0., 0., 0., 0., 0., 0., 50., 1., 0., 0., 0., 0., 1., 46.,
       83., 27., 0., 0., 0., 0., 0., 26., 166., 49., 0., 0., 0., 0., 0.,
       2., 86., 24., 0., 0., 0., 0., 0., 0., 116., 73., 10., 6., 5., 9.,
       30., 36., 4., 10., 19., 11., 11., 88., 63., 7., 12., 9., 6., 2.,
       2., 116., 88., 9., 9., 13., 12., 33., 21., 45., 22., 3., 116.,
       114., 11., 6., 1., 3., 14., 12., 44., 48., 61., 76., 14., 3., 2.,
       2., 116., 42., 24., 14., 26., 59., 46., 37., 9., 2., 1., 9., 109.,
       116., 55., 26., 42., 20., 9., 7., 4., 49., 70., 17., 81., 22.,
       27., 53., 21., 23., 4., 25., 116., 36., 30., 81., 20., 2., 1.,
       44., 21., 35., 74., 103., 56., 13., 13., 23., 8., 27., 8., 1., 6.,
       40., 8., 1., 30., 13., 13., 3., 8., 76., 16., 9., 35., 25., 71.,
       89., 8., 23., 2., 7., 1., 10., 68., 98., 10., 2., 0., 0., 0., 0.,
       1., 4., 20., 66., 124., 11., 35., 2., 1., 6., 20., 110., 113., 8.,
       103., 11., 0., 2., 17., 30., 3., 10., 1., 1., 0., 1., 25., 37.,
       9., 3., 0., 1., 81., 124., 19., 20., 106., 20., 20., 9., 101.,
       124., 60., 70., 36., 3., 124., 23., 7., 26., 21., 20., 3., 13.,
       7., 0., 0., 0., 31., 39., 8., 6., 2., 1., 38., 124., 35., 27.,
       43., 26., 28., 5., 37., 50., 23., 60., 55., 47., 124., 12., 2.,
       7., 18., 23., 6., 34., 12., 1., 3., 13., 61., 15., 3., 5., 0., 1.,
       3., 25., 16., 40., 69., 16., 7., 11., 9., 124., 57., 20., 32.,
       22., 99., 99., 13., 30., 20., 6., 1., 4., 9., 15., 4., 29., 59.,
       3., 0., 0., 3., 0., 0., 0., 13., 26., 22., 36., 63., 2., 0., 0.,
       0., 0., 5., 139., 169., 1., 0., 0., 0., 0., 0., 131., 101., 6.,
       1., 0., 0., 0., 0., 24., 16., 1., 0., 0., 26., 14., 7., 55., 108.,
       24., 3., 3., 3., 0., 1., 46., 169., 18., 0., 0., 0., 0., 0., 43.,
       89., 12., 2., 0., 0., 0., 0., 7., 11., 16., 28., 14., 24., 9., 2.,
       12., 125., 34., 23., 8., 4., 0., 0., 10., 169., 41., 0., 0., 0.,
       0., 0., 19., 60., 29., 5., 0., 0., 0., 0., 1., 1., 10., 13., 22.,
       34., 18., 2., 0., 70., 85., 8., 2., 1., 0., 0., 0., 169., 143.,
       0., 0., 0., 0., 0., 0., 49., 45., 5., 0., 0., 0., 0., 0., 2., 4.,
       9., 6., 9., 77., 47., 4., 9., 5., 3., 1., 1., 118., 71., 6., 20.,
       24., 13., 27., 15., 39., 28., 5., 0., 5., 38., 59., 11., 5., 1.,
       0., 19., 30., 55., 47., 6., 5., 3., 0., 116., 31., 25., 9., 10.,
       65., 57., 36., 9., 1., 1., 8., 118., 118., 55., 16., 0., 0., 3.,
       11., 37., 89., 74., 15., 53., 18., 22., 55., 18., 3., 0., 17.,
       118., 31., 14., 40., 19., 5., 2., 45., 33., 25., 30., 86., 118.,
       38., 23., 35., 14., 18., 32., 36., 90., 76., 70., 54., 46., 12.,
       8., 5., 6., 41., 10., 17., 72., 30., 69., 93., 2., 2., 1., 21.,
       5., 24., 111., 118., 4., 0., 0., 1., 22., 42., 118., 43., 17., 2.,
       3., 9., 2., 0., 1., 12., 27., 10., 13., 9., 3., 0., 5., 8., 5.,
       42., 81., 18., 0., 0., 1., 7., 27., 75., 60., 8., 0., 0., 0., 1.,
       10., 45., 75., 35., 26., 0., 0., 0., 7., 50., 83., 22., 119., 12.,
       2., 3., 7., 66., 114., 92., 19., 4., 2., 15., 73., 119., 90., 23.,
       69., 12., 1., 4., 13., 61., 77., 69., 16., 23., 6., 1., 14., 119.,
       86., 22., 97., 57., 45., 44., 35., 80., 15., 15., 13., 21., 48.,
       119., 93., 30., 2., 1., 49., 84., 56., 47., 19., 7., 1., 3., 17.,
       119., 30., 4., 26., 24., 1., 1., 3., 13., 13., 31., 119., 39., 0.,
       0., 0., 1., 11., 62., 66., 11., 0., 0., 4., 28., 24., 15., 28.,
       12., 0., 0., 52., 27., 9., 31., 23., 21., 54., 24., 1., 0., 1.,
       30., 77., 59., 53., 17., 11., 0., 0., 0., 3., 12., 64., 59., 11.,
       2., 0., 0., 1., 2., 28., 101., 66., 98., 80., 46., 5., 0., 0., 5.,
       116., 16., 11., 38., 15., 13., 87., 116., 21., 4., 2., 30., 40.,
       75., 116., 56., 52., 1., 0., 5., 28., 13., 21., 116., 79., 62.,
       16., 0., 0., 0., 4., 24., 116., 116., 48., 45., 4., 2., 4., 23.,
       76., 46., 56., 116., 35., 10., 5., 9., 116., 51., 14., 11., 42.,
       12., 2., 26., 11., 6., 0., 0., 1., 8., 20., 31., 31., 75., 28.,
       10., 0., 3., 5., 4., 34., 58., 30., 26., 0., 0., 0., 9., 34.,
       112., 41., 9., 5., 0., 0., 3., 1., 6., 19., 73., 25., 2., 0., 0.,
       48., 57., 18., 8., 2., 0., 0., 0., 172., 44., 0., 0., 0., 0., 0.,
       2., 70., 24., 5., 0., 0., 0., 0., 0., 0., 6., 34., 82., 36., 0.,
       0., 0., 96., 75., 41., 4., 0., 0., 0., 1., 172., 44., 0., 0., 0.,
       0., 0., 6., 62., 41., 12., 0., 0., 0., 0., 0., 1., 9., 28., 70.,
       58., 1., 0., 0., 172., 55., 29., 4., 0., 0., 0., 12., 172., 28.,
       2., 0., 0., 0., 0., 34., 28., 56., 22., 0., 0., 0., 0., 0., 7.,
       10., 9., 54., 56., 1., 0., 0., 172., 22., 5., 2., 0., 0., 0., 37.,
       172., 22., 8., 0., 0., 0., 0., 32., 5., 35., 34., 0., 0., 0., 0.,
       0., 50., 92., 6., 0., 0., 0., 0., 1., 91., 116., 3., 0., 0., 0.,
       0., 3., 125., 77., 0., 0., 0., 0., 0., 0., 59., 32., 1., 0., 0.,
       0., 0., 0., 41., 125., 38., 1., 1., 2., 5., 15., 88., 125., 33.,
       0., 0., 0., 5., 21., 125., 125., 5., 0., 0., 0., 1., 10., 46.,
       59., 7., 0., 0., 0., 0., 1., 45., 11., 2., 0., 1., 5., 42., 123.,
       81., 18., 3., 0., 0., 0., 41., 125., 125., 16., 0., 0., 0., 0.,
       6., 104., 64., 7., 0., 0., 0., 0., 2., 19., 90., 33., 0., 0., 0.,
       0., 2., 24., 121., 31., 0., 0., 0., 0., 3., 37., 124., 40., 0.,
       0., 0., 0., 1., 20., 57., 28., 0., 0., 0., 0., 0., 4., 5., 82.,
       71., 12., 0., 1., 6., 11., 34., 107., 61., 14., 0., 0., 7., 18.,
       16., 46., 85., 24., 1., 0., 11., 20., 14., 59., 95., 7., 0., 0.,
       8., 14., 9., 84., 94., 24., 28., 20., 4., 3., 123., 105., 58.,
       27., 13., 6., 2., 5., 58., 61., 58., 59., 83., 31., 0., 2., 83.,
       78., 57., 28., 6., 2., 1., 2., 14., 3., 4., 6., 43., 32., 62.,
       37., 123., 4., 2., 1., 7., 14., 31., 102., 74., 7., 1., 1., 76.,
       117., 36., 23., 81., 12., 3., 3., 5., 18., 69., 56., 11., 2., 0.,
       0., 2., 14., 91., 40., 63., 3., 0., 0., 0., 1., 39., 122., 43.,
       4., 0., 0., 2., 26., 41., 25., 23., 2., 0., 0., 0., 6., 77., 64.,
       7., 51., 28., 15., 1., 0., 12., 12., 26., 63., 36., 12., 1., 0.,
       14., 22., 19., 26., 41., 14., 0., 0., 21., 23., 8., 29., 65., 5.,
       1., 0., 25., 15., 12., 131., 53., 67., 21., 17., 2., 2., 131.,
       95., 43., 61., 23., 3., 0., 2., 75., 56., 63., 90., 86., 18., 0.,
       1., 71., 66., 79., 32., 46., 7., 0., 2., 47., 25., 10., 24., 48.,
       41., 21., 28., 131., 8., 3., 10., 29., 25., 5., 31., 87., 24., 1.,
       6., 131., 103., 5., 11., 104., 35., 6., 15., 48., 31., 7., 25.,
       18., 3., 0., 2., 12., 24., 97., 35., 110., 2., 0., 0., 7., 7.,
       41., 111., 40., 2., 0., 0., 28., 58., 35., 16., 25., 0., 0., 0.,
       11., 29., 80., 50., 65., 113., 4., 2., 6., 21., 5., 11., 26., 21.,
       3., 2., 8., 68., 75., 34., 25., 5., 0., 0., 0., 54., 74., 15., 7.,
       1., 0., 0., 0., 3., 3., 5., 57., 108., 7., 0., 0., 0., 3., 23.,
       123., 110., 11., 6., 2., 17., 43., 77., 47., 14., 9., 71., 83.,
       123., 105., 42., 62., 72., 2., 15., 27., 18., 6., 8., 24., 3., 0.,
       0., 0., 0., 23., 71., 123., 123., 43., 15., 1., 1., 8., 45., 26.,
       57., 73., 123., 39., 4., 9., 29., 52., 47., 1., 20., 12., 0., 17.,
       52., 3., 0., 0., 0., 0., 5., 59., 56., 15., 10., 3., 0., 0., 3.,
       24., 99., 7., 5., 6., 2., 0., 0., 17., 120., 5., 0., 0., 0., 0.,
