%YAML:1.0
---
mat: !!opencv-matrix
   rows: 23
   cols: 128
   dt: f
   data: [ 0., 9., 42., 22., 19., 25., 21., 0., 21., 3., 16., 120., 49.,
       5., 0., 15., 120., 17., 3., 21., 6., 0., 2., 73., 13., 13., 6.,
       0., 0., 12., 12., 16., 1., 7., 52., 106., 70., 35., 19., 0., 67.,
       8., 5., 77., 85., 12., 11., 119., 62., 28., 7., 1., 0., 26., 60.,
       96., 3., 55., 36., 0., 0., 27., 14., 0., 32., 16., 44., 120., 29.,
       0., 0., 4., 120., 73., 11., 49., 4., 0., 3., 41., 33., 120., 23.,
       0., 0., 27., 34., 18., 1., 37., 8., 0., 0., 85., 45., 0., 105.,
       14., 10., 120., 24., 0., 0., 19., 120., 49., 8., 4., 0., 0., 0.,
       27., 4., 104., 41., 0., 0., 0., 0., 0., 3., 120., 17., 0., 0., 9.,
       4., 0., 21., 20., 2., 4., 106., 44., 1., 0., 81., 115., 19., 3.,
       12., 2., 1., 4., 4., 12., 60., 28., 0., 0., 15., 8., 0., 2., 58.,
       13., 0., 0., 29., 10., 7., 6., 3., 30., 117., 58., 14., 3., 117.,
       74., 9., 2., 35., 25., 7., 35., 37., 19., 42., 8., 0., 0., 69.,
       68., 0., 2., 56., 6., 0., 0., 83., 32., 1., 0., 6., 43., 93., 77.,
       43., 20., 69., 117., 31., 24., 117., 40., 3., 5., 27., 117., 117.,
       11., 0., 0., 2., 7., 0., 2., 117., 30., 0., 0., 1., 1., 0., 0.,
       28., 88., 60., 3., 1., 1., 19., 75., 17., 28., 117., 20., 0., 0.,
       46., 117., 38., 4., 10., 1., 0., 0., 0., 6., 62., 40., 0., 0., 0.,
       0., 0., 0., 27., 136., 36., 5., 1., 0., 3., 25., 86., 107., 39.,
       1., 0., 0., 3., 13., 24., 28., 36., 7., 0., 0., 0., 0., 6., 37.,
       25., 1., 0., 0., 10., 16., 89., 136., 136., 5., 2., 5., 136.,
       125., 125., 77., 7., 1., 1., 24., 54., 28., 8., 39., 24., 2., 0.,
       2., 0., 0., 0., 42., 33., 1., 0., 0., 11., 4., 3., 49., 136.,
       114., 68., 48., 136., 14., 4., 9., 11., 14., 57., 136., 31., 3.,
       3., 64., 18., 0., 1., 12., 0., 0., 0., 28., 8., 0., 0., 0., 0.,
       0., 0., 4., 57., 67., 47., 10., 1., 0., 0., 20., 30., 9., 42.,
       37., 0., 0., 0., 30., 34., 1., 0., 1., 0., 0., 0., 3., 2., 0., 0.,
       0., 0., 1., 55., 24., 6., 1., 0., 0., 1., 18., 63., 20., 8., 1.,
       0., 0., 1., 10., 42., 31., 11., 1., 0., 0., 1., 10., 13., 7., 13.,
       1., 0., 0., 2., 4., 52., 34., 79., 38., 32., 9., 124., 64., 68.,
       32., 68., 17., 1., 7., 46., 56., 58., 61., 103., 46., 1., 3., 55.,
       88., 22., 18., 25., 3., 0., 0., 4., 0., 0., 0., 124., 25., 14.,
       2., 124., 3., 0., 0., 124., 17., 1., 8., 68., 20., 0., 1., 124.,
       124., 1., 4., 42., 110., 24., 13., 43., 33., 0., 2., 2., 0., 0.,
       4., 124., 10., 2., 0., 124., 10., 0., 2., 98., 11., 7., 14., 54.,
       4., 0., 0., 84., 74., 0., 2., 37., 21., 1., 0., 65., 77., 8., 16.,
       23., 4., 1., 38., 53., 31., 14., 4., 124., 23., 1., 3., 20., 9.,
       0., 1., 38., 3., 6., 73., 110., 0., 0., 5., 107., 29., 17., 31.,
       33., 0., 0., 53., 25., 1., 0., 2., 116., 58., 19., 26., 124., 21.,
       1., 15., 67., 20., 2., 10., 83., 5., 1., 116., 124., 0., 0., 27.,
       124., 1., 0., 12., 19., 0., 0., 104., 7., 0., 0., 0., 57., 57.,
       34., 16., 86., 5., 1., 16., 53., 50., 73., 64., 93., 5., 2., 61.,
       111., 48., 42., 46., 122., 29., 33., 2., 1., 2., 9., 46., 13., 0.,
       0., 0., 0., 4., 10., 8., 8., 0., 0., 0., 3., 19., 36., 14., 9.,
       1., 0., 0., 6., 50., 96., 14., 10., 9., 15., 1., 0., 15., 71.,
       20., 29., 87., 34., 10., 1., 1., 2., 3., 37., 78., 36., 7., 0.,
       18., 49., 8., 20., 31., 32., 9., 0., 29., 116., 19., 17., 43.,
       19., 1., 0., 3., 105., 87., 76., 75., 25., 29., 7., 12., 12., 8.,
       116., 66., 28., 36., 9., 1., 1., 14., 54., 49., 71., 108., 62.,
       1., 1., 6., 65., 116., 58., 10., 3., 0., 0., 7., 19., 4., 1., 3.,
       1., 31., 116., 28., 116., 14., 4., 13., 10., 12., 90., 71., 23.,
       10., 4., 41., 75., 31., 90., 45., 83., 17., 3., 2., 3., 2., 53.,
       87., 31., 0., 0., 0., 0., 2., 41., 28., 23., 0., 0., 0., 0., 3.,
       70., 64., 12., 0., 0., 0., 1., 12., 116., 58., 6., 0., 0., 0., 0.,
       1., 97., 62., 37., 1., 1., 1., 0., 0., 0., 11., 49., 41., 35.,
       14., 0., 0., 0., 8., 105., 64., 13., 1., 0., 0., 0., 8., 23., 0.,
       0., 0., 0., 0., 1., 13., 34., 1., 2., 12., 20., 4., 1., 23., 48.,
       64., 80., 137., 95., 19., 5., 15., 146., 146., 37., 13., 3., 2.,
       3., 45., 72., 3., 0., 1., 0., 1., 2., 16., 36., 0., 0., 1., 23.,
       24., 6., 32., 33., 5., 2., 16., 95., 116., 109., 143., 146., 12.,
       2., 2., 3., 7., 36., 146., 40., 1., 1., 0., 0., 0., 0., 19., 39.,
       1., 0., 0., 0., 3., 5., 43., 50., 1., 0., 0., 0., 10., 40., 122.,
       88., 9., 0., 0., 0., 0., 6., 87., 6., 3., 1., 0., 0., 0., 0., 2.,
       0., 10., 10., 0., 0., 0., 0., 0., 0., 17., 40., 11., 0., 0., 0.,
       0., 14., 54., 48., 5., 0., 0., 0., 1., 9., 24., 43., 3., 0., 0.,
       0., 3., 0., 15., 27., 31., 2., 0., 0., 0., 9., 16., 99., 132., 6.,
       0., 0., 1., 117., 119., 105., 44., 0., 0., 0., 2., 21., 40., 92.,
       32., 0., 0., 0., 0., 0., 5., 22., 117., 40., 0., 0., 1., 43., 6.,
       12., 132., 50., 4., 13., 24., 132., 29., 19., 76., 18., 1., 4.,
       21., 14., 5., 123., 132., 32., 0., 0., 0., 1., 1., 8., 48., 72.,
       7., 4., 11., 27., 1., 0., 17., 38., 33., 21., 57., 101., 14., 3.,
       55., 94., 13., 3., 7., 1., 1., 7., 132., 132., 10., 0., 0., 1.,
       20., 39., 8., 20., 27., 4., 0., 45., 77., 22., 17., 50., 11., 0.,
       0., 109., 65., 0., 0., 1., 0., 3., 18., 3., 0., 0., 0., 0., 0.,
       7., 14., 56., 123., 10., 2., 4., 92., 21., 4., 60., 24., 9., 16.,
       27., 135., 17., 8., 135., 50., 0., 1., 2., 9., 7., 33., 21., 0.,
       0., 0., 0., 0., 12., 27., 135., 102., 0., 0., 0., 18., 6., 45.,
       71., 7., 0., 0., 2., 135., 81., 42., 127., 2., 0., 0., 0., 32.,
       66., 135., 16., 0., 0., 0., 0., 0., 13., 36., 135., 4., 0., 0.,
       0., 0., 8., 135., 29., 0., 0., 0., 0., 15., 43., 77., 2., 0., 0.,
       0., 1., 16., 65., 56., 0., 0., 0., 0., 1., 8., 17., 12., 69., 92.,
       0., 0., 0., 0., 0., 1., 147., 101., 0., 0., 0., 1., 3., 3., 9.,
       1., 0., 0., 0., 4., 21., 5., 58., 4., 0., 0., 0., 0., 10., 13.,
       78., 15., 0., 0., 0., 1., 6., 9., 150., 57., 0., 0., 0., 0., 3.,
       11., 47., 2., 0., 0., 0., 4., 55., 19., 45., 0., 0., 0., 0., 0.,
       39., 38., 49., 1., 0., 0., 0., 10., 19., 18., 150., 10., 0., 0.,
       0., 0., 2., 82., 78., 1., 0., 0., 0., 1., 70., 81., 18., 0., 0.,
       0., 0., 0., 79., 86., 10., 0., 0., 0., 0., 3., 98., 108., 131.,
       0., 0., 0., 0., 0., 40., 150., 25., 0., 0., 0., 0., 0., 86., 146.,
       3., 0., 0., 0., 0., 0., 86., 80., 73., 12., 0., 0., 0., 0., 3.,
       50., 114., 42., 12., 2., 0., 0., 0., 10., 23., 68., 25., 2., 0.,
       0., 0., 0., 8., 14., 8., 7., 1., 0., 0., 1., 33., 3., 1., 22., 1.,
       0., 12., 120., 42., 22., 73., 135., 1., 0., 1., 35., 87., 135.,
       74., 22., 0., 0., 0., 1., 37., 63., 2., 0., 0., 0., 0., 0., 1.,
       0., 33., 135., 0., 0., 17., 48., 70., 15., 56., 135., 1., 0., 1.,
       51., 135., 41., 11., 8., 0., 0., 0., 69., 69., 38., 0., 0., 0.,
       0., 0., 19., 1., 0., 36., 135., 0., 0., 29., 82., 26., 1., 8.,
       24., 0., 0., 54., 135., 40., 0., 0., 0., 0., 0., 19., 135., 18.,
       2., 0., 0., 0., 0., 0., 38., 0., 0., 0., 14., 129., 9., 0., 0.,
       129., 7., 0., 7., 129., 26., 1., 4., 129., 21., 0., 7., 59., 3.,
       0., 2., 1., 0., 0., 7., 101., 16., 3., 0., 0., 0., 0., 2., 129.,
       68., 1., 0., 87., 6., 0., 0., 79., 129., 25., 19., 129., 32., 0.,
       0., 35., 28., 11., 24., 5., 1., 0., 0., 53., 85., 17., 1., 0., 0.,
       0., 0., 38., 79., 22., 0., 9., 0., 0., 0., 5., 129., 129., 19.,
       72., 2., 0., 0., 2., 33., 95., 110., 4., 0., 0., 0., 3., 88., 65.,
       10., 1., 0., 0., 0., 1., 14., 28., 5., 0., 0., 0., 0., 0., 19.,
       76., 5., 4., 0., 0., 0., 0., 6., 61., 33., 1., 0., 0., 0., 0.,
       19., 50., 4., 3., 6., 39., 25., 8., 0., 0., 0., 4., 26., 116.,
