%YAML:1.0
---
mat: !!opencv-matrix
   rows: 130
   cols: 128
   dt: f
   data: [ 1., 0., 0., 0., 0., 0., 0., 0., 166., 10., 0., 0., 1., 0., 0.,
       47., 142., 13., 4., 15., 26., 6., 1., 24., 41., 13., 2., 8., 52.,
       26., 2., 11., 5., 0., 0., 0., 0., 0., 0., 0., 166., 4., 0., 1.,
       4., 0., 0., 31., 157., 15., 4., 20., 73., 11., 2., 15., 95., 25.,
       2., 3., 28., 17., 1., 9., 10., 1., 0., 0., 0., 0., 0., 0., 166.,
       26., 0., 1., 2., 0., 0., 9., 142., 29., 6., 30., 51., 12., 2., 8.,
       70., 31., 12., 34., 19., 3., 1., 9., 11., 3., 0., 0., 0., 0., 0.,
       2., 166., 50., 6., 6., 8., 0., 0., 50., 87., 49., 27., 95., 86.,
       0., 0., 14., 79., 69., 11., 25., 37., 13., 5., 1., 17., 3., 5.,
       40., 59., 21., 14., 16., 176., 19., 1., 9., 17., 4., 0., 12.,
       176., 23., 20., 7., 1., 1., 1., 22., 1., 3., 41., 11., 4., 12.,
       8., 3., 39., 4., 43., 87., 48., 0., 0., 2., 176., 33., 3., 13.,
       9., 0., 0., 44., 171., 37., 49., 6., 1., 5., 12., 25., 1., 5.,
       61., 9., 1., 3., 31., 8., 44., 5., 32., 18., 1., 0., 0., 1., 176.,
       103., 11., 2., 0., 0., 0., 7., 50., 89., 152., 0., 0., 0., 1., 2.,
       0., 8., 155., 12., 0., 0., 2., 0., 2., 0., 0., 0., 0., 0., 0., 0.,
       9., 3., 0., 0., 0., 0., 0., 0., 1., 2., 2., 0., 0., 0., 0., 0.,
       0., 0., 1., 0., 0., 0., 0., 0., 15., 2., 0., 0., 0., 0., 0., 0.,
       128., 43., 0., 1., 4., 1., 0., 2., 60., 28., 6., 22., 30., 7., 1.,
       3., 30., 27., 9., 29., 20., 2., 0., 2., 14., 4., 0., 0., 0., 0.,
       0., 1., 128., 73., 10., 6., 11., 0., 0., 29., 76., 57., 30., 85.,
       111., 0., 0., 8., 85., 76., 10., 15., 32., 18., 9., 2., 4., 8.,
       1., 0., 0., 0., 2., 6., 96., 128., 44., 7., 3., 3., 65., 105.,
       53., 46., 82., 61., 44., 8., 128., 38., 118., 53., 7., 4., 4., 2.,
       43., 36., 7., 0., 0., 0., 0., 0., 1., 7., 128., 3., 1., 0., 3.,
       12., 76., 128., 19., 3., 2., 0., 14., 47., 128., 40., 7., 11., 6.,
       0., 0., 3., 88., 40., 0., 0., 0., 0., 0., 0., 0., 0., 12., 0., 0.,
       0., 0., 0., 0., 43., 95., 0., 1., 3., 1., 0., 0., 120., 25., 1.,
       2., 24., 18., 1., 2., 53., 9., 2., 0., 0., 0., 1., 6., 3., 120.,
       25., 4., 4., 0., 0., 9., 120., 59., 17., 32., 83., 3., 0., 4.,
       120., 59., 14., 23., 30., 3., 0., 1., 25., 14., 1., 0., 0., 1.,
       18., 101., 81., 112., 77., 28., 9., 3., 120., 120., 53., 66., 48.,
       64., 109., 2., 17., 15., 70., 98., 10., 11., 32., 18., 11., 3.,
       58., 38., 0., 0., 4., 13., 15., 20., 120., 3., 3., 2., 9., 32.,
       120., 60., 21., 36., 6., 3., 1., 0., 86., 91., 58., 35., 15., 15.,
       3., 8., 25., 12., 27., 14., 61., 65., 14., 1., 3., 22., 15., 51.,
       4., 31., 78., 26., 18., 19., 18., 189., 1., 1., 6., 4., 2., 2.,
       115., 54., 0., 0., 1., 8., 14., 23., 56., 30., 11., 17., 6., 2.,
       2., 29., 71., 92., 5., 10., 47., 41., 30., 26., 24., 189., 11.,
       2., 4., 4., 3., 1., 51., 76., 11., 21., 6., 6., 12., 4., 17., 18.,
       25., 128., 15., 1., 0., 0., 6., 141., 16., 68., 81., 13., 0., 0.,
       5., 189., 65., 12., 3., 1., 0., 0., 26., 42., 31., 65., 4., 0.,
       1., 2., 3., 0., 3., 33., 1., 0., 0., 0., 0., 52., 9., 17., 2., 0.,
       0., 0., 0., 113., 51., 9., 0., 0., 0., 0., 0., 3., 19., 48., 2.,
       0., 0., 0., 0., 5., 1., 6., 36., 31., 64., 24., 2., 153., 3., 2.,
       15., 16., 20., 9., 44., 51., 1., 3., 34., 45., 18., 1., 16., 36.,
       17., 6., 12., 10., 6., 5., 22., 10., 10., 35., 81., 73., 4., 0.,
       0., 153., 22., 6., 36., 33., 2., 0., 12., 53., 3., 2., 47., 84.,
       16., 2., 7., 70., 18., 3., 9., 10., 4., 4., 40., 41., 60., 140.,
       93., 23., 3., 12., 8., 153., 39., 14., 48., 21., 0., 0., 14., 42.,
       8., 10., 80., 56., 7., 3., 13., 91., 18., 4., 5., 2., 1., 2., 54.,
       93., 23., 10., 58., 133., 27., 44., 19., 153., 20., 2., 25., 21.,
       8., 9., 51., 31., 2., 1., 21., 33., 14., 42., 32., 68., 2., 0.,
       0., 0., 0., 9., 61., 102., 13., 24., 14., 3., 13., 15., 100., 88.,
       16., 3., 1., 5., 22., 28., 46., 20., 2., 1., 23., 58., 16., 32.,
       44., 15., 1., 1., 24., 68., 16., 14., 46., 54., 6., 17., 23., 9.,
       8., 13., 86., 115., 49., 29., 23., 14., 1., 0., 21., 47., 4., 2.,
       47., 109., 9., 4., 16., 41., 2., 2., 80., 115., 2., 2., 26., 51.,
       4., 6., 17., 32., 43., 40., 55., 115., 23., 10., 33., 31., 23.,
       43., 115., 40., 6., 3., 57., 65., 9., 5., 22., 9., 0., 0., 115.,
       115., 2., 3., 17., 48., 115., 35., 1., 1., 9., 29., 24., 11., 26.,
       10., 42., 67., 9., 37., 32., 50., 4., 3., 68., 81., 2., 1., 23.,
       6., 0., 0., 109., 115., 0., 0., 2., 70., 0., 0., 0., 1., 11., 26.,
       75., 170., 2., 0., 0., 0., 16., 31., 77., 47., 0., 0., 0., 0.,
       85., 155., 43., 7., 0., 0., 0., 0., 20., 95., 99., 53., 28., 9.,
       8., 4., 6., 35., 61., 170., 8., 2., 5., 3., 4., 14., 78., 98., 3.,
       1., 0., 0., 16., 65., 62., 1., 0., 2., 4., 3., 10., 60., 37., 62.,
       50., 38., 9., 1., 0., 2., 11., 170., 121., 18., 6., 1., 0., 2.,
       10., 107., 55., 57., 10., 0., 5., 9., 10., 0., 0., 60., 34., 4.,
       2., 3., 5., 7., 24., 36., 3., 0., 0., 0., 0., 105., 62., 13., 2.,
       0., 0., 0., 0., 23., 25., 22., 4., 0., 0., 0., 0., 0., 0., 17.,
       6., 0., 0., 0., 0., 3., 8., 15., 8., 2., 1., 66., 37., 2., 5., 3.,
       1., 3., 13., 84., 41., 6., 0., 1., 9., 14., 70., 86., 14., 96.,
       1., 1., 3., 3., 14., 25., 75., 4., 22., 75., 84., 26., 20., 55.,
       13., 84., 113., 50., 7., 9., 18., 47., 41., 30., 6., 2., 22., 57.,
       96., 24., 11., 117., 2., 1., 8., 12., 14., 7., 47., 2., 3., 14.,
       24., 21., 61., 117., 13., 69., 21., 53., 23., 2., 7., 76., 82.,
       36., 14., 45., 87., 50., 24., 3., 5., 117., 20., 4., 23., 22., 4.,
       2., 9., 0., 0., 62., 60., 10., 17., 19., 0., 0., 6., 117., 108.,
       12., 20., 49., 4., 46., 40., 117., 56., 15., 8., 20., 4., 117.,
       39., 13., 20., 11., 1., 0., 1., 69., 1., 0., 6., 43., 8., 1., 7.,
       195., 7., 0., 0., 0., 0., 1., 58., 62., 0., 0., 0., 0., 0., 37.,
       65., 1., 0., 0., 0., 0., 2., 40., 21., 78., 2., 0., 9., 12., 2.,
       1., 4., 195., 14., 0., 0., 0., 0., 0., 23., 118., 10., 11., 6.,
       0., 0., 16., 43., 13., 11., 3., 1., 2., 2., 38., 21., 65., 3., 0.,
       1., 2., 11., 5., 4., 195., 40., 1., 0., 0., 0., 0., 7., 131., 22.,
       14., 12., 3., 3., 31., 31., 45., 15., 5., 1., 5., 4., 13., 34.,
       34., 8., 0., 2., 49., 27., 2., 0., 195., 52., 0., 0., 0., 0., 0.,
       3., 155., 28., 4., 0., 0., 0., 16., 21., 3., 3., 17., 6., 0., 0.,
       7., 13., 55., 9., 1., 0., 2., 4., 22., 71., 111., 9., 1., 1., 14.,
       42., 25., 28., 182., 29., 0., 0., 0., 4., 9., 26., 26., 3., 0.,
       0., 0., 22., 52., 14., 43., 36., 15., 4., 1., 1., 58., 69., 88.,
       7., 13., 34., 32., 29., 48., 26., 182., 11., 0., 3., 4., 3., 5.,
       69., 48., 1., 0., 0., 2., 20., 28., 43., 43., 58., 26., 4., 0.,
       0., 2., 25., 82., 18., 22., 35., 16., 13., 19., 25., 182., 67.,
       2., 4., 2., 2., 3., 13., 73., 20., 14., 4., 2., 17., 9., 10., 44.,
       36., 28., 3., 0., 0., 0., 12., 37., 27., 65., 49., 6., 2., 2., 8.,
       182., 130., 10., 8., 1., 0., 0., 0., 41., 47., 49., 7., 0., 0.,
       0., 0., 50., 28., 2., 4., 19., 20., 3., 2., 103., 8., 3., 35.,
       71., 12., 0., 6., 94., 30., 41., 90., 118., 33., 6., 37., 114.,
       30., 9., 2., 11., 4., 0., 33., 114., 38., 23., 60., 32., 3., 0.,
       2., 118., 9., 1., 1., 39., 58., 5., 14., 73., 2., 3., 2., 63.,
       118., 78., 79., 82., 1., 0., 2., 13., 6., 18., 71., 118., 37.,
       23., 39., 5., 5., 2., 74., 118., 17., 13., 19., 12., 7., 2., 16.,
       64., 52., 35., 26., 16., 29., 42., 24., 21., 7., 0., 8., 41., 11.,
       16., 18., 118., 0., 0., 0., 3., 16., 11., 87., 81., 2., 1., 13.,
       39., 5., 0., 21., 118., 13., 3., 14., 36., 4., 0., 12., 31., 2.,
       0., 7., 57., 3., 0., 2., 138., 17., 2., 1., 1., 10., 62., 103.,
