%YAML:1.0
---
mat: !!opencv-matrix
   rows: 123
   cols: 128
   dt: f
   data: [ 2., 8., 2., 1., 73., 137., 24., 4., 144., 96., 0., 0., 13.,
       29., 32., 44., 144., 144., 0., 0., 0., 0., 1., 11., 1., 0., 0.,
       0., 0., 0., 0., 0., 14., 33., 6., 15., 133., 28., 19., 5., 113.,
       18., 0., 0., 20., 12., 46., 41., 144., 23., 0., 0., 0., 0., 1.,
       35., 8., 0., 0., 0., 0., 0., 0., 2., 7., 3., 2., 3., 20., 84.,
       59., 28., 59., 5., 0., 0., 16., 65., 84., 21., 144., 36., 0., 0.,
       2., 8., 5., 15., 25., 4., 0., 0., 0., 0., 0., 2., 4., 3., 4., 1.,
       33., 144., 6., 7., 20., 5., 14., 17., 27., 54., 7., 6., 144., 8.,
       2., 2., 4., 6., 3., 33., 46., 1., 0., 0., 0., 0., 0., 11., 0., 4.,
       72., 37., 7., 57., 30., 0., 2., 7., 41., 8., 7., 130., 77., 3.,
       0., 0., 1., 1., 2., 120., 102., 2., 0., 0., 0., 0., 0., 5., 10.,
       0., 17., 12., 52., 36., 103., 56., 3., 2., 130., 28., 44., 7., 7.,
       20., 50., 87., 14., 1., 1., 1., 32., 122., 89., 25., 0., 0., 0.,
       0., 1., 6., 3., 0., 27., 10., 4., 31., 130., 42., 1., 5., 130.,
       118., 2., 4., 22., 11., 6., 30., 57., 35., 2., 2., 113., 69., 7.,
       8., 0., 0., 0., 0., 4., 4., 0., 0., 5., 10., 10., 50., 113., 4.,
       0., 0., 130., 102., 2., 4., 14., 2., 0., 2., 82., 60., 8., 1.,
       12., 12., 0., 0., 0., 0., 0., 0., 0., 1., 0., 0., 9., 2., 2., 2.,
       18., 42., 58., 20., 146., 54., 0., 0., 1., 8., 29., 19., 79., 29.,
       0., 0., 0., 0., 0., 1., 0., 0., 0., 0., 0., 0., 0., 0., 0., 0.,
       1., 1., 5., 146., 97., 10., 113., 27., 0., 3., 17., 76., 36., 13.,
       146., 34., 0., 0., 0., 1., 3., 28., 7., 0., 0., 0., 0., 0., 0.,
       3., 0., 41., 86., 16., 22., 146., 32., 0., 44., 3., 8., 21., 40.,
       146., 75., 33., 146., 12., 1., 0., 0., 4., 19., 76., 40., 6., 1.,
       0., 0., 0., 0., 4., 0., 69., 84., 15., 6., 23., 3., 0., 38., 11.,
       37., 34., 17., 8., 4., 35., 146., 5., 1., 0., 0., 1., 6., 120.,
       20., 3., 1., 0., 0., 1., 6., 16., 120., 50., 18., 2., 9., 4., 3.,
       23., 51., 26., 29., 56., 111., 42., 7., 19., 33., 10., 25., 30.,
       39., 132., 34., 34., 1., 0., 0., 0., 1., 121., 53., 5., 95., 56.,
       14., 8., 8., 4., 15., 15., 85., 62., 42., 132., 132., 8., 1., 6.,
       132., 22., 3., 27., 37., 24., 27., 70., 16., 1., 0., 0., 0., 36.,
       26., 10., 12., 13., 17., 36., 28., 1., 3., 5., 47., 12., 29., 85.,
       32., 3., 7., 63., 132., 22., 0., 8., 5., 1., 3., 110., 19., 5.,
       0., 0., 0., 1., 1., 1., 11., 3., 1., 15., 37., 8., 3., 7., 68.,
       0., 0., 4., 7., 2., 7., 132., 30., 0., 0., 0., 0., 0., 6., 132.,
       1., 0., 0., 0., 0., 0., 0., 1., 1., 2., 0., 2., 27., 15., 0., 0.,
       14., 2., 1., 30., 131., 46., 0., 5., 63., 2., 1., 7., 19., 19.,
       23., 60., 20., 3., 6., 5., 11., 21., 16., 13., 17., 37., 10., 6.,
       21., 8., 0., 0., 45., 20., 12., 41., 131., 58., 2., 9., 131., 27.,
       2., 4., 49., 51., 17., 85., 11., 10., 12., 8., 104., 112., 9.,
       10., 3., 92., 63., 8., 2., 0., 0., 0., 21., 89., 44., 46., 66.,
       22., 42., 15., 121., 72., 13., 8., 17., 15., 54., 54., 8., 21.,
       16., 38., 111., 64., 23., 4., 0., 55., 33., 2., 3., 0., 0., 0.,
       6., 131., 73., 0., 0., 1., 10., 5., 15., 131., 70., 0., 1., 4.,
       36., 29., 5., 77., 32., 3., 9., 64., 95., 8., 26., 5., 3., 4., 4.,
       16., 41., 59., 21., 7., 5., 3., 11., 46., 36., 12., 132., 5., 4.,
       2., 2., 3., 1., 51., 6., 0., 0., 0., 0., 0., 0., 4., 136., 12.,
       4., 1., 14., 47., 36., 102., 42., 5., 0., 8., 136., 136., 24.,
       10., 136., 14., 0., 4., 16., 9., 1., 24., 8., 1., 0., 0., 0., 0.,
       0., 2., 136., 27., 0., 0., 9., 28., 21., 85., 42., 2., 0., 1.,
       132., 136., 15., 17., 136., 26., 0., 0., 18., 72., 19., 26., 5.,
       3., 0., 0., 0., 0., 0., 1., 68., 1., 1., 1., 1., 4., 28., 114.,
       15., 1., 3., 14., 65., 118., 11., 13., 6., 1., 0., 1., 23., 70.,
       62., 30., 0., 0., 0., 0., 0., 0., 3., 2., 0., 0., 0., 0., 0., 0.,
       0., 0., 1., 7., 13., 8., 8., 0., 0., 0., 108., 61., 53., 6., 3.,
       0., 2., 12., 50., 40., 19., 11., 1., 1., 10., 20., 0., 0., 0., 7.,
       2., 0., 0., 0., 18., 13., 10., 129., 97., 1., 0., 2., 141., 65.,
       14., 41., 20., 0., 1., 9., 74., 13., 46., 132., 22., 1., 2., 4.,
       0., 0., 5., 68., 15., 0., 0., 0., 41., 7., 3., 141., 85., 1., 2.,
       32., 141., 44., 14., 41., 15., 0., 1., 67., 32., 15., 37., 141.,
       134., 0., 0., 1., 0., 2., 10., 80., 31., 8., 7., 1., 26., 30., 7.,
       50., 14., 7., 8., 6., 47., 85., 68., 65., 6., 1., 1., 6., 3., 5.,
       23., 141., 64., 23., 22., 9., 3., 6., 6., 12., 20., 2., 1., 3.,
       55., 111., 15., 4., 6., 2., 6., 59., 25., 107., 43., 10., 42.,
       57., 6., 15., 0., 3., 17., 7., 109., 123., 0., 0., 20., 0., 1.,
       16., 22., 10., 7., 8., 123., 5., 2., 8., 18., 18., 17., 91., 29.,
       20., 47., 76., 123., 39., 15., 24., 9., 43., 55., 22., 62., 63.,
       3., 10., 14., 4., 2., 13., 9., 14., 17., 21., 123., 54., 38., 76.,
       13., 6., 4., 19., 55., 13., 26., 123., 102., 3., 0., 46., 61.,
       13., 6., 13., 26., 33., 34., 123., 4., 6., 4., 40., 10., 0., 0.,
       2., 6., 27., 32., 65., 11., 1., 2., 4., 112., 3., 10., 62., 8.,
       0., 2., 96., 102., 1., 0., 5., 21., 7., 3., 65., 8., 1., 1., 35.,
       124., 28., 0., 2., 57., 3., 1., 10., 17., 11., 20., 47., 30., 3.,
       4., 3., 6., 21., 22., 20., 9., 2., 4., 16., 24., 7., 1., 4., 27.,
       10., 4., 19., 124., 60., 1., 7., 124., 11., 0., 2., 41., 47., 21.,
       105., 19., 7., 13., 7., 112., 124., 18., 21., 18., 10., 16., 11.,
       13., 8., 1., 5., 19., 35., 29., 53., 94., 19., 25., 9., 124., 77.,
       11., 6., 23., 16., 35., 45., 20., 37., 23., 44., 124., 90., 7.,
       5., 24., 12., 1., 5., 48., 19., 6., 3., 6., 124., 49., 1., 1., 4.,
       18., 6., 21., 124., 36., 1., 0., 5., 53., 47., 6., 40., 15., 14.,
       27., 85., 104., 12., 4., 3., 1., 2., 11., 69., 124., 7., 22., 35.,
       12., 68., 9., 0., 1., 4., 154., 32., 3., 1., 5., 8., 3., 14., 81.,
       2., 0., 0., 83., 121., 19., 14., 83., 11., 3., 4., 16., 36., 20.,
       30., 59., 37., 15., 22., 7., 5., 4., 43., 154., 39., 2., 2., 8.,
       4., 2., 25., 110., 8., 6., 27., 59., 35., 9., 5., 8., 17., 8.,
       16., 27., 33., 12., 5., 116., 70., 13., 9., 12., 5., 3., 29.,
       154., 53., 6., 6., 10., 4., 1., 57., 60., 53., 10., 19., 38., 15.,
       0., 5., 1., 10., 15., 25., 39., 22., 1., 1., 127., 105., 4., 1.,
       0., 0., 0., 12., 154., 33., 2., 1., 0., 0., 0., 69., 27., 24.,
       15., 11., 6., 2., 0., 11., 1., 3., 16., 103., 86., 6., 0., 0., 0.,
       1., 1., 6., 14., 8., 30., 21., 1., 1., 3., 11., 8., 5., 54., 108.,
       17., 4., 4., 5., 7., 16., 35., 101., 2., 0., 0., 8., 24., 34.,
       61., 50., 0., 1., 4., 10., 5., 5., 123., 56., 19., 10., 12., 100.,
       72., 6., 46., 53., 134., 27., 15., 30., 8., 14., 20., 42., 38.,
       1., 1., 0., 0., 33., 59., 72., 1., 6., 89., 96., 7., 1., 18., 8.,
       53., 3., 25., 134., 54., 1., 3., 26., 134., 9., 2., 13., 7., 4.,
       6., 60., 66., 6., 12., 40., 30., 23., 20., 22., 2., 3., 21., 50.,
       57., 9., 11., 7., 65., 0., 6., 39., 16., 1., 1., 134., 134., 6.,
       8., 14., 4., 0., 0., 134., 60., 3., 6., 70., 45., 0., 0., 58.,
       41., 21., 9., 75., 69., 0., 0., 7., 139., 24., 2., 1., 0., 0., 3.,
       34., 139., 22., 2., 8., 8., 2., 0., 14., 3., 3., 3., 22., 27., 9.,
       1., 0., 56., 74., 7., 64., 62., 2., 0., 0., 139., 82., 1., 0., 0.,
       0., 0., 45., 139., 32., 4., 3., 3., 0., 0., 40., 4., 9., 10., 54.,
       49., 5., 0., 0., 38., 19., 0., 10., 31., 14., 24., 31., 139., 50.,
       0., 0., 0., 0., 8., 69., 124., 21., 17., 13., 1., 0., 0., 13., 1.,
       2., 12., 110., 118., 1., 0., 0., 27., 2., 0., 1., 2., 2., 34.,
       86., 139., 17., 1., 0., 0., 0., 15., 91., 48., 11., 23., 15., 2.,
       1., 0., 6., 0., 0., 6., 65., 128., 2., 0., 0., 5., 1., 2., 7., 3.,
