%YAML:1.0
---
mat: !!opencv-matrix
   rows: 48
   cols: 128
   dt: f
   data: [ 0., 13., 39., 27., 24., 17., 0., 0., 34., 10., 36., 36., 43.,
       76., 41., 52., 77., 5., 11., 120., 74., 1., 6., 50., 120., 5., 1.,
       19., 11., 0., 0., 78., 0., 12., 110., 102., 1., 0., 0., 0., 9.,
       25., 120., 117., 16., 1., 2., 2., 120., 21., 74., 72., 30., 1.,
       1., 81., 120., 35., 7., 1., 1., 0., 0., 59., 0., 19., 91., 87.,
       20., 3., 1., 0., 38., 33., 67., 47., 23., 3., 3., 4., 120., 85.,
       15., 3., 3., 0., 0., 15., 32., 91., 49., 0., 0., 0., 0., 4., 0.,
       8., 15., 6., 6., 2., 1., 0., 19., 15., 4., 1., 2., 2., 6., 6.,
       68., 93., 29., 0., 0., 0., 1., 3., 2., 81., 87., 0., 0., 0., 0.,
       0., 20., 73., 51., 20., 7., 2., 1., 1., 14., 88., 82., 2., 0., 0.,
       0., 1., 6., 53., 99., 4., 1., 0., 0., 1., 1., 18., 92., 10., 0.,
       0., 0., 0., 66., 53., 14., 22., 44., 15., 4., 8., 112., 48., 69.,
       23., 47., 18., 6., 34., 18., 43., 112., 33., 112., 24., 7., 19.,
       9., 81., 112., 15., 2., 16., 10., 8., 73., 9., 0., 2., 38., 84.,
       35., 81., 112., 30., 3., 14., 54., 73., 58., 32., 27., 12., 5.,
       24., 112., 36., 93., 60., 16., 22., 4., 1., 2., 78., 82., 44., 9.,
       0., 0., 0., 0., 22., 31., 40., 7., 1., 0., 1., 1., 28., 108., 27.,
       2., 1., 0., 1., 3., 13., 112., 37., 1., 0., 0., 0., 0., 23., 112.,
       11., 0., 23., 112., 11., 1., 0., 0., 0., 3., 13., 112., 37., 2.,
       1., 0., 1., 1., 28., 108., 27., 7., 1., 0., 1., 0., 22., 31., 39.,
       9., 0., 0., 0., 2., 78., 82., 44., 16., 22., 4., 1., 112., 36.,
       93., 60., 27., 12., 5., 24., 54., 73., 58., 32., 112., 30., 3.,
       14., 38., 84., 35., 81., 73., 9., 0., 2., 2., 16., 10., 8., 9.,
       81., 112., 15., 112., 23., 7., 19., 18., 43., 112., 33., 47., 18.,
       6., 34., 112., 48., 68., 23., 44., 15., 4., 8., 66., 53., 14.,
       22., 0., 0., 0., 0., 1., 18., 91., 9., 1., 0., 0., 1., 6., 53.,
       99., 4., 0., 0., 0., 1., 14., 88., 82., 2., 7., 2., 1., 1., 20.,
       73., 50., 20., 0., 0., 0., 0., 15., 98., 21., 1., 24., 7., 1., 1.,
       7., 25., 23., 33., 53., 2., 0., 0., 0., 0., 12., 107., 9., 0., 0.,
       0., 0., 0., 38., 51., 1., 0., 0., 0., 68., 102., 23., 2., 44., 5.,
       0., 1., 36., 42., 45., 101., 44., 8., 6., 6., 3., 1., 40., 115.,
       20., 12., 3., 0., 0., 0., 19., 42., 2., 1., 0., 1., 108., 69.,
       11., 1., 115., 15., 1., 3., 74., 33., 4., 25., 44., 37., 51., 48.,
       91., 44., 7., 13., 9., 115., 98., 11., 15., 8., 2., 5., 0., 0.,
       0., 1., 75., 48., 5., 0., 115., 13., 0., 0., 73., 49., 1., 6.,
       73., 11., 8., 6., 75., 115., 6., 7., 0., 94., 107., 17., 106.,
       115., 0., 0., 58., 60., 11., 1., 0., 0., 0., 9., 81., 78., 1., 0.,
       0., 0., 0., 7., 37., 28., 22., 13., 0., 0., 0., 11., 7., 3., 75.,
       109., 1., 0., 0., 4., 47., 35., 15., 1., 1., 1., 16., 18., 119.,
       84., 9., 0., 1., 2., 3., 21., 32., 29., 40., 73., 41., 48., 24.,
       10., 0., 1., 89., 119., 33., 54., 119., 12., 10., 3., 2., 0., 0.,
       13., 119., 37., 71., 69., 26., 1., 1., 53., 83., 15., 11., 119.,
       66., 1., 8., 45., 56., 5., 5., 79., 40., 1., 4., 27., 119., 28.,
       18., 0., 0., 0., 0., 6., 37., 50., 2., 3., 2., 0., 0., 66., 115.,
       17., 1., 34., 17., 0., 0., 80., 119., 3., 2., 74., 36., 0., 0.,
       36., 72., 2., 126., 86., 1., 4., 18., 1., 2., 3., 13., 6., 1.,
       25., 145., 15., 0., 2., 145., 16., 0., 8., 46., 6., 0., 13., 62.,
       8., 3., 0., 0., 2., 3., 3., 127., 30., 0., 11., 19., 9., 20., 43.,
       28., 9., 0., 91., 145., 6., 0., 1., 145., 31., 0., 22., 42., 3.,
       0., 6., 60., 20., 14., 0., 0., 0., 0., 0., 17., 9., 56., 20., 18.,
       2., 6., 21., 20., 2., 20., 65., 145., 30., 3., 13., 145., 13., 0.,
       5., 25., 14., 3., 63., 42., 19., 14., 0., 0., 0., 0., 2., 0., 3.,
       119., 34., 12., 13., 0., 0., 40., 14., 71., 67., 16., 2., 0., 4.,
       145., 24., 4., 4., 2., 0., 0., 18., 13., 15., 22., 0., 0., 0., 0.,
       0., 0., 0., 0., 0., 22., 20., 27., 0., 5., 1., 0., 5., 147., 42.,
       5., 9., 25., 3., 0., 1., 20., 11., 79., 95., 10., 11., 0., 0., 1.,
       4., 110., 49., 0., 0., 0., 1., 48., 22., 17., 0., 31., 20., 5.,
       42., 147., 29., 1., 6., 147., 51., 4., 9., 18., 4., 14., 52., 21.,
       4., 10., 30., 32., 8., 31., 16., 0., 0., 0., 0., 42., 26., 19.,
       0., 38., 4., 0., 3., 147., 82., 1., 13., 147., 16., 0., 1., 32.,
       15., 0., 53., 32., 5., 13., 27., 132., 64., 0., 10., 0., 1., 3.,
       1., 31., 12., 8., 0., 21., 6., 0., 2., 147., 47., 0., 3., 147.,
       45., 0., 2., 32., 10., 1., 13., 43., 7., 0., 0., 58., 84., 2., 4.,
       0., 0., 0., 0., 128., 78., 0., 0., 74., 0., 0., 0., 146., 143.,
       5., 29., 146., 4., 0., 0., 1., 4., 2., 73., 38., 6., 0., 0., 0.,
       0., 0., 5., 0., 1., 2., 1., 82., 41., 0., 0., 74., 5., 0., 0.,
       146., 146., 8., 19., 146., 41., 0., 0., 8., 17., 5., 45., 34.,
       12., 0., 0., 0., 0., 0., 2., 0., 1., 21., 15., 21., 11., 0., 0.,
       14., 1., 8., 6., 95., 146., 44., 28., 143., 8., 0., 0., 4., 29.,
       43., 131., 25., 5., 1., 1., 0., 0., 0., 7., 5., 1., 20., 25., 3.,
       0., 4., 18., 5., 3., 9., 3., 3., 14., 32., 15., 24., 10., 0., 0.,
       0., 3., 13., 25., 4., 5., 3., 7., 2., 0., 0., 1., 0., 0., 0., 1.,
       2., 2., 5., 8., 0., 1., 10., 27., 15., 2., 1., 0., 1., 18., 24.,
       19., 17., 1., 1., 0., 0., 14., 20., 10., 2., 2., 2., 0., 0., 0.,
       0., 13., 22., 3., 0., 0., 10., 16., 47., 147., 96., 0., 0., 0.,
       127., 87., 62., 45., 9., 2., 5., 6., 18., 4., 9., 4., 1., 13.,
       40., 7., 0., 0., 0., 85., 57., 1., 0., 0., 65., 11., 8., 147.,
       147., 0., 0., 4., 147., 21., 6., 22., 13., 0., 1., 46., 34., 0.,
       0., 0., 0., 4., 10., 11., 0., 0., 0., 147., 129., 0., 0., 0.,
       133., 9., 7., 147., 74., 0., 0., 11., 147., 3., 1., 3., 0., 0.,
       0., 48., 17., 0., 0., 0., 0., 3., 1., 5., 40., 55., 26., 32., 22.,
       9., 12., 30., 56., 123., 49., 2., 5., 1., 1., 1., 22., 103., 9.,
       0., 0., 0., 1., 1., 5., 19., 3., 0., 0., 0., 0., 5., 34., 15., 1.,
       5., 114., 54., 19., 35., 127., 40., 1., 3., 47., 17., 12., 15.,
       41., 83., 58., 44., 58., 6., 12., 7., 69., 123., 33., 7., 3., 0.,
       0., 1., 15., 6., 1., 9., 80., 90., 27., 10., 127., 13., 0., 3.,
       51., 31., 16., 50., 79., 17., 8., 28., 127., 47., 3., 9., 127.,
       59., 24., 11., 23., 8., 2., 9., 0., 0., 0., 0., 10., 101., 29.,
       2., 46., 9., 0., 0., 22., 62., 40., 43., 54., 7., 0., 16., 127.,
       25., 4., 21., 127., 15., 3., 12., 27., 6., 8., 18., 0., 0., 0.,
       0., 101., 142., 0., 0., 71., 1., 0., 0., 73., 142., 5., 38., 142.,
       9., 0., 0., 0., 2., 3., 132., 20., 2., 0., 0., 0., 6., 18., 28.,
       0., 1., 1., 1., 51., 74., 0., 0., 71., 6., 0., 0., 142., 142., 2.,
       9., 142., 45., 0., 0., 12., 16., 1., 11., 37., 10., 3., 10., 2.,
       0., 0., 0., 0., 3., 4., 1., 26., 8., 0., 0., 25., 0., 0., 1.,
       142., 119., 6., 16., 142., 6., 0., 0., 20., 29., 7., 63., 38., 3.,
       1., 32., 21., 0., 0., 3., 0., 3., 8., 8., 4., 1., 0., 0., 4., 0.,
       3., 8., 52., 49., 15., 13., 66., 1., 1., 6., 6., 17., 17., 59.,
       12., 1., 2., 64., 26., 0., 0., 3., 8., 0., 0., 3., 3., 1., 7.,
       92., 1., 2., 7., 72., 38., 1., 7., 19., 47., 33., 30., 49., 9.,
       0., 1., 4., 14., 3., 1., 1., 1., 2., 14., 12., 2., 0., 0., 10.,
       25., 2., 8., 30., 18., 8., 6., 147., 147., 0., 0., 1., 147., 30.,
       11., 51., 23., 0., 0., 15., 41., 0., 0., 0., 0., 5., 5., 10., 0.,
       1., 1., 32., 62., 2., 2., 1., 47., 14., 2., 132., 147., 0., 0.,
       0., 147., 53., 2., 17., 22., 0., 0., 13., 40., 5., 0., 0., 0., 4.,
       1., 5., 0., 4., 65., 147., 21., 0., 0., 0., 29., 17., 12., 147.,
       91., 0., 0., 0., 147., 99., 2., 10., 5., 0., 0., 0., 57., 17., 0.,
       0., 0., 2., 1., 0., 3., 8., 4., 19., 20., 0., 7., 2., 20., 6., 2.,
