%YAML:1.0
---
mat: !!opencv-matrix
   rows: 27
   cols: 128
   dt: f
   data: [ 22., 13., 13., 7., 0., 0., 0., 1., 8., 33., 57., 13., 0., 0.,
       0., 0., 8., 30., 67., 27., 5., 0., 0., 1., 23., 44., 76., 61.,
       15., 0., 0., 1., 12., 17., 16., 81., 26., 0., 0., 0., 107., 45.,
       59., 84., 16., 8., 4., 16., 32., 22., 58., 22., 38., 56., 20.,
       18., 107., 35., 19., 31., 136., 14., 4., 4., 24., 12., 4., 78.,
       139., 0., 0., 0., 139., 32., 7., 47., 59., 4., 2., 10., 65., 10.,
       0., 0., 40., 49., 28., 10., 89., 17., 1., 1., 139., 32., 9., 2.,
       21., 7., 0., 11., 139., 8., 0., 0., 139., 28., 0., 4., 69., 5.,
       0., 0., 72., 14., 1., 2., 35., 3., 0., 1., 14., 20., 3., 8., 139.,
       12., 1., 5., 3., 6., 10., 21., 5., 94., 122., 3., 68., 37., 9.,
       12., 5., 58., 87., 61., 64., 8., 0., 0., 0., 4., 13., 65., 1., 0.,
       0., 0., 0., 11., 28., 12., 1., 35., 118., 69., 30., 16., 9., 4.,
       114., 49., 40., 24., 8., 15., 18., 91., 38., 4., 0., 0., 0., 7.,
       27., 76., 1., 0., 0., 0., 0., 14., 27., 15., 3., 64., 122., 3.,
       2., 79., 122., 5., 122., 122., 59., 0., 0., 13., 120., 98., 85.,
       17., 0., 0., 0., 15., 18., 43., 1., 0., 0., 0., 0., 12., 20., 16.,
       6., 8., 1., 0., 0., 42., 122., 11., 22., 1., 0., 0., 0., 19.,
       122., 80., 14., 0., 0., 0., 0., 18., 26., 44., 0., 0., 0., 0., 0.,
       11., 18., 13., 0., 2., 30., 53., 37., 0., 0., 0., 10., 8., 6.,
       133., 133., 4., 0., 0., 133., 71., 10., 35., 27., 0., 0., 5., 60.,
       55., 18., 2., 0., 0., 0., 1., 0., 2., 101., 128., 31., 1., 0., 0.,
       19., 6., 48., 133., 133., 15., 4., 3., 133., 51., 5., 23., 33.,
       2., 2., 11., 76., 53., 18., 1., 0., 0., 0., 4., 0., 7., 54., 132.,
       42., 6., 2., 0., 11., 34., 78., 50., 23., 60., 31., 12., 133.,
       73., 23., 6., 3., 12., 19., 40., 25., 55., 95., 0., 0., 0., 0.,
       1., 0., 2., 23., 29., 27., 14., 1., 0., 9., 32., 39., 3., 6., 16.,
       10., 6., 20., 65., 29., 0., 0., 0., 1., 3., 0., 25., 82., 0., 0.,
       0., 0., 0., 11., 14., 50., 105., 59., 21., 1., 4., 156., 97., 6.,
       11., 5., 0., 4., 46., 95., 22., 2., 40., 35., 0., 0., 13., 73.,
       17., 2., 11., 11., 0., 0., 4., 21., 7., 6., 41., 111., 50., 0.,
       1., 156., 36., 3., 8., 6., 1., 0., 13., 122., 26., 9., 84., 40.,
       0., 0., 3., 91., 49., 8., 13., 5., 0., 0., 1., 37., 5., 21., 126.,
       75., 20., 1., 10., 156., 17., 4., 13., 7., 1., 0., 43., 86., 11.,
       4., 31., 45., 17., 12., 16., 73., 27., 11., 3., 2., 2., 5., 17.,
       35., 1., 12., 31., 3., 59., 59., 35., 156., 24., 5., 1., 0., 2.,
       7., 55., 23., 33., 31., 0., 2., 4., 4., 4., 5., 16., 40., 0., 0.,
       0., 2., 4., 1., 8., 26., 4., 0., 0., 2., 5., 0., 1., 16., 117.,
       68., 0., 0., 0., 122., 36., 16., 96., 57., 1., 0., 6., 96., 29.,
       1., 0., 0., 0., 0., 4., 0., 15., 57., 39., 6., 0., 0., 0., 13.,
       5., 22., 137., 82., 0., 0., 0., 137., 32., 7., 81., 31., 0., 0.,
       20., 93., 55., 3., 0., 0., 0., 0., 4., 0., 9., 113., 110., 8., 0.,
       0., 0., 49., 6., 41., 137., 94., 3., 1., 6., 137., 47., 3., 22.,
       10., 0., 0., 15., 54., 76., 14., 0., 0., 0., 0., 0., 0., 5., 56.,
       93., 9., 0., 0., 0., 41., 28., 30., 43., 15., 10., 7., 19., 123.,
       66., 23., 2., 1., 1., 2., 24., 11., 55., 66., 0., 0., 0., 0., 0.,
       0., 0., 0., 1., 13., 45., 74., 16., 36., 13., 9., 8., 30., 42.,
       31., 27., 114., 6., 1., 0., 0., 0., 8., 137., 11., 0., 0., 0., 0.,
       0., 43., 78., 0., 0., 0., 0., 26., 96., 64., 17., 76., 19., 2.,
       3., 78., 137., 10., 15., 137., 51., 0., 0., 1., 11., 4., 88., 35.,
       1., 0., 0., 0., 0., 30., 59., 0., 0., 0., 0., 2., 79., 58., 8.,
       23., 2., 0., 0., 63., 137., 28., 9., 137., 43., 0., 0., 19., 57.,
       6., 43., 65., 10., 0., 0., 0., 0., 7., 40., 0., 0., 0., 0., 0.,
       29., 32., 9., 2., 0., 0., 0., 38., 137., 19., 0., 129., 34., 1.,
       0., 26., 107., 24., 23., 89., 25., 1., 0., 1., 1., 3., 16., 1.,
       1., 2., 72., 140., 0., 0., 0., 140., 21., 3., 29., 63., 0., 0.,
       22., 139., 12., 6., 9., 4., 3., 1., 18., 32., 14., 3., 2., 1., 1.,
       1., 6., 8., 5., 19., 140., 124., 0., 0., 4., 140., 23., 4., 36.,
       34., 0., 0., 89., 124., 24., 17., 31., 3., 0., 0., 19., 44., 34.,
       6., 3., 0., 0., 0., 0., 37., 13., 19., 109., 103., 8., 0., 1.,
       140., 44., 7., 18., 5., 0., 0., 18., 91., 28., 16., 38., 6., 0.,
       0., 3., 50., 32., 11., 0., 0., 0., 0., 0., 49., 4., 9., 54., 96.,
       2., 0., 4., 140., 9., 5., 12., 6., 1., 0., 15., 65., 27., 11.,
       22., 5., 2., 2., 6., 27., 30., 19., 0., 0., 0., 0., 1., 2., 0.,
       0., 0., 0., 0., 0., 1., 51., 0., 0., 0., 0., 0., 0., 65., 27., 1.,
       0., 0., 0., 0., 0., 34., 1., 1., 0., 0., 0., 0., 0., 0., 41., 6.,
       0., 0., 0., 0., 4., 11., 139., 19., 0., 0., 0., 0., 2., 133.,
       115., 35., 14., 4., 4., 7., 3., 74., 45., 53., 7., 1., 0., 1., 2.,
       6., 26., 1., 0., 0., 0., 0., 70., 138., 139., 22., 0., 0., 0., 0.,
       111., 139., 108., 22., 3., 2., 4., 18., 47., 53., 81., 41., 9.,
       1., 1., 5., 14., 48., 77., 0., 0., 0., 0., 0., 16., 139., 30., 0.,
       0., 0., 0., 0., 108., 139., 11., 2., 1., 0., 0., 53., 115., 47.,
       8., 35., 26., 1., 2., 76., 20., 2., 1., 5., 38., 116., 84., 7.,
       0., 0., 85., 115., 69., 33., 15., 11., 7., 18., 65., 39., 5., 30.,
       11., 1., 1., 11., 55., 10., 2., 7., 3., 0., 0., 4., 8., 4., 4.,
       92., 143., 0., 0., 1., 143., 46., 9., 20., 36., 0., 0., 37., 127.,
       17., 5., 14., 8., 8., 3., 19., 49., 17., 3., 2., 1., 1., 1., 9.,
       16., 4., 3., 119., 143., 0., 0., 8., 143., 31., 5., 18., 23., 0.,
       0., 58., 106., 29., 19., 29., 1., 0., 0., 6., 36., 35., 6., 1.,
       0., 0., 0., 0., 42., 19., 15., 126., 51., 2., 0., 7., 143., 38.,
       4., 11., 4., 0., 0., 46., 61., 20., 10., 29., 6., 0., 0., 4., 39.,
       27., 6., 0., 0., 0., 0., 0., 14., 7., 8., 13., 13., 3., 0., 2.,
       3., 3., 9., 90., 87., 60., 4., 4., 133., 49., 15., 28., 16., 24.,
       9., 37., 49., 19., 5., 8., 1., 0., 0., 2., 1., 3., 19., 27., 19.,
       1., 0., 1., 12., 22., 41., 133., 108., 29., 2., 3., 133., 89.,
       35., 30., 9., 13., 6., 34., 62., 21., 9., 10., 0., 0., 0., 3., 0.,
       0., 21., 57., 48., 0., 0., 0., 67., 14., 7., 133., 133., 0., 0.,
       5., 133., 46., 9., 14., 11., 0., 0., 22., 57., 26., 5., 1., 0.,
       0., 0., 6., 0., 0., 19., 133., 45., 0., 0., 0., 97., 15., 9.,
       133., 86., 0., 0., 14., 133., 31., 11., 3., 2., 0., 0., 27., 35.,
       40., 9., 0., 0., 0., 0., 0., 0., 0., 0., 0., 45., 74., 20., 6.,
       71., 3., 0., 0., 136., 113., 8., 26., 136., 14., 0., 0., 4., 4.,
       2., 99., 15., 0., 0., 0., 0., 0., 11., 37., 0., 0., 0., 1., 39.,
       74., 19., 2., 58., 7., 0., 0., 136., 136., 13., 8., 136., 39., 0.,
       0., 14., 21., 9., 36., 41., 2., 0., 0., 0., 0., 11., 25., 1., 0.,
       0., 1., 37., 47., 8., 5., 10., 2., 3., 6., 100., 136., 39., 24.,
       136., 61., 18., 7., 21., 34., 36., 100., 45., 25., 2., 0., 1., 2.,
       10., 17., 2., 0., 0., 0., 16., 41., 5., 5., 4., 2., 3., 7., 93.,
       80., 8., 11., 66., 64., 28., 11., 52., 53., 21., 50., 60., 38.,
       17., 0., 0., 1., 2., 33., 1., 2., 14., 128., 47., 59., 11., 2.,
       129., 85., 31., 46., 11., 27., 10., 26., 84., 30., 2., 18., 21.,
       0., 0., 3., 34., 19., 1., 3., 3., 0., 0., 1., 0., 4., 32., 76.,
       49., 100., 17., 1., 129., 57., 39., 18., 14., 62., 32., 64., 87.,
       23., 4., 39., 26., 0., 0., 13., 58., 25., 2., 5., 2., 0., 0., 1.,
       6., 10., 37., 129., 129., 0., 0., 1., 129., 129., 56., 33., 25.,
       1., 1., 16., 96., 35., 5., 29., 14., 6., 2., 10., 57., 20., 5.,
       1., 1., 0., 0., 4., 11., 5., 1., 52., 129., 1., 0., 1., 129., 39.,
       3., 11., 29., 0., 0., 18., 85., 23., 9., 15., 3., 4., 1., 6., 23.,
       24., 6., 0., 0., 0., 0., 2., 2., 6., 76., 29., 0., 0., 0., 1.,
