%YAML:1.0
---
mat: !!opencv-matrix
   rows: 55
   cols: 128
   dt: f
   data: [ 38., 17., 6., 9., 52., 35., 4., 10., 157., 79., 5., 3., 1.,
       1., 1., 8., 20., 11., 4., 8., 2., 2., 1., 1., 0., 0., 0., 0., 0.,
       0., 0., 0., 16., 54., 50., 91., 157., 25., 2., 5., 157., 157.,
       48., 26., 13., 4., 3., 29., 82., 15., 2., 5., 3., 17., 18., 10.,
       0., 0., 0., 0., 0., 0., 0., 0., 20., 9., 7., 26., 157., 146., 44.,
       65., 157., 41., 7., 9., 21., 23., 35., 157., 112., 6., 0., 0., 5.,
       10., 4., 11., 0., 0., 0., 0., 1., 1., 0., 0., 1., 0., 0., 0., 36.,
       40., 11., 12., 27., 1., 0., 0., 1., 4., 7., 31., 9., 1., 0., 0.,
       0., 0., 0., 0., 0., 0., 0., 0., 0., 0., 0., 0., 23., 32., 5., 0.,
       0., 0., 4., 14., 132., 48., 1., 0., 0., 0., 0., 7., 132., 24., 0.,
       0., 0., 0., 0., 4., 32., 0., 0., 1., 17., 0., 0., 2., 20., 63.,
       31., 1., 0., 4., 53., 31., 95., 132., 19., 0., 0., 0., 31., 32.,
       132., 132., 4., 0., 0., 0., 3., 27., 69., 5., 0., 1., 38., 1., 0.,
       6., 23., 13., 1., 0., 0., 4., 132., 59., 36., 13., 2., 0., 0., 0.,
       132., 132., 132., 16., 0., 0., 0., 0., 24., 132., 55., 1., 0., 0.,
       45., 2., 0., 18., 81., 26., 1., 0., 0., 0., 4., 17., 104., 9., 0.,
       0., 0., 0., 8., 38., 132., 0., 0., 0., 0., 0., 1., 55., 24., 0.,
       0., 0., 39., 2., 0., 8., 1., 0., 0., 0., 64., 24., 36., 26., 85.,
       25., 3., 4., 131., 48., 3., 5., 131., 24., 0., 0., 11., 18., 5.,
       9., 40., 1., 0., 0., 5., 11., 7., 20., 17., 13., 0., 0., 57., 41.,
       7., 6., 68., 15., 0., 2., 131., 108., 3., 8., 131., 29., 0., 1.,
       10., 15., 19., 24., 19., 0., 0., 0., 1., 8., 53., 40., 50., 11.,
       0., 0., 11., 35., 28., 45., 28., 2., 0., 0., 116., 131., 26., 23.,
       131., 5., 0., 0., 10., 35., 26., 131., 16., 0., 0., 0., 0., 0.,
       83., 55., 2., 0., 0., 0., 0., 9., 80., 41., 2., 0., 0., 0., 13.,
       131., 82., 21., 43., 0., 0., 0., 2., 31., 49., 131., 6., 0., 0.,
       0., 0., 0., 44., 44., 0., 32., 82., 1., 0., 0., 0., 0., 0., 13.,
       101., 108., 3., 0., 0., 0., 37., 90., 90., 84., 1., 0., 0., 0.,
       26., 69., 28., 1., 0., 0., 2., 2., 1., 28., 72., 18., 3., 0., 0.,
       0., 9., 17., 45., 128., 93., 0., 0., 1., 128., 96., 31., 82., 20.,
       0., 0., 4., 52., 66., 56., 15., 1., 0., 0., 0., 20., 22., 22.,
       46., 23., 0., 0., 0., 39., 10., 10., 128., 128., 1., 0., 13.,
       128., 21., 3., 16., 21., 1., 0., 53., 39., 17., 18., 43., 53., 3.,
       0., 2., 21., 5., 3., 29., 50., 3., 0., 8., 74., 3., 5., 76., 124.,
       9., 3., 38., 128., 7., 8., 3., 1., 0., 0., 74., 9., 5., 10., 14.,
       54., 7., 0., 2., 23., 24., 61., 33., 28., 15., 7., 6., 119., 48.,
       10., 1., 20., 24., 2., 8., 27., 6., 2., 7., 88., 86., 8., 8.,
       115., 21., 2., 3., 4., 5., 4., 10., 35., 12., 6., 8., 77., 60.,
       14., 23., 119., 39., 1., 2., 19., 8., 3., 47., 38., 9., 7., 52.,
       119., 69., 9., 7., 119., 40., 10., 16., 13., 12., 10., 19., 10.,
       13., 5., 16., 109., 65., 53., 28., 119., 74., 3., 2., 9., 8., 42.,
       73., 47., 9., 0., 2., 85., 119., 22., 12., 109., 2., 0., 1., 10.,
       34., 33., 55., 5., 4., 18., 16., 53., 42., 59., 32., 81., 21.,
       30., 33., 7., 9., 50., 45., 71., 8., 1., 0., 15., 61., 51., 25.,
       15., 0., 0., 0., 5., 22., 77., 75., 31., 22., 15., 26., 58., 28.,
       23., 51., 78., 97., 12., 6., 13., 9., 8., 32., 21., 8., 1., 1.,
       33., 20., 8., 8., 11., 1., 0., 0., 29., 62., 44., 10., 15., 15.,
       6., 12., 145., 48., 8., 9., 145., 90., 5., 6., 55., 9., 2., 7.,
       85., 9., 0., 1., 38., 28., 4., 14., 52., 1., 0., 0., 1., 7., 28.,
       29., 9., 1., 0., 2., 145., 60., 3., 5., 145., 16., 0., 1., 54.,
       23., 7., 31., 107., 2., 0., 0., 15., 42., 33., 27., 39., 0., 0.,
       0., 1., 4., 21., 49., 2., 1., 0., 1., 145., 114., 4., 2., 145.,
       20., 0., 2., 55., 41., 4., 41., 115., 2., 0., 0., 0., 7., 53.,
       51., 1., 0., 0., 0., 0., 1., 66., 27., 117., 35., 9., 1., 26.,
       20., 2., 18., 17., 3., 7., 37., 93., 82., 28., 14., 117., 25., 8.,
       12., 3., 6., 14., 33., 32., 4., 0., 0., 0., 0., 0., 3., 117., 46.,
       8., 5., 23., 9., 8., 71., 23., 7., 26., 102., 117., 74., 21., 9.,
       117., 50., 36., 29., 9., 11., 17., 25., 71., 4., 0., 0., 0., 0.,
       0., 7., 112., 86., 23., 1., 24., 8., 24., 76., 24., 8., 5., 20.,
       117., 117., 42., 9., 117., 12., 6., 7., 8., 42., 54., 55., 95.,
       3., 0., 0., 0., 0., 0., 11., 88., 25., 9., 18., 16., 17., 37.,
       40., 33., 5., 5., 7., 52., 88., 34., 11., 53., 2., 8., 8., 7.,
       25., 54., 94., 37., 1., 0., 0., 0., 0., 5., 42., 17., 0., 0., 0.,
       0., 3., 24., 14., 148., 0., 0., 0., 0., 0., 3., 97., 137., 0., 0.,
       0., 0., 0., 2., 51., 0., 0., 0., 0., 1., 1., 4., 3., 21., 0., 0.,
       0., 0., 2., 58., 26., 148., 18., 0., 0., 0., 0., 7., 86., 148.,
       18., 0., 0., 0., 0., 2., 18., 0., 0., 0., 0., 1., 2., 4., 2., 9.,
       0., 0., 0., 0., 10., 96., 16., 148., 123., 0., 0., 0., 1., 23.,
       28., 87., 148., 0., 0., 0., 0., 1., 2., 7., 21., 0., 0., 0., 1.,
       5., 3., 0., 0., 0., 0., 0., 91., 135., 1., 23., 21., 0., 0., 0.,
       42., 96., 19., 74., 143., 0., 0., 0., 3., 12., 17., 42., 75., 0.,
       0., 0., 0., 1., 2., 77., 18., 6., 14., 23., 10., 88., 143., 47.,
       25., 14., 24., 48., 38., 33., 68., 65., 60., 8., 4., 11., 13.,
       10., 37., 11., 2., 0., 1., 23., 21., 8., 9., 3., 0., 0., 0., 28.,
       15., 122., 76., 30., 25., 8., 17., 143., 44., 9., 13., 143., 77.,
       5., 5., 40., 8., 2., 7., 48., 4., 0., 1., 24., 15., 4., 13., 12.,
       9., 0., 1., 41., 16., 11., 7., 24., 2., 0., 2., 143., 62., 4., 8.,
       143., 12., 0., 1., 37., 19., 8., 29., 51., 0., 0., 0., 9., 26.,
       26., 25., 51., 16., 0., 0., 12., 22., 9., 21., 10., 2., 0., 1.,
       143., 125., 5., 5., 143., 13., 0., 1., 34., 29., 6., 52., 45., 0.,
       0., 0., 0., 4., 49., 34., 1., 8., 55., 29., 24., 0., 0., 0., 23.,
       17., 7., 72., 144., 5., 0., 1., 144., 101., 4., 11., 20., 2., 0.,
       2., 22., 27., 11., 24., 38., 7., 0., 0., 13., 26., 19., 29., 41.,
       0., 0., 0., 35., 15., 9., 53., 144., 5., 0., 2., 144., 38., 4.,
       10., 28., 2., 0., 12., 48., 16., 9., 6., 16., 8., 0., 3., 28.,
       12., 3., 14., 44., 4., 0., 3., 44., 4., 2., 16., 144., 65., 5.,
       9., 144., 24., 11., 14., 26., 18., 7., 25., 27., 12., 116., 44.,
       2., 0., 0., 1., 22., 21., 9., 10., 11., 2., 0., 2., 11., 14., 13.,
       49., 69., 55., 8., 6., 53., 37., 31., 89., 42., 20., 11., 27.,
       20., 12., 138., 144., 46., 10., 5., 16., 16., 14., 26., 10., 17.,
       47., 52., 9., 111., 23., 6., 1., 53., 38., 9., 18., 69., 7., 1.,
       2., 86., 49., 7., 15., 98., 13., 0., 0., 0., 0., 0., 7., 24., 23.,
       59., 43., 79., 28., 7., 8., 119., 50., 16., 3., 32., 30., 3., 16.,
       56., 11., 4., 18., 107., 88., 10., 13., 119., 20., 3., 3., 2., 3.,
       3., 13., 24., 10., 3., 9., 119., 77., 14., 23., 119., 39., 2., 5.,
       31., 12., 6., 63., 51., 13., 8., 48., 119., 76., 16., 14., 119.,
       21., 5., 6., 3., 7., 10., 27., 5., 7., 5., 12., 90., 50., 64.,
       24., 105., 34., 6., 7., 11., 13., 56., 61., 34., 3., 0., 0., 49.,
       90., 32., 21., 81., 0., 0., 0., 3., 11., 22., 66., 4., 22., 83.,
       59., 4., 0., 0., 0., 10., 40., 80., 124., 40., 1., 1., 2., 131.,
       58., 20., 35., 17., 2., 2., 15., 57., 43., 44., 0., 0., 0., 0.,
       1., 36., 17., 8., 54., 38., 0., 0., 5., 66., 34., 17., 117., 99.,
       3., 1., 9., 131., 56., 17., 32., 15., 1., 1., 13., 47., 25., 83.,
       19., 1., 0., 0., 0., 42., 19., 4., 41., 35., 1., 0., 4., 64., 28.,
       6., 54., 93., 11., 7., 25., 131., 28., 5., 27., 30., 4., 5., 60.,
       34., 32., 78., 112., 73., 0., 0., 1., 32., 5., 1., 13., 38., 4.,
       2., 11., 63., 22., 6., 44., 73., 7., 3., 17., 131., 35., 2., 18.,
       43., 4., 1., 20., 44., 6., 3., 38., 131., 22., 7., 11., 4., 92.,
