%YAML:1.0
---
mat: !!opencv-matrix
   rows: 84
   cols: 128
   dt: f
   data: [ 28., 40., 51., 51., 3., 0., 0., 0., 72., 89., 90., 31., 1.,
       0., 0., 0., 36., 48., 51., 65., 32., 1., 0., 1., 97., 99., 31.,
       17., 5., 0., 3., 7., 22., 22., 16., 71., 61., 6., 1., 3., 126.,
       58., 17., 40., 22., 3., 1., 12., 60., 39., 20., 126., 61., 0., 0.,
       2., 124., 126., 23., 24., 4., 0., 0., 3., 17., 6., 1., 5., 32.,
       32., 12., 9., 123., 32., 19., 24., 23., 16., 13., 30., 28., 17.,
       13., 74., 89., 9., 21., 79., 37., 43., 12., 3., 2., 1., 79., 122.,
       12., 9., 2., 7., 7., 5., 5., 2., 13., 18., 19., 18., 14., 8., 31.,
       69., 20., 7., 7., 3., 5., 2., 19., 126., 18., 1., 0., 0., 0., 0.,
       55., 126., 0., 0., 0., 0., 0., 0., 0., 8., 7., 1., 0., 0., 0., 0.,
       4., 91., 20., 1., 0., 0., 0., 0., 22., 125., 1., 0., 0., 0., 0.,
       4., 59., 125., 0., 0., 0., 0., 0., 2., 30., 115., 31., 14., 2.,
       1., 6., 29., 38., 106., 125., 27., 1., 1., 1., 3., 5., 101., 41.,
       1., 0., 0., 0., 0., 17., 125., 0., 0., 0., 0., 0., 4., 64., 125.,
       10., 1., 0., 1., 6., 125., 125., 50., 125., 57., 0., 0., 4., 41.,
       37., 41., 106., 82., 0., 0., 0., 0., 2., 34., 13., 1., 0., 0., 1.,
       3., 21., 125., 1., 0., 0., 16., 56., 59., 38., 25., 19., 25., 1.,
       10., 24., 52., 23., 8., 101., 95., 1., 0., 0., 5., 9., 6., 18.,
       127., 33., 8., 21., 1., 0., 0., 9., 27., 31., 18., 127., 110.,
       77., 67., 77., 1., 1., 0., 10., 25., 94., 127., 42., 2., 7., 16.,
       1., 1., 11., 111., 20., 91., 65., 1., 0., 0., 0., 1., 127., 101.,
       55., 5., 5., 4., 3., 50., 88., 28., 74., 9., 0., 1., 2., 120.,
       21., 14., 77., 33., 1., 0., 1., 26., 16., 5., 1., 0., 0., 0., 0.,
       1., 105., 127., 26., 0., 0., 0., 0., 5., 84., 121., 91., 5., 0.,
       0., 0., 18., 53., 13., 21., 3., 0., 0., 0., 32., 0., 0., 0., 0.,
       0., 0., 0., 0., 14., 34., 1., 0., 0., 0., 0., 0., 62., 87., 0.,
       0., 0., 0., 0., 4., 11., 4., 0., 0., 0., 0., 0., 4., 1., 1., 0.,
       0., 0., 0., 0., 1., 118., 71., 2., 0., 0., 0., 0., 18., 64., 48.,
       22., 127., 61., 31., 19., 10., 2., 1., 28., 127., 104., 109.,
       127., 70., 6., 1., 0., 0., 0., 0., 1., 8., 106., 25., 0., 0., 0.,
       0., 15., 127., 36., 24., 3., 6., 10., 20., 127., 116., 1., 2., 0.,
       1., 7., 64., 127., 69., 23., 1., 0., 0., 0., 0., 0., 9., 127.,
       43., 0., 0., 0., 0., 5., 83., 49., 122., 11., 0., 0., 0., 37.,
       51., 9., 61., 27., 1., 0., 1., 58., 19., 15., 0., 0., 0., 0., 0.,
       0., 6., 61., 1., 0., 0., 0., 0., 7., 64., 11., 11., 1., 0., 0.,
       0., 32., 48., 6., 13., 8., 1., 0., 1., 14., 22., 3., 9., 104.,
       29., 6., 2., 0., 0., 6., 20., 122., 30., 4., 3., 1., 2., 6., 24.,
       122., 27., 7., 5., 1., 2., 6., 44., 119., 9., 2., 1., 1., 3., 5.,
       2., 28., 20., 76., 42., 3., 2., 122., 19., 39., 16., 53., 30.,
       13., 39., 85., 14., 37., 15., 111., 77., 13., 29., 82., 22., 32.,
       10., 29., 74., 15., 38., 10., 7., 7., 7., 95., 31., 3., 6., 122.,
       19., 0., 1., 91., 22., 5., 20., 122., 13., 0., 2., 122., 41., 6.,
       15., 122., 20., 5., 17., 28., 48., 7., 18., 12., 4., 3., 3., 20.,
       46., 29., 47., 54., 9., 16., 6., 24., 45., 50., 70., 33., 12.,
       18., 0., 50., 66., 64., 43., 36., 5., 12., 4., 8., 26., 42., 54.,
       16., 36., 30., 42., 40., 3., 7., 12., 60., 67., 67., 52., 38., 9.,
       7., 5., 27., 40., 46., 75., 40., 17., 20., 6., 25., 54., 36., 32.,
       5., 1., 4., 9., 39., 63., 6., 33., 122., 4., 6., 16., 122., 18.,
       5., 30., 122., 1., 0., 23., 96., 12., 7., 47., 122., 2., 0., 9.,
       104., 25., 8., 15., 14., 6., 6., 10., 30., 43., 12., 48., 58.,
       42., 51., 10., 122., 55., 14., 41., 61., 18., 48., 15., 70., 18.,
       11., 61., 109., 18., 28., 13., 101., 26., 2., 2., 5., 2., 11.,
       14., 0., 0., 0., 1., 4., 64., 96., 1., 6., 4., 1., 1., 4., 37.,
       122., 13., 7., 2., 1., 3., 8., 42., 122., 20., 12., 7., 1., 1.,
       3., 19., 94., 20., 0., 0., 14., 8., 1., 5., 14., 8., 0., 2., 22.,
       16., 44., 86., 14., 4., 8., 3., 31., 64., 36., 34., 26., 24., 18.,
       26., 47., 49., 1., 2., 27., 9., 3., 7., 89., 103., 41., 13., 1.,
       1., 85., 73., 104., 37., 34., 22., 6., 3., 17., 4., 23., 65., 63.,
       66., 93., 20., 9., 7., 39., 69., 11., 12., 91., 24., 12., 4., 6.,
       43., 121., 53., 1., 3., 121., 28., 7., 16., 35., 15., 3., 21.,
       61., 3., 15., 46., 79., 96., 53., 17., 2., 2., 30., 69., 19., 21.,
       120., 39., 4., 0., 0., 3., 120., 98., 9., 7., 121., 16., 1., 1.,
       12., 25., 15., 45., 68., 12., 5., 16., 71., 44., 10., 5., 4., 1.,
       17., 93., 54., 19., 12., 25., 0., 0., 0., 0., 21., 98., 27., 1.,
       20., 9., 0., 0., 15., 34., 25., 25., 48., 3., 0., 0., 0., 0., 18.,
       100., 8., 0., 0., 0., 0., 0., 38., 53., 1., 0., 0., 1., 90., 76.,
       20., 1., 48., 7., 1., 2., 51., 36., 52., 86., 40., 4., 3., 4., 2.,
       2., 57., 109., 16., 4., 1., 0., 0., 0., 20., 46., 2., 1., 0., 2.,
       116., 47., 7., 1., 116., 15., 1., 6., 87., 19., 3., 19., 46., 43.,
       55., 58., 73., 21., 9., 11., 12., 116., 58., 8., 7., 2., 4., 8.,
       1., 0., 0., 2., 105., 35., 3., 0., 116., 12., 0., 0., 82., 33.,
       1., 7., 61., 16., 16., 14., 116., 116., 4., 6., 0., 116., 112.,
       15., 80., 110., 0., 0., 116., 83., 1., 4., 32., 4., 4., 8., 28.,
       6., 0., 20., 153., 36., 0., 2., 153., 24., 0., 5., 32., 8., 0.,
       5., 44., 10., 6., 1., 0., 1., 3., 1., 93., 17., 1., 9., 32., 7.,
       21., 46., 36., 6., 0., 55., 153., 16., 1., 2., 153., 35., 0., 12.,
       39., 5., 1., 9., 51., 18., 12., 1., 0., 0., 0., 0., 22., 9., 61.,
       20., 20., 1., 2., 8., 22., 1., 26., 57., 153., 42., 6., 11., 153.,
       13., 1., 4., 24., 14., 6., 53., 42., 13., 15., 1., 0., 0., 0., 2.,
       0., 3., 112., 37., 12., 21., 1., 0., 32., 17., 81., 62., 17., 5.,
       0., 2., 153., 40., 4., 4., 3., 0., 0., 7., 15., 17., 31., 1., 0.,
       0., 0., 0., 0., 0., 0., 0., 14., 16., 31., 0., 3., 0., 0., 8.,
       153., 38., 4., 4., 16., 4., 0., 2., 34., 18., 80., 59., 12., 22.,
       1., 0., 0., 3., 113., 35., 0., 0., 0., 2., 41., 12., 15., 1., 24.,
       14., 6., 55., 153., 12., 1., 4., 153., 39., 6., 12., 22., 1., 27.,
       57., 20., 1., 1., 7., 21., 9., 64., 20., 0., 0., 0., 0., 52., 18.,
       12., 1., 39., 5., 1., 9., 153., 30., 0., 13., 153., 15., 1., 2.,
       35., 6., 0., 59., 31., 7., 21., 47., 91., 16., 1., 9., 0., 1., 3.,
       1., 47., 10., 6., 1., 34., 8., 0., 6., 153., 21., 0., 6., 153.,
       33., 0., 2., 26., 6., 0., 22., 29., 4., 4., 9., 122., 82., 1., 4.,
       18., 2., 2., 39., 119., 22., 2., 9., 119., 6., 2., 10., 21., 13.,
       2., 48., 21., 0., 20., 40., 57., 63., 46., 13., 4., 3., 33., 41.,
       8., 19., 84., 13., 13., 1., 1., 3., 119., 83., 18., 21., 119., 9.,
       1., 2., 14., 14., 13., 65., 32., 3., 17., 49., 96., 45., 20., 7.,
       8., 5., 27., 119., 23., 10., 30., 37., 3., 4., 7., 10., 119., 59.,
       7., 5., 119., 52., 12., 8., 22., 9., 6., 18., 54., 6., 1., 14.,
       91., 119., 12., 6., 13., 2., 3., 31., 32., 52., 43., 119., 2., 1.,
       0., 1., 119., 40., 1., 2., 119., 23., 1., 1., 30., 11., 1., 9.,
       75., 13., 3., 44., 50., 33., 4., 3., 24., 21., 19., 65., 26., 18.,
       8., 21., 0., 0., 0., 0., 142., 77., 0., 0., 79., 1., 0., 0., 144.,
       112., 4., 29., 144., 6., 0., 0., 1., 2., 1., 75., 39., 5., 0., 0.,
       0., 0., 0., 7., 0., 1., 1., 0., 92., 55., 0., 0., 83., 8., 0., 0.,
       144., 144., 7., 14., 144., 43., 0., 0., 6., 14., 5., 35., 38.,
       10., 0., 0., 0., 0., 0., 2., 0., 2., 10., 2., 26., 19., 0., 0.,
       14., 1., 3., 0., 90., 144., 60., 33., 136., 3., 0., 0., 3., 25.,
       51., 140., 25., 4., 0., 0., 0., 0., 0., 8., 1., 6., 42., 11., 1.,
       1., 3., 5., 3., 21., 19., 0., 2., 19., 23., 7., 11., 12., 1., 0.,
