%YAML:1.0
---
mat: !!opencv-matrix
   rows: 117
   cols: 128
   dt: f
   data: [ 0., 25., 135., 19., 11., 23., 4., 0., 7., 22., 131., 22., 18.,
       101., 21., 4., 1., 1., 8., 9., 31., 135., 28., 2., 0., 0., 0., 0.,
       1., 25., 11., 0., 20., 12., 67., 28., 123., 31., 1., 4., 135.,
       36., 65., 7., 12., 13., 20., 104., 17., 2., 4., 4., 89., 100.,
       30., 32., 0., 0., 0., 0., 6., 12., 2., 0., 32., 15., 3., 65.,
       135., 4., 0., 2., 135., 109., 2., 7., 27., 3., 2., 30., 43., 20.,
       1., 7., 135., 45., 3., 7., 0., 0., 0., 0., 6., 5., 0., 0., 17.,
       6., 2., 45., 80., 0., 0., 2., 135., 71., 5., 5., 7., 1., 0., 9.,
       50., 24., 11., 20., 26., 12., 0., 0., 0., 0., 0., 0., 1., 1., 0.,
       0., 16., 19., 17., 47., 149., 20., 2., 6., 149., 127., 4., 1.,
       16., 8., 2., 44., 66., 26., 3., 0., 0., 1., 0., 11., 0., 0., 0.,
       0., 0., 0., 0., 0., 25., 1., 2., 15., 82., 31., 4., 18., 149., 7.,
       0., 0., 8., 10., 6., 149., 71., 2., 0., 0., 13., 22., 5., 39., 0.,
       0., 0., 0., 0., 0., 0., 0., 29., 5., 0., 0., 59., 81., 1., 3.,
       149., 115., 0., 0., 8., 13., 0., 14., 93., 41., 0., 0., 34., 28.,
       1., 4., 0., 0., 0., 0., 3., 3., 0., 0., 3., 1., 0., 6., 80., 37.,
       2., 1., 149., 108., 0., 3., 23., 9., 0., 0., 149., 69., 0., 0.,
       10., 16., 15., 9., 0., 0., 0., 0., 2., 6., 10., 2., 0., 1., 1.,
       1., 97., 143., 8., 0., 98., 97., 0., 0., 14., 46., 49., 27., 143.,
       143., 27., 8., 1., 0., 5., 30., 3., 5., 9., 3., 0., 0., 0., 1.,
       4., 8., 7., 17., 143., 33., 17., 2., 83., 12., 0., 0., 17., 17.,
       67., 42., 143., 15., 1., 0., 5., 4., 7., 65., 12., 1., 1., 0., 6.,
       4., 1., 5., 2., 3., 3., 12., 43., 39., 77., 23., 49., 5., 0., 0.,
       20., 85., 98., 16., 143., 35., 0., 0., 13., 20., 8., 17., 24., 3.,
       0., 0., 12., 12., 5., 3., 7., 3., 7., 4., 18., 130., 20., 19.,
       12., 3., 17., 25., 41., 62., 10., 8., 143., 7., 2., 4., 8., 23.,
       7., 41., 43., 0., 0., 0., 2., 24., 10., 13., 110., 74., 10., 0.,
       1., 3., 4., 32., 39., 77., 122., 37., 67., 39., 10., 18., 27.,
       36., 109., 30., 58., 126., 6., 14., 1., 1., 1., 1., 23., 116., 7.,
       2., 90., 56., 14., 11., 5., 4., 15., 19., 77., 59., 42., 126.,
       126., 9., 2., 6., 126., 36., 15., 36., 43., 27., 7., 49., 9., 2.,
       0., 0., 18., 45., 5., 6., 9., 10., 15., 42., 40., 2., 3., 5., 46.,
       11., 22., 107., 44., 4., 15., 81., 126., 27., 1., 8., 6., 2., 5.,
       102., 8., 5., 0., 0., 2., 2., 0., 0., 12., 0., 0., 19., 56., 1.,
       2., 17., 41., 0., 0., 6., 12., 3., 24., 126., 12., 1., 0., 1., 6.,
       2., 12., 79., 0., 0., 0., 0., 0., 0., 0., 0., 20., 33., 17., 1.,
       2., 1., 5., 17., 16., 23., 16., 5., 5., 8., 85., 82., 27., 3.,
       10., 10., 6., 30., 100., 83., 57., 0., 0., 64., 61., 1., 8., 126.,
       13., 76., 42., 2., 4., 27., 44., 11., 21., 126., 126., 9., 1., 3.,
       54., 33., 126., 51., 77., 35., 5., 5., 11., 32., 59., 10., 10.,
       126., 105., 0., 0., 22., 1., 3., 2., 2., 1., 35., 126., 35., 6.,
       11., 19., 25., 6., 32., 126., 39., 81., 21., 38., 120., 8., 16.,
       35., 29., 9., 6., 16., 126., 35., 0., 0., 0., 0., 0., 1., 2., 0.,
       0., 5., 5., 0., 0., 10., 34., 3., 3., 4., 1., 0., 0., 12., 102.,
       13., 1., 0., 0., 0., 0., 1., 47., 7., 1., 0., 0., 8., 126., 57.,
       0., 0., 64., 59., 1., 0., 23., 60., 10., 10., 126., 103., 0., 0.,
       0., 9., 6., 16., 126., 35., 0., 0., 0., 0., 0., 1., 47., 7., 1.,
       101., 82., 26., 3., 10., 10., 6., 30., 12., 33., 126., 51., 77.,
       34., 5., 5., 35., 29., 81., 21., 38., 120., 8., 16., 0., 0., 0.,
       0., 12., 103., 12., 1., 85., 81., 16., 23., 16., 5., 5., 8., 54.,
       33., 22., 126., 126., 9., 1., 3., 126., 38., 6., 11., 19., 25.,
       6., 33., 4., 1., 0., 0., 10., 34., 3., 3., 4., 16., 20., 34., 17.,
       1., 2., 1., 45., 11., 13., 76., 41., 2., 4., 27., 126., 34., 1.,
       3., 2., 2., 1., 35., 5., 5., 0., 0., 1., 2., 0., 0., 0., 1., 0.,
       3., 25., 19., 1., 0., 17., 1., 1., 30., 124., 62., 2., 8., 74.,
       2., 1., 5., 10., 19., 23., 76., 11., 2., 5., 8., 11., 31., 16.,
       11., 3., 26., 5., 2., 13., 12., 0., 0., 28., 17., 6., 11., 124.,
       103., 7., 12., 124., 31., 3., 2., 26., 43., 21., 71., 11., 10.,
       5., 11., 84., 106., 9., 8., 2., 63., 24., 2., 1., 0., 0., 0., 19.,
       109., 28., 12., 48., 24., 59., 24., 57., 56., 16., 2., 8., 15.,
       124., 87., 5., 12., 11., 10., 54., 98., 97., 8., 0., 28., 18., 1.,
       0., 0., 0., 0., 7., 124., 74., 0., 0., 0., 3., 5., 8., 124., 124.,
       0., 0., 2., 28., 17., 0., 74., 124., 0., 0., 33., 48., 2., 12.,
       11., 0., 0., 0., 5., 8., 14., 101., 119., 0., 0., 0., 1., 3., 59.,
       56., 121., 29., 2., 12., 79., 3., 10., 0., 20., 23., 6., 85.,
       121., 0., 0., 29., 0., 0., 0., 1., 8., 22., 22., 121., 12., 3.,
       8., 11., 7., 11., 92., 21., 71., 74., 80., 79., 15., 8., 19., 12.,
       90., 97., 27., 63., 36., 1., 7., 17., 6., 3., 13., 7., 7., 18.,
       15., 103., 63., 60., 74., 6., 1., 2., 6., 54., 16., 45., 121.,
       47., 1., 0., 28., 81., 24., 11., 13., 21., 12., 10., 104., 2., 3.,
       7., 43., 13., 0., 0., 1., 1., 11., 40., 77., 7., 2., 8., 7., 100.,
       4., 14., 54., 3., 1., 8., 100., 97., 2., 0., 1., 13., 4., 1., 53.,
       14., 3., 3., 59., 99., 13., 0., 2., 60., 4., 2., 8., 4., 4., 14.,
       48., 29., 6., 4., 6., 6., 12., 13., 14., 2., 2., 4., 16., 26.,
       12., 0., 0., 29., 2., 0., 2., 116., 116., 3., 11., 116., 10., 0.,
       0., 9., 39., 31., 99., 13., 4., 4., 8., 47., 116., 28., 18., 0.,
       2., 10., 19., 26., 22., 0., 0., 14., 19., 9., 13., 116., 62., 21.,
       9., 116., 58., 5., 1., 19., 23., 57., 60., 22., 30., 13., 20.,
       100., 96., 36., 12., 0., 0., 1., 3., 75., 67., 32., 0., 12., 101.,
       38., 3., 8., 8., 26., 15., 22., 83., 57., 0., 1., 4., 109., 84.,
       3., 28., 73., 2., 9., 68., 116., 21., 0., 5., 38., 1., 6., 91.,
       116., 0., 0., 0., 0., 0., 5., 5., 38., 44., 3., 0., 0., 0., 3.,
       25., 86., 34., 95., 0., 0., 1., 2., 5., 16., 117., 51., 0., 0.,
       61., 117., 0., 0., 35., 9., 18., 30., 12., 4., 3., 42., 94., 28.,
       6., 19., 48., 35., 23., 34., 28., 117., 4., 1., 18., 24., 4., 5.,
       94., 14., 0., 0., 117., 117., 0., 0., 15., 5., 48., 117., 14., 1.,
       0., 10., 8., 96., 32., 85., 40., 3., 0., 5., 7., 117., 30., 12.,
       77., 36., 0., 0., 5., 3., 2., 3., 117., 117., 0., 0., 0., 1., 5.,
       12., 2., 1., 10., 113., 37., 62., 9., 9., 6., 4., 21., 62., 26.,
       51., 15., 17., 117., 28., 0., 1., 5., 0., 0., 1., 87., 39., 0.,
       0., 0., 48., 19., 22., 2., 5., 7., 5., 34., 126., 123., 2., 2.,
       9., 11., 5., 7., 102., 126., 19., 5., 23., 4., 0., 0., 0., 8.,
       16., 9., 56., 26., 5., 0., 126., 28., 3., 4., 10., 24., 7., 45.,
       82., 105., 6., 20., 51., 63., 8., 8., 114., 126., 40., 2., 3., 1.,
       0., 9., 5., 28., 86., 9., 9., 9., 3., 2., 86., 126., 20., 16., 4.,
       1., 0., 1., 76., 44., 30., 68., 38., 4., 0., 9., 126., 58., 3.,
       2., 3., 2., 0., 27., 14., 9., 9., 4., 5., 8., 7., 5., 33., 91.,
       18., 2., 0., 0., 0., 2., 32., 98., 49., 9., 0., 0., 0., 0., 100.,
       126., 12., 0., 0., 0., 0., 1., 17., 55., 13., 10., 6., 1., 1., 1.,
       2., 1., 0., 1., 10., 9., 6., 2., 68., 2., 0., 0., 0., 2., 4., 39.,
       128., 3., 0., 0., 1., 27., 47., 137., 12., 57., 16., 3., 21., 77.,
       25., 11., 0., 0., 0., 2., 3., 18., 35., 19., 121., 10., 0., 0.,
       0., 28., 15., 12., 149., 30., 2., 6., 7., 21., 8., 28., 23., 4.,
       4., 67., 149., 91., 6., 6., 0., 0., 0., 14., 14., 19., 25., 24.,
       84., 11., 4., 15., 11., 28., 11., 17., 149., 56., 45., 80., 3.,
       0., 1., 19., 13., 8., 29., 149., 74., 1., 0., 0., 0., 0., 2., 50.,
       17., 0., 0., 2., 32., 31., 12., 26., 11., 0., 0., 0., 39., 46.,
       65., 138., 4., 0., 0., 0., 7., 2., 18., 149., 8., 0., 0., 3., 18.,
