%YAML:1.0
---
mat: !!opencv-matrix
   rows: 115
   cols: 128
   dt: f
   data: [ 87., 15., 0., 1., 2., 0., 0., 0., 156., 61., 0., 0., 69., 12.,
       0., 0., 26., 5., 0., 0., 156., 50., 0., 0., 0., 0., 0., 0., 11.,
       3., 0., 0., 93., 12., 0., 0., 0., 0., 0., 4., 156., 53., 6., 3.,
       44., 13., 0., 20., 59., 10., 10., 16., 156., 113., 0., 1., 0., 0.,
       0., 1., 25., 18., 0., 0., 82., 19., 0., 0., 0., 0., 0., 4., 156.,
       137., 119., 8., 6., 2., 0., 16., 17., 30., 156., 97., 81., 30.,
       0., 1., 0., 1., 6., 19., 18., 8., 0., 0., 45., 6., 0., 0., 0., 0.,
       0., 0., 32., 26., 22., 0., 0., 0., 0., 0., 20., 12., 32., 4., 0.,
       0., 0., 0., 3., 1., 2., 1., 0., 0., 0., 0., 40., 1., 1., 0., 0.,
       1., 74., 79., 4., 3., 5., 0., 0., 14., 128., 16., 3., 1., 1., 0.,
       0., 31., 128., 8., 2., 0., 0., 0., 2., 32., 66., 5., 61., 8., 36.,
       35., 7., 2., 26., 77., 11., 46., 128., 32., 0., 5., 62., 6., 72.,
       102., 41., 4., 8., 30., 113., 7., 8., 4., 0., 34., 97., 73., 61.,
       2., 2., 2., 22., 128., 39., 1., 8., 8., 67., 20., 61., 39., 2.,
       0., 0., 10., 128., 46., 9., 11., 26., 0., 0., 29., 20., 3., 1.,
       67., 128., 1., 0., 1., 7., 1., 1., 58., 33., 0., 0., 2., 95., 1.,
       0., 2., 0., 0., 0., 24., 128., 0., 0., 11., 42., 0., 0., 44., 7.,
       0., 0., 37., 128., 0., 0., 1., 42., 0., 0., 1., 1., 0., 0., 12.,
       161., 2., 1., 2., 2., 3., 1., 45., 77., 11., 16., 36., 29., 41.,
       23., 14., 3., 5., 26., 135., 10., 7., 29., 16., 72., 0., 0., 0.,
       0., 0., 0., 17., 161., 15., 2., 10., 6., 5., 2., 52., 74., 11.,
       8., 161., 112., 30., 3., 15., 5., 1., 8., 161., 23., 0., 0., 3.,
       70., 4., 0., 0., 0., 0., 0., 12., 161., 125., 47., 38., 2., 0.,
       0., 6., 24., 32., 47., 161., 47., 0., 0., 2., 20., 0., 1., 37.,
       7., 0., 0., 16., 31., 2., 0., 0., 0., 0., 0., 13., 51., 51., 21.,
       5., 0., 0., 0., 7., 19., 11., 20., 23., 1., 0., 0., 11., 27., 0.,
       0., 1., 0., 0., 0., 23., 30., 21., 1., 1., 2., 3., 19., 79., 25.,
       89., 3., 3., 3., 8., 7., 14., 60., 116., 1., 1., 0., 0., 0., 3.,
       20., 82., 0., 0., 0., 0., 0., 1., 4., 18., 69., 79., 12., 4., 17.,
       30., 43., 56., 114., 29., 5., 5., 3., 14., 116., 53., 17., 10.,
       4., 8., 9., 39., 15., 62., 13., 17., 11., 13., 7., 8., 24., 6.,
       41., 74., 26., 0., 0., 46., 56., 13., 41., 20., 0., 1., 43., 116.,
       116., 36., 116., 86., 3., 2., 15., 62., 14., 83., 116., 55., 7.,
       3., 1., 1., 51., 6., 15., 17., 2., 0., 4., 98., 34., 7., 60.,
       116., 0., 0., 6., 77., 17., 12., 86., 116., 0., 0., 2., 10., 73.,
       43., 28., 6., 0., 0., 0., 65., 8., 2., 0., 0., 2., 3., 5., 5.,
       127., 65., 0., 1., 2., 3., 4., 8., 93., 29., 0., 2., 39., 127.,
       36., 14., 0., 0., 0., 0., 27., 127., 27., 1., 1., 0., 0., 0., 11.,
       21., 18., 12., 127., 49., 0., 0., 0., 0., 11., 26., 127., 92., 0.,
       3., 27., 48., 7., 17., 7., 2., 0., 17., 121., 127., 24., 3., 0.,
       0., 0., 0., 29., 47., 46., 20., 70., 3., 0., 0., 0., 0., 50., 86.,
       127., 41., 3., 2., 12., 16., 29., 83., 13., 12., 6., 14., 72.,
       127., 60., 13., 0., 0., 0., 1., 15., 62., 63., 23., 11., 1., 0.,
       0., 0., 0., 93., 80., 82., 65., 12., 2., 0., 1., 37., 55., 9.,
       30., 32., 31., 25., 21., 21., 11., 17., 24., 0., 0., 8., 50., 4.,
       0., 41., 67., 0., 0., 2., 47., 6., 2., 47., 31., 0., 0., 1., 80.,
       36., 10., 83., 27., 0., 0., 0., 24., 49., 28., 48., 39., 1., 0.,
       3., 31., 24., 9., 71., 35., 0., 0., 0., 89., 64., 15., 120., 24.,
       0., 0., 0., 42., 99., 55., 71., 2., 0., 0., 0., 15., 100., 113.,
       116., 30., 0., 0., 0., 3., 4., 43., 99., 10., 0., 0., 0., 65.,
       98., 76., 88., 2., 0., 0., 0., 11., 85., 120., 14., 0., 0., 0.,
       0., 1., 51., 120., 30., 0., 0., 0., 0., 0., 14., 120., 50., 0.,
       0., 0., 0., 0., 28., 120., 1., 0., 0., 0., 0., 0., 39., 120., 0.,
       0., 0., 0., 0., 0., 11., 66., 22., 76., 93., 29., 0., 0., 0., 0.,
       21., 114., 79., 5., 0., 0., 0., 0., 0., 109., 84., 1., 0., 0., 0.,
       0., 0., 54., 34., 0., 0., 0., 0., 0., 83., 45., 56., 80., 2., 0.,
       0., 6., 82., 83., 114., 82., 0., 0., 0., 2., 52., 114., 114., 17.,
       0., 0., 0., 2., 4., 114., 109., 2., 0., 0., 0., 0., 67., 5., 9.,
       57., 6., 0., 0., 39., 84., 20., 35., 114., 6., 0., 0., 15., 114.,
       43., 80., 72., 0., 0., 0., 19., 3., 64., 114., 39., 0., 0., 0.,
       0., 25., 1., 3., 61., 14., 0., 0., 20., 50., 7., 5., 38., 8., 0.,
       0., 29., 21., 9., 32., 87., 15., 0., 0., 3., 0., 22., 40., 20.,
       1., 0., 0., 0., 0., 20., 76., 7., 4., 61., 37., 0., 8., 17., 11.,
       0., 0., 47., 91., 13., 65., 2., 0., 0., 0., 6., 75., 126., 50.,
       0., 0., 0., 0., 0., 21., 100., 7., 37., 52., 1., 0., 39., 112.,
       9., 55., 110., 15., 0., 0., 23., 55., 19., 126., 80., 2., 0., 0.,
       1., 30., 122., 41., 11., 0., 0., 0., 0., 23., 44., 38., 19., 20.,
       41., 7., 35., 113., 24., 63., 13., 19., 64., 29., 67., 62., 35.,
       126., 32., 1., 1., 1., 2., 3., 77., 20., 11., 0., 0., 0., 0., 0.,
       1., 22., 43., 98., 77., 1., 0., 0., 3., 126., 9., 35., 59., 2.,
       0., 0., 74., 109., 1., 0., 0., 0., 0., 0., 67., 1., 0., 0., 0.,
       0., 0., 0., 0., 14., 31., 18., 1., 1., 50., 66., 7., 8., 3., 0.,
       0., 16., 108., 25., 13., 20., 0., 0., 0., 1., 5., 35., 64., 38.,
       0., 0., 0., 0., 1., 28., 58., 118., 58., 17., 4., 8., 15., 4.,
       20., 100., 10., 0., 13., 118., 93., 4., 18., 118., 1., 0., 4.,
       20., 14., 75., 92., 17., 13., 11., 10., 2., 6., 112., 89., 83.,
       5., 25., 34., 7., 11., 23., 99., 85., 6., 11., 118., 115., 2., 0.,
       16., 118., 69., 16., 39., 16., 1., 6., 12., 81., 29., 27., 66.,
       9., 1., 7., 22., 4., 11., 87., 36., 0., 1., 5., 10., 34., 5., 21.,
       57., 4., 0., 0., 6., 93., 54., 13., 6., 0., 0., 0., 12., 114.,
       13., 10., 11., 5., 0., 0., 42., 2., 3., 118., 58., 37., 30., 14.,
       9., 38., 6., 17., 51., 114., 46., 4., 1., 87., 12., 0., 0., 67.,
       19., 0., 0., 94., 27., 1., 1., 39., 10., 0., 5., 0., 1., 65., 24.,
       5., 19., 118., 59., 32., 3., 9., 22., 118., 118., 61., 18., 118.,
       10., 0., 0., 79., 38., 0., 3., 98., 17., 4., 0., 59., 24., 0.,
       11., 2., 5., 118., 84., 7., 11., 83., 19., 18., 0., 85., 118.,
       118., 35., 18., 5., 118., 20., 4., 12., 71., 23., 1., 9., 19.,
       23., 10., 6., 71., 31., 8., 2., 0., 1., 72., 23., 0., 0., 29., 8.,
       3., 0., 27., 18., 1., 0., 49., 13., 24., 17., 7., 7., 7., 1., 35.,
       17., 1., 3., 3., 6., 13., 6., 42., 8., 18., 10., 41., 0., 0., 3.,
       3., 7., 17., 4., 30., 9., 29., 17., 9., 14., 1., 4., 60., 6., 8.,
       2., 12., 5., 0., 2., 53., 0., 0., 1., 23., 1., 81., 10., 3., 9.,
       42., 28., 9., 5., 92., 10., 1., 39., 119., 10., 3., 14., 111.,
       12., 11., 9., 24., 3., 100., 114., 6., 10., 31., 2., 1., 10.,
       127., 27., 86., 4., 0., 29., 74., 4., 0., 1., 95., 14., 0., 28.,
       127., 0., 0., 3., 127., 103., 72., 14., 17., 1., 17., 34., 7.,
       39., 127., 19., 1., 4., 63., 9., 70., 1., 0., 9., 64., 5., 0., 4.,
       65., 5., 0., 13., 105., 0., 0., 10., 102., 36., 12., 4., 10., 3.,
       63., 79., 8., 8., 35., 9., 4., 17., 127., 14., 58., 30., 2., 0.,
       1., 1., 1., 15., 19., 17., 2., 1., 25., 59., 16., 10., 44., 21.,
       0., 0., 13., 78., 11., 1., 101., 42., 0., 0., 12., 32., 4., 6.,
       41., 39., 2., 0., 0., 0., 2., 9., 131., 30., 1., 0., 4., 46., 26.,
       37., 34., 4., 0., 0., 52., 131., 28., 14., 131., 25., 0., 0., 4.,
       33., 15., 31., 25., 0., 0., 0., 0., 0., 16., 52., 131., 13., 0.,
       0., 2., 8., 4., 95., 55., 5., 0., 0., 37., 131., 57., 34., 76.,
       1., 0., 0., 3., 52., 91., 114., 2., 0., 0., 0., 0., 0., 64., 115.,
       70., 0., 0., 0., 0., 0., 30., 131., 20., 0., 0., 0., 0., 29., 80.,
       86., 2., 0., 0., 0., 0., 12., 115., 93., 14., 21., 69., 131., 10.,
