%YAML:1.0
---
mat: !!opencv-matrix
   rows: 85
   cols: 128
   dt: f
   data: [ 192., 145., 0., 0., 1., 3., 0., 0., 30., 16., 10., 8., 0., 0.,
       0., 0., 0., 6., 13., 5., 0., 0., 0., 0., 0., 1., 1., 2., 2., 1.,
       1., 0., 192., 165., 7., 9., 4., 3., 1., 33., 84., 32., 32., 49.,
       19., 7., 1., 3., 39., 45., 35., 14., 3., 2., 1., 9., 13., 6., 0.,
       0., 0., 0., 6., 13., 192., 18., 2., 2., 1., 2., 73., 192., 54.,
       4., 1., 7., 25., 62., 23., 44., 44., 6., 2., 2., 3., 15., 19.,
       86., 11., 0., 0., 0., 0., 0., 9., 36., 1., 0., 0., 0., 0., 1.,
       63., 111., 0., 0., 0., 0., 0., 28., 24., 14., 3., 0., 0., 0., 0.,
       6., 11., 27., 1., 0., 0., 0., 0., 0., 1., 5., 1., 10., 51., 1.,
       12., 49., 50., 6., 59., 81., 76., 8., 38., 36., 7., 0., 143.,
       125., 8., 0., 1., 1., 0., 0., 32., 7., 0., 0., 0., 0., 0., 0., 4.,
       12., 71., 21., 29., 46., 13., 3., 80., 9., 14., 20., 90., 67.,
       17., 17., 143., 45., 0., 0., 4., 4., 4., 34., 66., 7., 0., 0., 0.,
       0., 0., 1., 7., 12., 61., 7., 1., 0., 143., 81., 15., 1., 12.,
       13., 14., 5., 143., 121., 132., 2., 0., 0., 1., 1., 75., 143.,
       43., 2., 0., 0., 0., 0., 0., 12., 2., 6., 2., 0., 0., 0., 112.,
       50., 1., 1., 0., 0., 0., 1., 104., 31., 4., 0., 0., 0., 0., 1.,
       30., 27., 13., 1., 0., 0., 0., 0., 0., 3., 1., 82., 121., 0., 0.,
       0., 1., 2., 0., 52., 93., 4., 6., 0., 0., 0., 6., 24., 19., 6.,
       8., 3., 5., 6., 10., 8., 1., 0., 0., 0., 2., 6., 5., 70., 93., 0.,
       6., 36., 74., 21., 22., 136., 136., 6., 27., 25., 10., 1., 136.,
       136., 46., 1., 3., 1., 2., 7., 22., 3., 0., 0., 0., 0., 2., 9.,
       14., 47., 60., 11., 25., 36., 25., 13., 76., 13., 20., 19., 105.,
       56., 12., 17., 136., 23., 2., 1., 9., 4., 2., 45., 38., 0., 0.,
       0., 0., 0., 0., 4., 5., 22., 34., 2., 1., 1., 136., 19., 23., 2.,
       13., 13., 16., 11., 136., 53., 131., 0., 0., 0., 2., 1., 38.,
       115., 16., 0., 0., 0., 0., 0., 0., 4., 6., 1., 0., 23., 118., 0.,
       0., 2., 75., 18., 1., 1., 4., 0., 19., 83., 23., 21., 1., 1., 0.,
       29., 118., 47., 1., 1., 4., 4., 3., 65., 118., 1., 7., 4., 0.,
       22., 118., 0., 0., 0., 92., 118., 3., 1., 2., 0., 0., 9., 118.,
       115., 6., 26., 16., 3., 15., 9., 11., 16., 60., 73., 28., 18.,
       21., 1., 1., 1., 0., 16., 115., 0., 0., 0., 114., 19., 0., 1., 2.,
       0., 0., 19., 118., 10., 0., 19., 79., 1., 0., 32., 52., 13., 17.,
       55., 118., 2., 0., 5., 2., 0., 0., 7., 72., 6., 1., 1., 102., 17.,
       1., 0., 1., 1., 1., 43., 114., 30., 23., 13., 70., 7., 0., 45.,
       45., 3., 6., 13., 105., 22., 1., 23., 10., 0., 0., 0., 130., 53.,
       0., 3., 130., 9., 2., 2., 23., 10., 1., 32., 39., 9., 56., 26.,
       5., 4., 11., 14., 1., 1., 49., 35., 61., 14., 8., 1., 9., 0., 0.,
       0., 130., 52., 0., 2., 130., 16., 4., 5., 48., 20., 2., 21., 28.,
       7., 54., 47., 19., 50., 33., 9., 1., 1., 62., 31., 25., 24., 43.,
       10., 3., 1., 0., 0., 130., 43., 0., 0., 67., 68., 45., 16., 74.,
       18., 4., 2., 9., 17., 118., 112., 3., 7., 16., 2., 5., 3., 116.,
       34., 5., 2., 20., 9., 0., 0., 0., 0., 102., 70., 11., 0., 0., 7.,
       12., 3., 37., 62., 130., 7., 0., 2., 12., 12., 1., 2., 130., 23.,
       2., 0., 3., 1., 0., 0., 130., 39., 54., 26., 8., 2., 2., 2., 47.,
       63., 9., 10., 15., 11., 2., 47., 122., 15., 4., 4., 17., 5., 2.,
       41., 122., 7., 1., 0., 11., 3., 2., 74., 122., 1., 122., 100., 1.,
       2., 4., 0., 2., 8., 73., 48., 27., 85., 61., 9., 15., 4., 115.,
       58., 26., 27., 16., 13., 38., 12., 17., 3., 1., 14., 33., 50.,
       51., 13., 122., 19., 3., 1., 7., 1., 0., 28., 104., 16., 13., 30.,
       122., 19., 0., 19., 122., 26., 17., 12., 28., 9., 4., 29., 17.,
       8., 33., 36., 66., 11., 13., 5., 43., 41., 19., 1., 1., 28., 53.,
       6., 18., 38., 90., 39., 23., 18., 24., 3., 41., 71., 114., 17.,
       5., 7., 8., 6., 1., 25., 122., 21., 13., 6., 1., 0., 11., 3., 7.,
       5., 13., 19., 55., 24., 53., 0., 2., 2., 108., 87., 17., 13.,
       168., 0., 0., 0., 7., 7., 2., 28., 57., 0., 0., 0., 0., 2., 4.,
       9., 36., 10., 37., 38., 18., 17., 44., 27., 53., 0., 13., 49.,
       165., 64., 11., 8., 168., 0., 0., 1., 17., 7., 0., 21., 80., 0.,
       0., 0., 0., 0., 1., 4., 30., 13., 46., 60., 17., 23., 6., 2., 49.,
       3., 41., 68., 63., 31., 7., 5., 168., 4., 2., 4., 10., 5., 0.,
       19., 75., 3., 4., 1., 0., 0., 0., 1., 6., 13., 68., 76., 4., 4.,
       36., 8., 44., 7., 60., 47., 5., 1., 62., 65., 168., 5., 3., 2.,
       1., 0., 10., 101., 37., 2., 8., 10., 5., 1., 0., 6., 31., 11., 8.,
       20., 126., 10., 0., 1., 126., 38., 6., 5., 10., 6., 2., 3., 36.,
       10., 11., 14., 15., 24., 30., 16., 6., 4., 3., 57., 121., 11., 6.,
       10., 32., 5., 10., 17., 126., 55., 1., 10., 126., 33., 13., 9.,
       18., 12., 1., 29., 35., 45., 49., 52., 40., 1., 0., 1., 2., 37.,
       35., 15., 94., 70., 4., 1., 5., 15., 100., 60., 25., 10., 6., 2.,
       37., 94., 126., 17., 5., 3., 4., 4., 3., 29., 126., 75., 8., 1.,
       1., 0., 0., 37., 126., 22., 7., 8., 1., 0., 0., 1., 13., 4., 0.,
       36., 126., 0., 0., 5., 23., 1., 0., 37., 126., 0., 0., 1., 30.,
       8., 0., 32., 121., 0., 0., 1., 27., 4., 1., 22., 75., 0., 12., 3.,
       0., 39., 126., 0., 0., 1., 101., 59., 24., 9., 7., 1., 5., 15.,
       11., 18., 126., 53., 1., 10., 32., 5., 7., 20., 126., 9., 0., 1.,
       31., 10., 23., 1., 0., 40., 126., 0., 0., 5., 126., 16., 5., 3.,
       4., 5., 37., 96., 13., 9., 19., 12., 1., 31., 126., 33., 6., 5.,
       11., 6., 2., 3., 126., 35., 31., 7., 0., 34., 118., 0., 0., 1.,
       126., 73., 8., 1., 1., 0., 3., 31., 49., 52., 40., 1., 0., 1.,
       36., 45., 11., 13., 15., 25., 30., 15., 38., 10., 28., 4., 1.,
       22., 71., 0., 0., 1., 126., 21., 8., 8., 1., 0., 0., 39., 33.,
       16., 97., 68., 4., 1., 2., 37., 3., 58., 118., 10., 7., 10., 6.,
       4., 0., 0., 0., 50., 94., 1., 2., 1., 12., 4., 15., 75., 99., 6.,
       36., 15., 7., 10., 40., 4., 7., 10., 102., 39., 80., 21., 19., 4.,
       21., 23., 27., 10., 4., 1., 0., 88., 114., 0., 0., 0., 88., 14.,
       3., 44., 70., 0., 24., 54., 22., 15., 7., 16., 44., 9., 72., 43.,
       114., 9., 1., 34., 87., 7., 5., 3., 15., 4., 2., 114., 114., 0.,
       0., 0., 114., 45., 23., 28., 33., 1., 6., 15., 11., 26., 63., 68.,
       58., 5., 17., 8., 114., 25., 9., 66., 75., 1., 0., 0., 22., 7.,
       0., 82., 114., 0., 0., 0., 114., 33., 14., 14., 13., 1., 7., 12.,
       3., 4., 32., 38., 56., 15., 20., 6., 109., 21., 4., 30., 62., 4.,
       0., 0., 9., 28., 34., 1., 0., 2., 49., 41., 6., 27., 43., 1., 0.,
       4., 73., 45., 5., 26., 22., 0., 0., 4., 112., 17., 2., 4., 10.,
       1., 0., 13., 97., 7., 42., 101., 123., 21., 10., 2., 1., 7., 34.,
       98., 125., 53., 34., 5., 2., 6., 125., 125., 88., 8., 4., 1., 5.,
       7., 35., 8., 0., 0., 0., 2., 11., 4., 47., 9., 3., 5., 14., 29.,
       116., 82., 50., 12., 10., 17., 56., 91., 125., 77., 125., 23., 5.,
       3., 6., 15., 59., 125., 46., 2., 0., 0., 0., 0., 0., 9., 14., 1.,
       0., 0., 0., 3., 61., 40., 20., 0., 0., 0., 0., 16., 99., 48., 24.,
       0., 0., 0., 0., 3., 47., 76., 7., 0., 0., 0., 1., 1., 1., 9., 11.,
       6., 1., 4., 9., 31., 97., 10., 13., 4., 0., 6., 45., 111., 74.,
       16., 57., 12., 0., 4., 53., 40., 73., 45., 47., 9., 1., 6., 73.,
       36., 35., 22., 63., 14., 8., 8., 18., 12., 25., 11., 25., 8., 4.,
       67., 116., 25., 11., 8., 116., 26., 1., 17., 112., 17., 2., 7.,
       73., 7., 1., 3., 116., 30., 1., 17., 49., 28., 94., 38., 8., 1.,
       1., 2., 12., 11., 97., 36., 107., 54., 8., 9., 108., 22., 73.,
       25., 51., 28., 9., 31., 19., 6., 56., 33., 71., 29., 5., 19., 1.,
       16., 116., 23., 1., 10., 32., 0., 0., 8., 116., 24., 3., 12., 27.,
       0., 2., 9., 116., 40., 3., 12., 17., 1., 0., 2., 116., 35., 3.,
