%YAML:1.0
---
mat: !!opencv-matrix
   rows: 76
   cols: 128
   dt: f
   data: [ 13., 1., 2., 1., 0., 2., 3., 5., 158., 0., 0., 0., 0., 0., 1.,
       106., 158., 0., 0., 0., 0., 0., 1., 63., 2., 0., 0., 0., 0., 1.,
       6., 4., 44., 8., 12., 0., 0., 0., 0., 4., 158., 38., 3., 0., 0.,
       0., 0., 69., 158., 49., 24., 0., 0., 0., 0., 23., 4., 11., 18.,
       0., 0., 1., 4., 2., 29., 7., 4., 0., 0., 0., 0., 0., 158., 143.,
       27., 0., 0., 0., 0., 3., 29., 158., 158., 0., 0., 0., 0., 0., 0.,
       86., 158., 0., 0., 0., 0., 0., 0., 0., 0., 0., 0., 0., 0., 0., 0.,
       3., 1., 0., 0., 0., 0., 0., 0., 9., 21., 0., 0., 0., 0., 0., 0.,
       17., 50., 0., 0., 0., 0., 0., 32., 13., 3., 0., 0., 0., 0., 3.,
       73., 15., 4., 5., 2., 3., 12., 20., 199., 2., 1., 2., 1., 1., 4.,
       57., 117., 2., 0., 0., 0., 0., 0., 20., 36., 24., 3., 0., 0., 0.,
       0., 3., 104., 37., 15., 3., 0., 1., 5., 10., 199., 6., 3., 1., 0.,
       0., 0., 35., 121., 9., 0., 0., 0., 0., 0., 7., 53., 25., 3., 0.,
       0., 0., 0., 6., 127., 18., 8., 6., 4., 4., 11., 19., 199., 12.,
       1., 1., 1., 1., 1., 13., 94., 22., 1., 0., 0., 0., 0., 1., 19.,
       26., 2., 0., 0., 6., 21., 6., 86., 42., 31., 6., 1., 2., 8., 7.,
       199., 38., 3., 1., 0., 0., 0., 1., 61., 28., 2., 0., 0., 0., 0.,
       0., 45., 167., 15., 0., 0., 0., 0., 0., 160., 167., 29., 3., 0.,
       0., 2., 11., 17., 9., 24., 34., 8., 9., 66., 34., 0., 0., 2., 9.,
       43., 116., 69., 17., 81., 29., 1., 0., 0., 0., 0., 20., 167., 70.,
       0., 0., 0., 0., 4., 108., 95., 10., 2., 3., 0., 3., 97., 131., 0.,
       0., 1., 7., 47., 82., 77., 17., 16., 0., 0., 0., 0., 0., 0., 11.,
       167., 81., 0., 0., 0., 0., 0., 39., 84., 50., 4., 4., 0., 0., 3.,
       14., 0., 0., 1., 6., 8., 3., 1., 0., 0., 0., 0., 0., 0., 0., 0.,
       0., 6., 4., 0., 0., 0., 0., 0., 0., 1., 1., 0., 0., 0., 0., 0.,
       0., 0., 0., 0., 0., 0., 0., 0., 0., 26., 62., 46., 19., 3., 2.,
       7., 9., 31., 106., 57., 7., 2., 1., 0., 2., 9., 71., 71., 7., 1.,
       1., 0., 2., 18., 26., 2., 0., 0., 0., 0., 4., 81., 33., 26., 35.,
       63., 14., 8., 42., 108., 85., 36., 21., 45., 25., 9., 27., 78.,
       108., 53., 21., 80., 47., 6., 10., 108., 73., 2., 0., 1., 0., 0.,
       7., 35., 15., 22., 27., 32., 30., 48., 76., 108., 37., 25., 28.,
       25., 27., 87., 59., 81., 15., 19., 55., 73., 15., 48., 108., 108.,
       6., 0., 0., 1., 0., 1., 86., 1., 0., 0., 0., 4., 27., 78., 96.,
       1., 1., 1., 1., 0., 31., 108., 42., 6., 0., 1., 2., 1., 6., 101.,
       102., 16., 0., 0., 0., 0., 0., 2., 43., 32., 21., 3., 0., 0., 0.,
       2., 9., 66., 18., 20., 15., 8., 8., 8., 10., 202., 3., 1., 2., 1.,
       1., 0., 31., 86., 5., 0., 0., 0., 0., 0., 5., 78., 19., 1., 1.,
       1., 1., 4., 19., 115., 10., 2., 16., 44., 24., 15., 19., 202., 6.,
       0., 2., 4., 2., 0., 18., 85., 16., 0., 0., 0., 0., 0., 2., 54.,
       52., 14., 3., 1., 1., 3., 4., 123., 34., 40., 44., 33., 3., 3.,
       3., 202., 27., 2., 3., 3., 0., 0., 1., 69., 28., 1., 0., 0., 0.,
       0., 0., 7., 12., 5., 2., 5., 16., 39., 31., 94., 12., 14., 14.,
       14., 26., 26., 14., 202., 32., 1., 1., 1., 1., 0., 1., 50., 29.,
       1., 0., 0., 0., 0., 0., 140., 1., 1., 0., 0., 0., 0., 140., 71.,
       11., 23., 4., 0., 9., 31., 104., 1., 24., 16., 1., 0., 64., 88.,
       1., 0., 3., 0., 0., 0., 89., 108., 0., 140., 13., 12., 10., 0.,
       0., 0., 140., 36., 30., 91., 75., 0., 0., 0., 8., 70., 97., 37.,
       7., 0., 1., 2., 1., 7., 36., 8., 0., 0., 10., 14., 0., 140., 17.,
       20., 44., 1., 0., 0., 55., 79., 19., 37., 85., 1., 0., 0., 10.,
       140., 43., 9., 1., 0., 0., 0., 14., 5., 45., 25., 0., 0., 0., 0.,
       0., 39., 5., 13., 58., 5., 0., 0., 21., 73., 48., 41., 26., 2.,
       0., 0., 7., 39., 89., 72., 1., 0., 0., 0., 3., 0., 44., 43., 2.,
       0., 0., 0., 0., 0., 0., 152., 97., 0., 0., 0., 0., 0., 1., 152.,
       152., 3., 0., 0., 0., 1., 2., 152., 152., 2., 5., 3., 0., 0., 0.,
       152., 101., 1., 9., 10., 1., 0., 5., 152., 81., 1., 0., 0., 0.,
       12., 13., 127., 123., 14., 0., 0., 0., 66., 20., 36., 30., 3.,
       13., 30., 32., 2., 0., 2., 4., 1., 37., 90., 25., 0., 0., 25.,
       35., 11., 0., 0., 0., 26., 5., 18., 34., 10., 0., 0., 0., 131.,
       9., 1., 2., 0., 3., 8., 23., 8., 0., 0., 0., 0., 13., 32., 10.,
       0., 0., 0., 0., 3., 0., 0., 0., 1., 0., 0., 0., 1., 0., 0., 0.,
       1., 0., 0., 0., 0., 0., 0., 0., 0., 0., 0., 0., 0., 0., 0., 0.,
       32., 16., 3., 0., 0., 0., 0., 5., 92., 13., 4., 2., 2., 3., 10.,
       22., 198., 4., 1., 1., 1., 1., 2., 30., 83., 12., 1., 0., 0., 0.,
       0., 4., 33., 33., 3., 0., 0., 5., 16., 4., 123., 51., 35., 9., 2.,
       2., 7., 8., 198., 25., 5., 2., 1., 0., 0., 6., 78., 29., 3., 0.,
       0., 0., 0., 0., 3., 4., 1., 2., 13., 56., 75., 13., 103., 19.,
       10., 8., 13., 14., 27., 23., 198., 60., 1., 1., 1., 1., 1., 3.,
       64., 45., 5., 1., 0., 0., 0., 0., 0., 1., 4., 42., 42., 14., 4.,
       0., 55., 20., 7., 31., 31., 2., 0., 1., 198., 102., 1., 3., 2.,
       0., 0., 0., 56., 56., 3., 0., 0., 0., 0., 0., 0., 1., 13., 61.,
       53., 0., 0., 0., 38., 85., 67., 46., 24., 0., 0., 0., 20., 30.,
       14., 16., 1., 0., 0., 0., 0., 5., 16., 10., 3., 0., 0., 0., 1.,
       0., 1., 63., 117., 0., 0., 0., 117., 37., 10., 35., 103., 1., 0.,
       12., 75., 24., 61., 117., 24., 0., 0., 4., 38., 83., 86., 35., 2.,
       0., 0., 17., 5., 4., 11., 25., 117., 24., 7., 5., 117., 8., 2.,
       29., 99., 20., 19., 47., 61., 7., 8., 117., 117., 0., 0., 58.,
       91., 15., 7., 14., 6., 0., 0., 117., 4., 2., 2., 2., 19., 41.,
       32., 14., 6., 0., 0., 70., 93., 34., 35., 27., 93., 1., 2., 62.,
       58., 3., 1., 95., 51., 1., 6., 23., 1., 0., 0., 64., 31., 29., 2.,
       1., 5., 87., 112., 22., 121., 81., 0., 0., 0., 10., 34., 35., 87.,
       19., 0., 0., 0., 0., 9., 68., 2., 0., 0., 0., 0., 0., 13., 77.,
       11., 0., 0., 0., 0., 71., 121., 41., 80., 28., 1., 0., 12., 103.,
       104., 42., 121., 47., 0., 0., 1., 4., 7., 72., 24., 0., 0., 0.,
       0., 0., 16., 87., 86., 26., 0., 0., 0., 13., 30., 54., 12., 1.,
       0., 0., 6., 109., 121., 64., 67., 2., 0., 0., 0., 10., 72., 121.,
       11., 0., 0., 0., 0., 0., 12., 84., 110., 19., 0., 0., 0., 0., 14.,
       96., 13., 0., 0., 0., 0., 2., 46., 85., 0., 0., 0., 0., 0., 0.,
       31., 78., 0., 0., 2., 28., 1., 0., 11., 26., 40., 104., 33., 0.,
       0., 0., 8., 43., 74., 79., 10., 0., 0., 0., 0., 15., 85., 27., 1.,
       0., 0., 0., 0., 23., 46., 1., 0., 0., 0., 0., 0., 26., 42., 121.,
       45., 0., 0., 0., 53., 84., 47., 121., 49., 1., 0., 9., 29., 33.,
       121., 121., 10., 0., 0., 1., 4., 22., 83., 4., 0., 0., 0., 0., 0.,
       21., 35., 5., 0., 0., 0., 1., 103., 121., 31., 11., 2., 0., 0.,
       18., 121., 114., 121., 17., 1., 0., 0., 1., 48., 121., 74., 0.,
       0., 0., 0., 0., 0., 32., 43., 114., 26., 0., 0., 0., 1., 12., 62.,
       102., 19., 0., 0., 0., 11., 31., 82., 18., 0., 0., 0., 0., 6.,
       53., 38., 0., 0., 0., 2., 0., 0., 18., 0., 0., 126., 33., 2., 2.,
       1., 1., 1., 0., 126., 31., 0., 4., 18., 11., 0., 0., 126., 45.,
       1., 15., 15., 4., 0., 0., 88., 46., 0., 7., 20., 7., 21., 1., 7.,
       5., 47., 29., 2., 8., 109., 10., 6., 4., 8., 35., 69., 106., 14.,
       5., 4., 11., 48., 126., 66., 47., 22., 9., 2., 5., 12., 47., 76.,
       80., 22., 9., 3., 32., 64., 5., 0., 1., 126., 125., 49., 28., 11.,
       7., 4., 15., 18., 48., 48., 126., 73., 29., 23., 13., 28., 86.,
       47., 40., 18., 11., 27., 17., 1., 3., 3., 12., 11., 0., 0., 0.,
       54., 34., 20., 5., 2., 0., 6., 33., 30., 12., 17., 18., 3., 3.,
       126., 67., 2., 11., 14., 7., 2., 15., 126., 17., 37., 16., 9.,
       13., 24., 23., 52., 52., 3., 72., 23., 12., 67., 48., 34., 8., 2.,
       121., 81., 25., 9., 12., 22., 6., 0., 6., 40., 109., 31., 4., 1.,
