%YAML:1.0
---
mat: !!opencv-matrix
   rows: 104
   cols: 128
   dt: f
   data: [ 0., 0., 0., 2., 127., 37., 1., 0., 83., 8., 0., 4., 151., 61.,
       3., 12., 151., 26., 0., 0., 1., 2., 1., 11., 12., 2., 0., 0., 20.,
       12., 2., 2., 0., 0., 0., 4., 90., 42., 5., 0., 53., 21., 3., 10.,
       151., 121., 6., 13., 151., 54., 2., 4., 12., 6., 4., 31., 25., 1.,
       0., 0., 11., 12., 15., 11., 0., 0., 0., 0., 42., 28., 21., 2.,
       29., 5., 1., 3., 151., 137., 16., 22., 151., 23., 1., 1., 20.,
       21., 13., 73., 31., 3., 0., 1., 11., 4., 4., 8., 0., 0., 0., 0.,
       26., 10., 10., 1., 8., 2., 0., 1., 148., 53., 1., 1., 72., 16.,
       0., 0., 15., 10., 1., 2., 8., 2., 0., 0., 1., 0., 0., 0., 7., 0.,
       0., 1., 4., 0., 0., 2., 2., 1., 0., 15., 90., 0., 0., 0., 123.,
       13., 0., 5., 28., 0., 0., 11., 59., 4., 2., 0., 0., 0., 0., 5.,
       19., 6., 11., 14., 16., 0., 0., 3., 13., 12., 14., 154., 161., 3.,
       1., 2., 161., 56., 16., 41., 40., 2., 1., 27., 86., 15., 15., 0.,
       0., 0., 0., 5., 7., 8., 13., 19., 36., 0., 0., 0., 23., 8., 5.,
       95., 161., 17., 3., 9., 161., 42., 5., 15., 32., 9., 4., 35., 70.,
       17., 9., 0., 0., 0., 0., 6., 6., 3., 1., 10., 59., 1., 0., 0.,
       30., 4., 2., 77., 161., 1., 0., 6., 161., 15., 2., 10., 16., 1.,
       0., 35., 56., 5., 0., 0., 0., 0., 0., 11., 0., 71., 137., 0., 0.,
       3., 4., 0., 0., 63., 85., 0., 0., 4., 13., 1., 3., 26., 13., 0.,
       0., 0., 8., 11., 1., 1., 0., 0., 0., 0., 0., 2., 1., 68., 108.,
       0., 5., 40., 78., 6., 15., 137., 137., 1., 13., 25., 12., 0.,
       127., 137., 46., 0., 2., 0., 0., 2., 16., 6., 0., 0., 0., 0., 0.,
       1., 9., 23., 47., 11., 36., 43., 29., 11., 66., 16., 17., 12.,
       87., 60., 7., 11., 137., 33., 2., 1., 10., 3., 0., 42., 31., 1.,
       0., 0., 0., 0., 0., 4., 0., 23., 62., 5., 2., 6., 137., 4., 37.,
       3., 25., 19., 21., 10., 137., 50., 137., 0., 0., 1., 3., 1., 22.,
       117., 13., 0., 0., 0., 0., 0., 0., 5., 2., 5., 29., 1., 16., 61.,
       60., 8., 81., 70., 38., 2., 32., 50., 9., 1., 152., 106., 3., 0.,
       1., 1., 0., 0., 15., 3., 0., 0., 0., 0., 0., 0., 4., 10., 96.,
       33., 28., 32., 12., 7., 76., 9., 25., 33., 58., 48., 29., 31.,
       152., 49., 0., 1., 4., 3., 7., 56., 43., 4., 0., 0., 0., 0., 0.,
       3., 0., 3., 54., 6., 0., 0., 152., 98., 10., 0., 14., 10., 3., 0.,
       152., 152., 103., 1., 0., 0., 0., 0., 83., 152., 21., 0., 0., 0.,
       0., 0., 0., 18., 1., 2., 6., 1., 0., 0., 108., 35., 2., 1., 1.,
       0., 0., 0., 75., 32., 8., 0., 0., 0., 0., 0., 16., 30., 4., 0.,
       0., 0., 0., 0., 0., 4., 0., 13., 91., 7., 0., 0., 0., 0., 0., 25.,
       74., 0., 0., 0., 0., 0., 0., 21., 17., 0., 0., 0., 0., 0., 0., 3.,
       0., 0., 0., 0., 0., 0., 0., 42., 160., 60., 8., 1., 22., 5., 16.,
       160., 160., 0., 0., 5., 16., 4., 118., 160., 76., 0., 0., 1., 0.,
       1., 19., 28., 3., 0., 0., 0., 0., 0., 9., 3., 12., 14., 11., 6.,
       80., 62., 81., 30., 22., 10., 54., 38., 53., 25., 160., 44., 4.,
       1., 5., 3., 1., 39., 49., 12., 1., 0., 0., 0., 0., 4., 31., 13.,
       9., 18., 23., 8., 33., 38., 106., 3., 1., 55., 104., 8., 7., 14.,
       160., 1., 0., 2., 4., 0., 0., 50., 23., 4., 4., 5., 3., 0., 0.,
       5., 13., 3., 1., 3., 1., 0., 0., 0., 9., 7., 10., 1., 0., 0., 0.,
       0., 1., 14., 7., 0., 0., 0., 0., 0., 0., 2., 12., 24., 0., 0., 0.,
       0., 60., 13., 5., 17., 6., 0., 0., 5., 36., 30., 54., 47., 19.,
       0., 0., 1., 49., 91., 36., 15., 7., 0., 0., 1., 5., 9., 34., 167.,
       134., 0., 0., 0., 58., 1., 0., 3., 29., 5., 1., 25., 46., 6., 5.,
       25., 112., 7., 1., 15., 153., 17., 3., 21., 53., 1., 0., 30., 14.,
       2., 1., 167., 167., 0., 0., 6., 40., 0., 0., 1., 27., 6., 1., 25.,
       37., 2., 0., 8., 87., 11., 2., 17., 102., 2., 0., 24., 100., 2.,
       1., 35., 28., 3., 0., 147., 167., 0., 0., 3., 22., 2., 0., 0.,
       121., 30., 0., 1., 121., 26., 7., 6., 5., 4., 3., 11., 26., 14.,
       78., 42., 8., 8., 10., 9., 3., 5., 102., 30., 19., 10., 7., 4.,
       23., 1., 0., 0., 121., 44., 0., 1., 121., 19., 5., 8., 15., 15.,
       6., 24., 17., 5., 54., 52., 22., 61., 71., 10., 1., 4., 84., 17.,
       6., 11., 96., 30., 13., 2., 0., 0., 121., 53., 0., 0., 120., 69.,
       35., 25., 21., 8., 1., 4., 9., 13., 93., 121., 6., 8., 12., 2.,
       0., 3., 121., 24., 2., 1., 14., 3., 0., 1., 0., 0., 121., 74.,
       16., 0., 3., 17., 17., 4., 17., 23., 106., 11., 0., 2., 14., 19.,
       2., 1., 121., 22., 0., 0., 3., 1., 0., 0., 121., 22., 35., 30.,
       9., 1., 5., 0., 0., 0., 128., 54., 4., 4., 56., 6., 0., 0., 47.,
       22., 10., 23., 128., 20., 0., 0., 128., 47., 4., 3., 7., 9., 5.,
       2., 47., 3., 0., 0., 11., 1., 0., 5., 128., 27., 4., 2., 40., 14.,
       1., 16., 59., 7., 4., 8., 128., 89., 2., 9., 128., 31., 6., 7.,
       18., 10., 0., 14., 27., 13., 1., 0., 11., 9., 6., 3., 98., 99.,
       95., 12., 7., 3., 2., 7., 14., 23., 121., 81., 60., 25., 1., 4.,
       55., 75., 94., 16., 8., 4., 0., 7., 0., 2., 1., 0., 2., 60., 122.,
       0., 0., 10., 27., 2., 0., 40., 128., 0., 0., 2., 37., 10., 0.,
       23., 106., 0., 0., 7., 30., 2., 0., 10., 66., 0., 0., 7., 9., 0.,
       3., 52., 67., 2., 0., 35., 39., 0., 1., 18., 47., 4., 0., 94.,
       85., 0., 0., 12., 27., 1., 0., 127., 101., 0., 0., 2., 1., 0.,
       15., 4., 2., 45., 112., 67., 42., 13., 87., 13., 2., 13., 22.,
       35., 108., 59., 8., 4., 2., 19., 78., 116., 93., 11., 5., 29.,
       15., 4., 24., 16., 1., 1., 29., 5., 1., 62., 127., 2., 2., 7.,
       127., 17., 1., 23., 53., 3., 3., 29., 24., 2., 0., 96., 127., 13.,
       4., 4., 14., 0., 0., 16., 25., 1., 0., 4., 21., 2., 0., 15., 127.,
       28., 17., 20., 127., 0., 0., 9., 65., 6., 10., 67., 8., 0., 0.,
       32., 127., 14., 1., 2., 20., 0., 0., 2., 8., 4., 1., 5., 2., 1.,
       3., 84., 127., 0., 1., 1., 14., 5., 47., 49., 42., 2., 50., 30.,
       6., 9., 47., 5., 17., 16., 69., 49., 122., 44., 13., 3., 26., 18.,
       10., 3., 17., 1., 0., 61., 127., 0., 0., 4., 93., 15., 6., 12.,
       35., 0., 42., 71., 12., 13., 8., 11., 73., 19., 70., 43., 127.,
       31., 1., 9., 100., 10., 2., 1., 35., 1., 0., 42., 127., 0., 0.,
       1., 127., 36., 26., 5., 22., 0., 13., 27., 5., 18., 51., 40., 79.,
       14., 21., 10., 116., 27., 0., 22., 104., 10., 0., 0., 26., 5., 0.,
       25., 127., 0., 0., 1., 109., 29., 8., 6., 13., 1., 9., 16., 3.,
       3., 22., 21., 39., 20., 34., 15., 77., 9., 1., 11., 75., 19., 2.,
       2., 22., 9., 63., 37., 45., 3., 19., 22., 6., 15., 114., 3., 1.,
       30., 86., 10., 0., 14., 114., 3., 0., 43., 76., 2., 0., 27., 114.,
       0., 0., 13., 46., 1., 93., 25., 6., 18., 63., 3., 5., 11., 93.,
       34., 15., 13., 5., 16., 45., 18., 24., 6., 4., 23., 38., 67., 79.,
       12., 21., 3., 2., 3., 21., 36., 74., 19., 34., 18., 18., 4., 26.,
       98., 61., 5., 45., 84., 86., 9., 4., 31., 32., 2., 18., 50., 114.,
       34., 24., 6., 7., 2., 23., 28., 74., 9., 18., 4., 1., 4., 0., 0.,
       1., 0., 0., 105., 97., 0., 0., 6., 13., 0., 0., 114., 114., 0.,
       0., 15., 45., 0., 0., 103., 114., 0., 0., 9., 64., 4., 0., 52.,
       89., 0., 3., 18., 70., 56., 18., 18., 6., 1., 38., 116., 55., 7.,
       9., 6., 0., 0., 13., 27., 27., 37., 3., 0., 0., 0., 0., 22., 42.,
       8., 0., 0., 0., 0., 16., 8., 4., 22., 106., 38., 15., 15., 116.,
       64., 4., 19., 90., 14., 1., 12., 56., 41., 47., 116., 104., 2.,
       0., 2., 10., 110., 116., 34., 9., 1., 0., 0., 26., 10., 5., 29.,
       105., 38., 29., 14., 116., 14., 5., 31., 68., 23., 30., 37., 25.,
       15., 7., 55., 116., 64., 15., 3., 31., 30., 25., 17., 21., 36.,
       29., 11., 1., 0., 0., 0., 10., 63., 67., 5., 7., 1., 1., 2., 5.,
       63., 116., 19., 1., 0., 1., 3., 8., 80., 116., 7., 7., 1., 0., 0.,
       4., 106., 98., 6., 27., 15., 3., 8., 8., 21., 79., 14., 22., 6.,
