%YAML:1.0
---
mat: !!opencv-matrix
   rows: 17
   cols: 128
   dt: f
   data: [ 10., 46., 59., 5., 8., 4., 16., 28., 115., 89., 40., 8., 11.,
       2., 14., 29., 44., 45., 52., 38., 28., 0., 11., 34., 20., 59.,
       49., 7., 6., 4., 19., 9., 21., 5., 10., 40., 34., 29., 18., 20.,
       124., 27., 6., 19., 40., 11., 1., 19., 124., 21., 12., 33., 124.,
       4., 1., 16., 112., 40., 14., 7., 57., 46., 5., 18., 13., 10., 4.,
       9., 32., 33., 65., 33., 124., 32., 10., 14., 22., 19., 91., 78.,
       99., 34., 12., 53., 58., 16., 92., 33., 107., 38., 2., 1., 33.,
       47., 27., 49., 33., 0., 0., 0., 0., 3., 49., 63., 30., 0., 0., 0.,
       0., 3., 94., 87., 12., 1., 0., 0., 1., 8., 124., 55., 24., 2., 0.,
       0., 0., 7., 44., 74., 3., 60., 121., 15., 0., 0., 3., 8., 44.,
       78., 84., 1., 0., 0., 1., 12., 92., 31., 3., 0., 0., 0., 0., 31.,
       38., 0., 0., 0., 0., 0., 0., 34., 41., 105., 101., 26., 5., 1.,
       2., 6., 129., 105., 45., 0., 0., 0., 0., 33., 129., 23., 1., 0.,
       0., 0., 0., 35., 77., 1., 0., 0., 0., 0., 0., 3., 43., 6., 1., 1.,
       6., 12., 84., 72., 129., 63., 0., 0., 0., 0., 30., 100., 129.,
       93., 0., 0., 0., 0., 3., 23., 84., 5., 0., 0., 0., 0., 0., 1.,
       62., 26., 7., 16., 35., 18., 39., 39., 113., 14., 0., 0., 0., 0.,
       47., 126., 90., 7., 0., 0., 0., 0., 12., 72., 64., 3., 0., 0., 0.,
       0., 0., 2., 79., 18., 15., 30., 3., 0., 0., 12., 128., 77., 2.,
       1., 0., 0., 0., 52., 75., 20., 0., 0., 0., 0., 0., 33., 20., 6.,
       0., 0., 0., 0., 0., 0., 89., 13., 3., 18., 4., 0., 0., 26., 128.,
       61., 11., 2., 0., 0., 0., 34., 96., 55., 86., 14., 0., 0., 0., 7.,
       25., 52., 18., 0., 0., 0., 0., 0., 41., 6., 2., 3., 4., 21., 76.,
       54., 128., 61., 38., 15., 2., 12., 44., 62., 61., 70., 128., 57.,
       4., 21., 37., 23., 128., 76., 20., 0., 0., 0., 2., 27., 24., 55.,
       11., 0., 0., 15., 116., 37., 12., 5., 1., 1., 1., 17., 128., 91.,
       23., 1., 2., 3., 2., 43., 128., 54., 73., 2., 0., 0., 0., 0., 18.,
       63., 3., 35., 26., 8., 40., 20., 8., 1., 47., 111., 22., 8., 18.,
       2., 0., 2., 30., 95., 33., 13., 16., 1., 0., 2., 31., 45., 18.,
       4., 0., 0., 0., 9., 14., 9., 2., 37., 113., 18., 3., 5., 113.,
       55., 7., 20., 82., 9., 0., 22., 91., 91., 22., 29., 113., 26., 0.,
       1., 78., 94., 47., 60., 24., 1., 0., 7., 7., 4., 5., 60., 76.,
       13., 46., 52., 83., 6., 24., 58., 62., 24., 29., 113., 73., 15.,
       37., 72., 67., 19., 28., 86., 91., 18., 7., 35., 40., 14., 17.,
       60., 2., 9., 6., 1., 2., 7., 57., 40., 5., 1., 1., 6., 36., 84.,
       59., 37., 60., 6., 5., 21., 26., 52., 83., 73., 88., 1., 2., 27.,
       39., 19., 31., 63., 23., 112., 88., 49., 3., 0., 0., 0., 52.,
       131., 18., 0., 5., 6., 1., 1., 10., 13., 2., 2., 16., 24., 6., 2.,
       25., 7., 1., 0., 0., 4., 2., 7., 36., 61., 39., 11., 3., 4., 11.,
       18., 131., 131., 10., 0., 0., 1., 1., 25., 84., 27., 0., 0., 3.,
       45., 19., 12., 19., 0., 0., 0., 1., 24., 18., 34., 21., 0., 0.,
       0., 2., 12., 61., 95., 131., 66., 0., 0., 0., 0., 56., 104., 111.,
       107., 0., 0., 0., 9., 21., 35., 12., 2., 0., 0., 0., 14., 41.,
       26., 19., 0., 0., 0., 1., 12., 113., 131., 11., 3., 0., 0., 0.,
       2., 131., 116., 37., 6., 0., 0., 0., 1., 93., 109., 6., 0., 0.,
       0., 0., 20., 34., 22., 0., 0., 0., 52., 117., 38., 18., 0., 10.,
       5., 2., 9., 59., 38., 92., 34., 117., 34., 1., 0., 0., 0., 40.,
       102., 117., 78., 0., 0., 0., 0., 7., 31., 0., 0., 0., 14., 56.,
       82., 112., 1., 19., 18., 7., 23., 117., 86., 115., 20., 117., 47.,
       6., 8., 9., 5., 44., 117., 90., 8., 0., 0., 0., 0., 22., 97., 0.,
       0., 2., 7., 30., 35., 12., 0., 8., 3., 3., 5., 83., 117., 77.,
       29., 117., 17., 3., 1., 5., 21., 61., 117., 69., 36., 5., 0., 0.,
       0., 0., 14., 0., 1., 15., 24., 5., 2., 1., 0., 3., 11., 13., 6.,
       3., 13., 12., 3., 7., 18., 15., 2., 2., 3., 12., 15., 22., 42.,
       12., 0., 0., 0., 1., 9., 0., 0., 0., 3., 114., 14., 0., 0., 11.,
       13., 7., 13., 40., 4., 0., 0., 113., 37., 4., 1., 0., 0., 0., 1.,
       104., 16., 0., 0., 0., 0., 0., 6., 0., 0., 0., 2., 124., 48., 0.,
       0., 10., 27., 36., 66., 124., 23., 2., 3., 124., 110., 29., 12.,
       5., 3., 1., 15., 124., 7., 0., 0., 0., 0., 0., 24., 0., 0., 0.,
       2., 124., 27., 0., 0., 11., 3., 2., 11., 124., 112., 23., 22.,
       124., 18., 2., 2., 5., 21., 22., 97., 124., 17., 0., 0., 0., 0.,
       0., 6., 0., 0., 0., 4., 124., 16., 0., 0., 5., 0., 0., 4., 69.,
       30., 6., 6., 109., 7., 0., 0., 1., 5., 6., 30., 122., 13., 0., 0.,
       0., 0., 0., 10., 1., 22., 28., 35., 16., 1., 4., 1., 3., 45., 37.,
       4., 0., 1., 2., 2., 1., 8., 20., 1., 0., 0., 0., 1., 2., 2., 1.,
       1., 1., 0., 0., 0., 1., 42., 57., 145., 97., 1., 1., 1., 12.,
       145., 145., 25., 7., 0., 2., 3., 102., 130., 119., 1., 0., 0., 0.,
       1., 24., 14., 2., 0., 0., 0., 0., 0., 1., 3., 5., 126., 98., 67.,
       9., 5., 62., 38., 34., 9., 5., 4., 13., 27., 145., 38., 11., 0.,
       0., 0., 0., 27., 47., 3., 5., 3., 0., 0., 0., 2., 0., 0., 0., 1.,
       52., 145., 7., 1., 45., 6., 3., 9., 8., 54., 49., 40., 145., 8.,
       9., 24., 0., 0., 8., 69., 21., 8., 80., 77., 0., 0., 0., 2., 0.,
       10., 39., 137., 20., 1., 0., 0., 18., 129., 137., 32., 4., 4., 1.,
       3., 104., 80., 104., 2., 0., 0., 0., 34., 19., 10., 2., 0., 3.,
       7., 1., 11., 1., 6., 4., 94., 46., 15., 6., 4., 82., 16., 17., 5.,
       8., 22., 32., 31., 137., 41., 5., 0., 0., 1., 6., 66., 23., 6.,
       0., 0., 1., 2., 1., 9., 2., 9., 2., 2., 18., 65., 137., 52., 16.,
       1., 0., 0., 0., 3., 137., 125., 108., 12., 0., 0., 0., 0., 82.,
       137., 18., 4., 0., 0., 0., 0., 1., 9., 19., 135., 23., 0., 0., 7.,
       62., 21., 8., 21., 1., 0., 0., 0., 64., 25., 3., 1., 0., 0., 0.,
       0., 19., 17., 1., 0., 0., 0., 0., 0., 2., 4., 13., 52., 5., 0.,
       2., 23., 8., 8., 124., 17., 3., 12., 11., 5., 6., 73., 31., 6.,
       95., 108., 38., 7., 0., 18., 2., 18., 124., 39., 2., 1., 0., 0.,
       34., 61., 1., 0., 0., 62., 12., 9., 124., 76., 0., 3., 20., 32.,
       10., 36., 24., 2., 5., 24., 67., 124., 51., 7., 3., 4., 8., 7.,
       6., 79., 47., 24., 18., 6., 0., 1., 16., 77., 75., 30., 124., 18.,
       0., 0., 2., 17., 19., 104., 63., 1., 0., 0., 0., 124., 58., 24.,
       1., 0., 0., 0., 0., 124., 124., 40., 15., 7., 1., 24., 101., 46.,
       22., 5., 124., 43., 1., 3., 9., 4., 7., 43., 42., 6., 0., 0., 0.,
       4., 3., 13., 0., 0., 0., 0., 0., 11., 22., 4., 33., 134., 42., 8.,
       28., 10., 0., 0., 40., 134., 76., 30., 0., 0., 1., 3., 15., 44.,
       104., 33., 0., 0., 3., 14., 52., 71., 16., 0., 0., 0., 0., 12.,
       51., 50., 1., 1., 61., 33., 0., 0., 134., 84., 15., 4., 6., 4.,
       24., 56., 40., 5., 8., 3., 0., 0., 116., 112., 51., 5., 2., 5.,
       1., 0., 16., 79., 43., 17., 0., 0., 28., 43., 19., 22., 134., 15.,
       0., 0., 6., 16., 26., 73., 114., 1., 0., 6., 2., 0., 43., 40., 1.,
       3., 11., 30., 15., 3., 9., 12., 12., 0., 0., 0., 3., 19., 119.,
       118., 78., 0., 0., 1., 1., 3., 107., 134., 42., 1., 4., 33., 7.,
       0., 2., 26., 0., 3., 9., 21., 9., 7., 1., 0., 0., 1., 43., 64.,
       19., 1., 0., 0., 3., 20., 83., 47., 10., 1., 0., 0., 3., 33., 84.,
       31., 6., 0., 0., 0., 4., 35., 24., 14., 8., 3., 1., 1., 2., 5.,
       27., 45., 117., 36., 17., 3., 117., 44., 47., 38., 90., 24., 3.,
       14., 36., 79., 48., 35., 108., 85., 3., 5., 37., 117., 36., 14.,
       14., 6., 0., 5., 11., 53., 17., 12., 117., 21., 7., 3., 117., 17.,
       0., 3., 117., 21., 4., 20., 62., 15., 1., 0., 117., 117., 5., 7.,
       117., 45., 6., 0., 30., 59., 14., 45., 12., 18., 3., 4., 34., 60.,
       69., 18., 60., 2., 0., 2., 27., 45., 71., 66., 24., 1., 1., 1.,
       20., 67., 16., 22., 28., 1., 1., 0., 6., 44., 47., 62., 9., 13.,
