%YAML:1.0
---
mat: !!opencv-matrix
   rows: 36
   cols: 128
   dt: f
   data: [ 0., 0., 0., 0., 38., 114., 25., 2., 80., 15., 0., 1., 79.,
       123., 19., 13., 73., 11., 0., 0., 50., 86., 37., 36., 72., 1., 0.,
       0., 5., 13., 34., 123., 0., 0., 0., 0., 31., 54., 42., 5., 42.,
       17., 0., 9., 123., 123., 13., 11., 123., 42., 0., 5., 19., 26.,
       63., 98., 17., 0., 0., 0., 0., 3., 71., 123., 1., 0., 0., 0., 12.,
       28., 41., 10., 7., 2., 0., 3., 90., 123., 123., 30., 90., 6., 0.,
       1., 7., 22., 120., 123., 13., 0., 0., 0., 0., 0., 31., 36., 1.,
       0., 0., 0., 0., 2., 20., 7., 0., 0., 0., 0., 0., 14., 51., 5., 0.,
       0., 0., 0., 0., 3., 39., 19., 0., 0., 1., 1., 0., 0., 8., 4., 0.,
       2., 19., 1., 0., 0., 0., 0., 0., 3., 45., 14., 0., 0., 0., 0., 0.,
       20., 44., 2., 0., 0., 0., 0., 0., 5., 15., 0., 0., 0., 0., 0., 0.,
       2., 54., 32., 9., 0., 0., 0., 7., 22., 126., 126., 79., 2., 0.,
       3., 98., 126., 126., 27., 6., 1., 0., 9., 15., 36., 35., 2., 0.,
       0., 0., 0., 7., 17., 126., 125., 12., 0., 0., 0., 39., 38., 65.,
       101., 126., 13., 1., 12., 126., 98., 11., 13., 25., 6., 1., 38.,
       30., 32., 42., 1., 0., 0., 0., 1., 43., 33., 38., 90., 40., 0.,
       0., 0., 79., 54., 14., 39., 104., 3., 0., 2., 126., 126., 8., 13.,
       27., 2., 0., 5., 20., 36., 35., 1., 0., 0., 0., 0., 22., 13., 4.,
       9., 73., 69., 46., 15., 119., 44., 3., 2., 25., 13., 18., 38.,
       36., 4., 0., 1., 119., 67., 4., 12., 56., 7., 1., 3., 22., 29.,
       6., 21., 8., 4., 7., 98., 70., 71., 44., 7., 119., 38., 16., 39.,
       28., 11., 17., 35., 41., 8., 2., 22., 119., 44., 5., 16., 29.,
       17., 10., 6., 18., 12., 21., 52., 5., 0., 3., 50., 71., 119., 32.,
       4., 119., 35., 9., 21., 20., 40., 31., 31., 52., 12., 1., 10.,
       93., 80., 86., 34., 6., 1., 0., 1., 5., 8., 94., 119., 1., 1., 5.,
       62., 111., 22., 4., 1., 116., 43., 14., 26., 18., 7., 8., 23.,
       104., 19., 0., 0., 0., 9., 36., 19., 0., 0., 0., 0., 0., 2., 34.,
       12., 11., 3., 1., 12., 116., 66., 10., 10., 116., 16., 1., 2.,
       32., 19., 11., 66., 26., 6., 1., 2., 107., 36., 3., 13., 99., 7.,
       1., 2., 3., 2., 1., 14., 10., 6., 2., 14., 116., 72., 11., 8.,
       116., 27., 2., 6., 44., 24., 11., 57., 32., 4., 0., 2., 116., 74.,
       5., 21., 104., 14., 0., 1., 5., 5., 4., 35., 8., 1., 0., 6., 116.,
       116., 18., 4., 116., 16., 2., 7., 35., 40., 25., 35., 45., 3., 0.,
       1., 116., 77., 5., 16., 70., 6., 0., 0., 9., 13., 14., 34., 0.,
       0., 1., 21., 82., 66., 8., 1., 115., 16., 5., 23., 41., 33., 12.,
       19., 49., 3., 0., 5., 109., 37., 21., 18., 23., 3., 0., 1., 10.,
       5., 35., 88., 0., 3., 24., 87., 47., 1., 0., 0., 92., 18., 34.,
       26., 7., 2., 1., 30., 52., 16., 7., 62., 100., 4., 3., 23., 91.,
       45., 6., 15., 18., 3., 5., 53., 7., 9., 11., 65., 79., 2., 0., 0.,
       120., 16., 10., 30., 17., 0., 0., 12., 58., 24., 18., 94., 120.,
       3., 3., 12., 120., 94., 13., 10., 9., 2., 3., 43., 21., 3., 7.,
       64., 55., 3., 1., 5., 120., 11., 7., 44., 30., 1., 1., 25., 49.,
       14., 17., 96., 120., 10., 3., 20., 120., 31., 4., 4., 7., 2., 1.,
       56., 32., 2., 1., 16., 41., 5., 4., 10., 113., 7., 5., 58., 55.,
       1., 0., 19., 57., 32., 33., 92., 61., 3., 2., 14., 120., 44., 5.,
       0., 0., 0., 0., 21., 54., 21., 21., 30., 124., 31., 0., 3., 124.,
       55., 0., 1., 29., 12., 1., 4., 49., 68., 15., 12., 10., 5., 0.,
       1., 18., 12., 13., 58., 16., 0., 0., 15., 118., 48., 2., 1., 74.,
       99., 4., 13., 124., 14., 1., 3., 39., 50., 6., 34., 44., 38., 40.,
       31., 90., 15., 2., 6., 94., 30., 24., 11., 3., 1., 1., 31., 120.,
       124., 28., 12., 22., 54., 21., 5., 113., 74., 37., 23., 23., 23.,
       4., 32., 29., 15., 11., 22., 52., 16., 53., 62., 90., 7., 1., 1.,
       1., 3., 33., 52., 17., 27., 18., 6., 7., 111., 89., 15., 59., 25.,
       20., 6., 1., 12., 24., 124., 15., 5., 2., 0., 0., 0., 15., 88.,
       7., 6., 1., 0., 0., 0., 14., 12., 1., 5., 6., 48., 85., 2., 0.,
       0., 118., 19., 9., 23., 6., 0., 0., 3., 69., 9., 10., 58., 108.,
       2., 1., 3., 76., 76., 16., 17., 23., 2., 2., 24., 5., 2., 5., 73.,
       85., 3., 1., 1., 118., 16., 7., 29., 16., 2., 1., 17., 64., 10.,
       13., 91., 118., 8., 2., 7., 118., 28., 7., 11., 28., 5., 2., 49.,
       11., 2., 1., 27., 76., 6., 5., 5., 118., 12., 4., 33., 41., 2.,
       1., 21., 38., 20., 29., 118., 112., 4., 1., 6., 118., 70., 15.,
       10., 5., 2., 1., 23., 14., 7., 13., 23., 45., 4., 4., 2., 118.,
       5., 1., 12., 59., 5., 0., 7., 26., 9., 4., 24., 117., 28., 16.,
       35., 115., 11., 1., 1., 2., 1., 6., 84., 36., 67., 2., 3., 25.,
       59., 3., 2., 34., 60., 8., 4., 66., 39., 1., 1., 75., 113., 2.,
       3., 23., 24., 2., 1., 56., 58., 0., 0., 0., 0., 1., 4., 15., 22.,
       9., 7., 100., 113., 7., 5., 103., 87., 24., 8., 40., 46., 14.,
       26., 59., 60., 8., 5., 71., 79., 10., 9., 113., 113., 2., 1., 3.,
       2., 3., 5., 38., 18., 0., 1., 60., 113., 15., 8., 56., 52., 42.,
       22., 75., 106., 27., 23., 55., 78., 28., 4., 44., 66., 22., 9.,
       92., 78., 9., 3., 6., 22., 14., 14., 39., 29., 10., 1., 15., 39.,
       2., 15., 15., 12., 4., 5., 81., 113., 7., 1., 98., 65., 2., 1.,
       14., 56., 14., 4., 26., 34., 11., 9., 41., 42., 10., 3., 17., 13.,
       2., 7., 66., 65., 13., 12., 23., 32., 6., 10., 103., 15., 2., 7.,
       112., 102., 5., 9., 60., 12., 1., 4., 67., 47., 2., 10., 30., 12.,
       1., 1., 4., 9., 7., 32., 112., 34., 1., 2., 74., 55., 14., 21.,
       63., 48., 7., 11., 98., 57., 13., 28., 53., 76., 27., 30., 110.,
       80., 6., 15., 24., 4., 1., 6., 3., 2., 1., 6., 112., 45., 1., 2.,
       94., 45., 6., 15., 71., 27., 4., 14., 62., 41., 16., 58., 99.,
       58., 14., 14., 112., 77., 5., 5., 25., 9., 3., 11., 0., 0., 1.,
       3., 112., 36., 0., 0., 74., 15., 1., 1., 71., 33., 4., 12., 49.,
       12., 1., 5., 100., 50., 6., 9., 105., 69., 1., 3., 17., 7., 1.,
       4., 11., 11., 4., 2., 30., 18., 9., 8., 47., 2., 0., 2., 135.,
       104., 8., 15., 135., 4., 0., 0., 8., 13., 8., 48., 17., 0., 0.,
       0., 8., 16., 20., 13., 12., 34., 39., 12., 27., 9., 13., 11., 28.,
       32., 11., 33., 135., 71., 7., 12., 135., 68., 8., 8., 16., 12.,
       7., 47., 36., 2., 0., 0., 10., 13., 19., 18., 47., 37., 25., 12.,
       22., 64., 13., 6., 50., 25., 21., 55., 135., 80., 4., 16., 135.,
       16., 1., 7., 26., 22., 5., 80., 56., 0., 0., 0., 4., 12., 22.,
       26., 3., 3., 5., 3., 4., 130., 55., 2., 13., 4., 16., 40., 15.,
       91., 96., 32., 135., 1., 0., 4., 2., 6., 29., 120., 32., 0., 0.,
       0., 1., 6., 18., 28., 18., 19., 18., 13., 4., 0., 0., 0., 0., 2.,
       12., 128., 83., 0., 0., 1., 8., 80., 77., 90., 23., 1., 14., 20.,
       23., 128., 30., 0., 0., 2., 7., 5., 16., 16., 20., 27., 24., 0.,
       0., 0., 22., 11., 7., 128., 128., 7., 1., 4., 128., 34., 6., 45.,
       46., 13., 33., 67., 31., 91., 8., 13., 43., 19., 19., 12., 6., 9.,
       19., 40., 37., 0., 0., 0., 29., 15., 11., 109., 128., 30., 8.,
       18., 128., 23., 4., 9., 31., 26., 9., 68., 26., 11., 6., 8., 32.,
       49., 43., 16., 1., 7., 15., 45., 56., 0., 0., 0., 74., 24., 10.,
       106., 128., 0., 0., 7., 128., 34., 5., 9., 7., 2., 0., 18., 7.,
       8., 22., 9., 9., 8., 9., 4., 20., 14., 8., 32., 52., 15., 1., 9.,
       129., 30., 1., 18., 25., 12., 2., 20., 56., 10., 11., 72., 94.,
       32., 3., 1., 39., 20., 28., 27., 30., 34., 23., 31., 46., 9., 5.,
       32., 63., 15., 2., 15., 129., 42., 6., 32., 39., 10., 3., 27.,
       47., 9., 26., 129., 129., 21., 3., 2., 54., 64., 78., 50., 20.,
       21., 18., 17., 32., 2., 1., 5., 93., 15., 3., 27., 129., 17., 1.,
       4., 66., 8., 2., 12., 40., 5., 4., 32., 129., 56., 10., 2., 71.,
       13., 17., 26., 28., 24., 41., 67., 16., 35., 12., 25., 62., 4.,
