%YAML:1.0
---
mat: !!opencv-matrix
   rows: 63
   cols: 128
   dt: f
   data: [ 23., 8., 17., 0., 0., 0., 0., 3., 169., 5., 1., 0., 0., 0.,
       0., 116., 169., 16., 26., 15., 0., 0., 0., 74., 2., 1., 9., 7.,
       0., 0., 0., 0., 71., 14., 17., 0., 0., 5., 12., 11., 169., 40.,
       10., 2., 0., 0., 0., 70., 149., 42., 93., 62., 0., 0., 0., 12.,
       0., 0., 12., 6., 0., 0., 0., 0., 44., 8., 3., 5., 2., 26., 49.,
       22., 169., 159., 81., 4., 0., 0., 4., 21., 19., 56., 169., 38.,
       0., 0., 0., 0., 0., 0., 2., 1., 0., 0., 0., 0., 2., 6., 2., 4.,
       1., 1., 1., 1., 5., 42., 39., 0., 0., 0., 0., 0., 0., 10., 56.,
       1., 0., 0., 0., 0., 0., 0., 0., 0., 0., 0., 0., 0., 35., 0., 0.,
       0., 0., 0., 15., 20., 159., 0., 0., 0., 24., 20., 5., 78., 23.,
       0., 0., 0., 158., 108., 29., 23., 3., 0., 0., 0., 8., 18., 21.,
       8., 63., 1., 0., 0., 0., 0., 4., 10., 159., 3., 0., 1., 45., 9.,
       0., 31., 66., 3., 0., 3., 159., 26., 3., 13., 24., 2., 0., 0., 4.,
       1., 2., 6., 61., 14., 9., 0., 0., 0., 0., 0., 159., 35., 0., 10.,
       46., 1., 0., 2., 57., 16., 1., 36., 159., 2., 0., 1., 18., 9., 0.,
       2., 4., 0., 0., 0., 39., 23., 19., 0., 0., 0., 0., 0., 159., 52.,
       1., 12., 33., 0., 0., 0., 32., 21., 1., 53., 159., 0., 0., 0., 5.,
       13., 0., 4., 3., 0., 0., 0., 1., 1., 2., 2., 1., 0., 0., 0., 2.,
       0., 0., 2., 6., 3., 2., 4., 48., 3., 0., 0., 3., 4., 20., 63.,
       90., 21., 11., 23., 20., 9., 6., 51., 4., 0., 0., 0., 0., 5., 87.,
       33., 18., 1., 0., 0., 3., 43., 79., 16., 66., 25., 15., 2., 1.,
       10., 44., 110., 11., 10., 98., 46., 19., 46., 29., 37., 114., 9.,
       0., 13., 19., 24., 99., 76., 29., 7., 0., 52., 94., 100., 76.,
       16., 121., 23., 2., 9., 17., 27., 59., 98., 6., 2., 10., 15., 88.,
       121., 57., 8., 121., 19., 2., 21., 25., 28., 4., 8., 34., 5., 1.,
       51., 121., 72., 3., 3., 121., 25., 7., 9., 23., 14., 9., 12., 16.,
       6., 21., 19., 121., 52., 14., 4., 0., 0., 0., 0., 5., 8., 1., 0.,
       52., 31., 1., 0., 1., 5., 4., 32., 102., 40., 18., 51., 9., 12.,
       8., 33., 5., 4., 6., 114., 31., 43., 35., 3., 0., 0., 0., 1., 2.,
       2., 3., 4., 47., 33., 2., 0., 0., 2., 24., 28., 103., 57., 20.,
       23., 4., 5., 47., 97., 6., 7., 2., 21., 22., 112., 114., 37., 28.,
       3., 0., 0., 0., 0., 20., 101., 17., 4., 0., 1., 38., 48., 114.,
       114., 86., 114., 6., 1., 40., 53., 26., 25., 44., 114., 5., 13.,
       16., 38., 38., 23., 77., 98., 0., 0., 1., 0., 3., 39., 47., 105.,
       1., 3., 48., 62., 48., 34., 13., 43., 2., 3., 77., 114., 41., 1.,
       43., 114., 19., 16., 17., 22., 11., 2., 9., 9., 17., 6., 25., 78.,
       35., 48., 107., 18., 5., 2., 24., 62., 22., 107., 67., 18., 40.,
       34., 3., 7., 43., 79., 11., 3., 77., 89., 24., 39., 20., 14., 3.,
       79., 105., 38., 13., 11., 2., 3., 46., 97., 87., 42., 23., 15.,
       2., 6., 26., 52., 108., 108., 2., 4., 35., 29., 10., 2., 81., 82.,
       1., 5., 70., 82., 5., 21., 15., 4., 0., 0., 4., 7., 47., 26., 36.,
       14., 0., 0., 1., 6., 108., 55., 14., 6., 0., 10., 67., 73., 32.,
       8., 42., 37., 1., 16., 91., 102., 0., 0., 0., 0., 0., 1., 5., 2.,
       14., 11., 0., 0., 1., 1., 1., 1., 67., 108., 52., 12., 0., 0., 4.,
       2., 7., 21., 108., 108., 0., 0., 5., 4., 96., 47., 12., 2., 0.,
       0., 2., 47., 43., 27., 25., 18., 15., 23., 62., 100., 0., 0., 2.,
       10., 103., 117., 36., 8., 11., 1., 1., 0., 9., 32., 11., 24., 98.,
       42., 0., 0., 0., 0., 6., 29., 117., 89., 23., 10., 6., 5., 26.,
       75., 8., 4., 10., 21., 81., 117., 72., 29., 7., 1., 0., 1., 45.,
       117., 14., 8., 43., 9., 0., 0., 0., 1., 21., 15., 117., 117., 52.,
       4., 0., 1., 4., 30., 46., 37., 74., 34., 53., 56., 21., 55., 1.,
       0., 1., 4., 99., 117., 11., 6., 3., 1., 0., 0., 0., 3., 20., 8.,
       82., 47., 7., 0., 0., 1., 3., 19., 87., 63., 78., 20., 11., 9.,
       7., 51., 5., 4., 30., 24., 81., 61., 5., 6., 4., 0., 0., 0., 1.,
       13., 98., 72., 1., 0., 0., 0., 1., 19., 110., 50., 1., 0., 0., 0.,
       0., 36., 99., 27., 1., 0., 0., 0., 0., 20., 55., 6., 91., 15., 2.,
       22., 56., 27., 59., 62., 110., 5., 0., 17., 43., 27., 85., 86.,
       30., 2., 0., 10., 63., 88., 110., 49., 26., 0., 0., 2., 47., 68.,
       105., 41., 80., 55., 32., 61., 38., 3., 6., 20., 110., 60., 17.,
       47., 32., 2., 6., 32., 67., 38., 35., 91., 92., 7., 2., 10., 69.,
       25., 24., 49., 100., 6., 3., 13., 30., 6., 8., 8., 35., 16., 13.,
       55., 34., 13., 10., 63., 28., 3., 12., 63., 5., 30., 56., 101.,
       9., 0., 0., 0., 5., 31., 78., 48., 15., 0., 0., 0., 130., 66., 0.,
       0., 0., 0., 0., 18., 61., 18., 0., 0., 0., 8., 13., 23., 0., 0.,
       0., 0., 0., 14., 11., 1., 0., 0., 0., 0., 0., 0., 0., 0., 130.,
       130., 3., 0., 0., 0., 0., 12., 130., 99., 1., 1., 1., 9., 21.,
       53., 11., 2., 1., 3., 33., 84., 38., 22., 0., 0., 0., 0., 6., 11.,
       3., 0., 128., 62., 4., 1., 0., 1., 8., 12., 130., 130., 20., 3.,
       2., 2., 2., 21., 57., 48., 20., 13., 36., 39., 86., 91., 1., 0.,
       0., 0., 7., 41., 101., 16., 19., 37., 9., 7., 1., 7., 24., 5.,
       130., 130., 6., 0., 0., 1., 2., 13., 130., 39., 2., 0., 0., 8.,
       32., 104., 5., 0., 0., 0., 4., 33., 35., 16., 7., 11., 6., 1., 1.,
       3., 10., 9., 83., 50., 28., 8., 1., 4., 26., 67., 35., 35., 50.,
       29., 2., 1., 113., 113., 17., 20., 19., 29., 43., 12., 66., 65.,
       47., 36., 3., 0., 5., 12., 10., 9., 69., 87., 35., 5., 41., 33.,
       7., 8., 113., 79., 96., 71., 6., 0., 2., 59., 42., 15., 103.,
       113., 24., 6., 2., 18., 29., 66., 14., 2., 3., 1., 0., 0., 41.,
       67., 15., 23., 71., 16., 3., 2., 113., 91., 50., 95., 24., 5.,
       13., 25., 5., 2., 28., 113., 27., 3., 90., 70., 5., 19., 17., 8.,
       0., 0., 0., 0., 50., 46., 12., 7., 10., 13., 12., 16., 68., 48.,
       18., 6., 22., 28., 24., 40., 42., 41., 65., 26., 2., 1., 83., 85.,
       116., 84., 1., 1., 1., 1., 5., 24., 42., 71., 83., 67., 31., 47.,
       28., 33., 32., 28., 102., 80., 33., 55., 32., 29., 34., 37., 46.,
       17., 28., 44., 8., 23., 52., 69., 0., 0., 0., 0., 14., 24., 116.,
       116., 7., 9., 13., 76., 45., 32., 36., 14., 30., 31., 16., 116.,
       116., 82., 30., 13., 17., 5., 53., 116., 28., 66., 21., 3., 0.,
       0., 0., 0., 27., 28., 116., 107., 82., 19., 2., 2., 5., 22., 13.,
       50., 116., 107., 8., 10., 7., 5., 14., 91., 80., 25., 22., 15.,
       2., 3., 1., 0., 0., 0., 0., 0., 22., 12., 2., 8., 11., 1., 0., 0.,
       13., 13., 1., 4., 15., 5., 0., 0., 12., 7., 6., 16., 15., 3., 0.,
       0., 2., 3., 118., 20., 5., 8., 1., 1., 12., 60., 37., 11., 3.,
       54., 108., 18., 43., 31., 118., 11., 2., 26., 45., 11., 44., 52.,
       18., 1., 0., 8., 34., 36., 98., 24., 118., 94., 14., 5., 1., 2.,
       25., 37., 44., 46., 36., 118., 98., 3., 5., 9., 118., 42., 6.,
       24., 30., 1., 5., 59., 40., 17., 10., 76., 101., 6., 8., 13., 41.,
       16., 8., 24., 56., 32., 63., 64., 50., 19., 19., 34., 23., 13.,
       54., 47., 80., 56., 22., 30., 9., 8., 63., 39., 14., 34., 48.,
       95., 32., 1., 1., 4., 27., 21., 34., 32., 64., 16., 17., 24., 45.,
       27., 16., 18., 26., 9., 34., 107., 8., 1., 18., 105., 53., 6.,
       13., 16., 1., 8., 21., 47., 6., 0., 0., 0., 36., 1., 0., 0., 0.,
       4., 20., 47., 57., 0., 0., 0., 0., 0., 17., 70., 50., 0., 0., 0.,
       0., 3., 20., 42., 37., 0., 0., 0., 0., 0., 0., 17., 55., 5., 3.,
       14., 35., 23., 25., 36., 120., 11., 2., 3., 9., 12., 60., 120.,
       21., 2., 1., 10., 74., 54., 68., 39., 48., 2., 0., 0., 5., 2., 1.,
       5., 39., 10., 9., 23., 16., 2., 120., 78., 120., 54., 18., 19.,
       13., 33., 120., 82., 19., 15., 18., 69., 85., 39., 15., 8., 41.,
       2., 0., 2., 4., 0., 0., 12., 50., 44., 4., 4., 36., 40., 120.,
       100., 49., 53., 20., 120., 68., 84., 120., 71., 11., 1., 3., 87.,
