%YAML:1.0
---
mat: !!opencv-matrix
   rows: 97
   cols: 128
   dt: f
   data: [ 2., 5., 0., 0., 0., 0., 0., 0., 8., 16., 7., 21., 16., 5., 2.,
       3., 128., 10., 2., 8., 10., 6., 8., 154., 82., 6., 0., 0., 0., 0.,
       14., 154., 1., 6., 3., 2., 0., 0., 0., 0., 29., 27., 29., 99., 6.,
       0., 0., 1., 154., 61., 9., 25., 2., 0., 0., 16., 154., 61., 0.,
       0., 0., 0., 0., 6., 0., 0., 0., 2., 0., 0., 0., 0., 63., 8., 4.,
       50., 11., 0., 0., 9., 154., 58., 2., 6., 1., 0., 0., 27., 127.,
       88., 0., 0., 0., 0., 0., 0., 0., 0., 0., 0., 0., 0., 0., 0., 24.,
       14., 0., 1., 1., 0., 0., 1., 154., 145., 0., 0., 0., 0., 0., 1.,
       95., 97., 0., 0., 0., 0., 0., 0., 64., 2., 1., 9., 36., 23., 38.,
       49., 51., 6., 3., 79., 136., 2., 2., 18., 133., 30., 5., 34., 50.,
       10., 5., 26., 16., 15., 2., 34., 43., 22., 51., 16., 3., 2., 19.,
       33., 29., 10., 36., 19., 32., 20., 11., 136., 136., 2., 3., 10.,
       136., 65., 9., 24., 21., 8., 9., 27., 29., 18., 7., 0., 4., 16.,
       79., 22., 0., 2., 40., 72., 44., 0., 0., 0., 65., 8., 3., 136.,
       136., 4., 0., 18., 136., 40., 6., 6., 12., 2., 0., 41., 20., 43.,
       29., 0., 0., 0., 0., 1., 0., 0., 38., 53., 40., 5., 0., 0., 42.,
       5., 2., 55., 84., 30., 29., 39., 129., 42., 12., 1., 0., 1., 5.,
       38., 3., 32., 47., 0., 0., 0., 0., 0., 0., 0., 0., 1., 16., 24.,
       52., 5., 21., 13., 15., 47., 107., 52., 7., 4., 139., 32., 12.,
       9., 7., 4., 4., 43., 17., 0., 0., 0., 0., 0., 29., 44., 0., 0.,
       0., 0., 19., 38., 58., 2., 31., 8., 1., 4., 139., 125., 9., 5.,
       139., 30., 1., 2., 34., 13., 4., 41., 50., 1., 4., 3., 0., 0.,
       26., 36., 0., 1., 15., 16., 13., 26., 33., 0., 10., 4., 11., 8.,
       139., 139., 11., 10., 139., 25., 0., 4., 41., 48., 12., 57., 68.,
       12., 35., 53., 37., 4., 3., 10., 9., 11., 71., 78., 12., 12., 6.,
       2., 41., 28., 34., 15., 85., 51., 4., 8., 139., 24., 0., 4., 57.,
       41., 8., 19., 69., 8., 3., 10., 101., 40., 1., 6., 18., 0., 0.,
       0., 0., 0., 0., 0., 163., 3., 0., 0., 0., 0., 0., 3., 163., 22.,
       6., 0., 0., 0., 2., 9., 7., 13., 12., 5., 6., 36., 17., 5., 28.,
       0., 0., 0., 0., 0., 0., 0., 163., 13., 2., 1., 0., 0., 0., 2.,
       127., 67., 80., 26., 3., 1., 1., 3., 5., 54., 102., 26., 1., 1.,
       6., 7., 31., 0., 0., 0., 0., 0., 0., 0., 163., 13., 1., 1., 1.,
       0., 1., 12., 90., 17., 14., 20., 9., 6., 59., 100., 9., 14., 14.,
       4., 0., 3., 125., 85., 25., 2., 0., 0., 0., 0., 0., 0., 163., 42.,
       0., 0., 0., 0., 0., 12., 111., 109., 8., 0., 0., 0., 13., 57., 8.,
       37., 46., 1., 0., 2., 33., 24., 64., 5., 3., 64., 72., 1., 0.,
       19., 88., 26., 11., 63., 67., 5., 5., 36., 85., 14., 11., 98.,
       57., 1., 2., 23., 11., 29., 36., 44., 17., 1., 29., 17., 27., 3.,
       4., 98., 119., 8., 4., 18., 119., 34., 10., 44., 54., 13., 7.,
       79., 58., 20., 6., 69., 97., 47., 50., 25., 24., 59., 32., 11.,
       10., 12., 109., 29., 17., 13., 12., 119., 119., 2., 1., 6., 119.,
       54., 12., 28., 14., 5., 2., 41., 51., 18., 8., 0., 9., 34., 64.,
       18., 5., 12., 9., 1., 0., 14., 110., 20., 35., 5., 3., 76., 103.,
       5., 2., 24., 119., 14., 3., 3., 6., 2., 1., 72., 20., 23., 20.,
       0., 0., 0., 0., 2., 3., 25., 12., 0., 0., 0., 0., 0., 29., 4., 0.,
       2., 123., 76., 5., 11., 125., 9., 1., 2., 7., 10., 4., 44., 29.,
       5., 27., 26., 3., 0., 12., 16., 15., 25., 19., 3., 0., 0., 9.,
       14., 18., 12., 11., 8., 117., 70., 5., 8., 125., 31., 0., 7., 34.,
       18., 5., 30., 45., 18., 33., 55., 121., 18., 0., 4., 125., 65.,
       24., 8., 10., 2., 0., 8., 51., 8., 3., 2., 76., 63., 6., 19.,
       125., 11., 0., 1., 43., 33., 7., 31., 61., 2., 1., 1., 125., 90.,
       6., 15., 125., 7., 1., 0., 18., 18., 4., 41., 44., 4., 0., 0.,
       46., 58., 9., 31., 125., 4., 0., 0., 32., 47., 7., 42., 59., 2.,
       0., 0., 66., 90., 13., 15., 105., 1., 0., 0., 13., 27., 16., 41.,
       61., 11., 2., 68., 60., 0., 0., 5., 105., 31., 9., 72., 51., 1.,
       0., 6., 97., 14., 7., 59., 69., 8., 4., 7., 4., 11., 24., 36.,
       34., 14., 36., 31., 42., 6., 6., 93., 112., 2., 1., 10., 112.,
       33., 10., 49., 51., 5., 6., 54., 71., 12., 21., 112., 78., 1., 4.,
       16., 16., 44., 48., 35., 10., 1., 32., 20., 22., 7., 6., 94.,
       112., 9., 3., 15., 112., 35., 8., 33., 35., 10., 4., 65., 32.,
       27., 11., 80., 99., 35., 47., 16., 31., 59., 36., 4., 3., 5., 81.,
       31., 26., 18., 12., 103., 79., 4., 1., 6., 112., 36., 6., 7., 6.,
       9., 4., 32., 16., 10., 4., 1., 13., 35., 81., 17., 7., 8., 6., 1.,
       0., 10., 99., 22., 0., 1., 16., 22., 2., 7., 21., 2., 1., 11.,
       21., 11., 74., 87., 6., 0., 82., 29., 4., 13., 63., 62., 17., 26.,
       110., 29., 3., 12., 29., 13., 0., 8., 8., 10., 88., 115., 6., 17.,
       30., 6., 110., 58., 42., 26., 50., 41., 8., 10., 72., 20., 4.,
       14., 111., 105., 19., 20., 115., 33., 1., 1., 35., 20., 5., 16.,
       6., 2., 20., 59., 30., 40., 54., 14., 115., 16., 3., 18., 23.,
       27., 16., 48., 60., 10., 3., 9., 115., 115., 10., 18., 115., 24.,
       2., 2., 17., 25., 6., 21., 1., 0., 4., 19., 26., 49., 47., 14.,
       91., 28., 13., 20., 4., 8., 26., 56., 52., 13., 1., 1., 78., 105.,
       8., 11., 107., 25., 2., 2., 16., 26., 4., 13., 135., 10., 1., 6.,
       6., 5., 6., 48., 13., 8., 57., 42., 12., 2., 15., 10., 33., 40.,
       38., 4., 0., 0., 10., 15., 8., 1., 0., 0., 0., 0., 21., 16., 135.,
       35., 3., 11., 39., 16., 5., 32., 41., 19., 42., 50., 135., 40.,
       2., 6., 135., 66., 27., 6., 12., 2., 2., 19., 42., 2., 0., 0., 0.,
       0., 11., 28., 135., 20., 3., 5., 39., 21., 8., 37., 45., 6., 2.,
       11., 135., 98., 18., 20., 135., 21., 2., 5., 15., 13., 13., 80.,
       51., 0., 0., 0., 0., 0., 19., 39., 135., 5., 1., 1., 23., 28., 5.,
       38., 40., 4., 1., 4., 116., 99., 22., 13., 135., 10., 1., 3., 12.,
       21., 30., 60., 51., 0., 0., 0., 0., 0., 7., 16., 18., 9., 9., 75.,
       96., 2., 0., 1., 120., 38., 11., 30., 32., 3., 0., 3., 16., 5.,
       65., 57., 60., 15., 11., 2., 35., 18., 64., 20., 4., 2., 7., 17.,
       29., 5., 1., 42., 120., 14., 3., 9., 120., 13., 1., 12., 52., 7.,
       2., 26., 22., 2., 11., 99., 120., 20., 6., 6., 87., 41., 35., 48.,
       3., 1., 5., 42., 22., 14., 2., 29., 120., 21., 3., 7., 120., 46.,
       3., 20., 55., 6., 2., 17., 15., 5., 8., 89., 120., 40., 30., 34.,
       69., 22., 12., 16., 2., 2., 18., 81., 20., 18., 4., 58., 120., 3.,
       1., 3., 120., 68., 8., 30., 36., 2., 1., 7., 10., 10., 33., 90.,
       76., 10., 9., 8., 31., 47., 41., 9., 0., 0., 11., 16., 36., 5.,
       6., 31., 8., 15., 36., 39., 114., 15., 1., 1., 36., 62., 9., 36.,
       75., 10., 1., 1., 52., 114., 13., 18., 114., 26., 0., 0., 16.,
       29., 3., 6., 9., 7., 11., 55., 26., 26., 40., 24., 114., 80., 20.,
       28., 23., 23., 5., 29., 44., 17., 5., 9., 114., 102., 5., 5.,
       114., 80., 7., 6., 20., 12., 2., 4., 13., 1., 2., 37., 114., 55.,
       15., 34., 114., 51., 7., 14., 14., 6., 6., 76., 57., 35., 1., 3.,
       114., 89., 2., 4., 114., 28., 1., 2., 41., 27., 5., 22., 4., 1.,
       1., 6., 84., 61., 22., 20., 36., 20., 12., 12., 6., 3., 51., 73.,
       58., 26., 3., 1., 58., 66., 10., 34., 59., 20., 1., 0., 37., 45.,
       8., 30., 4., 4., 8., 43., 117., 21., 3., 4., 118., 39., 10., 10.,
       10., 4., 2., 10., 44., 9., 4., 47., 113., 10., 0., 0., 91., 16.,
       7., 20., 38., 10., 1., 3., 3., 2., 3., 42., 118., 36., 6., 4.,
       118., 33., 6., 24., 25., 10., 7., 25., 52., 11., 7., 109., 118.,
       1., 0., 3., 118., 24., 10., 35., 40., 1., 0., 9., 1., 3., 16.,
       51., 82., 21., 15., 4., 103., 22., 15., 10., 25., 10., 21., 35.,
       35., 7., 1., 38., 118., 24., 4., 10., 118., 10., 1., 12., 34., 8.,
       4., 36., 5., 13., 21., 64., 90., 3., 0., 2., 117., 65., 21., 15.,
