%YAML:1.0
---
mat: !!opencv-matrix
   rows: 67
   cols: 128
   dt: f
   data: [ 0., 0., 5., 13., 35., 2., 0., 0., 94., 11., 9., 10., 22., 1.,
       0., 5., 196., 11., 1., 0., 0., 0., 3., 76., 13., 0., 0., 0., 0.,
       0., 2., 16., 0., 0., 0., 1., 48., 12., 0., 0., 155., 4., 0., 1.,
       38., 9., 0., 8., 196., 20., 0., 0., 0., 0., 1., 64., 33., 3., 0.,
       0., 0., 0., 1., 12., 0., 0., 0., 6., 49., 7., 0., 0., 165., 2.,
       0., 7., 45., 3., 0., 5., 196., 13., 0., 0., 0., 0., 0., 19., 41.,
       3., 0., 0., 0., 0., 0., 3., 0., 0., 0., 2., 45., 5., 0., 0., 135.,
       0., 0., 2., 33., 5., 0., 7., 196., 3., 0., 0., 0., 0., 0., 21.,
       30., 1., 0., 0., 0., 0., 0., 3., 41., 9., 13., 0., 0., 0., 0., 4.,
       181., 11., 1., 0., 0., 0., 0., 84., 181., 51., 24., 1., 0., 0.,
       0., 33., 1., 3., 4., 0., 0., 0., 0., 0., 97., 18., 18., 0., 0.,
       1., 6., 7., 181., 48., 13., 5., 0., 0., 0., 37., 118., 50., 91.,
       62., 0., 0., 0., 3., 0., 1., 7., 2., 0., 0., 0., 0., 59., 5., 2.,
       0., 0., 30., 94., 30., 181., 134., 71., 10., 0., 1., 7., 24., 15.,
       41., 169., 74., 0., 0., 0., 0., 0., 0., 3., 1., 0., 0., 0., 0.,
       3., 0., 0., 0., 0., 11., 15., 3., 14., 12., 10., 2., 0., 0., 2.,
       3., 0., 3., 20., 7., 0., 0., 0., 0., 0., 0., 0., 0., 0., 0., 0.,
       0., 0., 0., 0., 0., 0., 0., 0., 0., 2., 0., 0., 1., 0., 0., 0.,
       1., 5., 0., 0., 0., 0., 1., 20., 11., 0., 0., 0., 0., 0., 0., 7.,
       1., 0., 0., 34., 28., 0., 0., 0., 0., 73., 14., 46., 32., 0., 0.,
       1., 15., 165., 9., 3., 1., 0., 12., 127., 153., 5., 0., 0., 0.,
       0., 19., 79., 17., 0., 0., 40., 29., 0., 0., 22., 27., 108., 10.,
       17., 10., 0., 0., 24., 62., 165., 107., 0., 0., 5., 28., 27., 67.,
       69., 18., 0., 0., 38., 87., 27., 16., 0., 0., 0., 0., 1., 8., 36.,
       31., 25., 8., 2., 0., 0., 0., 13., 30., 165., 165., 2., 0., 3.,
       3., 0., 5., 123., 101., 0., 4., 110., 36., 0., 1., 107., 2., 0.,
       0., 3., 3., 1., 7., 204., 4., 0., 0., 0., 0., 0., 15., 73., 0.,
       0., 0., 0., 0., 1., 19., 0., 0., 0., 0., 0., 0., 0., 0., 127., 2.,
       0., 1., 6., 2., 0., 4., 204., 9., 0., 0., 0., 1., 1., 32., 98.,
       4., 1., 0., 0., 7., 11., 25., 0., 0., 0., 0., 0., 0., 0., 0.,
       117., 6., 0., 1., 1., 0., 0., 2., 204., 64., 0., 0., 0., 0., 0.,
       5., 100., 53., 10., 0., 0., 1., 4., 4., 0., 0., 1., 0., 0., 0.,
       0., 0., 74., 9., 1., 1., 0., 0., 0., 0., 204., 44., 0., 0., 0.,
       0., 0., 2., 106., 23., 2., 0., 0., 0., 1., 9., 0., 0., 0., 0., 0.,
       0., 0., 0., 4., 0., 0., 0., 0., 11., 90., 61., 4., 0., 0., 0., 0.,
       13., 96., 58., 4., 0., 0., 0., 0., 32., 68., 24., 2., 0., 0., 0.,
       1., 11., 31., 5., 68., 9., 1., 14., 57., 29., 73., 63., 112., 9.,
       0., 11., 38., 27., 106., 87., 27., 1., 0., 8., 60., 94., 112.,
       42., 24., 0., 0., 2., 42., 72., 108., 37., 84., 49., 26., 55.,
       65., 4., 6., 18., 112., 54., 13., 42., 51., 3., 8., 32., 81., 32.,
       23., 84., 112., 11., 6., 15., 78., 18., 18., 47., 112., 13., 4.,
       19., 35., 11., 11., 16., 41., 13., 14., 49., 45., 17., 13., 69.,
       26., 2., 12., 54., 10., 33., 52., 102., 10., 0., 0., 1., 8., 30.,
       73., 49., 22., 0., 0., 0., 8., 7., 2., 1., 0., 1., 10., 10., 70.,
       48., 13., 3., 0., 2., 19., 62., 33., 30., 26., 13., 3., 3., 116.,
       110., 6., 10., 8., 12., 16., 5., 116., 77., 56., 29., 2., 0., 3.,
       4., 8., 12., 78., 81., 17., 4., 31., 12., 11., 20., 116., 116.,
       76., 19., 1., 0., 11., 43., 37., 28., 103., 116., 26., 2., 6.,
       10., 37., 74., 14., 1., 2., 0., 0., 0., 53., 64., 19., 27., 48.,
       3., 1., 2., 116., 89., 63., 106., 7., 2., 7., 21., 6., 3., 97.,
       116., 8., 4., 52., 22., 14., 33., 18., 2., 0., 0., 0., 0., 46.,
       36., 10., 9., 4., 13., 9., 13., 58., 47., 24., 15., 5., 13., 36.,
       62., 13., 22., 27., 13., 4., 4., 116., 86., 30., 0., 0., 0., 1.,
       7., 20., 38., 50., 0., 0., 0., 0., 0., 13., 64., 42., 0., 0., 0.,
       0., 2., 20., 39., 40., 0., 0., 0., 0., 0., 0., 14., 45., 5., 3.,
       15., 40., 26., 20., 30., 122., 8., 1., 2., 6., 9., 58., 122., 23.,
       2., 1., 9., 74., 59., 85., 45., 42., 0., 0., 0., 7., 3., 1., 8.,
       29., 9., 10., 22., 15., 4., 122., 67., 122., 54., 18., 15., 9.,
       28., 122., 66., 25., 21., 25., 77., 90., 38., 17., 8., 35., 0.,
       0., 2., 7., 0., 0., 12., 55., 57., 7., 5., 55., 54., 122., 84.,
       59., 61., 28., 122., 55., 84., 122., 57., 7., 2., 10., 89., 82.,
       80., 23., 8., 20., 0., 0., 0., 1., 1., 0., 19., 118., 22., 4., 7.,
       1., 2., 18., 48., 30., 12., 2., 45., 118., 18., 42., 35., 118.,
       22., 2., 22., 45., 13., 43., 41., 22., 2., 0., 10., 40., 36., 89.,
       26., 118., 93., 12., 4., 1., 2., 20., 34., 43., 42., 31., 99.,
       118., 4., 6., 8., 118., 47., 5., 16., 39., 2., 6., 53., 45., 24.,
       11., 64., 112., 4., 8., 10., 52., 20., 10., 23., 56., 28., 61.,
       68., 46., 33., 26., 36., 30., 14., 46., 35., 78., 55., 18., 27.,
       8., 7., 71., 39., 12., 33., 45., 100., 37., 1., 2., 3., 37., 20.,
       33., 35., 69., 17., 17., 23., 43., 36., 23., 14., 27., 11., 43.,
       102., 16., 4., 18., 84., 65., 7., 14., 22., 1., 4., 21., 48., 10.,
       0., 0., 1., 35., 2., 6., 4., 5., 23., 29., 70., 13., 4., 44., 50.,
       57., 59., 10., 10., 43., 11., 25., 16., 15., 31., 36., 39., 7.,
       8., 31., 61., 53., 64., 14., 2., 126., 7., 3., 4., 33., 36., 18.,
       35., 46., 5., 3., 12., 126., 94., 7., 5., 126., 12., 3., 7., 41.,
       43., 19., 39., 5., 1., 2., 11., 126., 110., 10., 4., 101., 48.,
       74., 39., 17., 7., 2., 6., 27., 7., 83., 60., 126., 63., 3., 6.,
       126., 49., 46., 63., 29., 23., 3., 13., 3., 6., 69., 78., 107.,
       41., 4., 2., 8., 37., 58., 21., 1., 2., 0., 0., 2., 7., 69., 55.,
       17., 7., 0., 0., 11., 33., 63., 38., 7., 7., 1., 1., 0., 2., 55.,
       49., 14., 19., 2., 0., 22., 16., 1., 1., 0., 8., 65., 42., 8.,
       10., 1., 2., 13., 38., 73., 37., 14., 3., 0., 1., 6., 18., 66.,
       43., 3., 3., 0., 0., 7., 26., 55., 14., 127., 31., 4., 4., 4., 7.,
       56., 64., 30., 16., 3., 39., 127., 37., 59., 52., 127., 33., 2.,
       13., 30., 17., 90., 58., 13., 3., 1., 10., 64., 56., 107., 34.,
       127., 98., 13., 8., 6., 0., 5., 23., 55., 33., 20., 81., 127., 3.,
       3., 10., 127., 57., 5., 10., 33., 2., 6., 39., 36., 21., 9., 53.,
       127., 6., 9., 8., 38., 38., 14., 10., 23., 17., 47., 49., 31.,
       26., 25., 37., 31., 10., 36., 22., 72., 62., 16., 17., 8., 4.,
       46., 33., 9., 26., 33., 79., 40., 1., 2., 2., 33., 13., 30., 132.,
       23., 9., 3., 6., 148., 44., 16., 11., 24., 18., 5., 17., 32., 2.,
       2., 35., 89., 53., 29., 36., 9., 2., 20., 93., 48., 0., 1., 10.,
       94., 5., 18., 64., 1., 0., 0., 14., 148., 52., 4., 4., 16., 12.,
       9., 56., 37., 14., 5., 82., 148., 51., 19., 19., 9., 0., 0., 41.,
       60., 7., 2., 10., 58., 11., 0., 0., 0., 0., 0., 23., 144., 148.,
       49., 6., 8., 0., 0., 8., 12., 107., 112., 66., 148., 32., 1., 1.,
       5., 0., 3., 15., 36., 18., 5., 10., 22., 0., 0., 0., 0., 0., 0.,
       25., 25., 28., 9., 0., 0., 0., 0., 21., 17., 32., 38., 12., 2.,
       0., 0., 14., 7., 1., 3., 6., 2., 0., 1., 15., 1., 0., 1., 14., 9.,
       1., 4., 6., 1., 0., 0., 13., 20., 30., 38., 10., 0., 0., 0., 18.,
       28., 26., 9., 0., 0., 0., 0., 23., 24., 0., 0., 0., 35., 20., 4.,
       9., 5., 1., 4., 17., 149., 38., 1., 1., 11., 104., 128., 62., 9.,
       1., 0., 5., 141., 149., 58., 5., 0., 0., 0., 17., 63., 13., 1.,
       1., 56., 10., 2., 9., 11., 0., 0., 26., 149., 56., 19., 14., 32.,
       14., 6., 62., 19., 14., 11., 30., 149., 61., 5., 3., 4., 0., 0.,
       6., 108., 8., 12., 80., 52., 0., 0., 7., 8., 1., 13., 75., 96.,
       50., 28., 35., 26., 2., 2., 40., 28., 27., 8., 9., 149., 54., 13.,
       8., 24., 10., 4., 6., 42., 22., 25., 116., 13., 0., 0., 0., 7.,
