%YAML:1.0
---
mat: !!opencv-matrix
   rows: 123
   cols: 128
   dt: f
   data: [ 35., 101., 13., 6., 36., 18., 9., 9., 11., 73., 85., 45., 87.,
       12., 1., 2., 135., 9., 17., 23., 74., 14., 0., 23., 80., 3., 1.,
       0., 0., 0., 0., 5., 25., 5., 4., 8., 25., 16., 25., 31., 31., 20.,
       72., 46., 135., 70., 15., 17., 135., 42., 34., 20., 24., 6., 1.,
       18., 79., 16., 17., 2., 0., 0., 1., 6., 44., 22., 7., 7., 21., 6.,
       13., 53., 28., 2., 5., 13., 135., 103., 30., 31., 135., 48., 12.,
       4., 20., 45., 32., 45., 70., 39., 34., 9., 0., 0., 0., 37., 14.,
       38., 17., 6., 8., 25., 54., 29., 2., 3., 10., 11., 15., 34., 78.,
       83., 21., 12., 1., 0., 1., 57., 132., 57., 24., 5., 1., 0., 0.,
       0., 17., 101., 0., 0., 10., 98., 18., 5., 3., 0., 0., 59., 97.,
       72., 34., 15., 2., 0., 7., 78., 101., 44., 2., 1., 4., 6., 3.,
       17., 86., 36., 7., 20., 12., 4., 0., 0., 0., 29., 59., 36., 34.,
       3., 20., 33., 15., 93., 128., 30., 15., 3., 128., 78., 30., 36.,
       22., 1., 5., 26., 21., 5., 19., 46., 37., 31., 14., 14., 0., 0.,
       1., 37., 91., 7., 6., 0., 32., 3., 1., 80., 128., 30., 48., 27.,
       128., 39., 17., 27., 24., 17., 56., 39., 18., 11., 23., 42., 21.,
       1., 1., 12., 1., 0., 0., 40., 123., 2., 0., 0., 122., 4., 0., 44.,
       99., 9., 38., 48., 36., 4., 5., 6., 38., 104., 72., 31., 63., 15.,
       14., 9., 25., 34., 3., 25., 47., 32., 23., 53., 34., 44., 46.,
       19., 15., 11., 38., 57., 24., 39., 82., 56., 84., 31., 14., 13.,
       4., 12., 36., 49., 72., 7., 0., 0., 0., 0., 4., 76., 111., 15.,
       22., 71., 43., 12., 14., 47., 57., 4., 15., 78., 51., 17., 74.,
       83., 111., 30., 11., 37., 42., 36., 85., 37., 111., 37., 2., 1.,
       1., 0., 1., 17., 28., 5., 13., 60., 21., 7., 27., 45., 108., 58.,
       49., 72., 29., 7., 13., 31., 96., 16., 20., 109., 58., 6., 6.,
       111., 94., 7., 3., 1., 0., 0., 0., 48., 11., 3., 2., 38., 43.,
       22., 32., 16., 42., 24., 30., 60., 48., 12., 12., 111., 40., 8.,
       8., 7., 2., 0., 2., 111., 9., 1., 1., 0., 0., 0., 1., 20., 0., 0.,
       1., 23., 70., 14., 1., 0., 48., 13., 4., 49., 109., 23., 28., 23.,
       79., 23., 17., 34., 10., 9., 14., 18., 42., 9., 8., 88., 58., 8.,
       5., 18., 3., 0., 0., 27., 109., 13., 1., 1., 109., 9., 2., 34.,
       109., 41., 41., 54., 74., 13., 9., 25., 73., 89., 27., 30., 75.,
       11., 3., 15., 106., 70., 13., 44., 1., 0., 0., 1., 72., 67., 5.,
       2., 78., 32., 35., 35., 74., 109., 4., 8., 55., 19., 48., 109.,
       54., 21., 3., 42., 72., 30., 77., 56., 36., 33., 7., 26., 1., 0.,
       0., 2., 8., 23., 6., 3., 0., 0., 3., 18., 103., 109., 5., 2., 11.,
       5., 35., 42., 50., 51., 16., 25., 70., 14., 28., 29., 18., 14.,
       23., 86., 1., 5., 7., 15., 1., 0., 0., 0., 1., 14., 72., 37., 0.,
       0., 0., 1., 1., 34., 85., 5., 0., 0., 0., 1., 0., 7., 69., 48.,
       8., 0., 0., 0., 2., 2., 8., 115., 58., 0., 0., 0., 98., 23., 67.,
       119., 20., 6., 11., 43., 26., 34., 72., 7., 9., 77., 33., 33.,
       21., 20., 38., 42., 118., 30., 11., 13., 15., 6., 2., 71., 136.,
       5., 0., 0., 136., 44., 5., 39., 72., 5., 3., 16., 67., 5., 2., 3.,
       2., 61., 37., 16., 6., 2., 3., 4., 136., 49., 27., 12., 9., 3.,
       8., 5., 136., 60., 1., 1., 136., 61., 1., 1., 65., 45., 3., 5.,
       65., 30., 17., 49., 9., 0., 1., 0., 4., 12., 28., 30., 115., 12.,
       1., 1., 3., 1., 3., 100., 117., 0., 0., 0., 139., 17., 21., 89.,
       49., 2., 4., 42., 55., 8., 10., 1., 7., 68., 40., 35., 12., 10.,
       17., 32., 135., 26., 16., 2., 9., 2., 17., 36., 139., 28., 1., 3.,
       139., 15., 3., 13., 92., 26., 4., 37., 96., 13., 41., 46., 21.,
       18., 10., 9., 14., 4., 12., 53., 139., 13., 4., 7., 3., 9., 23.,
       12., 61., 49., 9., 2., 127., 35., 10., 7., 27., 63., 56., 30.,
       33., 30., 60., 75., 12., 8., 17., 14., 23., 4., 16., 37., 139.,
       40., 25., 26., 9., 19., 7., 5., 4., 7., 16., 8., 7., 32., 14., 8.,
       8., 18., 43., 6., 20., 32., 15., 28., 21., 13., 20., 11., 32.,
       33., 1., 0., 10., 39., 68., 26., 6., 1., 2., 75., 135., 2., 0.,
       1., 135., 4., 4., 60., 81., 2., 1., 73., 81., 0., 1., 1., 11.,
       43., 16., 39., 5., 2., 1., 20., 104., 32., 29., 13., 11., 20.,
       15., 15., 135., 45., 3., 6., 135., 15., 3., 6., 85., 39., 7., 57.,
       77., 18., 44., 66., 1., 2., 2., 8., 5., 13., 32., 67., 135., 4.,
       3., 2., 13., 29., 5., 4., 39., 55., 10., 3., 101., 42., 12., 9.,
       17., 87., 64., 21., 32., 35., 40., 94., 11., 10., 37., 25., 27.,
       17., 14., 52., 134., 30., 19., 23., 10., 30., 6., 3., 6., 17.,
       26., 6., 7., 58., 18., 14., 15., 28., 36., 2., 27., 43., 23., 40.,
       28., 16., 29., 15., 33., 32., 2., 2., 20., 51., 58., 16., 27.,
       21., 30., 43., 7., 5., 4., 5., 48., 37., 14., 9., 10., 49., 6.,
       5., 44., 83., 48., 14., 1., 13., 24., 12., 2., 4., 44., 49., 33.,
       25., 20., 1., 25., 24., 17., 17., 34., 70., 52., 12., 95., 78.,
       24., 6., 11., 46., 36., 20., 13., 30., 44., 13., 2., 41., 112.,
       10., 7., 5., 33., 16., 4., 43., 47., 4., 3., 8., 37., 21., 32.,
       112., 57., 5., 86., 25., 34., 48., 19., 48., 64., 47., 18., 10.,
       112., 71., 13., 37., 42., 13., 3., 77., 112., 22., 20., 44., 13.,
       1., 45., 102., 112., 54., 22., 13., 3., 0., 55., 23., 19., 65.,
       46., 30., 21., 34., 65., 3., 10., 12., 27., 101., 44., 79., 6.,
       82., 35., 11., 112., 112., 6., 1., 18., 3., 5., 4., 30., 51., 33.,
       20., 57., 5., 6., 7., 32., 16., 4., 39., 15., 1., 1., 67., 118.,
       40., 28., 65., 18., 5., 4., 27., 20., 7., 87., 118., 28., 10.,
       22., 69., 68., 35., 3., 9., 118., 19., 11., 21., 47., 24., 2.,
       24., 42., 17., 23., 11., 101., 102., 12., 32., 43., 75., 109., 5.,
       7., 17., 11., 59., 11., 6., 45., 59., 14., 11., 5., 43., 46., 14.,
       78., 81., 30., 5., 6., 45., 74., 47., 93., 37., 28., 41., 20.,
       50., 24., 15., 39., 43., 28., 61., 58., 33., 3., 2., 21., 22.,
       37., 36., 9., 10., 41., 14., 36., 34., 24., 21., 23., 42., 91.,
       6., 3., 5., 17., 17., 23., 118., 8., 0., 14., 62., 118., 92., 19.,
       20., 0., 2., 92., 44., 17., 43., 14., 1., 7., 11., 40., 29., 45.,
       53., 5., 8., 14., 16., 21., 20., 5., 4., 4., 12., 25., 36., 17.,
       9., 3., 1., 6., 35., 26., 13., 112., 66., 62., 11., 2., 2., 112.,
       39., 59., 23., 22., 17., 15., 45., 68., 26., 16., 26., 112., 36.,
       13., 27., 100., 14., 3., 2., 2., 1., 5., 103., 30., 2., 2., 3.,
       64., 78., 112., 22., 112., 31., 7., 10., 20., 17., 109., 77., 61.,
       11., 5., 18., 112., 42., 75., 90., 93., 1., 0., 0., 2., 2., 10.,
       99., 48., 23., 2., 0., 0., 21., 112., 26., 5., 0., 0., 0., 1.,
       20., 112., 37., 1., 0., 0., 0., 4., 29., 105., 31., 3., 0., 0.,
       0., 1., 7., 13., 24., 1., 5., 12., 25., 3., 0., 0., 0., 4., 33.,
       101., 34., 1., 0., 0., 0., 2., 30., 112., 24., 2., 0., 0., 0., 0.,
       22., 107., 24., 50., 16., 1., 0., 2., 1., 9., 107., 88., 1., 0.,
       0., 112., 39., 71., 95., 60., 10., 5., 23., 21., 22., 112., 78.,
       112., 25., 6., 11., 55., 86., 112., 25., 26., 2., 1., 3., 2., 1.,
       10., 107., 85., 13., 4., 3., 112., 30., 13., 28., 60., 23., 17.,
       29., 21., 15., 15., 55., 112., 36., 63., 19., 75., 11., 2., 4.,
       29., 13., 112., 50., 2., 1., 6., 25., 17., 40., 19., 12., 6., 6.,
       4., 14., 14., 16., 20., 16., 53., 49., 5., 7., 6., 12., 53., 31.,
       14., 32., 11., 1., 0., 5., 112., 39., 8., 4., 18., 42., 50., 22.,
       24., 5., 43., 26., 31., 58., 8., 6., 28., 45., 53., 27., 10., 3.,
       40., 60., 5., 21., 61., 66., 6., 1., 14., 26., 3., 6., 0., 0., 0.,
       2., 62., 81., 85., 5., 15., 24., 31., 40., 95., 59., 66., 28.,
       113., 92., 42., 16., 21., 42., 13., 24., 21., 30., 8., 2., 11.,
       85., 77., 7., 0., 2., 46., 16., 11., 51., 35., 0., 6., 10., 26.,
