%YAML:1.0
---
mat: !!opencv-matrix
   rows: 35
   cols: 128
   dt: f
   data: [ 37., 49., 24., 0., 0., 3., 109., 76., 131., 38., 6., 2., 10.,
       0., 9., 70., 22., 3., 0., 37., 131., 1., 0., 4., 0., 0., 0., 4.,
       48., 1., 0., 0., 19., 109., 122., 0., 0., 19., 57., 18., 131.,
       131., 42., 8., 24., 1., 6., 23., 35., 9., 0., 49., 131., 0., 0.,
       1., 0., 0., 0., 1., 17., 0., 0., 0., 15., 7., 4., 0., 0., 69.,
       131., 51., 131., 12., 1., 8., 44., 6., 44., 131., 24., 1., 0.,
       25., 131., 2., 0., 7., 0., 0., 0., 0., 2., 0., 0., 0., 33., 0.,
       0., 0., 0., 3., 33., 58., 22., 0., 0., 3., 56., 3., 16., 73., 1.,
       0., 0., 4., 91., 6., 0., 2., 0., 0., 0., 0., 0., 0., 0., 0., 1.,
       1., 0., 0., 0., 0., 0., 0., 100., 27., 0., 6., 5., 0., 0., 0.,
       23., 5., 20., 98., 43., 0., 0., 0., 0., 7., 39., 54., 32., 0., 0.,
       0., 2., 1., 0., 0., 0., 0., 0., 0., 134., 21., 0., 8., 32., 4.,
       0., 1., 34., 7., 38., 133., 134., 40., 6., 1., 0., 44., 134., 40.,
       17., 17., 30., 0., 5., 1., 0., 0., 0., 0., 0., 0., 134., 15., 0.,
       0., 21., 12., 0., 4., 46., 1., 2., 13., 134., 134., 51., 3., 0.,
       3., 46., 44., 21., 77., 134., 0., 7., 2., 0., 0., 0., 0., 0., 0.,
       134., 25., 0., 0., 7., 2., 0., 1., 48., 3., 1., 26., 134., 39.,
       3., 1., 0., 0., 48., 89., 79., 65., 18., 0., 48., 56., 72., 26.,
       122., 28., 4., 11., 142., 143., 82., 8., 29., 2., 0., 8., 30.,
       90., 20., 1., 2., 1., 1., 6., 10., 30., 2., 0., 0., 0., 0., 0.,
       64., 5., 1., 15., 143., 75., 3., 20., 143., 31., 2., 5., 67., 48.,
       7., 36., 113., 43., 9., 27., 46., 3., 1., 7., 71., 39., 2., 1.,
       0., 0., 0., 1., 14., 0., 0., 4., 95., 60., 6., 14., 143., 7., 2.,
       8., 61., 47., 11., 72., 97., 11., 4., 40., 31., 7., 19., 57., 74.,
       10., 1., 1., 0., 0., 0., 29., 14., 4., 6., 6., 52., 10., 2., 11.,
       94., 1., 1., 1., 21., 11., 9., 92., 25., 8., 0., 0., 1., 4., 23.,
       45., 10., 14., 2., 0., 0., 0., 0., 11., 2., 1., 0., 0., 2., 109.,
       40., 4., 62., 38., 0., 0., 11., 88., 13., 4., 58., 16., 0., 0.,
       35., 109., 25., 13., 108., 12., 0., 0., 2., 14., 18., 71., 0., 0.,
       0., 0., 13., 60., 69., 18., 62., 9., 0., 0., 85., 118., 19., 11.,
       118., 16., 0., 0., 5., 57., 85., 93., 22., 0., 5., 7., 0., 14.,
       107., 118., 0., 0., 0., 0., 6., 44., 95., 31., 9., 1., 1., 6.,
       37., 118., 118., 46., 69., 4., 29., 35., 2., 9., 74., 118., 8.,
       2., 72., 114., 0., 0., 19., 48., 0., 0., 2., 22., 2., 4., 35.,
       17., 0., 0., 10., 71., 4., 18., 41., 5., 0., 0., 29., 60., 1., 1.,
       12., 10., 0., 0., 16., 30., 0., 0., 0., 0., 3., 37., 24., 0., 1.,
       39., 47., 3., 25., 63., 14., 0., 0., 26., 108., 39., 118., 39.,
       1., 1., 1., 0., 23., 106., 56., 0., 0., 53., 95., 0., 0., 22., 3.,
       42., 28., 0., 0., 11., 118., 18., 24., 118., 22., 0., 0., 32.,
       83., 29., 118., 118., 9., 10., 8., 2., 15., 75., 35., 7., 2., 72.,
       116., 0., 0., 8., 12., 0., 0., 0., 0., 14., 86., 64., 14., 11.,
       1., 0., 0., 84., 118., 67., 118., 22., 1., 15., 31., 8., 60.,
       118., 15., 2., 0., 33., 61., 0., 0., 5., 44., 0., 0., 0., 0., 0.,
       2., 60., 29., 0., 0., 0., 1., 3., 45., 98., 4., 0., 0., 7., 60.,
       4., 29., 50., 0., 0., 0., 3., 22., 1., 0., 0., 0., 0., 4., 1., 0.,
       1., 118., 23., 0., 0., 12., 10., 1., 3., 113., 13., 1., 10., 17.,
       2., 0., 1., 58., 22., 1., 4., 2., 0., 0., 0., 29., 22., 0., 15.,
       118., 49., 1., 1., 62., 7., 3., 20., 118., 118., 30., 4., 43., 3.,
       51., 118., 118., 33., 4., 0., 20., 11., 14., 80., 52., 0., 0., 0.,
       13., 9., 30., 74., 111., 98., 26., 0., 0., 0., 51., 68., 44.,
       107., 99., 0., 0., 2., 118., 80., 15., 18., 17., 0., 0., 16., 23.,
       60., 77., 0., 0., 0., 0., 1., 68., 13., 4., 20., 65., 1., 0., 2.,
       69., 27., 5., 27., 77., 5., 0., 1., 89., 108., 9., 5., 13., 2.,
       0., 0., 4., 30., 55., 1., 0., 0., 0., 0., 14., 15., 1., 1., 27.,
       71., 6., 4., 79., 35., 1., 0., 48., 25., 2., 6., 65., 14., 0., 1.,
       99., 32., 1., 2., 82., 10., 0., 0., 0., 2., 2., 13., 12., 2., 0.,
       2., 86., 83., 10., 2., 110., 9., 0., 0., 60., 50., 5., 17., 67.,
       3., 0., 0., 97., 110., 23., 36., 86., 2., 0., 0., 1., 5., 16.,
       94., 4., 0., 0., 13., 108., 58., 16., 3., 110., 14., 0., 3., 42.,
       25., 34., 65., 49., 4., 0., 0., 9., 88., 110., 77., 6., 0., 2.,
       1., 0., 4., 93., 110., 0., 0., 10., 6., 13., 75., 73., 8., 14.,
       1., 36., 13., 2., 11., 108., 103., 9., 1., 80., 31., 0., 1., 35.,
       56., 0., 0., 104., 51., 0., 0., 21., 9., 13., 2., 1., 12., 145.,
       29., 1., 4., 145., 15., 2., 6., 27., 8., 2., 35., 41., 6., 2.,
       10., 20., 18., 4., 14., 31., 6., 1., 1., 2., 3., 2., 14., 12., 9.,
       4., 32., 145., 29., 3., 5., 145., 58., 6., 14., 38., 9., 3., 28.,
       80., 13., 2., 18., 72., 5., 0., 6., 81., 9., 1., 2., 4., 4., 2.,
       14., 10., 6., 1., 13., 145., 40., 2., 4., 145., 41., 2., 10., 50.,
       11., 3., 25., 93., 2., 0., 1., 62., 35., 3., 21., 84., 0., 0., 0.,
       3., 6., 4., 34., 6., 2., 0., 7., 145., 87., 5., 4., 145., 16., 1.,
       5., 42., 34., 9., 61., 83., 1., 0., 2., 57., 23., 2., 22., 67.,
       0., 0., 0., 4., 4., 3., 30., 2., 7., 7., 29., 144., 10., 0., 1.,
       98., 88., 14., 15., 34., 2., 1., 5., 56., 15., 1., 2., 14., 8.,
       5., 9., 51., 1., 0., 2., 2., 1., 1., 9., 5., 1., 1., 3., 144.,
       35., 1., 2., 144., 22., 2., 3., 86., 8., 2., 33., 94., 8., 2., 6.,
       6., 12., 13., 29., 41., 3., 1., 1., 8., 7., 2., 23., 4., 3., 0.,
       11., 144., 27., 2., 3., 144., 43., 1., 12., 102., 7., 0., 14.,
       122., 16., 4., 13., 27., 6., 2., 11., 74., 6., 1., 1., 7., 12.,
       2., 23., 3., 2., 0., 3., 144., 47., 2., 3., 144., 23., 0., 6.,
       97., 15., 1., 20., 112., 2., 0., 0., 13., 24., 5., 29., 59., 0.,
       0., 0., 4., 11., 3., 39., 3., 2., 6., 22., 126., 75., 18., 6.,
       126., 61., 15., 15., 19., 23., 29., 79., 126., 30., 4., 2., 0.,
       0., 0., 12., 0., 1., 11., 5., 8., 1., 0., 0., 2., 2., 2., 36.,
       126., 52., 6., 3., 126., 68., 16., 40., 60., 18., 12., 60., 126.,
       50., 3., 2., 0., 0., 0., 12., 0., 1., 9., 5., 1., 0., 0., 0., 3.,
       4., 3., 55., 126., 37., 11., 1., 101., 101., 29., 30., 50., 26.,
       49., 48., 126., 107., 2., 0., 0., 0., 2., 17., 6., 4., 2., 5., 3.,
       0., 0., 0., 8., 3., 1., 13., 88., 67., 15., 0., 36., 26., 26.,
       41., 29., 40., 77., 28., 126., 61., 7., 2., 0., 0., 8., 30., 12.,
       3., 0., 2., 4., 0., 0., 0., 0., 0., 7., 34., 18., 4., 0., 0., 4.,
       11., 35., 72., 53., 3., 1., 0., 9., 12., 8., 25., 41., 10., 6.,
       2., 3., 4., 6., 38., 130., 35., 11., 4., 2., 2., 6., 48., 130.,
       4., 0., 0., 130., 38., 32., 56., 96., 9., 9., 15., 32., 6., 14.,
       20., 20., 50., 71., 13., 1., 3., 8., 7., 74., 86., 55., 36., 4.,
       2., 1., 80., 130., 5., 0., 0., 130., 44., 1., 41., 123., 4., 1.,
       6., 73., 15., 18., 31., 45., 49., 51., 21., 6., 7., 10., 5., 12.,
       13., 58., 86., 3., 2., 33., 130., 64., 1., 6., 23., 130., 32., 1.,
       37., 29., 2., 16., 115., 73., 6., 0., 0., 1., 16., 37., 38., 0.,
       0., 0., 0., 0., 4., 29., 16., 0., 0., 20., 10., 0., 2., 4., 0.,
       0., 9., 30., 11., 1., 0., 3., 1., 0., 7., 58., 42., 3., 1., 1.,
       0., 0., 6., 86., 53., 0., 0., 0., 0., 12., 27., 114., 96., 13.,
       7., 1., 1., 97., 105., 105., 47., 28., 12., 1., 6., 19., 37., 91.,
       95., 114., 81., 6., 3., 1., 35., 114., 109., 22., 22., 53., 20.,
       87., 27., 24., 26., 19., 41., 61., 56., 114., 15., 5., 5., 14.,
       38., 56., 111., 35., 2., 5., 3., 56., 114., 64., 25., 0., 3., 13.,
       6., 6., 38., 114., 85., 8., 0., 12., 11., 1., 12., 94., 53., 5.,
       2., 47., 18., 0., 1., 37., 49., 2., 2., 50., 33., 2., 10., 13.,
       8., 2., 6., 50., 19., 2., 3., 21., 9., 0., 53., 113., 0., 0., 10.,
