%YAML:1.0
---
mat: !!opencv-matrix
   rows: 38
   cols: 128
   dt: f
   data: [ 0., 0., 22., 43., 3., 0., 0., 0., 3., 1., 14., 31., 2., 0.,
       2., 14., 0., 0., 0., 1., 0., 0., 12., 39., 0., 0., 0., 0., 0., 0.,
       6., 7., 2., 2., 28., 53., 76., 28., 37., 20., 125., 27., 28., 45.,
       48., 5., 7., 76., 35., 5., 47., 24., 0., 0., 48., 125., 0., 19.,
       67., 5., 0., 1., 28., 17., 7., 1., 1., 94., 125., 27., 35., 22.,
       125., 23., 9., 35., 112., 12., 3., 87., 46., 9., 85., 91., 25.,
       23., 6., 22., 15., 76., 102., 33., 12., 4., 3., 2., 9., 0., 0.,
       125., 66., 2., 8., 93., 60., 1., 4., 17., 30., 24., 11., 125., 6.,
       1., 16., 66., 125., 63., 8., 20., 62., 28., 24., 78., 25., 3., 2.,
       31., 12., 10., 2., 94., 128., 2., 2., 4., 128., 118., 14., 31.,
       38., 0., 0., 5., 33., 33., 53., 64., 0., 0., 6., 15., 0., 0., 16.,
       49., 4., 7., 29., 26., 20., 6., 31., 128., 128., 5., 1., 9., 128.,
       68., 6., 14., 35., 1., 7., 112., 38., 25., 36., 12., 0., 0., 53.,
       100., 1., 0., 29., 30., 2., 4., 30., 43., 15., 2., 9., 30., 45.,
       128., 20., 5., 128., 128., 27., 1., 5., 29., 29., 25., 21., 122.,
       128., 10., 0., 0., 5., 9., 4., 23., 64., 27., 0., 0., 0., 1., 0.,
       0., 0., 0., 2., 60., 13., 0., 4., 10., 5., 0., 0., 26., 26., 4.,
       2., 36., 21., 0., 0., 1., 1., 0., 2., 12., 3., 0., 0., 0., 0., 0.,
       0., 1., 3., 1., 5., 51., 67., 2., 12., 56., 54., 9., 32., 53.,
       11., 2., 43., 119., 33., 0., 1., 1., 14., 35., 12., 76., 26., 0.,
       0., 6., 24., 12., 0., 0., 0., 36., 49., 55., 82., 19., 71., 8.,
       2., 12., 141., 131., 13., 7., 141., 19., 2., 2., 13., 12., 37.,
       97., 19., 12., 5., 20., 33., 49., 66., 23., 3., 1., 5., 52., 15.,
       16., 19., 51., 36., 0., 0., 6., 116., 141., 33., 28., 141., 18.,
       2., 9., 26., 51., 10., 36., 30., 7., 3., 75., 77., 6., 3., 6.,
       27., 20., 5., 1., 1., 2., 3., 57., 4., 5., 1., 3., 100., 88., 9.,
       18., 92., 2., 0., 7., 40., 40., 11., 56., 17., 1., 0., 17., 52.,
       8., 4., 17., 0., 25., 17., 1., 2., 5., 2., 0., 14., 126., 27., 0.,
       0., 0., 0., 2., 28., 105., 14., 0., 0., 0., 3., 11., 10., 35., 5.,
       7., 18., 6., 15., 20., 15., 22., 20., 4., 71., 126., 50., 2.,
       126., 90., 23., 2., 21., 23., 18., 78., 41., 89., 15., 9., 27.,
       33., 54., 45., 17., 114., 34., 23., 12., 3., 1., 3., 10., 0., 1.,
       9., 93., 126., 37., 15., 126., 29., 1., 4., 26., 121., 29., 49.,
       77., 22., 5., 53., 109., 19., 12., 24., 24., 28., 13., 12., 18.,
       3., 8., 117., 23., 18., 5., 3., 20., 66., 17., 29., 52., 3., 1.,
       2., 37., 108., 27., 40., 40., 3., 0., 5., 47., 16., 9., 40., 57.,
       1., 0., 0., 3., 2., 5., 94., 49., 46., 6., 12., 25., 9., 1., 5.,
       48., 47., 17., 75., 24., 5., 1., 10., 4., 32., 78., 75., 48., 7.,
       1., 0., 27., 93., 47., 5., 3., 0., 0., 0., 19., 51., 5., 6., 57.,
       123., 25., 23., 123., 92., 8., 12., 32., 58., 23., 18., 23., 15.,
       4., 16., 111., 123., 31., 9., 90., 88., 3., 4., 12., 38., 20.,
       21., 15., 1., 0., 0., 123., 79., 11., 39., 123., 6., 0., 1., 81.,
       39., 4., 32., 43., 1., 0., 3., 47., 123., 19., 6., 14., 4., 0.,
       0., 5., 69., 79., 56., 3., 0., 0., 1., 120., 35., 8., 10., 86.,
       1., 0., 1., 39., 26., 22., 80., 22., 1., 0., 5., 13., 23., 7.,
       15., 6., 0., 0., 0., 1., 10., 56., 31., 0., 0., 2., 29., 38., 25.,
       3., 0., 3., 37., 58., 58., 45., 3., 0., 0., 73., 68., 53., 9., 1.,
       0., 0., 11., 52., 19., 4., 0., 0., 0., 4., 17., 0., 0., 2., 62.,
       74., 2., 0., 0., 30., 21., 18., 126., 126., 1., 3., 10., 126.,
       58., 15., 15., 7., 1., 9., 40., 69., 8., 1., 14., 2., 3., 28.,
       32., 0., 0., 0., 37., 111., 63., 1., 0., 24., 2., 1., 67., 101.,
       37., 46., 124., 126., 50., 5., 10., 3., 2., 34., 121., 53., 37.,
       12., 126., 21., 2., 9., 7., 0., 0., 0., 2., 45., 80., 21., 0.,
       17., 6., 4., 2., 19., 78., 73., 42., 31., 26., 8., 15., 9., 3.,
       53., 60., 28., 17., 4., 96., 115., 4., 6., 15., 98., 10., 1., 3.,
       34., 48., 22., 69., 68., 13., 3., 9., 80., 115., 53., 45., 121.,
       18., 1., 2., 2., 4., 13., 64., 6., 0., 0., 0., 0., 0., 32., 18.,
       39., 40., 15., 15., 35., 40., 40., 68., 41., 38., 16., 57., 112.,
       91., 26., 34., 121., 79., 12., 12., 8., 8., 12., 52., 29., 2., 0.,
       0., 0., 0., 27., 20., 7., 3., 2., 3., 18., 50., 121., 69., 13.,
       5., 4., 13., 103., 121., 73., 42., 121., 26., 6., 6., 10., 23.,
       43., 103., 46., 2., 0., 0., 0., 0., 18., 22., 0., 0., 0., 0., 3.,
       11., 34., 6., 1., 1., 2., 5., 54., 106., 54., 6., 49., 12., 4.,
       4., 9., 24., 83., 94., 18., 1., 0., 0., 0., 0., 25., 31., 69.,
       36., 38., 53., 7., 0., 1., 27., 61., 100., 55., 23., 2., 0., 0.,
       4., 26., 26., 28., 12., 1., 2., 10., 10., 6., 31., 16., 1., 0.,
       7., 27., 10., 24., 8., 23., 100., 77., 26., 9., 19., 124., 74.,
       20., 32., 43., 14., 2., 7., 60., 45., 54., 84., 88., 0., 0., 5.,
       34., 124., 52., 7., 3., 0., 2., 21., 6., 0., 2., 6., 29., 109.,
       114., 13., 124., 5., 1., 8., 39., 62., 80., 109., 54., 5., 1.,
       38., 115., 37., 17., 66., 57., 13., 1., 1., 3., 1., 19., 124., 6.,
       0., 0., 0., 0., 16., 43., 21., 7., 0., 0., 0., 4., 29., 71., 54.,
       11., 0., 0., 0., 12., 65., 88., 50., 25., 0., 0., 0., 0., 0., 20.,
       88., 65., 44., 1., 2., 20., 32., 10., 10., 34., 17., 6., 12., 56.,
       89., 43., 13., 111., 111., 21., 14., 21., 12., 14., 22., 77., 36.,
       0., 0., 0., 0., 1., 15., 64., 24., 1., 1., 33., 111., 17., 8.,
       111., 34., 1., 5., 48., 91., 49., 12., 88., 40., 6., 8., 45., 91.,
       101., 53., 111., 58., 1., 1., 2., 1., 3., 19., 14., 7., 0., 2.,
       79., 111., 24., 14., 111., 32., 4., 2., 16., 37., 30., 68., 31.,
       15., 5., 9., 58., 111., 45., 20., 111., 71., 12., 10., 12., 12.,
       16., 23., 7., 3., 0., 0., 22., 97., 25., 6., 24., 22., 15., 14.,
       31., 43., 33., 42., 23., 26., 9., 12., 48., 57., 19., 36., 47.,
       37., 10., 12., 31., 44., 26., 24., 0., 13., 29., 52., 2., 0., 0.,
       0., 11., 12., 63., 111., 23., 4., 3., 5., 42., 15., 16., 36., 26.,
       15., 48., 62., 65., 43., 32., 7., 3., 0., 7., 49., 3., 12., 62.,
       111., 29., 2., 1., 1., 96., 56., 57., 82., 13., 4., 13., 67., 75.,
       16., 47., 37., 19., 2., 13., 74., 19., 40., 49., 27., 31., 13.,
       15., 25., 30., 24., 41., 102., 50., 17., 28., 30., 111., 39., 29.,
       55., 6., 6., 29., 106., 36., 25., 98., 111., 11., 1., 6., 39.,
       100., 36., 32., 8., 2., 3., 8., 87., 69., 16., 15., 26., 5., 0.,
       5., 75., 29., 6., 27., 111., 13., 0., 6., 32., 97., 8., 16., 35.,
       4., 0., 6., 109., 57., 5., 6., 3., 0., 0., 2., 88., 74., 23., 5.,
       11., 29., 19., 14., 41., 27., 8., 2., 16., 112., 68., 31., 14.,
       112., 34., 2., 2., 6., 7., 23., 67., 32., 2., 0., 0., 0., 0., 9.,
       25., 112., 17., 3., 8., 28., 23., 10., 49., 35., 16., 38., 95.,
       107., 80., 39., 21., 112., 85., 42., 20., 6., 9., 30., 71., 48.,
       4., 0., 0., 0., 0., 11., 25., 103., 27., 7., 20., 30., 24., 15.,
       75., 34., 7., 9., 45., 95., 112., 86., 30., 112., 36., 16., 20.,
       10., 22., 70., 111., 51., 2., 0., 0., 0., 0., 17., 28., 33., 15.,
       12., 7., 11., 13., 27., 79., 16., 9., 9., 46., 69., 77., 26., 19.,
       96., 26., 17., 21., 12., 23., 36., 83., 35., 2., 0., 0., 0., 1.,
       13., 23., 5., 22., 7., 1., 0., 0., 0., 0., 7., 19., 42., 11., 0.,
       0., 0., 0., 7., 21., 92., 26., 1., 0., 0., 0., 5., 24., 87., 35.,
       6., 2., 0., 0., 4., 36., 111., 55., 2., 0., 0., 0., 14., 46.,
       111., 111., 38., 18., 5., 4., 80., 85., 111., 59., 21., 32., 27.,
       25., 65., 44., 47., 21., 17., 38., 47., 54., 41., 33., 58., 56.,
       3., 3., 53., 51., 67., 31., 29., 24., 37., 74., 101., 74., 108.,
       25., 54., 19., 4., 23., 89., 111., 20., 33., 68., 17., 5., 10.,
