%YAML:1.0
---
mat: !!opencv-matrix
   rows: 121
   cols: 128
   dt: f
   data: [ 31., 13., 0., 0., 0., 0., 0., 1., 141., 41., 0., 0., 51., 12.,
       0., 1., 7., 1., 0., 0., 114., 73., 1., 0., 0., 0., 3., 27., 49.,
       21., 3., 2., 36., 7., 0., 0., 0., 0., 0., 3., 141., 34., 0., 4.,
       18., 24., 4., 18., 26., 1., 17., 49., 75., 138., 6., 4., 0., 0.,
       15., 41., 130., 67., 1., 0., 13., 4., 0., 0., 0., 0., 0., 10.,
       141., 40., 0., 20., 45., 1., 0., 39., 28., 10., 58., 141., 141.,
       6., 0., 1., 1., 8., 76., 86., 75., 8., 1., 0., 7., 6., 0., 0., 0.,
       0., 0., 1., 141., 63., 2., 10., 47., 0., 0., 2., 20., 13., 5.,
       47., 141., 0., 0., 0., 5., 10., 22., 15., 27., 3., 2., 0., 8., 1.,
       0., 0., 0., 0., 0., 0., 150., 9., 1., 0., 0., 0., 0., 5., 113.,
       9., 36., 15., 1., 0., 0., 3., 0., 8., 51., 6., 2., 0., 0., 0.,
       12., 0., 0., 0., 0., 0., 0., 2., 150., 18., 4., 13., 4., 0., 0.,
       20., 80., 18., 108., 150., 49., 0., 0., 1., 0., 64., 150., 42.,
       5., 0., 0., 0., 13., 0., 0., 0., 0., 0., 0., 2., 150., 20., 4.,
       28., 23., 0., 0., 14., 30., 9., 11., 150., 150., 3., 1., 0., 0.,
       12., 60., 40., 23., 5., 8., 1., 10., 3., 0., 0., 0., 0., 0., 1.,
       150., 21., 0., 6., 36., 4., 0., 5., 13., 2., 0., 18., 150., 38.,
       1., 0., 0., 0., 13., 30., 29., 12., 7., 1., 12., 0., 1., 1., 2.,
       2., 29., 37., 128., 21., 0., 0., 1., 2., 8., 16., 128., 19., 0.,
       0., 62., 49., 3., 8., 0., 0., 0., 0., 55., 41., 1., 0., 12., 15.,
       18., 3., 1., 5., 26., 15., 128., 16., 0., 0., 4., 12., 40., 32.,
       128., 33., 0., 0., 49., 49., 6., 28., 6., 0., 0., 9., 97., 74.,
       3., 1., 90., 19., 9., 6., 1., 0., 3., 35., 115., 27., 2., 0., 0.,
       2., 87., 119., 128., 42., 7., 2., 48., 14., 21., 103., 6., 5., 2.,
       13., 128., 55., 0., 3., 77., 9., 0., 0., 0., 0., 3., 26., 97.,
       88., 7., 0., 0., 0., 2., 12., 38., 123., 16., 1., 10., 2., 1., 4.,
       17., 22., 2., 1., 117., 59., 0., 0., 2., 3., 26., 11., 2., 3.,
       26., 10., 111., 16., 6., 9., 2., 9., 19., 8., 147., 47., 0., 0.,
       0., 0., 0., 2., 23., 2., 0., 0., 0., 1., 3., 1., 19., 22., 8., 0.,
       2., 7., 29., 15., 92., 7., 2., 0., 14., 30., 20., 22., 147., 31.,
       1., 0., 1., 2., 2., 30., 43., 5., 9., 4., 0., 1., 1., 1., 6., 14.,
       6., 1., 0., 1., 133., 61., 21., 6., 18., 5., 4., 4., 139., 147.,
       147., 17., 81., 25., 0., 0., 24., 141., 18., 6., 147., 78., 0.,
       0., 0., 1., 0., 1., 52., 36., 0., 0., 80., 33., 0., 5., 102., 55.,
       0., 0., 37., 26., 1., 14., 100., 35., 2., 0., 3., 8., 0., 0., 59.,
       41., 2., 0., 0., 0., 43., 41., 72., 15., 3., 11., 13., 5., 161.,
       76., 16., 2., 4., 22., 5., 14., 101., 2., 0., 0., 8., 54., 21.,
       67., 48., 0., 0., 2., 3., 1., 5., 42., 42., 30., 69., 29., 3.,
       19., 36., 17., 161., 74., 17., 5., 1., 5., 11., 50., 119., 15.,
       52., 12., 1., 18., 50., 65., 16., 1., 44., 87., 15., 1., 3., 28.,
       14., 1., 3., 2., 1., 70., 161., 47., 161., 55., 23., 1., 0., 1.,
       37., 106., 41., 40., 161., 30., 0., 0., 4., 4., 0., 0., 76., 79.,
       2., 0., 0., 1., 0., 0., 0., 0., 0., 11., 14., 1., 5., 2., 0., 0.,
       0., 0., 3., 3., 0., 1., 1., 0., 0., 0., 0., 0., 0., 0., 0., 0.,
       0., 0., 0., 0., 64., 8., 0., 0., 62., 93., 10., 19., 92., 60.,
       33., 1., 0., 2., 40., 39., 140., 38., 7., 0., 0., 4., 27., 69.,
       67., 0., 0., 0., 0., 3., 15., 71., 10., 7., 4., 0., 140., 140.,
       14., 5., 80., 57., 50., 7., 6., 20., 25., 14., 140., 68., 10., 1.,
       0., 0., 12., 49., 54., 7., 25., 17., 0., 0., 13., 75., 0., 0., 1.,
       4., 123., 140., 75., 0., 32., 4., 7., 2., 1., 87., 140., 42.,
       140., 47., 15., 0., 0., 2., 21., 65., 17., 21., 62., 27., 0., 0.,
       1., 5., 0., 0., 0., 3., 10., 13., 6., 0., 0., 0., 0., 0., 0., 9.,
       10., 1., 3., 0., 0., 0., 0., 0., 1., 1., 0., 0., 0., 0., 0., 0.,
       0., 0., 0., 1., 3., 27., 39., 6., 2., 0., 2., 21., 9., 12., 5.,
       0., 0., 0., 8., 9., 0., 0., 0., 0., 0., 1., 1., 0., 0., 0., 0.,
       0., 0., 1., 0., 2., 12., 146., 146., 9., 1., 0., 44., 136., 35.,
       40., 29., 8., 1., 2., 146., 82., 2., 0., 0., 0., 3., 54., 29., 1.,
       0., 0., 0., 2., 42., 41., 0., 0., 21., 97., 130., 23., 0., 0.,
       121., 36., 8., 29., 48., 23., 1., 4., 146., 63., 2., 0., 0., 0.,
       0., 36., 48., 30., 28., 8., 0., 1., 13., 13., 0., 5., 69., 106.,
       17., 1., 0., 0., 131., 21., 23., 60., 17., 1., 0., 8., 146., 84.,
       31., 1., 0., 0., 0., 9., 10., 61., 85., 25., 0., 0., 0., 0., 23.,
       29., 26., 2., 7., 11., 2., 0., 30., 10., 6., 10., 22., 12., 1.,
       0., 161., 32., 2., 1., 1., 0., 0., 2., 87., 10., 4., 1., 0., 0.,
       0., 0., 50., 55., 69., 14., 3., 1., 0., 1., 59., 28., 101., 29.,
       15., 5., 1., 7., 161., 22., 6., 1., 1., 0., 0., 33., 101., 9., 5.,
       1., 0., 0., 0., 5., 17., 20., 72., 20., 1., 1., 2., 46., 71., 19.,
       39., 7., 0., 1., 6., 136., 161., 117., 1., 0., 0., 0., 0., 28.,
       78., 56., 4., 0., 0., 0., 0., 1., 62., 5., 4., 1., 1., 6., 18.,
       77., 31., 8., 2., 1., 2., 12., 21., 61., 97., 141., 4., 4., 2.,
       3., 5., 5., 64., 161., 3., 0., 0., 0., 0., 0., 8., 1., 2., 3., 2.,
       2., 16., 19., 8., 5., 6., 2., 2., 3., 15., 28., 1., 1., 7., 13.,
       3., 2., 59., 82., 0., 0., 9., 4., 4., 51., 104., 32., 16., 14.,
       26., 10., 5., 3., 12., 10., 87., 8., 5., 3., 10., 6., 53., 134.,
       7., 0., 38., 125., 52., 4., 80., 134., 1., 50., 134., 72., 3.,
       19., 35., 19., 41., 18., 10., 10., 8., 13., 3., 2., 134., 67., 1.,
       6., 44., 9., 4., 33., 37., 6., 7., 103., 134., 72., 4., 9., 6.,
       28., 33., 33., 27., 12., 3., 5., 20., 7., 5., 3., 5., 4., 9., 13.,
       134., 98., 4., 2., 12., 9., 7., 13., 36., 51., 7., 9., 134., 97.,
       0., 0., 22., 3., 3., 2., 70., 25., 2., 4., 18., 3., 1., 3., 17.,
       12., 4., 5., 124., 4., 0., 17., 39., 3., 6., 61., 11., 1., 30.,
       124., 110., 8., 5., 18., 6., 39., 69., 29., 3., 1., 1., 1., 34.,
       12., 5., 8., 5., 2., 2., 5., 124., 29., 1., 3., 36., 36., 5., 21.,
       19., 9., 2., 10., 117., 124., 67., 6., 2., 3., 2., 3., 5., 67.,
       116., 1., 26., 9., 3., 10., 2., 1., 4., 13., 79., 124., 61., 12.,
       2., 9., 4., 7., 8., 124., 124., 1., 2., 89., 77., 2., 0., 30.,
       91., 22., 5., 96., 124., 0., 15., 5., 2., 11., 11., 10., 3., 11.,
       1., 21., 27., 14., 13., 12., 10., 5., 11., 71., 82., 3., 1., 4.,
       5., 7., 8., 36., 100., 26., 6., 5., 0., 3., 97., 91., 3., 1., 2.,
       3., 3., 3., 72., 101., 0., 0., 52., 120., 23., 5., 4., 4., 7.,
       12., 98., 103., 3., 1., 4., 7., 4., 3., 8., 8., 8., 3., 43., 54.,
       1., 3., 4., 6., 7., 14., 120., 120., 3., 7., 45., 31., 1., 29.,
       22., 8., 3., 22., 120., 120., 4., 1., 12., 8., 3., 2., 20., 18.,
       18., 15., 12., 4., 7., 6., 1., 38., 120., 90., 101., 7., 19.,
       120., 11., 1., 20., 120., 11., 6., 20., 120., 75., 10., 4., 1.,
       2., 3., 12., 18., 11., 6., 17., 4., 1., 37., 112., 25., 1., 7.,
       36., 17., 3., 3., 44., 120., 2., 0., 7., 18., 2., 1., 5., 39., 9.,
       4., 8., 8., 3., 2., 8., 17., 12., 2., 2., 3., 22., 8., 8., 33.,
       101., 0., 0., 1., 119., 24., 12., 7., 21., 18., 5., 28., 6., 10.,
       50., 26., 63., 53., 9., 8., 2., 31., 86., 2., 7., 8., 8., 5., 59.,
       5., 1., 47., 95., 0., 0., 4., 142., 12., 0., 1., 20., 41., 12.,
       62., 19., 1., 1., 12., 142., 142., 16., 15., 2., 0., 4., 24., 38.,
       13., 8., 4., 45., 2., 0., 13., 36., 40., 27., 27., 142., 23., 0.,
       6., 41., 4., 7., 78., 38., 4., 2., 36., 142., 14., 1., 5., 3., 2.,
       4., 18., 42., 6., 2., 1., 4., 14., 23., 7., 4., 47., 110., 43.,
       57., 5., 65., 61., 16., 0., 26., 102., 7., 1., 21., 94., 142., 7.,
       2., 4., 4., 2., 1., 2., 21., 8., 13., 16., 0., 0., 1., 62., 110.,
       1., 1., 0., 103., 8., 3., 4., 11., 1., 1., 9., 122., 10., 0., 0.,
