%YAML:1.0
---
mat: !!opencv-matrix
   rows: 52
   cols: 128
   dt: f
   data: [ 19., 10., 1., 41., 122., 1., 0., 7., 93., 51., 5., 20., 25.,
       0., 0., 6., 34., 10., 17., 50., 23., 1., 1., 9., 3., 3., 95., 92.,
       21., 2., 2., 3., 15., 14., 5., 40., 122., 22., 4., 3., 122., 49.,
       2., 15., 53., 10., 6., 27., 42., 5., 4., 101., 122., 2., 2., 14.,
       26., 3., 10., 44., 40., 11., 32., 67., 3., 1., 1., 6., 46., 122.,
       62., 4., 94., 11., 1., 6., 20., 73., 97., 45., 40., 8., 3., 36.,
       122., 46., 11., 10., 122., 2., 2., 5., 25., 9., 8., 79., 0., 0.,
       0., 0., 0., 28., 20., 0., 0., 0., 0., 2., 28., 48., 58., 3., 10.,
       0., 0., 4., 122., 53., 18., 16., 122., 0., 0., 0., 13., 10., 7.,
       63., 25., 31., 12., 41., 90., 3., 0., 0., 89., 74., 31., 7., 1.,
       0., 0., 0., 4., 35., 95., 8., 1., 0., 0., 0., 0., 26., 49., 0.,
       0., 0., 0., 0., 30., 34., 3., 19., 122., 25., 1., 1., 122., 92.,
       19., 11., 29., 16., 2., 9., 22., 55., 109., 46., 106., 35., 1.,
       3., 84., 103., 67., 3., 5., 3., 3., 6., 28., 9., 14., 103., 81.,
       11., 3., 14., 122., 11., 2., 6., 34., 11., 4., 49., 44., 9., 3.,
       11., 122., 105., 3., 6., 122., 40., 1., 1., 17., 32., 5., 10.,
       30., 7., 8., 32., 2., 1., 44., 80., 67., 3., 1., 3., 17., 9., 18.,
       79., 10., 0., 0., 4., 55., 59., 6., 9., 121., 6., 0., 1., 25.,
       34., 2., 18., 0., 0., 1., 2., 0., 0., 0., 0., 0., 1., 23., 17.,
       0., 0., 0., 0., 0., 17., 36., 5., 0., 0., 0., 0., 0., 3., 10., 6.,
       0., 0., 0., 0., 0., 1., 21., 79., 6., 0., 0., 0., 10., 20., 125.,
       126., 52., 5., 0., 1., 93., 126., 120., 33., 4., 1., 0., 6., 13.,
       32., 33., 17., 0., 0., 0., 0., 4., 28., 70., 126., 74., 3., 0.,
       0., 51., 75., 54., 85., 126., 56., 1., 6., 126., 83., 9., 7., 26.,
       19., 1., 25., 28., 24., 19., 10., 0., 0., 0., 2., 12., 20., 5.,
       27., 126., 61., 1., 0., 126., 85., 5., 6., 60., 62., 6., 5., 93.,
       112., 3., 3., 23., 53., 11., 5., 34., 80., 3., 1., 2., 2., 1., 1.,
       23., 6., 2., 7., 151., 80., 1., 2., 151., 34., 2., 4., 27., 14.,
       1., 7., 66., 8., 1., 15., 43., 9., 0., 2., 68., 6., 1., 1., 2.,
       1., 0., 5., 18., 0., 0., 3., 151., 58., 3., 5., 151., 17., 0., 2.,
       58., 19., 5., 32., 98., 7., 0., 1., 61., 32., 1., 7., 94., 12.,
       0., 0., 6., 3., 0., 4., 4., 0., 2., 3., 151., 69., 21., 8., 151.,
       21., 4., 3., 26., 26., 38., 66., 93., 15., 0., 0., 57., 33., 8.,
       15., 78., 6., 0., 0., 11., 8., 8., 24., 1., 2., 2., 2., 59., 83.,
       38., 3., 37., 4., 5., 2., 5., 22., 78., 115., 27., 2., 0., 0., 5.,
       19., 30., 50., 7., 0., 0., 0., 1., 5., 25., 27., 1., 3., 2., 3.,
       93., 36., 0., 0., 90., 52., 5., 7., 72., 8., 0., 3., 56., 17., 1.,
       30., 121., 2., 0., 1., 121., 16., 0., 4., 12., 0., 0., 4., 2., 0.,
       1., 65., 119., 5., 1., 0., 121., 6., 0., 21., 105., 6., 0., 13.,
       80., 2., 0., 5., 121., 50., 7., 27., 121., 2., 0., 1., 13., 6.,
       4., 61., 2., 0., 1., 76., 96., 38., 21., 5., 121., 15., 0., 22.,
       30., 11., 40., 59., 50., 5., 0., 0., 56., 79., 78., 60., 29., 0.,
       0., 0., 2., 8., 54., 119., 0., 0., 0., 0., 16., 60., 80., 9., 11.,
       0., 0., 0., 1., 5., 119., 77., 6., 0., 0., 0., 0., 3., 48., 45.,
       0., 0., 0., 0., 1., 1., 28., 14., 16., 5., 0., 2., 55., 4., 0.,
       0., 26., 11., 2., 18., 162., 11., 0., 0., 162., 51., 1., 5., 21.,
       2., 0., 2., 38., 8., 0., 4., 15., 6., 4., 7., 36., 1., 0., 1.,
       64., 9., 0., 1., 29., 10., 1., 18., 162., 33., 0., 1., 162., 37.,
       1., 10., 33., 4., 1., 5., 58., 10., 3., 12., 8., 5., 4., 7., 40.,
       1., 0., 0., 43., 12., 1., 4., 30., 1., 0., 2., 162., 62., 1., 6.,
       162., 6., 0., 2., 52., 14., 2., 30., 69., 3., 1., 5., 18., 6., 1.,
       7., 38., 3., 0., 0., 31., 8., 2., 4., 12., 0., 0., 0., 162., 48.,
       7., 12., 162., 0., 0., 0., 29., 18., 9., 55., 49., 1., 0., 0.,
       20., 12., 2., 8., 20., 6., 1., 12., 42., 0., 0., 0., 22., 10., 7.,
       77., 159., 0., 0., 0., 161., 32., 10., 25., 24., 0., 0., 11., 59.,
       5., 1., 5., 18., 3., 0., 2., 16., 3., 1., 13., 59., 2., 1., 9.,
       46., 7., 2., 70., 161., 2., 0., 4., 161., 23., 1., 13., 36., 1.,
       0., 16., 58., 7., 1., 7., 29., 0., 0., 2., 7., 7., 4., 13., 61.,
       7., 2., 12., 38., 3., 0., 29., 161., 19., 1., 15., 161., 9., 0.,
       2., 24., 5., 1., 40., 57., 3., 0., 7., 39., 0., 0., 2., 18., 5.,
       3., 7., 50., 5., 0., 7., 34., 1., 0., 7., 161., 26., 2., 12.,
       161., 1., 0., 0., 12., 4., 1., 43., 31., 0., 0., 2., 34., 5., 0.,
       4., 0., 2., 2., 0., 15., 106., 11., 0., 14., 46., 36., 5., 83.,
       120., 3., 0., 146., 116., 14., 1., 9., 6., 0., 0., 27., 10., 0.,
       1., 29., 2., 0., 0., 0., 0., 0., 0., 38., 16., 2., 0., 27., 5.,
       1., 19., 160., 50., 0., 1., 160., 27., 1., 7., 40., 6., 0., 2.,
       64., 2., 0., 0., 30., 5., 0., 1., 0., 0., 0., 0., 36., 8., 3., 0.,
       22., 3., 1., 8., 160., 42., 1., 2., 160., 19., 1., 4., 49., 11.,
       1., 8., 73., 2., 0., 0., 17., 7., 1., 4., 0., 11., 25., 8., 21.,
       2., 1., 0., 12., 5., 4., 19., 160., 16., 0., 0., 160., 23., 1.,
       5., 54., 4., 0., 3., 72., 3., 0., 0., 10., 5., 2., 6., 16., 5.,
       2., 7., 56., 1., 0., 0., 40., 1., 0., 12., 162., 13., 1., 5.,
       162., 7., 0., 1., 21., 4., 4., 29., 29., 1., 0., 0., 0., 15., 25.,
       10., 21., 6., 1., 7., 65., 0., 0., 0., 45., 8., 1., 21., 162.,
       10., 1., 5., 162., 28., 1., 4., 25., 2., 1., 16., 42., 6., 3., 0.,
       0., 0., 1., 1., 29., 3., 0., 3., 69., 1., 0., 1., 44., 6., 0., 8.,
       162., 13., 1., 10., 162., 38., 0., 1., 24., 3., 1., 30., 37., 11.,
       2., 0., 0., 0., 0., 1., 22., 1., 0., 0., 34., 12., 0., 2., 13.,
       7., 0., 1., 151., 112., 16., 2., 98., 122., 2., 0., 11., 39., 29.,
       5., 15., 93., 6., 0., 0., 1., 1., 0., 0., 0., 0., 4., 37., 66.,
       0., 0., 0., 1., 3., 20., 130., 130., 58., 10., 22., 10., 8., 9.,
       26., 53., 130., 130., 5., 0., 0., 0., 48., 130., 77., 49., 0., 0.,
       0., 14., 71., 64., 0., 0., 6., 8., 15., 130., 130., 94., 19., 7.,
       130., 67., 26., 41., 13., 19., 34., 59., 66., 6., 0., 0., 27.,
       130., 15., 17., 0., 0., 0., 7., 19., 3., 0., 0., 3., 1., 1., 29.,
       85., 130., 67., 11., 93., 8., 1., 5., 6., 46., 64., 55., 19., 3.,
       0., 0., 0., 0., 0., 1., 0., 0., 0., 0., 0., 0., 0., 0., 0., 0.,
       0., 0., 1., 9., 2., 0., 0., 0., 0., 0., 0., 6., 2., 0., 0., 0.,
       0., 0., 0., 0., 0., 0., 54., 1., 2., 2., 0., 0., 0., 59., 4., 1.,
       6., 19., 1., 0., 0., 2., 0., 0., 1., 2., 0., 0., 0., 0., 0., 0.,
       0., 0., 0., 0., 0., 0., 122., 97., 63., 49., 5., 1., 1., 87., 16.,
       26., 118., 125., 20., 15., 12., 7., 121., 56., 39., 18., 1., 2.,
       6., 22., 10., 0., 0., 0., 0., 0., 0., 3., 74., 125., 71., 15., 8.,
       13., 19., 65., 56., 38., 18., 40., 23., 42., 125., 118., 104.,
       14., 4., 2., 1., 5., 125., 125., 8., 0., 0., 0., 0., 0., 1., 3.,
       35., 13., 1., 0., 1., 14., 95., 125., 72., 2., 0., 0., 0., 0.,
       38., 125., 21., 0., 0., 0., 0., 0., 35., 57., 0., 0., 0., 0., 0.,
       0., 0., 0., 0., 0., 0., 0., 0., 0., 0., 0., 0., 5., 6., 0., 0.,
       0., 0., 0., 0., 4., 6., 0., 0., 0., 0., 0., 0., 0., 0., 0., 0.,
       0., 0., 0., 0., 0., 0., 0., 4., 4., 0., 0., 6., 32., 98., 46.,
       53., 17., 1., 3., 121., 117., 95., 11., 4., 1., 1., 11., 40., 23.,
       2., 0., 0., 0., 0., 1., 0., 20., 12., 2., 22., 21., 0., 0., 12.,
       12., 19., 33., 121., 121., 19., 22., 121., 121., 40., 20., 12.,
       22., 17., 61., 50., 121., 30., 0., 0., 0., 0., 1., 5., 121., 54.,
       4., 4., 1., 0., 0., 2., 71., 85., 121., 53., 28., 4., 2., 76.,
       121., 112., 121., 12., 6., 7., 13., 99., 108., 9., 0., 0., 0., 0.,
       3., 3., 1., 0., 41., 149., 5., 0., 2., 149., 8., 1., 17., 61., 6.,
       0., 46., 83., 4., 2., 13., 31., 3., 0., 13., 60., 9., 1., 2., 4.,
