%YAML:1.0
---
mat: !!opencv-matrix
   rows: 87
   cols: 128
   dt: f
   data: [ 1., 0., 0., 1., 0., 0., 12., 66., 3., 8., 20., 20., 0., 0.,
       8., 43., 20., 26., 12., 3., 3., 4., 5., 28., 2., 1., 1., 5., 63.,
       45., 5., 5., 3., 1., 1., 11., 23., 7., 12., 34., 17., 43., 72.,
       131., 110., 26., 4., 8., 131., 131., 49., 20., 5., 5., 5., 18.,
       39., 5., 0., 1., 44., 91., 15., 14., 50., 39., 21., 3., 19., 30.,
       8., 18., 24., 6., 4., 18., 122., 131., 40., 23., 131., 65., 3.,
       3., 13., 46., 30., 57., 96., 26., 0., 0., 23., 41., 6., 12., 82.,
       36., 24., 4., 0., 5., 4., 82., 14., 15., 1., 0., 56., 131., 10.,
       10., 98., 52., 2., 2., 51., 88., 7., 6., 109., 74., 1., 1., 3.,
       6., 1., 2., 92., 15., 1., 35., 54., 0., 2., 18., 91., 5., 2., 63.,
       96., 1., 1., 24., 67., 6., 10., 91., 81., 7., 2., 15., 100., 15.,
       11., 23., 30., 10., 6., 44., 89., 11., 8., 113., 59., 0., 0., 12.,
       113., 18., 7., 77., 72., 1., 1., 33., 56., 9., 10., 113., 113.,
       21., 9., 30., 113., 20., 10., 20., 10., 4., 6., 72., 32., 9., 11.,
       97., 76., 24., 15., 17., 113., 33., 15., 59., 33., 12., 14., 43.,
       46., 18., 16., 85., 70., 32., 21., 29., 102., 36., 28., 1., 1.,
       3., 6., 47., 1., 1., 70., 7., 10., 13., 10., 5., 8., 4., 82., 8.,
       7., 7., 10., 17., 8., 8., 66., 8., 10., 15., 16., 11., 13., 17.,
       73., 0., 0., 0., 2., 7., 0., 1., 3., 5., 3., 2., 69., 24., 8.,
       13., 9., 5., 5., 1., 55., 42., 13., 17., 23., 31., 24., 3., 37.,
       25., 33., 21., 10., 6., 16., 6., 18., 22., 1., 2., 8., 19., 63.,
       51., 35., 12., 81., 43., 21., 18., 35., 26., 11., 60., 66., 13.,
       10., 24., 114., 92., 14., 52., 116., 12., 5., 3., 55., 27., 8.,
       78., 2., 3., 5., 28., 116., 53., 16., 6., 116., 60., 15., 25.,
       69., 23., 7., 49., 116., 11., 0., 4., 116., 46., 4., 24., 116.,
       6., 0., 1., 54., 36., 3., 30., 1., 1., 1., 5., 116., 57., 8., 4.,
       113., 25., 3., 6., 47., 31., 16., 76., 80., 9., 1., 3., 116., 38.,
       2., 18., 116., 12., 0., 2., 37., 14., 1., 7., 39., 97., 25., 3.,
       12., 92., 98., 20., 113., 64., 1., 2., 5., 9., 30., 73., 53., 7.,
       1., 46., 113., 1., 0., 8., 96., 6., 1., 26., 47., 2., 0., 13.,
       18., 10., 1., 24., 57., 113., 97., 15., 113., 45., 2., 20., 46.,
       34., 11., 18., 74., 14., 5., 102., 113., 1., 0., 8., 104., 8., 2.,
       40., 75., 5., 1., 18., 9., 1., 9., 103., 66., 6., 2., 7., 113.,
       11., 5., 54., 53., 5., 2., 27., 65., 26., 13., 113., 90., 19.,
       14., 18., 81., 30., 11., 47., 41., 9., 4., 13., 2., 0., 32., 26.,
       21., 7., 4., 5., 17., 4., 49., 14., 13., 6., 4., 12., 9., 1., 45.,
       14., 23., 25., 24., 18., 12., 2., 40., 13., 10., 7., 7., 13., 1.,
       3., 6., 5., 1., 0., 26., 64., 12., 15., 8., 5., 12., 8., 20., 53.,
       54., 19., 9., 11., 26., 12., 5., 18., 54., 7., 0., 0., 3., 2., 7.,
       41., 18., 17., 16., 27., 51., 41., 11., 20., 115., 54., 20., 14.,
       31., 43., 9., 30., 90., 38., 6., 2., 90., 81., 4., 11., 79., 59.,
       95., 23., 14., 5., 1., 13., 66., 39., 4., 2., 36., 82., 11., 20.,
       115., 35., 0., 1., 40., 69., 10., 24., 59., 28., 8., 3., 75.,
       115., 7., 4., 3., 29., 115., 60., 38., 115., 32., 0., 115., 43.,
       3., 3., 29., 29., 4., 14., 93., 43., 0., 1., 62., 64., 2., 3.,
       88., 47., 0., 3., 54., 62., 2., 1., 3., 9., 20., 51., 100., 115.,
       45., 3., 0., 0., 2., 15., 47., 37., 13., 10., 11., 9., 44., 50.,
       39., 32., 48., 63., 67., 31., 20., 2., 2., 6., 11., 118., 8., 2.,
       0., 0., 70., 85., 8., 14., 0., 0., 0., 14., 43., 53., 26., 11.,
       6., 12., 83., 118., 64., 47., 49., 37., 118., 118., 88., 19., 1.,
       2., 6., 47., 45., 16., 0., 1., 88., 48., 1., 3., 0., 0., 0., 7.,
       84., 41., 9., 2., 15., 6., 14., 51., 118., 111., 15., 16., 118.,
       58., 11., 7., 6., 10., 12., 56., 90., 15., 0., 1., 76., 27., 0.,
       6., 1., 0., 0., 0., 45., 23., 3., 3., 2., 1., 3., 2., 118., 88.,
       39., 18., 69., 25., 19., 3., 4., 8., 53., 107., 53., 17., 2., 0.,
       29., 17., 1., 21., 49., 14., 0., 7., 29., 0., 0., 1., 10., 5., 1.,
       50., 130., 10., 2., 4., 130., 19., 1., 14., 28., 4., 3., 25., 44.,
       1., 2., 41., 68., 1., 0., 3., 80., 9., 2., 20., 38., 0., 0., 2.,
       19., 4., 2., 66., 130., 22., 4., 9., 130., 13., 2., 10., 22., 9.,
       5., 49., 33., 2., 0., 50., 130., 12., 2., 4., 58., 10., 6., 47.,
       45., 0., 0., 4., 34., 17., 13., 130., 130., 0., 0., 3., 130., 45.,
       8., 12., 11., 0., 0., 10., 21., 7., 14., 50., 72., 42., 8., 0.,
       20., 10., 7., 53., 63., 5., 0., 1., 40., 23., 18., 115., 112.,
       27., 23., 27., 130., 57., 11., 12., 4., 1., 6., 38., 7., 7., 16.,
       75., 41., 21., 8., 0., 28., 15., 4., 4., 33., 24., 5., 18., 27.,
       11., 15., 44., 119., 92., 15., 25., 126., 30., 8., 4., 3., 8., 9.,
       78., 22., 0., 0., 2., 55., 37., 7., 15., 40., 24., 6., 0., 21.,
       29., 7., 64., 23., 3., 0., 0., 126., 126., 13., 16., 126., 16.,
       0., 0., 14., 12., 7., 43., 45., 1., 0., 0., 66., 35., 3., 10.,
       126., 62., 14., 0., 13., 9., 0., 11., 19., 6., 3., 10., 126., 69.,
       1., 4., 126., 72., 6., 10., 36., 13., 2., 13., 72., 14., 0., 0.,
       32., 22., 1., 5., 126., 27., 0., 0., 5., 2., 2., 26., 19., 3., 1.,
       5., 126., 59., 1., 3., 126., 38., 3., 5., 52., 33., 2., 12., 92.,
       21., 0., 0., 6., 10., 0., 1., 5., 7., 12., 19., 31., 25., 16.,
       11., 54., 26., 12., 8., 24., 22., 7., 34., 55., 13., 11., 20.,
       66., 68., 11., 32., 87., 9., 2., 1., 36., 23., 5., 42., 9., 11.,
       9., 28., 116., 57., 10., 7., 116., 76., 13., 13., 34., 22., 5.,
       29., 88., 12., 0., 1., 113., 70., 6., 18., 116., 12., 0., 0., 37.,
       35., 3., 22., 6., 2., 2., 8., 116., 90., 10., 10., 116., 22., 3.,
       4., 35., 32., 15., 77., 86., 10., 0., 1., 116., 61., 2., 13.,
       116., 25., 0., 0., 25., 19., 1., 4., 1., 2., 2., 8., 116., 43.,
       4., 2., 88., 68., 8., 11., 41., 13., 5., 19., 52., 27., 1., 5.,
       110., 25., 0., 3., 108., 45., 1., 3., 29., 7., 0., 1., 9., 7., 9.,
       26., 136., 84., 13., 16., 136., 10., 1., 4., 43., 36., 22., 136.,
       75., 5., 1., 20., 84., 4., 0., 17., 26., 6., 2., 9., 67., 10., 1.,
       8., 21., 8., 48., 136., 65., 49., 13., 12., 136., 39., 6., 19.,
       23., 7., 9., 63., 67., 10., 1., 18., 118., 5., 1., 11., 40., 7.,
       2., 17., 69., 11., 1., 9., 12., 0., 8., 18., 25., 136., 113., 17.,
       136., 25., 5., 14., 17., 33., 54., 49., 40., 31., 13., 73., 64.,
       0., 0., 1., 37., 22., 8., 52., 59., 2., 0., 3., 0., 3., 25., 46.,
       29., 30., 13., 0., 18., 14., 8., 45., 45., 17., 7., 2., 13., 24.,
       18., 58., 29., 5., 2., 2., 22., 17., 13., 16., 28., 2., 0., 3.,
       6., 0., 0., 0., 28., 12., 66., 54., 12., 2., 0., 23., 157., 31.,
       4., 5., 157., 21., 0., 9., 38., 4., 0., 5., 73., 4., 0., 3., 4.,
       1., 0., 4., 1., 0., 0., 1., 57., 12., 7., 3., 22., 8., 3., 59.,
       157., 28., 1., 1., 157., 23., 3., 21., 43., 5., 1., 17., 95., 1.,
       1., 5., 19., 8., 0., 12., 1., 0., 0., 2., 38., 14., 2., 3., 11.,
       1., 0., 4., 157., 157., 41., 12., 157., 5., 0., 1., 22., 51., 68.,
       124., 78., 1., 1., 1., 18., 12., 0., 19., 0., 0., 12., 13., 5.,
       2., 0., 0., 0., 0., 20., 10., 16., 63., 36., 3., 11., 1., 27., 9.,
       0., 18., 67., 54., 8., 2., 38., 15., 4., 1., 1., 10., 8., 2., 0.,
       9., 8., 2., 33., 10., 0., 16., 64., 56., 12., 1., 29., 4., 16.,
       63., 40., 4., 0., 0., 25., 7., 5., 3., 0., 0., 0., 0., 21., 12.,
       25., 11., 0., 24., 68., 0., 0., 1., 22., 44., 60., 142., 151., 1.,
       0., 2., 151., 151., 41., 17., 12., 1., 0., 6., 43., 11., 1., 2.,
       0., 0., 0., 3., 16., 4., 0., 25., 95., 0., 1., 5., 47., 4., 1.,
       45., 151., 13., 4., 32., 151., 18., 1., 2., 18., 5., 2., 88., 52.,
       8., 6., 3., 1., 0., 0., 3., 2., 1., 0., 9., 100., 1., 0., 1., 55.,
