%YAML:1.0
---
mat: !!opencv-matrix
   rows: 105
   cols: 128
   dt: f
   data: [ 28., 1., 0., 1., 0., 0., 2., 21., 7., 2., 4., 61., 15., 3.,
       8., 2., 3., 3., 9., 116., 116., 46., 15., 2., 16., 4., 4., 22.,
       32., 58., 116., 108., 21., 24., 2., 16., 12., 0., 0., 4., 9., 9.,
       39., 116., 95., 18., 2., 2., 111., 38., 48., 106., 24., 9., 43.,
       52., 50., 4., 2., 12., 5., 3., 57., 116., 3., 100., 34., 7., 15.,
       3., 0., 0., 8., 25., 20., 38., 105., 116., 57., 8., 116., 21.,
       10., 15., 9., 49., 95., 95., 52., 9., 21., 52., 1., 0., 9., 29.,
       0., 78., 45., 0., 0., 0., 0., 0., 0., 87., 64., 2., 0., 13., 13.,
       1., 7., 20., 81., 45., 0., 7., 29., 14., 61., 14., 22., 29., 0.,
       0., 0., 17., 28., 0., 0., 1., 0., 5., 37., 105., 0., 2., 16., 6.,
       0., 0., 106., 48., 3., 10., 9., 0., 0., 1., 116., 34., 0., 0., 0.,
       0., 0., 14., 104., 4., 47., 0., 3., 24., 24., 26., 14., 67., 11.,
       35., 120., 120., 53., 56., 20., 14., 120., 120., 78., 9., 2., 8.,
       17., 21., 23., 6., 0., 0., 7., 24., 16., 2., 49., 0., 0., 10.,
       34., 52., 8., 29., 21., 9., 11., 67., 103., 120., 26., 22., 120.,
       39., 7., 8., 7., 28., 20., 80., 44., 4., 1., 4., 6., 14., 2., 5.,
       28., 11., 2., 12., 47., 12., 0., 4., 10., 7., 21., 94., 115., 42.,
       7., 6., 120., 114., 52., 26., 5., 5., 5., 13., 28., 37., 15., 26.,
       1., 1., 0., 0., 0., 5., 106., 20., 2., 25., 28., 1., 19., 29.,
       70., 8., 4., 19., 22., 5., 14., 14., 36., 69., 55., 1., 0., 1.,
       0., 0., 2., 78., 87., 5., 1., 0., 24., 25., 114., 47., 90., 7.,
       1., 2., 114., 79., 82., 8., 14., 12., 11., 31., 18., 6., 32., 61.,
       114., 37., 13., 16., 6., 1., 4., 23., 41., 54., 14., 9., 29., 5.,
       2., 5., 90., 78., 78., 28., 114., 37., 10., 10., 14., 14., 88.,
       94., 18., 12., 10., 25., 109., 40., 82., 31., 5., 0., 0., 2., 82.,
       35., 24., 24., 60., 19., 3., 0., 1., 21., 74., 38., 15., 0., 0.,
       0., 1., 12., 114., 76., 0., 0., 0., 1., 57., 45., 91., 5., 0., 0.,
       0., 4., 114., 16., 8., 1., 2., 20., 84., 29., 6., 0., 0., 0., 6.,
       64., 84., 5., 14., 13., 2., 0., 12., 14., 14., 26., 25., 56., 21.,
       7., 28., 12., 52., 19., 1., 4., 7., 8., 23., 27., 58., 43., 133.,
       35., 0., 1., 152., 114., 67., 12., 35., 5., 0., 15., 50., 18.,
       27., 88., 84., 22., 4., 26., 20., 5., 46., 32., 8., 25., 30., 70.,
       57., 35., 8., 45., 152., 14., 0., 1., 152., 15., 0., 10., 69., 8.,
       0., 10., 83., 1., 0., 3., 72., 74., 32., 54., 27., 0., 0., 1.,
       13., 18., 21., 100., 33., 32., 19., 68., 64., 32., 12., 13., 152.,
       14., 0., 17., 20., 8., 1., 4., 79., 4., 8., 4., 1., 15., 21., 10.,
       2., 2., 4., 2., 10., 2., 7., 11., 3., 92., 93., 25., 5., 4., 8.,
       0., 12., 60., 64., 8., 0., 2., 21., 8., 6., 27., 40., 16., 1., 5.,
       33., 4., 2., 16., 18., 2., 1., 19., 30., 0., 31., 119., 72., 24.,
       45., 53., 32., 5., 119., 119., 75., 18., 15., 5., 1., 13., 81.,
       44., 47., 78., 93., 0., 0., 7., 91., 53., 34., 31., 4., 1., 0.,
       3., 12., 13., 5., 1., 16., 119., 119., 25., 119., 30., 5., 3.,
       29., 61., 73., 119., 76., 2., 0., 16., 119., 44., 29., 43., 61.,
       8., 33., 72., 39., 35., 16., 24., 3., 2., 3., 2., 0., 26., 38.,
       7., 14., 3., 0., 0., 2., 19., 47., 59., 3., 1., 1., 2., 8., 40.,
       58., 22., 1., 0., 1., 2., 13., 74., 49., 11., 28., 2., 6., 13.,
       6., 2., 12., 59., 6., 5., 42., 56., 21., 6., 12., 16., 1., 4.,
       19., 53., 59., 9., 8., 4., 0., 0., 0., 16., 27., 1., 0., 0., 25.,
       34., 74., 120., 105., 31., 17., 31., 120., 120., 120., 102., 45.,
       27., 39., 64., 40., 8., 3., 25., 120., 45., 27., 17., 0., 0., 0.,
       3., 20., 4., 0., 0., 26., 46., 14., 43., 96., 120., 80., 25.,
       120., 47., 39., 45., 36., 67., 120., 120., 38., 5., 13., 114.,
       90., 2., 1., 10., 0., 0., 0., 3., 4., 0., 0., 0., 4., 3., 3., 2.,
       0., 32., 43., 9., 1., 3., 15., 12., 25., 29., 62., 13., 0., 1.,
       4., 28., 54., 22., 5., 0., 0., 0., 0., 0., 0., 0., 0., 0., 26.,
       13., 0., 0., 116., 51., 0., 2., 87., 86., 19., 25., 33., 10., 2.,
       3., 48., 16., 12., 53., 75., 23., 2., 22., 115., 15., 0., 0., 3.,
       2., 0., 39., 5., 6., 2., 0., 116., 64., 0., 4., 89., 44., 12.,
       11., 52., 37., 16., 52., 42., 54., 9., 25., 35., 104., 18., 16.,
       102., 116., 1., 0., 6., 6., 0., 6., 10., 16., 4., 1., 116., 51.,
       0., 1., 116., 38., 0., 0., 72., 36., 4., 21., 49., 26., 1., 1.,
       104., 116., 6., 7., 116., 82., 0., 0., 26., 44., 6., 5., 23., 13.,
       1., 3., 80., 34., 7., 8., 56., 27., 0., 0., 45., 42., 57., 21.,
       42., 28., 1., 0., 19., 53., 24., 28., 22., 11., 0., 0., 6., 58.,
       66., 21., 4., 5., 5., 33., 116., 6., 1., 3., 110., 65., 12., 21.,
       34., 1., 0., 7., 27., 24., 37., 39., 62., 3., 0., 3., 30., 79.,
       40., 9., 7., 0., 0., 7., 12., 1., 0., 25., 116., 14., 0., 2.,
       116., 26., 5., 19., 54., 7., 1., 23., 54., 9., 7., 90., 116., 2.,
       0., 15., 116., 13., 3., 14., 26., 1., 0., 79., 8., 2., 6., 112.,
       95., 9., 7., 14., 61., 44., 17., 33., 44., 20., 38., 31., 88.,
       12., 20., 110., 44., 8., 1., 43., 116., 1., 0., 3., 12., 8., 2.,
       86., 73., 5., 5., 46., 33., 6., 6., 38., 31., 5., 2., 29., 87.,
       27., 35., 42., 116., 0., 1., 15., 66., 13., 1., 74., 81., 2., 7.,
       3., 0., 2., 1., 47., 1., 8., 57., 54., 10., 0., 0., 0., 2., 14.,
       116., 36., 6., 0., 0., 1., 1., 58., 106., 2., 7., 8., 1., 0., 3.,
       32., 9., 5., 13., 27., 26., 2., 12., 10., 24., 39., 116., 25., 6.,
       14., 90., 26., 70., 27., 72., 20., 9., 37., 48., 88., 70., 13.,
       75., 41., 8., 16., 105., 86., 8., 4., 28., 9., 1., 10., 3., 2.,
       1., 5., 116., 21., 14., 9., 90., 70., 21., 23., 116., 9., 4., 18.,
       93., 28., 23., 54., 67., 20., 4., 44., 116., 10., 0., 1., 34., 3.,
       0., 64., 3., 7., 10., 12., 116., 6., 1., 2., 62., 8., 3., 3., 91.,
       30., 13., 58., 86., 40., 4., 6., 53., 56., 8., 14., 116., 48., 0.,
       2., 28., 1., 0., 7., 41., 0., 0., 15., 103., 22., 0., 8., 51.,
       36., 5., 15., 117., 35., 5., 6., 72., 32., 17., 69., 54., 5., 3.,
       7., 117., 3., 1., 7., 10., 7., 6., 29., 37., 2., 1., 82., 117.,
       6., 0., 4., 70., 14., 3., 62., 90., 20., 25., 54., 96., 7., 5.,
       24., 96., 61., 25., 35., 117., 9., 11., 5., 4., 3., 2., 30., 24.,
       6., 1., 9., 99., 91., 9., 6., 79., 32., 8., 19., 46., 93., 66.,
       14., 87., 13., 8., 49., 87., 27., 58., 28., 117., 16., 11., 18.,
       11., 9., 15., 32., 17., 34., 19., 1., 3., 31., 9., 4., 6., 4., 0.,
       1., 1., 65., 98., 2., 8., 0., 0., 1., 3., 23., 117., 38., 13., 1.,
       0., 1., 2., 19., 62., 45., 0., 7., 128., 14., 1., 3., 5., 2., 4.,
       10., 128., 42., 6., 15., 6., 4., 73., 68., 72., 4., 0., 1., 2.,
       25., 48., 10., 0., 0., 0., 0., 1., 13., 5., 44., 100., 60., 14.,
       32., 52., 13., 23., 63., 124., 85., 15., 45., 48., 21., 128., 94.,
       32., 7., 1., 4., 11., 64., 78., 2., 0., 0., 0., 1., 0., 15., 3.,
       5., 20., 12., 7., 74., 128., 19., 13., 9., 25., 16., 6., 113.,
       128., 46., 128., 23., 18., 2., 0., 11., 94., 128., 49., 19., 15.,
       0., 0., 0., 0., 10., 0., 0., 49., 11., 1., 6., 36., 0., 0., 0.,
       53., 13., 0., 16., 49., 1., 5., 19., 57., 6., 0., 7., 37., 13.,
       5., 33., 46., 0., 0., 0., 20., 12., 1., 5., 33., 5., 0., 0., 0.,
       2., 0., 2., 65., 12., 0., 0., 0., 1., 0., 5., 38., 30., 42., 2.,
       0., 0., 20., 33., 6., 17., 45., 3., 0., 0., 1., 14., 102., 69.,
       41., 3., 0., 0., 9., 40., 130., 130., 29., 7., 1., 1., 99., 130.,
       126., 28., 24., 7., 0., 5., 49., 12., 2., 4., 46., 24., 0., 4.,
       6., 6., 11., 17., 129., 70., 4., 9., 38., 21., 28., 58., 100.,
       115., 19., 28., 130., 78., 15., 13., 24., 28., 9., 54., 63., 8.,
       0., 0., 42., 29., 1., 5., 3., 1., 0., 0., 94., 54., 1., 3., 16.,
