%YAML:1.0
---
mat: !!opencv-matrix
   rows: 78
   cols: 128
   dt: f
   data: [ 1., 57., 112., 3., 0., 0., 0., 0., 0., 23., 112., 21., 0., 1.,
       3., 1., 9., 87., 100., 4., 2., 1., 3., 0., 7., 19., 2., 0., 5.,
       4., 0., 0., 55., 73., 87., 2., 2., 16., 12., 37., 106., 40., 86.,
       16., 8., 25., 37., 64., 96., 103., 30., 13., 35., 51., 34., 14.,
       83., 48., 0., 1., 4., 1., 0., 1., 71., 1., 0., 0., 3., 57., 102.,
       112., 112., 21., 6., 21., 15., 52., 112., 55., 83., 14., 6., 54.,
       54., 30., 75., 67., 93., 7., 0., 1., 5., 2., 6., 46., 3., 3., 0.,
       0., 0., 7., 84., 57., 1., 2., 0., 0., 1., 18., 112., 12., 2., 0.,
       0., 1., 4., 19., 106., 33., 4., 0., 0., 0., 7., 6., 10., 20., 5.,
       8., 43., 16., 0., 0., 0., 1., 2., 12., 105., 25., 1., 1., 0., 1.,
       1., 25., 93., 59., 30., 1., 0., 0., 51., 50., 50., 51., 37., 0.,
       0., 0., 8., 8., 87., 85., 24., 40., 16., 4., 117., 40., 109., 42.,
       19., 54., 15., 26., 11., 45., 98., 31., 55., 111., 21., 9., 117.,
       38., 24., 31., 28., 12., 16., 7., 22., 2., 1., 22., 96., 66., 24.,
       11., 117., 27., 0., 6., 64., 48., 7., 17., 54., 5., 1., 0., 99.,
       117., 40., 16., 59., 8., 1., 1., 7., 45., 73., 57., 20., 1., 0.,
       5., 52., 65., 14., 5., 117., 11., 0., 1., 26., 44., 36., 61., 55.,
       4., 0., 0., 10., 52., 55., 27., 1., 0., 0., 0., 0., 10., 80., 46.,
       15., 127., 98., 0., 0., 0., 0., 0., 55., 147., 57., 0., 0., 0.,
       0., 2., 75., 46., 1., 0., 0., 0., 0., 2., 7., 0., 0., 0., 3., 2.,
       0., 1., 84., 107., 28., 0., 0., 0., 0., 2., 147., 92., 11., 0.,
       0., 0., 0., 36., 147., 15., 0., 0., 0., 0., 0., 31., 9., 0., 0.,
       0., 3., 2., 0., 3., 114., 50., 0., 0., 0., 0., 0., 21., 147., 49.,
       0., 0., 0., 0., 0., 37., 147., 10., 0., 0., 0., 0., 0., 20., 7.,
       0., 0., 0., 3., 3., 0., 4., 113., 7., 0., 0., 0., 0., 4., 50.,
       147., 1., 0., 0., 0., 0., 0., 115., 115., 2., 1., 0., 0., 0., 0.,
       28., 5., 2., 1., 0., 2., 2., 0., 1., 114., 83., 14., 5., 0., 0.,
       0., 13., 94., 143., 5., 0., 0., 0., 0., 1., 72., 78., 0., 0., 0.,
       0., 0., 0., 21., 9., 0., 0., 0., 0., 0., 0., 88., 19., 16., 12.,
       2., 0., 2., 33., 143., 103., 10., 6., 1., 0., 0., 43., 143., 52.,
       0., 0., 0., 0., 0., 15., 34., 21., 0., 0., 0., 0., 0., 0., 67.,
       26., 61., 14., 0., 0., 5., 21., 143., 51., 2., 2., 0., 0., 0.,
       42., 143., 58., 0., 0., 0., 0., 0., 8., 45., 22., 0., 0., 0., 0.,
       0., 0., 52., 22., 15., 3., 0., 0., 14., 25., 143., 122., 0., 0.,
       0., 0., 0., 32., 143., 84., 0., 0., 0., 0., 0., 12., 51., 11., 0.,
       0., 0., 0., 0., 0., 5., 65., 122., 17., 1., 1., 0., 0., 29., 30.,
       92., 24., 2., 3., 7., 20., 22., 9., 40., 46., 43., 73., 19., 14.,
       122., 31., 17., 5., 15., 26., 5., 11., 42., 81., 28., 10., 7.,
       79., 50., 17., 122., 92., 5., 1., 3., 21., 8., 41., 50., 2., 0.,
       0., 75., 122., 18., 26., 122., 23., 0., 0., 20., 56., 21., 41.,
       59., 4., 0., 0., 5., 122., 72., 68., 122., 20., 0., 0., 3., 81.,
       78., 108., 62., 2., 0., 0., 14., 60., 63., 44., 24., 1., 0., 0.,
       3., 24., 86., 109., 34., 1., 0., 0., 0., 19., 24., 30., 21., 2.,
       0., 0., 0., 14., 57., 57., 27., 0., 0., 0., 0., 0., 12., 33., 18.,
       0., 0., 0., 0., 0., 7., 15., 4., 36., 24., 5., 11., 13., 54., 4.,
       8., 20., 5., 4., 27., 21., 43., 16., 124., 100., 3., 0., 0., 2.,
       17., 16., 124., 42., 0., 0., 0., 0., 0., 6., 43., 120., 37., 16.,
       4., 3., 23., 18., 116., 41., 11., 1., 7., 10., 79., 64., 73., 21.,
       0., 0., 0., 7., 124., 124., 114., 12., 0., 0., 0., 0., 11., 83.,
       33., 16., 23., 6., 1., 5., 48., 27., 124., 51., 3., 0., 0., 0.,
       7., 45., 107., 24., 0., 0., 0., 0., 27., 79., 48., 0., 0., 0., 0.,
       0., 3., 28., 21., 51., 74., 24., 0., 0., 7., 31., 124., 124., 7.,
       0., 0., 0., 5., 43., 124., 35., 0., 0., 0., 0., 0., 35., 29., 0.,
       0., 0., 0., 0., 0., 9., 108., 53., 14., 1., 2., 10., 33., 44.,
       63., 18., 0., 0., 8., 49., 63., 62., 56., 1., 1., 3., 22., 75.,
       51., 37., 129., 3., 0., 0., 0., 1., 20., 90., 129., 22., 0., 3.,
       28., 29., 23., 20., 129., 30., 0., 0., 1., 23., 35., 50., 24., 2.,
       0., 0., 1., 49., 129., 82., 50., 1., 0., 0., 0., 0., 44., 129.,
       69., 1., 0., 1., 9., 52., 50., 47., 129., 44., 0., 0., 0., 0.,
       17., 86., 86., 20., 0., 0., 0., 1., 31., 50., 4., 0., 0., 0., 0.,
       0., 8., 32., 3., 0., 0., 0., 0., 27., 129., 81., 31., 2., 0., 0.,
       0., 0., 79., 129., 28., 1., 0., 0., 0., 0., 5., 57., 4., 0., 0.,
       0., 0., 0., 0., 7., 16., 13., 10., 20., 2., 0., 2., 49., 33.,
       132., 53., 17., 0., 0., 0., 4., 48., 132., 16., 0., 0., 0., 0.,
       1., 11., 100., 4., 0., 0., 0., 0., 0., 15., 5., 17., 132., 21.,
       0., 0., 14., 132., 49., 46., 60., 6., 0., 0., 24., 87., 132., 34.,
       3., 0., 0., 0., 18., 15., 132., 68., 0., 0., 0., 0., 0., 22., 6.,
       30., 132., 13., 1., 4., 19., 132., 47., 5., 16., 1., 0., 4., 20.,
       53., 34., 37., 18., 18., 4., 1., 7., 132., 74., 44., 9., 8., 0.,
       0., 19., 49., 3., 4., 13., 16., 3., 15., 47., 75., 9., 6., 6., 0.,
       4., 24., 84., 43., 6., 13., 48., 25., 2., 1., 21., 132., 43., 1.,
       8., 10., 0., 0., 12., 7., 35., 14., 30., 78., 59., 19., 1., 9.,
       32., 31., 47., 73., 34., 12., 8., 121., 27., 3., 4., 22., 9., 19.,
       124., 32., 4., 1., 2., 22., 66., 47., 47., 4., 2., 3., 5., 27.,
       125., 51., 4., 33., 7., 7., 7., 89., 125., 11., 8., 125., 34., 3.,
       1., 12., 14., 3., 97., 37., 4., 0., 8., 46., 16., 4., 27., 31.,
       11., 2., 5., 40., 44., 18., 34., 14., 2., 0., 21., 125., 125.,
       11., 11., 125., 45., 1., 3., 18., 48., 14., 87., 35., 10., 2.,
       14., 41., 11., 1., 12., 27., 16., 0., 1., 46., 58., 46., 20., 3.,
       1., 0., 17., 117., 58., 55., 62., 29., 1., 4., 4., 5., 25., 44.,
       111., 7., 2., 7., 25., 37., 6., 5., 10., 28., 0., 1., 2., 2., 1.,
       8., 73., 8., 2., 20., 70., 12., 6., 10., 19., 23., 39., 119., 54.,
       1., 1., 3., 9., 78., 115., 97., 5., 0., 0., 1., 26., 31., 2., 5.,
       30., 9., 0., 2., 38., 23., 12., 22., 126., 126., 1., 1., 5., 126.,
       34., 34., 50., 18., 0., 9., 66., 94., 13., 15., 15., 21., 1., 5.,
       82., 11., 23., 50., 126., 16., 0., 1., 5., 44., 9., 19., 126.,
       62., 10., 5., 11., 126., 65., 3., 11., 6., 1., 2., 36., 48., 33.,
       22., 34., 13., 4., 6., 12., 19., 8., 40., 81., 90., 29., 3., 16.,
       54., 11., 19., 20., 19., 23., 33., 72., 100., 82., 2., 2., 15.,
       17., 15., 21., 66., 42., 3., 5., 8., 5., 9., 28., 0., 3., 4., 0.,
       0., 0., 0., 0., 0., 5., 7., 0., 0., 0., 0., 0., 3., 12., 2., 0.,
       0., 0., 0., 0., 4., 2., 0., 0., 0., 0., 0., 0., 8., 65., 77., 1.,
       0., 6., 30., 35., 11., 85., 117., 8., 3., 34., 26., 28., 117.,
       117., 38., 2., 1., 7., 3., 13., 102., 18., 0., 0., 0., 0., 0., 5.,
       16., 14., 9., 0., 0., 23., 114., 117., 20., 17., 9., 2., 4., 117.,
       109., 104., 117., 33., 7., 1., 1., 34., 57., 117., 116., 26., 7.,
       0., 0., 0., 0., 16., 11., 85., 91., 0., 0., 2., 10., 19., 9., 91.,
       96., 0., 0., 11., 15., 13., 16., 48., 117., 5., 0., 3., 15., 32.,
       11., 105., 100., 1., 0., 0., 0., 3., 0., 0., 7., 53., 5., 0., 0.,
       0., 0., 1., 28., 106., 40., 16., 0., 0., 1., 10., 42., 29., 67.,
       119., 3., 0., 6., 25., 22., 11., 52., 86., 5., 0., 0., 0., 4.,
       79., 25., 0., 0., 0., 9., 13., 79., 119., 104., 9., 1., 1., 110.,
       115., 118., 55., 19., 14., 1., 4., 15., 13., 16., 11., 107., 86.,
       0., 1., 0., 0., 0., 7., 18., 0., 0., 0., 13., 4., 4., 35., 119.,
       92., 5., 2., 97., 93., 115., 19., 49., 55., 5., 6., 25., 90.,
       119., 18., 25., 17., 0., 0., 0., 0., 0., 0., 0., 0., 0., 0., 0.,
       0., 0., 0., 9., 13., 0., 0., 3., 13., 20., 7., 71., 71., 1., 0.,
       23., 96., 63., 3., 13., 36., 1., 0., 0., 0., 3., 107., 91., 0.,
