%YAML:1.0
---
mat: !!opencv-matrix
   rows: 59
   cols: 128
   dt: f
   data: [ 0., 0., 0., 6., 75., 67., 2., 0., 1., 1., 22., 57., 81., 107.,
       36., 1., 118., 24., 20., 14., 4., 22., 27., 48., 45., 2., 0., 0.,
       1., 32., 13., 19., 0., 0., 0., 5., 73., 73., 4., 0., 4., 3., 14.,
       103., 118., 118., 31., 3., 118., 22., 16., 32., 11., 22., 26.,
       60., 70., 2., 0., 0., 0., 22., 20., 27., 0., 0., 0., 1., 78., 41.,
       1., 0., 2., 2., 11., 39., 118., 118., 63., 8., 93., 40., 39., 12.,
       5., 18., 87., 99., 62., 28., 4., 0., 0., 11., 8., 27., 0., 0., 0.,
       0., 29., 36., 2., 0., 0., 1., 9., 25., 87., 104., 83., 3., 14.,
       27., 36., 9., 4., 12., 118., 47., 33., 21., 3., 0., 0., 4., 38.,
       50., 37., 4., 8., 1., 0., 0., 0., 25., 25., 11., 52., 22., 1., 0.,
       0., 7., 9., 40., 60., 64., 38., 2., 0., 1., 64., 99., 18., 7., 8.,
       1., 0., 1., 15., 14., 116., 58., 4., 3., 1., 4., 19., 39., 116.,
       101., 8., 19., 9., 7., 73., 103., 55., 27., 52., 29., 16., 20.,
       116., 83., 1., 2., 18., 22., 24., 45., 77., 14., 36., 25., 13.,
       52., 21., 30., 84., 8., 15., 11., 7., 63., 116., 106., 68., 14.,
       2., 1., 1., 18., 116., 116., 28., 1., 0., 0., 0., 6., 58., 116.,
       39., 0., 0., 0., 1., 16., 63., 113., 36., 0., 0., 0., 0., 4., 54.,
       116., 13., 0., 0., 0., 0., 0., 33., 66., 8., 0., 0., 0., 0., 0.,
       3., 22., 0., 7., 23., 35., 32., 16., 1., 0., 1., 14., 115., 41.,
       24., 42., 30., 4., 71., 100., 107., 1., 0., 3., 15., 28., 43.,
       43., 2., 0., 0., 0., 0., 2., 0., 19., 8., 32., 54., 13., 1., 0.,
       4., 19., 90., 103., 102., 38., 28., 8., 115., 115., 60., 7., 2.,
       4., 17., 48., 98., 27., 0., 0., 0., 0., 0., 4., 0., 25., 16., 44.,
       69., 0., 0., 0., 12., 32., 25., 78., 115., 12., 22., 35., 115.,
       108., 18., 2., 3., 2., 19., 115., 77., 46., 2., 0., 0., 0., 0.,
       8., 2., 24., 10., 41., 58., 2., 0., 0., 7., 42., 31., 49., 81.,
       16., 32., 19., 113., 106., 15., 0., 0., 0., 21., 56., 60., 50.,
       1., 0., 0., 0., 0., 4., 3., 6., 87., 34., 2., 1., 0., 1., 7., 28.,
       118., 14., 1., 2., 1., 2., 1., 27., 118., 59., 7., 3., 0., 0.,
       51., 56., 52., 50., 10., 0., 0., 0., 17., 7., 51., 45., 53., 52.,
       24., 10., 118., 29., 67., 16., 30., 52., 21., 48., 13., 23., 78.,
       25., 66., 109., 24., 15., 118., 42., 26., 20., 8., 4., 13., 15.,
       34., 1., 0., 13., 88., 73., 8., 8., 118., 19., 0., 2., 50., 50.,
       11., 29., 54., 4., 0., 0., 90., 118., 73., 22., 54., 5., 0., 0.,
       3., 17., 118., 71., 15., 1., 0., 3., 23., 36., 59., 17., 66., 2.,
       0., 0., 11., 22., 77., 103., 31., 1., 0., 0., 1., 30., 59., 43.,
       1., 0., 0., 0., 0., 4., 87., 33., 1., 51., 55., 6., 0., 0., 0.,
       0., 1., 60., 69., 3., 0., 0., 0., 0., 2., 61., 57., 0., 0., 0.,
       0., 0., 15., 32., 3., 0., 0., 0., 0., 0., 41., 111., 94., 48.,
       11., 11., 6., 15., 111., 102., 91., 20., 5., 13., 12., 27., 37.,
       111., 86., 14., 50., 34., 12., 11., 111., 111., 9., 1., 3., 0.,
       0., 6., 28., 7., 2., 6., 8., 61., 111., 94., 111., 23., 9., 10.,
       6., 25., 104., 87., 46., 17., 11., 31., 69., 25., 75., 84., 111.,
       14., 1., 1., 5., 1., 10., 111., 14., 0., 0., 0., 0., 6., 51., 35.,
       16., 0., 0., 0., 0., 3., 81., 50., 15., 2., 0., 0., 1., 3., 78.,
       71., 32., 6., 0., 0., 0., 0., 7., 46., 12., 94., 105., 0., 0., 0.,
       0., 8., 50., 142., 51., 0., 0., 0., 0., 11., 83., 29., 0., 0., 0.,
       0., 0., 11., 26., 0., 0., 0., 0., 0., 0., 3., 40., 128., 53., 0.,
       0., 0., 0., 0., 147., 117., 18., 0., 0., 0., 0., 20., 147., 26.,
       0., 0., 0., 0., 0., 14., 31., 9., 0., 0., 0., 0., 0., 2., 100.,
       33., 0., 0., 0., 0., 0., 20., 147., 36., 0., 0., 0., 0., 0., 41.,
       147., 15., 0., 0., 0., 0., 2., 33., 29., 7., 0., 0., 0., 0., 1.,
       18., 68., 3., 0., 0., 0., 0., 25., 90., 147., 1., 0., 0., 0., 0.,
       4., 147., 102., 12., 6., 0., 0., 0., 0., 28., 18., 11., 2., 0.,
       0., 0., 0., 7., 36., 96., 26., 0., 0., 0., 21., 41., 145., 137.,
       12., 0., 0., 0., 0., 18., 97., 29., 0., 0., 0., 0., 0., 13., 33.,
       0., 0., 0., 0., 0., 0., 19., 57., 54., 9., 0., 1., 4., 12., 15.,
       145., 45., 2., 0., 0., 0., 0., 16., 145., 3., 0., 0., 0., 0., 0.,
       35., 41., 0., 0., 0., 0., 0., 0., 22., 27., 8., 0., 0., 1., 49.,
       145., 26., 145., 36., 0., 0., 0., 5., 56., 122., 145., 5., 0., 0.,
       0., 0., 0., 48., 26., 0., 0., 0., 0., 0., 0., 22., 22., 29., 7.,
       0., 0., 15., 124., 37., 41., 2., 0., 0., 0., 3., 76., 145., 60.,
       0., 0., 0., 0., 0., 0., 52., 17., 0., 0., 0., 0., 0., 0., 10.,
       17., 100., 84., 39., 11., 6., 2., 0., 20., 55., 75., 37., 9., 1.,
       4., 18., 8., 10., 67., 48., 25., 31., 33., 17., 77., 39., 59.,
       24., 34., 28., 4., 9., 44., 76., 10., 12., 40., 117., 31., 18.,
       117., 116., 8., 5., 15., 16., 5., 44., 50., 2., 0., 14., 89., 66.,
       24., 37., 117., 11., 0., 8., 87., 63., 3., 10., 26., 5., 1., 1.,
       53., 117., 40., 42., 117., 30., 1., 1., 20., 81., 79., 104., 65.,
       4., 0., 3., 54., 59., 34., 28., 41., 3., 0., 1., 34., 68., 95.,
       59., 10., 0., 0., 0., 1., 25., 28., 20., 11., 0., 0., 0., 0., 18.,
       71., 66., 9., 0., 0., 0., 1., 10., 41., 44., 3., 0., 0., 0., 0.,
       3., 58., 41., 1., 12., 128., 29., 0., 0., 0., 0., 44., 128., 128.,
       11., 0., 0., 0., 1., 14., 64., 43., 1., 0., 0., 0., 0., 1., 19.,
       24., 0., 0., 0., 0., 0., 28., 13., 92., 39., 4., 0., 0., 11.,
       128., 72., 32., 14., 2., 0., 0., 39., 67., 90., 58., 53., 13., 0.,
       0., 2., 28., 80., 38., 3., 0., 0., 0., 0., 44., 11., 4., 9., 4.,
       5., 20., 20., 112., 83., 119., 22., 3., 0., 0., 12., 19., 95.,
       128., 77., 9., 0., 0., 0., 14., 96., 128., 51., 0., 0., 0., 0.,
       1., 1., 22., 46., 19., 6., 15., 4., 4., 20., 82., 53., 20., 1.,
       0., 1., 1., 24., 108., 40., 6., 2., 0., 0., 10., 38., 107., 47.,
       4., 0., 0., 0., 32., 31., 30., 0., 0., 0., 1., 23., 26., 55., 34.,
       0., 0., 0., 3., 22., 33., 40., 5., 0., 0., 0., 5., 23., 37., 3.,
       0., 0., 0., 0., 1., 15., 8., 111., 141., 1., 0., 0., 0., 0., 21.,
       141., 141., 0., 0., 0., 0., 1., 131., 141., 26., 0., 0., 0., 0.,
       3., 80., 12., 0., 0., 0., 0., 0., 1., 43., 90., 34., 2., 1., 0.,
       0., 3., 141., 113., 27., 0., 0., 0., 0., 17., 141., 40., 1., 0.,
       0., 0., 0., 68., 90., 8., 2., 0., 0., 0., 0., 8., 24., 45., 10.,
       0., 0., 0., 0., 9., 141., 66., 6., 0., 0., 0., 0., 10., 141., 51.,
       0., 0., 0., 0., 0., 15., 41., 12., 6., 1., 1., 1., 3., 5., 8.,
       16., 6., 2., 1., 12., 25., 11., 37., 10., 6., 2., 1., 13., 19.,
       66., 96., 3., 1., 0., 0., 0., 15., 132., 100., 0., 0., 0., 0., 0.,
       0., 128., 31., 18., 4., 2., 0., 1., 21., 30., 87., 23., 2., 2.,
       0., 7., 54., 53., 132., 27., 0., 0., 0., 1., 12., 132., 89., 0.,
       0., 0., 0., 0., 0., 79., 8., 2., 0., 0., 0., 0., 132., 123., 15.,
       1., 0., 0., 0., 6., 132., 132., 108., 3., 0., 0., 0., 1., 70.,
       132., 53., 0., 0., 0., 0., 0., 0., 53., 1., 0., 0., 0., 0., 0.,
       71., 77., 2., 0., 0., 0., 0., 0., 62., 79., 10., 0., 0., 0., 0.,
       0., 18., 76., 18., 1., 0., 0., 0., 0., 0., 27., 45., 144., 24.,
       0., 1., 0., 0., 0., 28., 144., 42., 0., 0., 0., 0., 0., 3., 90.,
       28., 0., 0., 0., 0., 0., 3., 44., 4., 0., 0., 0., 0., 0., 61.,
       115., 26., 4., 3., 0., 1., 3., 50., 144., 144., 0., 0., 0., 0.,
       4., 100., 144., 78., 0., 0., 0., 0., 6., 31., 75., 1., 0., 0., 0.,
       0., 0., 21., 25., 24., 8., 7., 3., 5., 25., 96., 59., 55., 2., 2.,
       1., 0., 32., 144., 66., 6., 0., 0., 0., 0., 64., 69., 42., 0., 0.,
       0., 0., 0., 4., 11., 15., 26., 29., 2., 0., 0., 2., 129., 36.,
       17., 2., 0., 0., 0., 19., 144., 30., 0., 0., 0., 0., 0., 28., 38.,
       33., 0., 0., 0., 0., 0., 1., 84., 9., 0., 0., 0., 0., 2., 36.,
