%YAML:1.0
---
mat: !!opencv-matrix
   rows: 92
   cols: 128
   dt: f
   data: [ 20., 6., 13., 18., 33., 8., 2., 16., 3., 7., 31., 83., 135.,
       8., 0., 0., 135., 29., 3., 19., 79., 5., 1., 7., 82., 9., 0., 6.,
       69., 26., 9., 3., 13., 0., 5., 52., 127., 29., 1., 11., 8., 7.,
       66., 135., 105., 78., 17., 4., 135., 38., 26., 40., 16., 8., 13.,
       29., 135., 12., 3., 2., 7., 26., 17., 6., 1., 0., 32., 12., 46.,
       56., 2., 1., 3., 1., 8., 13., 40., 135., 113., 9., 135., 11., 2.,
       2., 2., 47., 109., 110., 69., 28., 25., 5., 1., 0., 0., 10., 0.,
       0., 37., 3., 1., 1., 0., 0., 0., 0., 17., 7., 5., 17., 7., 0., 7.,
       4., 1., 2., 4., 12., 16., 10., 5., 11., 14., 1., 0., 0., 0., 2.,
       53., 17., 6., 9., 2., 2., 11., 28., 2., 2., 34., 61., 21., 14.,
       5., 2., 3., 11., 30., 30., 19., 5., 0., 1., 1., 1., 0., 1., 1.,
       0., 0., 1., 16., 2., 79., 127., 1., 1., 10., 22., 16., 29., 127.,
       127., 11., 14., 6., 3., 127., 99., 79., 27., 1., 3., 3., 14., 21.,
       2., 0., 0., 3., 10., 5., 8., 2., 1., 54., 118., 3., 8., 81., 89.,
       22., 7., 18., 43., 13., 127., 127., 52., 127., 17., 4., 2., 1.,
       24., 50., 127., 27., 0., 0., 0., 14., 35., 5., 17., 9., 1., 1.,
       1., 15., 15., 57., 124., 2., 1., 5., 1., 9., 54., 103., 48., 12.,
       2., 16., 3., 1., 9., 76., 100., 2., 2., 3., 0., 17., 34., 5., 9.,
       0., 0., 0., 1., 0., 0., 12., 20., 0., 2., 14., 8., 0., 0., 11.,
       21., 0., 10., 12., 14., 12., 1., 9., 11., 0., 0., 8., 131., 44.,
       1., 1., 2., 0., 0., 0., 16., 21., 3., 10., 13., 10., 26., 80.,
       131., 63., 7., 3., 5., 99., 113., 64., 26., 46., 14., 2., 8., 9.,
       3., 1., 122., 131., 76., 0., 0., 6., 4., 0., 4., 52., 17., 2., 2.,
       16., 7., 11., 44., 131., 99., 33., 23., 131., 63., 19., 10., 18.,
       19., 23., 67., 20., 11., 1., 6., 131., 131., 0., 1., 7., 14., 0.,
       0., 27., 8., 1., 3., 1., 3., 11., 31., 131., 40., 16., 7., 71.,
       64., 29., 19., 17., 10., 25., 74., 24., 14., 1., 21., 84., 39.,
       1., 11., 4., 1., 0., 4., 121., 6., 1., 0., 121., 12., 0., 5., 68.,
       3., 0., 4., 50., 2., 14., 12., 0., 1., 1., 3., 0., 9., 37., 8.,
       0., 2., 1., 0., 3., 0., 0., 5., 121., 18., 0., 2., 121., 8., 1.,
       6., 89., 16., 0., 26., 48., 3., 42., 121., 70., 8., 13., 10., 17.,
       71., 116., 53., 7., 7., 47., 21., 2., 1., 1., 7., 121., 9., 0.,
       0., 121., 18., 1., 5., 98., 8., 0., 5., 48., 12., 14., 29., 121.,
       33., 19., 18., 35., 33., 39., 13., 18., 21., 58., 44., 1., 0., 0.,
       1., 105., 12., 0., 0., 121., 17., 1., 1., 86., 8., 1., 7., 43.,
       9., 9., 26., 121., 13., 0., 1., 106., 44., 22., 14., 37., 3., 1.,
       9., 0., 41., 71., 25., 16., 2., 0., 0., 6., 66., 102., 4., 0., 0.,
       0., 1., 1., 8., 102., 18., 4., 0., 0., 1., 0., 23., 113., 11., 1.,
       0., 0., 0., 13., 26., 33., 65., 115., 42., 2., 1., 115., 90., 41.,
       10., 9., 8., 5., 22., 26., 5., 24., 78., 103., 15., 7., 12., 4.,
       63., 91., 77., 24., 7., 6., 0., 8., 3., 1., 2., 66., 115., 59.,
       10., 115., 12., 0., 1., 10., 45., 89., 115., 30., 1., 0., 20.,
       111., 115., 65., 22., 5., 15., 4., 16., 20., 97., 115., 9., 0.,
       17., 12., 0., 1., 32., 30., 2., 3., 10., 5., 0., 0., 11., 53.,
       42., 1., 5., 6., 0., 1., 33., 43., 9., 0., 1., 4., 0., 0., 40.,
       89., 4., 20., 60., 76., 18., 3., 4., 5., 3., 124., 74., 10., 1.,
       1., 1., 3., 42., 37., 17., 5., 9., 7., 33., 42., 38., 65., 34.,
       5., 3., 2., 7., 12., 17., 37., 61., 23., 22., 81., 34., 15., 6.,
       137., 108., 10., 4., 4., 0., 1., 50., 85., 8., 6., 39., 43., 9.,
       13., 31., 71., 6., 5., 7., 11., 10., 6., 27., 20., 8., 3., 7.,
       102., 124., 103., 71., 137., 25., 2., 4., 7., 7., 49., 137., 81.,
       6., 2., 25., 52., 27., 21., 39., 80., 2., 1., 4., 14., 3., 5.,
       34., 0., 0., 1., 1., 2., 70., 137., 38., 7., 0., 6., 1., 1., 4.,
       67., 128., 4., 0., 10., 4., 3., 23., 31., 23., 8., 1., 15., 4.,
       4., 1., 7., 16., 10., 21., 7., 4., 63., 4., 1., 0., 18., 1., 1.,
       21., 141., 21., 10., 9., 55., 7., 1., 2., 11., 9., 91., 84., 58.,
       14., 0., 0., 0., 3., 29., 71., 67., 14., 2., 4., 68., 7., 0., 17.,
       51., 3., 0., 19., 141., 36., 2., 5., 141., 7., 0., 2., 15., 16.,
       16., 39., 44., 11., 0., 1., 13., 30., 17., 17., 82., 1., 0., 10.,
       85., 0., 0., 11., 38., 24., 9., 64., 141., 1., 0., 2., 141., 110.,
       6., 9., 11., 6., 2., 13., 28., 24., 0., 0., 8., 30., 24., 7., 60.,
       1., 0., 10., 87., 1., 0., 2., 24., 14., 5., 53., 141., 21., 4.,
       23., 141., 85., 4., 7., 8., 3., 3., 80., 38., 53., 1., 0., 5., 2.,
       2., 6., 13., 6., 1., 8., 126., 22., 0., 1., 126., 38., 2., 4.,
       34., 10., 0., 3., 62., 12., 1., 7., 54., 32., 3., 10., 77., 12.,
       0., 1., 2., 8., 3., 10., 12., 5., 1., 19., 126., 27., 1., 2.,
       126., 38., 2., 11., 49., 10., 2., 11., 91., 27., 5., 30., 108.,
       13., 0., 2., 122., 36., 2., 2., 3., 1., 0., 1., 4., 0., 6., 30.,
       126., 52., 15., 5., 126., 11., 7., 4., 31., 32., 27., 38., 97.,
       11., 0., 1., 126., 25., 0., 2., 126., 21., 0., 0., 9., 2., 0., 1.,
       0., 1., 27., 34., 57., 45., 20., 3., 72., 23., 33., 14., 9., 11.,
       30., 60., 60., 10., 0., 6., 123., 12., 1., 14., 126., 14., 0., 2.,
       13., 1., 0., 2., 6., 4., 5., 15., 26., 72., 27., 8., 118., 12.,
       1., 0., 0., 18., 57., 76., 68., 19., 7., 1., 5., 118., 73., 18.,
       3., 10., 7., 5., 23., 118., 28., 3., 43., 17., 10., 16., 33.,
       118., 33., 13., 118., 19., 2., 0., 0., 21., 70., 103., 34., 23.,
       16., 1., 9., 104., 54., 29., 17., 8., 4., 2., 52., 118., 14., 9.,
       10., 0., 0., 0., 2., 118., 106., 11., 118., 31., 1., 2., 5., 57.,
       87., 51., 33., 47., 5., 2., 5., 98., 26., 8., 4., 1., 4., 4., 30.,
       91., 25., 6., 0., 0., 0., 11., 38., 79., 24., 0., 7., 25., 18.,
       67., 70., 31., 20., 2., 10., 64., 62., 19., 2., 3., 1., 2., 6.,
       10., 47., 15., 5., 15., 8., 12., 2., 1., 0., 0., 12., 2., 0., 0.,
       16., 2., 0., 0., 2., 0., 0., 0., 6., 0., 0., 0., 8., 0., 0., 0.,
       6., 0., 0., 0., 0., 0., 0., 0., 28., 10., 2., 7., 127., 44., 5.,
       6., 127., 25., 1., 8., 51., 7., 4., 13., 127., 9., 0., 22., 127.,
       1., 0., 3., 127., 13., 0., 0., 1., 0., 0., 2., 11., 1., 1., 9.,
       84., 102., 127., 15., 127., 13., 0., 19., 37., 45., 119., 79.,
       121., 27., 0., 42., 122., 46., 47., 24., 127., 62., 0., 0., 0.,
       0., 9., 23., 1., 0., 0., 0., 0., 16., 77., 8., 1., 0., 0., 0., 3.,
       40., 103., 10., 7., 1., 0., 0., 6., 48., 127., 23., 26., 4., 0.,
       0., 0., 0., 39., 45., 30., 9., 1., 13., 16., 14., 14., 65., 56.,
       70., 15., 12., 2., 1., 2., 82., 18., 60., 61., 23., 47., 16., 9.,
       18., 17., 13., 8., 7., 33., 24., 79., 48., 54., 4., 2., 23., 18.,
       4., 4., 116., 24., 12., 26., 109., 30., 8., 7., 43., 116., 43.,
       27., 23., 3., 1., 8., 85., 34., 9., 9., 28., 13., 14., 51., 75.,
       68., 116., 9., 5., 15., 9., 5., 39., 16., 7., 4., 22., 41., 35.,
       116., 91., 116., 33., 12., 3., 2., 22., 116., 91., 24., 27., 41.,
       33., 2., 7., 19., 39., 82., 44., 2., 0., 0., 1., 3., 116., 24.,
       3., 1., 0., 0., 2., 61., 116., 0., 0., 0., 0., 0., 38., 111., 28.,
       1., 1., 1., 6., 25., 16., 67., 50., 31., 50., 0., 1., 13., 32.,
       29., 13., 47., 61., 1., 10., 35., 39., 5., 2., 8., 21., 47., 67.,
       47., 21., 2., 4., 68., 91., 43., 10., 0., 0., 0., 1., 22., 21.,
       8., 20., 94., 41., 4., 4., 121., 66., 3., 18., 68., 34., 3., 3.,
       17., 21., 26., 57., 121., 121., 19., 3., 113., 121., 21., 6., 8.,
       21., 31., 15., 35., 55., 72., 67., 24., 5., 25., 37., 121., 18.,
       5., 18., 10., 18., 29., 69., 43., 2., 0., 0., 17., 121., 89., 9.,
       16., 23., 1., 0., 4., 80., 121., 23., 110., 13., 4., 1., 0., 0.,
       23., 102., 46., 1., 0., 0., 0., 0., 30., 63., 31., 3., 12., 29.,
