%YAML:1.0
---
mat: !!opencv-matrix
   rows: 64
   cols: 128
   dt: f
   data: [ 0., 0., 0., 2., 1., 0., 24., 45., 2., 8., 25., 21., 1., 0.,
       16., 31., 15., 27., 15., 2., 1., 2., 15., 25., 2., 0., 0., 8.,
       65., 47., 12., 8., 2., 1., 0., 12., 30., 10., 12., 22., 17., 42.,
       76., 130., 122., 34., 5., 7., 130., 130., 49., 17., 5., 5., 6.,
       33., 43., 3., 0., 1., 56., 90., 18., 24., 57., 30., 15., 2., 19.,
       38., 13., 26., 21., 5., 3., 13., 119., 130., 48., 31., 130., 51.,
       2., 3., 11., 38., 31., 85., 87., 22., 0., 0., 39., 37., 3., 8.,
       88., 32., 18., 2., 1., 9., 7., 82., 7., 9., 1., 0., 72., 130.,
       10., 7., 121., 39., 1., 2., 43., 65., 8., 10., 96., 35., 1., 0.,
       8., 5., 1., 1., 111., 18., 1., 17., 29., 1., 5., 35., 55., 1., 0.,
       52., 111., 2., 1., 37., 67., 3., 8., 88., 66., 3., 1., 43., 67.,
       14., 14., 39., 48., 10., 8., 48., 111., 9., 8., 97., 34., 1., 0.,
       37., 111., 20., 11., 86., 59., 2., 1., 33., 49., 7., 12., 111.,
       111., 26., 12., 35., 111., 20., 14., 31., 19., 9., 12., 95., 35.,
       11., 15., 91., 57., 19., 12., 19., 111., 36., 19., 61., 28., 12.,
       14., 42., 42., 23., 24., 95., 68., 35., 24., 25., 87., 39., 24.,
       2., 3., 5., 12., 60., 1., 13., 89., 3., 7., 8., 7., 4., 8., 17.,
       94., 3., 6., 6., 9., 16., 7., 8., 76., 5., 10., 18., 17., 9., 13.,
       18., 64., 0., 0., 0., 4., 8., 0., 1., 5., 5., 3., 2., 92., 28.,
       7., 12., 10., 5., 5., 2., 80., 34., 10., 13., 17., 27., 20., 4.,
       57., 17., 21., 13., 7., 6., 15., 7., 33., 17., 2., 4., 11., 24.,
       58., 54., 31., 10., 78., 41., 24., 17., 33., 30., 15., 71., 56.,
       13., 11., 25., 105., 84., 18., 62., 82., 11., 4., 7., 80., 20.,
       9., 79., 6., 8., 11., 56., 114., 38., 12., 8., 114., 67., 19.,
       30., 56., 19., 9., 57., 103., 10., 1., 13., 114., 36., 6., 33.,
       91., 4., 0., 3., 95., 37., 2., 34., 6., 3., 2., 14., 114., 41.,
       10., 10., 114., 16., 3., 8., 49., 17., 15., 84., 97., 8., 1., 14.,
       114., 5., 0., 8., 108., 5., 0., 10., 60., 17., 1., 2., 43., 103.,
       27., 3., 10., 59., 89., 31., 116., 71., 1., 2., 11., 4., 17., 65.,
       49., 6., 1., 12., 116., 4., 1., 8., 93., 1., 1., 25., 55., 3., 0.,
       16., 24., 20., 0., 9., 66., 116., 114., 18., 116., 65., 1., 13.,
       46., 30., 8., 17., 73., 20., 6., 81., 116., 3., 0., 6., 85., 21.,
       4., 28., 85., 15., 1., 10., 12., 2., 9., 85., 102., 11., 3., 9.,
       116., 17., 6., 42., 62., 7., 2., 27., 55., 32., 14., 112., 96.,
       23., 14., 17., 69., 43., 13., 40., 32., 11., 6., 14., 2., 0., 27.,
       31., 26., 9., 5., 5., 24., 8., 44., 13., 10., 5., 5., 13., 6., 3.,
       56., 15., 18., 21., 16., 13., 10., 3., 60., 12., 4., 4., 5., 11.,
       1., 2., 4., 3., 1., 0., 45., 98., 8., 10., 5., 4., 12., 11., 27.,
       50., 58., 20., 11., 13., 27., 15., 4., 14., 59., 8., 1., 1., 5.,
       2., 11., 34., 12., 15., 15., 25., 43., 37., 14., 19., 112., 49.,
       18., 13., 29., 44., 12., 29., 79., 48., 6., 3., 112., 94., 4., 7.,
       75., 82., 91., 26., 17., 6., 1., 6., 58., 35., 6., 2., 23., 87.,
       16., 23., 112., 26., 1., 1., 29., 73., 13., 26., 48., 27., 5., 2.,
       84., 112., 8., 3., 3., 31., 112., 52., 39., 112., 34., 0., 104.,
       73., 9., 6., 26., 22., 3., 10., 61., 51., 1., 2., 73., 47., 1.,
       1., 67., 60., 0., 2., 45., 57., 2., 1., 2., 6., 14., 44., 107.,
       112., 39., 2., 5., 6., 13., 19., 32., 37., 14., 9., 62., 27., 14.,
       7., 18., 24., 9., 43., 43., 7., 6., 12., 61., 82., 14., 37., 77.,
       5., 2., 1., 47., 20., 6., 50., 6., 10., 12., 46., 117., 49., 11.,
       7., 117., 91., 20., 21., 31., 17., 6., 29., 76., 16., 0., 5.,
       108., 51., 5., 15., 107., 14., 0., 1., 43., 29., 2., 18., 5., 2.,
       2., 10., 117., 80., 12., 10., 117., 22., 4., 6., 36., 29., 19.,
       85., 81., 14., 1., 5., 117., 23., 0., 9., 117., 33., 0., 2., 34.,
       11., 0., 1., 1., 3., 3., 15., 117., 22., 2., 1., 115., 58., 8.,
       13., 39., 9., 4., 14., 57., 18., 0., 4., 117., 10., 0., 2., 117.,
       26., 0., 2., 30., 5., 0., 0., 73., 8., 0., 3., 22., 21., 28., 40.,
       28., 8., 2., 56., 150., 10., 1., 3., 150., 34., 3., 19., 27., 1.,
       0., 6., 60., 5., 1., 2., 4., 1., 0., 1., 34., 22., 9., 1., 30.,
       14., 10., 30., 40., 4., 1., 19., 150., 59., 5., 10., 150., 25.,
       1., 7., 45., 13., 5., 27., 77., 10., 4., 1., 4., 2., 0., 2., 23.,
       11., 9., 5., 13., 8., 15., 81., 7., 0., 7., 10., 137., 150., 52.,
       19., 130., 10., 14., 5., 13., 43., 77., 115., 36., 11., 57., 14.,
       0., 0., 0., 7., 0., 0., 73., 31., 1., 0., 3., 4., 0., 0., 84.,
       52., 7., 12., 8., 1., 1., 1., 95., 41., 0., 4., 14., 8., 0., 1.,
       100., 34., 0., 0., 0., 0., 0., 0., 0., 1., 1., 4., 110., 6., 0.,
       3., 12., 9., 2., 4., 111., 9., 5., 10., 9., 1., 0., 0., 113., 18.,
       1., 0., 0., 0., 0., 1., 105., 14., 1., 0., 0., 9., 39., 9., 37.,
       2., 15., 36., 66., 127., 126., 5., 12., 1., 133., 120., 49., 18.,
       5., 0., 13., 11., 16., 4., 21., 43., 6., 2., 25., 8., 3., 1., 0.,
       22., 91., 2., 1., 1., 59., 8., 3., 85., 133., 3., 1., 22., 133.,
       25., 5., 15., 21., 1., 1., 57., 18., 6., 12., 49., 32., 30., 4.,
       1., 1., 0., 0., 17., 112., 2., 1., 1., 52., 3., 1., 30., 133.,
       10., 4., 56., 133., 2., 2., 15., 27., 2., 1., 89., 5., 46., 26.,
       31., 32., 7., 2., 1., 4., 19., 23., 43., 122., 36., 8., 6., 122.,
       17., 2., 9., 62., 32., 24., 122., 93., 6., 1., 37., 87., 2., 0.,
       29., 38., 8., 1., 16., 78., 9., 2., 11., 17., 23., 106., 68., 44.,
       73., 23., 12., 122., 54., 9., 17., 26., 5., 12., 86., 83., 7., 0.,
       24., 122., 2., 0., 25., 55., 4., 2., 29., 87., 6., 1., 23., 15.,
       6., 8., 9., 27., 122., 101., 11., 122., 30., 2., 16., 32., 43.,
       34., 36., 67., 21., 7., 49., 80., 2., 0., 11., 53., 12., 7., 53.,
       87., 10., 2., 18., 1., 3., 24., 45., 31., 10., 5., 2., 56., 8.,
       7., 41., 44., 11., 2., 12., 36., 27., 18., 52., 29., 6., 5., 10.,
       29., 15., 11., 20., 35., 10., 3., 11., 31., 16., 4., 19., 147.,
       38., 0., 0., 147., 68., 4., 6., 36., 11., 0., 2., 45., 15., 4.,
       8., 39., 28., 4., 7., 7., 7., 27., 38., 39., 8., 1., 6., 22., 6.,
       9., 14., 147., 102., 8., 13., 147., 28., 0., 2., 49., 33., 10.,
       71., 65., 11., 3., 14., 86., 9., 1., 6., 24., 6., 1., 2., 63.,
       26., 3., 12., 11., 7., 42., 115., 79., 42., 8., 6., 147., 55., 6.,
       19., 25., 11., 7., 33., 66., 14., 0., 3., 84., 13., 0., 5., 36.,
       8., 2., 17., 61., 10., 1., 5., 5., 1., 8., 21., 16., 134., 81.,
       6., 117., 24., 2., 5., 9., 30., 58., 24., 38., 27., 9., 30., 32.,
       3., 0., 1., 18., 13., 6., 16., 50., 8., 0., 3., 31., 3., 0., 5.,
       80., 43., 4., 7., 87., 13., 2., 10., 55., 22., 6., 32., 30., 18.,
       24., 49., 119., 20., 0., 3., 90., 33., 12., 4., 6., 1., 0., 6.,
       41., 6., 2., 28., 119., 3., 0., 3., 119., 44., 5., 19., 81., 7.,
       0., 2., 37., 9., 2., 14., 119., 58., 16., 28., 115., 14., 1., 2.,
       7., 6., 9., 67., 28., 5., 0., 15., 119., 2., 0., 6., 119., 3., 0.,
       8., 86., 4., 0., 18., 44., 13., 7., 31., 119., 23., 4., 9., 119.,
       33., 5., 5., 7., 2., 2., 20., 28., 4., 0., 3., 119., 4., 0., 4.,
       119., 2., 0., 6., 56., 5., 0., 18., 28., 7., 6., 33., 116., 30.,
       5., 12., 110., 14., 3., 2., 4., 5., 4., 29., 4., 4., 3., 30.,
       110., 13., 3., 2., 116., 29., 6., 13., 28., 7., 7., 33., 56., 5.,
       0., 20., 119., 2., 0., 7., 119., 4., 0., 4., 28., 4., 0., 4., 7.,
       2., 2., 21., 119., 33., 5., 5., 119., 22., 4., 10., 44., 13., 7.,
       32., 85., 4., 0., 20., 119., 3., 0., 8., 119., 2., 0., 6., 28.,
       5., 0., 17., 7., 6., 9., 68., 115., 14., 1., 2., 119., 57., 16.,
       28., 37., 8., 2., 15., 81., 7., 0., 3., 119., 43., 5., 20., 119.,
       3., 0., 3., 41., 5., 2., 30., 7., 1., 0., 5., 90., 33., 13., 4.,
