%YAML:1.0
---
mat: !!opencv-matrix
   rows: 128
   cols: 128
   dt: f
   data: [ 66., 151., 9., 25., 37., 6., 1., 1., 151., 151., 0., 0., 1.,
       0., 0., 0., 20., 22., 1., 0., 2., 2., 0., 0., 0., 0., 0., 0., 0.,
       0., 0., 0., 57., 26., 1., 8., 15., 76., 41., 17., 151., 120., 0.,
       0., 0., 4., 5., 46., 97., 32., 1., 0., 0., 0., 0., 2., 1., 1., 0.,
       0., 0., 0., 0., 0., 38., 4., 3., 18., 34., 55., 25., 25., 151.,
       134., 2., 0., 2., 6., 8., 63., 96., 108., 1., 0., 0., 1., 1., 3.,
       3., 2., 0., 0., 0., 2., 1., 1., 41., 16., 5., 4., 2., 11., 27.,
       18., 74., 101., 3., 2., 8., 21., 22., 5., 151., 97., 1., 0., 1.,
       1., 1., 2., 16., 3., 0., 0., 0., 5., 2., 2., 8., 22., 64., 24.,
       17., 43., 21., 4., 67., 135., 59., 5., 2., 5., 4., 7., 10., 128.,
       27., 9., 10., 0., 0., 0., 0., 3., 1., 1., 2., 0., 0., 0., 1., 1.,
       15., 130., 54., 27., 9., 1., 33., 122., 122., 60., 29., 10., 2.,
       4., 135., 135., 34., 2., 1., 0., 0., 3., 13., 14., 1., 0., 0., 0.,
       0., 0., 0., 1., 63., 69., 35., 15., 0., 0., 66., 13., 15., 40.,
       69., 22., 5., 45., 135., 35., 2., 1., 2., 2., 2., 94., 26., 2.,
       0., 0., 0., 0., 0., 4., 9., 7., 65., 23., 5., 12., 6., 3., 100.,
       5., 13., 11., 2., 1., 1., 102., 135., 0., 0., 0., 0., 0., 0.,
       135., 10., 0., 0., 0., 0., 0., 0., 7., 74., 140., 15., 8., 13.,
       20., 7., 3., 115., 136., 0., 0., 0., 0., 0., 1., 9., 2., 0., 0.,
       0., 0., 0., 1., 0., 0., 0., 0., 0., 0., 0., 0., 62., 62., 9., 44.,
       20., 6., 9., 6., 164., 128., 0., 0., 0., 1., 4., 13., 62., 4., 0.,
       0., 0., 28., 12., 13., 0., 0., 0., 0., 0., 6., 0., 0., 41., 8.,
       1., 7., 11., 20., 38., 29., 164., 27., 0., 0., 0., 3., 7., 115.,
       98., 1., 0., 0., 1., 85., 19., 42., 0., 0., 0., 0., 1., 67., 1.,
       0., 41., 5., 4., 7., 14., 12., 9., 63., 164., 0., 0., 0., 0., 1.,
       3., 164., 50., 0., 0., 0., 0., 58., 13., 43., 0., 0., 0., 0., 1.,
       97., 1., 0., 15., 11., 14., 7., 0., 0., 0., 0., 28., 66., 54., 8.,
       5., 9., 1., 0., 2., 28., 83., 25., 11., 33., 48., 11., 1., 26.,
       85., 12., 2., 18., 98., 12., 7., 7., 20., 49., 29., 4., 0., 1.,
       120., 62., 55., 39., 44., 10., 4., 23., 19., 58., 100., 75., 120.,
       16., 5., 9., 37., 70., 120., 61., 14., 4., 3., 14., 7., 1., 0.,
       4., 29., 47., 17., 7., 120., 12., 1., 5., 50., 44., 38., 72., 27.,
       10., 11., 10., 120., 102., 119., 31., 68., 18., 17., 5., 14., 26.,
       120., 63., 12., 0., 0., 0., 0., 8., 12., 8., 48., 1., 0., 0., 1.,
       9., 34., 79., 21., 0., 0., 0., 4., 30., 97., 55., 2., 1., 8., 6.,
       2., 11., 120., 35., 1., 17., 120., 32., 3., 2., 8., 5., 6., 35.,
       114., 50., 16., 0., 0., 1., 1., 9., 34., 78., 45., 0., 0., 0., 0.,
       7., 13., 10., 16., 0., 0., 0., 16., 30., 120., 56., 75., 19., 19.,
       7., 120., 95., 119., 25., 25., 11., 12., 16., 53., 42., 40., 80.,
       120., 7., 1., 6., 29., 49., 19., 9., 7., 1., 0., 4., 11., 3., 3.,
       13., 29., 81., 120., 58., 120., 11., 4., 11., 19., 62., 97., 78.,
       44., 9., 3., 31., 120., 59., 52., 40., 30., 5., 0., 1., 7., 5.,
       18., 47., 4., 26., 101., 10., 1., 27., 70., 7., 13., 36., 43., 9.,
       3., 32., 75., 20., 4., 6., 1., 1., 32., 69., 52., 8., 0., 0., 0.,
       0., 12., 8., 13., 8., 14., 113., 53., 19., 9., 6., 0., 0., 55.,
       81., 1., 0., 0., 0., 0., 1., 4., 1., 0., 0., 0., 0., 1., 1., 0.,
       0., 0., 0., 0., 0., 0., 0., 43., 69., 5., 10., 69., 55., 4., 3.,
       150., 147., 1., 0., 0., 2., 6., 15., 60., 5., 0., 0., 0., 33.,
       40., 18., 0., 0., 0., 0., 0., 16., 10., 0., 29., 1., 0., 5., 102.,
       127., 16., 19., 150., 15., 0., 0., 2., 9., 9., 120., 118., 1., 0.,
       0., 0., 41., 50., 57., 0., 0., 0., 0., 0., 30., 18., 0., 12., 0.,
       0., 4., 36., 73., 142., 52., 136., 0., 0., 0., 1., 15., 73., 150.,
       41., 0., 0., 0., 0., 6., 17., 64., 0., 0., 0., 0., 0., 2., 2., 0.,
       7., 5., 5., 41., 53., 19., 11., 5., 119., 104., 2., 6., 7., 2.,
       1., 1., 163., 84., 0., 0., 0., 1., 1., 4., 12., 1., 0., 0., 0.,
       7., 3., 3., 2., 6., 19., 80., 30., 10., 19., 16., 95., 99., 6.,
       5., 3., 11., 18., 19., 163., 98., 0., 0., 0., 2., 4., 20., 44.,
       2., 0., 0., 1., 46., 13., 12., 0., 0., 1., 4., 31., 28., 40., 28.,
       86., 5., 0., 4., 20., 20., 20., 58., 163., 12., 0., 0., 0., 1.,
       3., 128., 58., 0., 0., 0., 1., 49., 12., 28., 5., 10., 14., 21.,
       35., 12., 7., 6., 102., 6., 2., 4., 9., 8., 10., 50., 163., 1.,
       0., 0., 0., 0., 2., 135., 28., 0., 0., 0., 0., 30., 8., 24., 35.,
       13., 5., 13., 122., 73., 50., 22., 160., 5., 0., 3., 35., 10., 1.,
       3., 58., 1., 1., 3., 10., 1., 0., 0., 0., 0., 1., 2., 66., 3., 0.,
       0., 33., 2., 2., 11., 160., 38., 9., 5., 160., 5., 0., 3., 81.,
       8., 0., 3., 70., 18., 31., 44., 29., 1., 0., 0., 0., 32., 23.,
       22., 71., 0., 0., 0., 14., 7., 13., 41., 160., 57., 78., 12.,
       160., 9., 0., 3., 47., 24., 82., 97., 47., 23., 13., 21., 89.,
       64., 19., 11., 6., 60., 24., 24., 35., 26., 47., 7., 0., 0., 2.,
       1., 4., 27., 78., 3., 6., 0., 1., 1., 6., 13., 78., 36., 2., 0.,
       0., 0., 10., 38., 21., 6., 1., 0., 0., 0., 5., 27., 51., 3., 1.,
       6., 21., 56., 111., 35., 6., 0., 65., 101., 6., 17., 28., 21., 2.,
       1., 129., 56., 0., 0., 0., 2., 3., 26., 107., 9., 3., 1., 0., 0.,
       0., 16., 2., 64., 93., 27., 42., 22., 0., 0., 55., 78., 20., 59.,
       75., 32., 5., 9., 129., 104., 4., 3., 1., 1., 1., 35., 84., 11.,
       14., 5., 0., 0., 0., 13., 29., 94., 39., 20., 11., 4., 1., 1.,
       76., 39., 6., 14., 25., 36., 61., 105., 129., 15., 5., 2., 0., 2.,
       18., 129., 32., 8., 36., 20., 0., 0., 0., 4., 48., 47., 22., 25.,
       3., 2., 21., 69., 129., 28., 1., 0., 0., 0., 7., 129., 44., 7.,
       24., 9., 0., 0., 2., 60., 1., 1., 35., 25., 0., 0., 0., 0., 8.,
       7., 3., 0., 0., 0., 0., 0., 7., 4., 17., 2., 0., 5., 13., 3., 4.,
       5., 23., 0., 0., 1., 19., 8., 3., 3., 17., 0., 0., 3., 14., 4.,
       31., 59., 23., 11., 15., 4., 1., 2., 11., 22., 136., 106., 80.,
       3., 0., 0., 60., 81., 152., 15., 4., 3., 7., 19., 3., 14., 121.,
       22., 21., 26., 11., 6., 58., 14., 1., 2., 44., 19., 20., 32., 59.,
       10., 11., 28., 152., 15., 0., 3., 152., 30., 12., 6., 35., 5.,
       10., 39., 24., 3., 10., 15., 152., 64., 17., 12., 5., 0., 0., 0.,
       39., 3., 8., 12., 35., 8., 0., 1., 152., 6., 0., 1., 152., 81.,
       28., 9., 39., 1., 0., 0., 18., 17., 60., 82., 93., 5., 2., 4.,
       86., 5., 2., 3., 20., 19., 63., 84., 45., 1., 0., 0., 151., 87.,
       26., 8., 151., 12., 0., 1., 31., 8., 0., 1., 34., 4., 9., 14., 6.,
       0., 0., 0., 151., 65., 17., 12., 26., 4., 8., 14., 37., 5., 10.,
       35., 151., 35., 12., 6., 151., 22., 0., 3., 56., 10., 12., 28.,
       41., 20., 20., 31., 60., 17., 2., 2., 23., 29., 12., 7., 3., 13.,
       120., 24., 5., 3., 7., 19., 63., 78., 151., 15., 79., 3., 0., 0.,
       11., 21., 137., 107., 15., 3., 1., 1., 28., 58., 23., 11., 0., 2.,
       13., 4., 3., 3., 20., 1., 0., 1., 18., 9., 4., 5., 24., 0., 0.,
       5., 14., 3., 7., 4., 18., 2., 0., 1., 0., 0., 8., 7., 3., 0., 6.,
       3., 1., 0., 49., 4., 0., 0., 35., 6., 0., 1., 156., 24., 0., 6.,
       115., 40., 35., 24., 40., 63., 18., 40., 40., 73., 55., 42., 17.,
       93., 8., 13., 16., 16., 11., 5., 49., 2., 0., 5., 56., 4., 0., 3.,
       156., 33., 7., 10., 156., 20., 0., 0., 35., 84., 24., 50., 24.,
       34., 0., 0., 2., 156., 27., 4., 22., 2., 3., 2., 22., 10., 2.,
       34., 12., 0., 0., 1., 115., 111., 112., 28., 124., 6., 0., 0., 7.,
       19., 97., 127., 23., 1., 0., 0., 0., 87., 24., 10., 11., 0., 0.,
       0., 0., 1., 1., 6., 7., 0., 0., 0., 0., 6., 25., 6., 7., 0., 0.,
       0., 0., 0., 20., 16., 6., 0., 0., 0., 0., 0., 1., 3., 0., 2., 2.,
       4., 5., 0., 0., 0., 0., 0., 21., 15., 6., 0., 0., 0., 0., 6., 26.,
