%YAML:1.0
---
mat: !!opencv-matrix
   rows: 50
   cols: 128
   dt: f
   data: [ 0., 0., 0., 20., 37., 51., 1., 0., 0., 6., 8., 19., 82., 122.,
       12., 0., 112., 88., 14., 4., 17., 122., 95., 90., 122., 22., 0.,
       0., 0., 1., 32., 102., 0., 0., 4., 57., 34., 1., 0., 0., 14., 13.,
       23., 122., 99., 43., 11., 7., 122., 33., 17., 18., 8., 35., 78.,
       122., 46., 2., 0., 0., 0., 0., 18., 83., 2., 1., 4., 42., 20., 6.,
       3., 7., 11., 2., 2., 22., 60., 64., 122., 71., 97., 12., 1., 2.,
       2., 8., 86., 76., 8., 2., 0., 0., 0., 0., 0., 2., 26., 4., 3., 6.,
       0., 0., 1., 59., 25., 0., 0., 0., 0., 2., 40., 122., 0., 0., 0.,
       0., 0., 1., 23., 11., 0., 0., 0., 0., 0., 0., 0., 0., 49., 111.,
       118., 40., 0., 0., 0., 8., 49., 118., 59., 1., 0., 0., 0., 1., 2.,
       6., 10., 1., 0., 0., 0., 0., 0., 0., 0., 0., 0., 0., 0., 0., 68.,
       49., 69., 75., 13., 7., 65., 118., 97., 118., 118., 24., 22., 23.,
       13., 55., 78., 78., 99., 7., 1., 2., 2., 11., 16., 2., 0., 0., 0.,
       0., 0., 3., 1., 0., 0., 1., 4., 32., 118., 118., 8., 7., 12., 10.,
       28., 118., 81., 30., 118., 62., 9., 2., 2., 22., 49., 69., 52.,
       106., 2., 0., 0., 0., 0., 3., 0., 0., 0., 0., 3., 36., 22., 9.,
       0., 0., 0., 0., 11., 60., 20., 1., 7., 19., 2., 1., 7., 31., 13.,
       7., 2., 118., 11., 1., 1., 1., 0., 0., 1., 39., 42., 31., 2., 0.,
       0., 0., 0., 17., 79., 119., 7., 0., 0., 0., 4., 55., 99., 69.,
       15., 3., 0., 0., 8., 22., 42., 80., 22., 9., 8., 7., 48., 68.,
       31., 43., 26., 3., 1., 3., 27., 39., 52., 133., 133., 9., 0., 2.,
       133., 103., 45., 29., 20., 11., 8., 12., 18., 3., 2., 7., 13.,
       25., 75., 35., 82., 10., 0., 3., 31., 21., 5., 14., 54., 5., 1.,
       10., 133., 110., 7., 17., 133., 10., 1., 2., 23., 21., 8., 53.,
       33., 0., 0., 0., 0., 0., 21., 28., 65., 10., 1., 6., 15., 17., 1.,
       8., 36., 3., 0., 1., 123., 98., 3., 8., 133., 24., 1., 2., 26.,
       26., 5., 20., 42., 4., 0., 0., 0., 0., 7., 17., 3., 1., 4., 42.,
       130., 7., 2., 2., 130., 16., 3., 18., 60., 8., 4., 39., 55., 5.,
       1., 48., 103., 3., 2., 14., 4., 0., 0., 7., 20., 1., 2., 19., 10.,
       7., 10., 116., 130., 0., 0., 0., 130., 51., 11., 48., 53., 0., 0.,
       3., 67., 18., 2., 46., 97., 4., 2., 10., 21., 13., 1., 3., 5., 1.,
       2., 15., 22., 8., 6., 78., 130., 34., 16., 24., 130., 13., 2.,
       27., 49., 12., 14., 113., 42., 19., 6., 45., 87., 7., 2., 16.,
       15., 18., 2., 1., 1., 0., 1., 9., 5., 1., 0., 1., 27., 85., 89.,
       45., 24., 0., 0., 0., 18., 45., 82., 130., 5., 2., 0., 3., 47.,
       64., 60., 61., 3., 2., 0., 0., 0., 0., 19., 38., 0., 1., 17., 20.,
       45., 0., 0., 1., 39., 6., 0., 15., 148., 8., 0., 0., 148., 61.,
       0., 6., 33., 2., 0., 1., 17., 11., 5., 48., 98., 0., 0., 0., 0.,
       0., 17., 22., 44., 0., 0., 0., 28., 5., 0., 30., 148., 14., 1.,
       2., 148., 44., 0., 9., 42., 4., 1., 6., 34., 12., 1., 23., 143.,
       1., 0., 1., 0., 0., 13., 18., 29., 1., 0., 0., 17., 3., 1., 18.,
       148., 46., 4., 5., 148., 44., 2., 8., 36., 12., 4., 14., 32., 12.,
       1., 17., 105., 8., 1., 6., 0., 0., 12., 17., 12., 0., 0., 0., 3.,
       6., 5., 45., 148., 2., 0., 0., 133., 84., 7., 20., 43., 0., 0.,
       0., 38., 20., 1., 12., 62., 3., 0., 1., 62., 3., 0., 1., 36., 18.,
       1., 12., 40., 0., 0., 0., 138., 82., 7., 20., 149., 2., 0., 0.,
       4., 7., 5., 49., 13., 0., 0., 0., 0., 0., 12., 17., 105., 7., 1.,
       6., 32., 11., 1., 18., 36., 11., 5., 15., 149., 41., 2., 8., 149.,
       44., 4., 5., 17., 3., 2., 20., 29., 1., 0., 0., 0., 0., 13., 18.,
       141., 1., 0., 1., 36., 12., 1., 25., 42., 4., 1., 7., 149., 41.,
       0., 9., 149., 12., 1., 2., 27., 4., 0., 33., 43., 0., 0., 0., 0.,
       0., 18., 22., 95., 0., 0., 0., 19., 12., 6., 50., 35., 2., 0., 1.,
       149., 57., 0., 6., 149., 6., 0., 1., 36., 5., 0., 18., 42., 0.,
       0., 1., 0., 1., 18., 20., 2., 69., 124., 10., 4., 3., 2., 0.,
       137., 88., 63., 4., 1., 0., 0., 9., 49., 4., 0., 0., 0., 1., 22.,
       28., 0., 0., 0., 0., 0., 5., 43., 4., 21., 17., 22., 6., 24., 70.,
       16., 11., 138., 63., 12., 2., 6., 19., 7., 47., 101., 14., 3., 0.,
       0., 0., 16., 44., 8., 1., 0., 0., 0., 1., 50., 26., 17., 2., 1.,
       3., 7., 38., 28., 15., 138., 138., 1., 0., 3., 32., 22., 23., 83.,
       138., 23., 0., 0., 1., 1., 5., 72., 17., 1., 0., 0., 0., 25., 40.,
       0., 0., 0., 0., 0., 9., 71., 20., 7., 46., 0., 0., 5., 94., 45.,
       21., 138., 138., 4., 0., 4., 37., 4., 7., 138., 26., 0., 0., 0.,
       0., 13., 45., 13., 127., 9., 0., 0., 0., 0., 0., 21., 127., 78.,
       62., 3., 0., 0., 0., 46., 127., 127., 87., 4., 0., 0., 0., 91.,
       127., 31., 0., 0., 0., 0., 0., 9., 48., 5., 1., 1., 0., 0., 2.,
       8., 82., 127., 73., 12., 6., 2., 2., 127., 119., 68., 46., 2., 1.,
       1., 10., 127., 127., 4., 0., 0., 0., 0., 4., 0., 0., 0., 1., 2.,
       0., 0., 0., 5., 3., 8., 15., 17., 28., 26., 9., 127., 60., 6., 3.,
       1., 7., 22., 34., 84., 127., 34., 0., 0., 0., 0., 2., 0., 0., 0.,
       0., 0., 0., 0., 0., 0., 0., 0., 0., 0., 1., 4., 0., 13., 16., 13.,
       3., 0., 1., 6., 4., 4., 46., 25., 1., 0., 0., 0., 0., 0., 0., 0.,
       0., 0., 0., 0., 0., 0., 0., 1., 0., 0., 0., 0., 0., 1., 1., 1.,
       0., 0., 1., 6., 7., 0., 0., 0., 0., 0., 2., 28., 40., 1., 0., 0.,
       3., 4., 2., 1., 0., 7., 10., 16., 34., 24., 15., 6., 2., 108.,
       29., 14., 6., 2., 3., 21., 74., 31., 7., 0., 0., 0., 0., 103.,
       130., 12., 1., 0., 2., 3., 6., 42., 54., 5., 2., 1., 8., 16., 82.,
       130., 37., 117., 36., 1., 1., 1., 27., 130., 84., 130., 73., 0.,
       0., 0., 0., 40., 124., 2., 0., 0., 0., 0., 0., 20., 107., 0., 0.,
       0., 0., 0., 34., 130., 129., 2., 1., 0., 0., 0., 29., 130., 71.,
       70., 3., 0., 0., 0., 0., 93., 130., 27., 8., 6., 93., 90., 0., 0.,
       6., 131., 58., 10., 59., 59., 1., 0., 8., 94., 45., 35., 2., 3.,
       16., 5., 4., 0., 1., 14., 1., 1., 9., 6., 0., 8., 2., 7., 105.,
       131., 0., 0., 2., 131., 37., 9., 45., 77., 0., 0., 15., 80., 30.,
       100., 95., 17., 0., 0., 2., 0., 1., 45., 17., 1., 0., 0., 0., 16.,
       1., 3., 86., 131., 1., 0., 3., 131., 12., 2., 33., 61., 1., 0.,
       21., 38., 7., 9., 114., 104., 0., 0., 1., 0., 0., 5., 16., 8., 0.,
       0., 0., 18., 3., 2., 45., 131., 3., 1., 5., 131., 12., 2., 19.,
       38., 2., 1., 26., 11., 2., 1., 34., 77., 4., 7., 3., 0., 0., 0.,
       1., 3., 1., 3., 1., 98., 3., 0., 1., 34., 16., 0., 9., 68., 9.,
       1., 1., 138., 54., 0., 4., 138., 16., 0., 0., 5., 2., 3., 13., 6.,
       0., 0., 0., 0., 0., 19., 11., 94., 0., 0., 0., 22., 16., 15., 60.,
       66., 7., 0., 0., 138., 89., 3., 9., 138., 25., 0., 0., 23., 9.,
       4., 18., 20., 1., 8., 19., 12., 3., 17., 11., 4., 0., 1., 0., 9.,
       17., 53., 46., 21., 1., 0., 0., 138., 138., 17., 14., 138., 10.,
       0., 0., 27., 34., 10., 55., 33., 1., 5., 18., 76., 46., 6., 14.,
       8., 26., 27., 1., 2., 4., 11., 3., 14., 17., 2., 2., 138., 60.,
       4., 1., 138., 56., 0., 4., 70., 14., 1., 10., 48., 8., 0., 0.,
       66., 41., 4., 6., 5., 12., 8., 40., 90., 0., 0., 0., 7., 10., 28.,
       57., 125., 16., 10., 4., 125., 44., 22., 3., 1., 3., 7., 17., 65.,
       9., 4., 60., 123., 2., 0., 2., 6., 10., 13., 83., 98., 5., 0., 0.,
       15., 14., 57., 86., 104., 25., 21., 6., 125., 37., 27., 5., 1.,
       3., 10., 20., 54., 13., 6., 71., 125., 5., 0., 3., 1., 10., 22.,
       25., 50., 31., 9., 0., 9., 4., 11., 14., 37., 72., 125., 18.,
       112., 17., 10., 10., 6., 4., 72., 76., 21., 12., 10., 124., 125.,
       0., 0., 3., 1., 8., 32., 1., 0., 1., 1., 0., 0., 9., 33., 1., 0.,
       3., 16., 1., 1., 7., 33., 15., 11., 0., 8., 5., 15., 2., 5., 73.,
       125., 0., 0., 2., 19., 12., 4., 37., 116., 9., 1., 0., 133., 47.,
