%YAML:1.0
---
mat: !!opencv-matrix
   rows: 94
   cols: 128
   dt: f
   data: [ 132., 27., 3., 4., 21., 1., 0., 3., 39., 7., 4., 24., 132.,
       8., 0., 3., 132., 1., 0., 3., 39., 5., 0., 14., 17., 0., 0., 0.,
       26., 11., 0., 3., 101., 98., 20., 14., 11., 3., 6., 27., 38., 30.,
       34., 113., 71., 26., 8., 7., 132., 11., 3., 15., 20., 5., 1., 8.,
       25., 0., 0., 0., 42., 12., 0., 2., 130., 4., 1., 1., 6., 14., 24.,
       101., 38., 2., 2., 8., 95., 128., 35., 26., 132., 1., 0., 1., 26.,
       19., 3., 15., 29., 0., 0., 0., 52., 6., 0., 1., 132., 1., 0., 0.,
       12., 9., 5., 25., 40., 0., 0., 0., 132., 32., 3., 7., 132., 0.,
       0., 0., 38., 10., 2., 17., 23., 0., 0., 0., 40., 8., 0., 2., 9.,
       35., 21., 48., 47., 0., 0., 1., 91., 92., 50., 41., 32., 0., 0.,
       7., 38., 41., 50., 63., 28., 0., 0., 2., 18., 30., 33., 17., 25.,
       0., 0., 1., 7., 117., 45., 52., 57., 3., 0., 1., 117., 33., 12.,
       39., 57., 0., 0., 31., 101., 16., 10., 69., 117., 0., 0., 21.,
       100., 15., 4., 6., 23., 3., 0., 28., 18., 51., 22., 18., 23., 27.,
       11., 13., 117., 77., 25., 31., 10., 11., 11., 67., 117., 25., 23.,
       95., 51., 22., 6., 28., 114., 1., 1., 1., 26., 5., 0., 34., 22.,
       0., 0., 3., 12., 54., 46., 33., 113., 1., 0., 1., 37., 31., 24.,
       117., 94., 1., 0., 4., 79., 54., 12., 45., 74., 0., 0., 1., 31.,
       1., 0., 25., 34., 53., 47., 30., 61., 7., 0., 0., 99., 115., 23.,
       29., 54., 10., 1., 2., 113., 42., 10., 35., 68., 14., 1., 2., 61.,
       15., 0., 0., 16., 18., 0., 2., 21., 34., 28., 15., 15., 30., 25.,
       14., 115., 61., 13., 14., 11., 29., 24., 79., 115., 29., 5., 14.,
       42., 112., 28., 23., 115., 25., 0., 0., 23., 17., 1., 2., 12., 1.,
       3., 6., 17., 56., 82., 45., 115., 18., 0., 0., 8., 31., 56., 72.,
       98., 9., 0., 0., 82., 115., 30., 34., 101., 10., 0., 0., 22., 22.,
       17., 35., 14., 2., 3., 2., 1., 9., 47., 115., 35., 1., 0., 0., 0.,
       13., 86., 99., 18., 0., 0., 0., 4., 37., 54., 43., 5., 0., 0., 0.,
       20., 27., 36., 22., 32., 61., 14., 9., 2., 0., 0., 0., 3., 20.,
       79., 63., 12., 2., 1., 1., 10., 42., 31., 39., 11., 3., 1., 0.,
       17., 18., 0., 0., 0., 2., 4., 1., 9., 125., 125., 21., 3., 0., 0.,
       0., 9., 49., 108., 98., 17., 6., 6., 3., 84., 78., 41., 15., 3.,
       1., 10., 36., 48., 26., 0., 0., 0., 9., 17., 34., 57., 125., 62.,
       5., 4., 13., 13., 18., 83., 125., 24., 9., 4., 11., 25., 49.,
       125., 11., 1., 1., 0., 1., 24., 125., 31., 2., 0., 0., 0., 17.,
       35., 77., 76., 68., 9., 2., 15., 26., 18., 104., 125., 52., 3.,
       0., 1., 2., 3., 125., 105., 36., 0., 0., 0., 0., 0., 66., 30.,
       25., 0., 0., 0., 3., 1., 7., 2., 4., 8., 31., 21., 7., 20., 6.,
       1., 15., 40., 37., 38., 8., 3., 1., 12., 58., 31., 4., 2., 0., 4.,
       7., 11., 14., 3., 0., 0., 4., 22., 10., 0., 16., 41., 74., 47.,
       5., 0., 0., 6., 22., 90., 95., 59., 8., 2., 4., 114., 106., 33.,
       10., 2., 1., 1., 40., 72., 18., 1., 0., 0., 3., 19., 52., 0., 28.,
       125., 93., 11., 1., 0., 0., 9., 65., 125., 58., 26., 8., 12., 17.,
       125., 98., 26., 1., 1., 1., 6., 44., 81., 65., 13., 0., 0., 0.,
       0., 5., 25., 49., 125., 87., 8., 1., 7., 12., 71., 103., 125., 3.,
       2., 16., 22., 21., 125., 108., 31., 0., 0., 1., 1., 8., 20., 79.,
       39., 0., 0., 0., 0., 0., 15., 2., 3., 9., 13., 1., 0., 13., 31.,
       0., 0., 0., 0., 0., 0., 34., 4., 0., 0., 0., 0., 0., 0., 8., 0.,
       0., 0., 0., 0., 0., 0., 0., 81., 124., 65., 14., 7., 8., 8., 25.,
       145., 60., 0., 0., 0., 0., 2., 145., 39., 3., 0., 0., 1., 6., 15.,
       83., 0., 0., 0., 0., 0., 1., 1., 1., 80., 57., 11., 3., 4., 27.,
       145., 145., 145., 48., 0., 0., 0., 1., 60., 145., 60., 16., 0.,
       0., 1., 7., 16., 33., 0., 0., 0., 0., 0., 1., 0., 0., 145., 31.,
       1., 0., 0., 0., 26., 145., 46., 0., 0., 0., 8., 9., 61., 145., 3.,
       0., 0., 0., 6., 11., 21., 14., 0., 0., 0., 0., 0., 0., 0., 0.,
       128., 0., 0., 5., 44., 23., 4., 29., 115., 1., 1., 15., 105., 14.,
       1., 24., 128., 3., 0., 4., 29., 8., 1., 72., 65., 0., 0., 0., 0.,
       0., 0., 14., 128., 2., 0., 24., 45., 6., 15., 65., 104., 25., 12.,
       86., 80., 23., 5., 26., 128., 74., 9., 14., 8., 6., 3., 48., 74.,
       4., 0., 0., 0., 0., 0., 7., 32., 0., 0., 2., 6., 13., 107., 128.,
       23., 4., 1., 12., 43., 106., 117., 75., 128., 12., 1., 2., 3.,
       11., 61., 128., 52., 1., 0., 0., 0., 0., 0., 16., 22., 0., 0., 0.,
       0., 0., 12., 31., 28., 0., 0., 0., 0., 6., 37., 34., 26., 0., 0.,
       0., 0., 1., 18., 48., 18., 0., 0., 0., 0., 0., 0., 4., 121., 121.,
       8., 2., 5., 23., 2., 2., 46., 35., 15., 49., 89., 0., 0., 0.,
       121., 61., 30., 25., 32., 0., 0., 9., 75., 13., 4., 0., 0., 0.,
       0., 7., 107., 71., 4., 10., 28., 40., 30., 42., 62., 68., 17.,
       66., 83., 9., 10., 15., 121., 28., 10., 20., 35., 1., 0., 16.,
       53., 28., 73., 6., 0., 0., 4., 12., 21., 3., 3., 5., 9., 9., 88.,
       121., 23., 4., 2., 12., 121., 70., 41., 31., 121., 17., 5., 4.,
       26., 9., 0., 80., 23., 12., 23., 2., 0., 2., 19., 104., 44., 19.,
       3., 5., 16., 1., 4., 30., 17., 4., 2., 29., 121., 6., 2., 4.,
       111., 60., 19., 4., 23., 1., 0., 35., 25., 28., 57., 2., 0., 0.,
       2., 30., 6., 89., 78., 42., 21., 0., 0., 0., 18., 39., 99., 86.,
       28., 0., 0., 5., 80., 27., 69., 19., 0., 0., 0., 78., 63., 10.,
       4., 1., 0., 0., 0., 42., 0., 38., 86., 16., 2., 43., 119., 3.,
       45., 74., 56., 34., 3., 52., 54., 6., 123., 123., 1., 0., 0., 3.,
       3., 40., 36., 34., 10., 0., 0., 0., 0., 9., 6., 10., 6., 4., 3.,
       56., 116., 4., 31., 6., 2., 27., 62., 123., 76., 10., 123., 25.,
       0., 4., 12., 17., 8., 34., 37., 30., 11., 0., 0., 0., 0., 1., 3.,
       56., 123., 36., 2., 1., 0., 0., 51., 7., 69., 123., 36., 4., 0.,
       16., 123., 11., 4., 10., 6., 1., 0., 32., 12., 21., 14., 0., 0.,
       0., 0., 0., 7., 40., 35., 34., 41., 46., 5., 4., 45., 110., 37.,
       19., 21., 64., 18., 11., 84., 81., 39., 47., 8., 2., 6., 6., 105.,
       28., 11., 10., 31., 0., 0., 1., 14., 23., 61., 80., 25., 17., 13.,
       15., 110., 30., 38., 13., 15., 39., 47., 94., 110., 15., 8., 10.,
       41., 52., 47., 43., 110., 8., 2., 6., 34., 8., 1., 10., 11., 2.,
       12., 62., 4., 13., 105., 110., 110., 48., 9., 8., 8., 20., 110.,
       63., 70., 18., 7., 25., 54., 15., 66., 75., 83., 11., 3., 13.,
       15., 21., 40., 60., 13., 0., 0., 0., 0., 5., 51., 74., 17., 1.,
       0., 0., 0., 9., 89., 57., 16., 0., 0., 0., 0., 1., 68., 90., 17.,
       0., 0., 0., 0., 7., 41., 60., 8., 29., 44., 13., 6., 41., 63., 7.,
       113., 25., 2., 0., 0., 8., 69., 132., 138., 2., 0., 0., 0., 0.,
       0., 108., 53., 0., 0., 2., 12., 1., 0., 44., 29., 56., 43., 9.,
       5., 35., 98., 27., 138., 110., 2., 0., 0., 0., 33., 70., 138.,
       38., 0., 0., 0., 0., 2., 63., 64., 0., 0., 7., 25., 0., 0., 18.,
       2., 0., 0., 0., 0., 24., 138., 36., 32., 5., 0., 0., 0., 0., 134.,
       138., 116., 4., 0., 0., 2., 2., 27., 138., 22., 0., 0., 4., 30.,
       9., 2., 22., 0., 0., 0., 0., 0., 0., 1., 2., 2., 0., 0., 0., 0.,
       0., 4., 28., 4., 0., 0., 0., 2., 2., 4., 45., 0., 0., 0., 0., 8.,
       11., 1., 3., 109., 135., 0., 0., 0., 0., 0., 4., 30., 135., 6.,
       0., 0., 2., 0., 0., 4., 66., 3., 0., 1., 29., 1., 0., 0., 1., 0.,
       0., 1., 18., 2., 0., 110., 125., 31., 2., 0., 0., 2., 52., 20.,
       135., 111., 0., 0., 0., 0., 1., 108., 135., 27., 0., 0., 4., 1.,
       2., 30., 17., 0., 0., 0., 16., 20., 3., 16., 32., 86., 60., 13.,
       2., 5., 28., 135., 86., 77., 1., 0., 0., 0., 82., 135., 57., 4.,
       0., 0., 0., 0., 34., 36., 11., 0., 0., 0., 1., 2., 1., 8., 1., 3.,
       16., 16., 13., 77., 96., 56., 2., 1., 0., 0., 0., 9., 129., 30.,
       3., 0., 0., 0., 0., 0., 9., 0., 0., 0., 0., 0., 0., 0., 0., 27.,
