%YAML:1.0
---
mat: !!opencv-matrix
   rows: 129
   cols: 128
   dt: f
   data: [ 0., 0., 0., 3., 39., 14., 0., 0., 31., 11., 1., 10., 134.,
       45., 5., 23., 61., 30., 18., 10., 10., 9., 28., 84., 3., 0., 3.,
       4., 10., 56., 84., 28., 0., 0., 0., 2., 22., 2., 0., 0., 29., 38.,
       8., 20., 134., 39., 2., 11., 134., 71., 5., 5., 12., 4., 24.,
       119., 37., 2., 3., 32., 92., 51., 74., 69., 0., 0., 0., 0., 3.,
       1., 0., 0., 36., 8., 1., 1., 134., 82., 0., 4., 134., 120., 26.,
       9., 35., 23., 1., 32., 38., 33., 42., 58., 56., 19., 8., 26., 0.,
       0., 0., 0., 0., 0., 0., 0., 5., 1., 0., 0., 60., 86., 11., 3.,
       134., 29., 3., 0., 26., 58., 34., 111., 43., 8., 4., 0., 7., 25.,
       27., 71., 40., 43., 28., 29., 7., 8., 9., 6., 10., 14., 30., 133.,
       113., 31., 8., 1., 111., 86., 22., 30., 23., 2., 0., 0., 4., 2.,
       0., 0., 0., 0., 0., 0., 80., 12., 7., 31., 26., 16., 36., 83.,
       26., 5., 2., 108., 133., 68., 26., 9., 133., 20., 0., 17., 54.,
       6., 0., 5., 8., 0., 0., 0., 0., 0., 0., 0., 43., 63., 125., 73.,
       19., 1., 1., 18., 22., 2., 38., 133., 133., 42., 4., 8., 133., 5.,
       2., 8., 25., 22., 6., 44., 7., 0., 0., 0., 0., 0., 0., 1., 27.,
       44., 46., 20., 5., 5., 12., 10., 47., 8., 28., 82., 69., 21., 12.,
       13., 133., 14., 4., 6., 6., 1., 1., 61., 3., 0., 0., 0., 0., 0.,
       0., 2., 1., 24., 49., 97., 3., 0., 0., 0., 1., 8., 101., 146.,
       33., 0., 0., 0., 59., 100., 143., 64., 6., 0., 0., 6., 26., 15.,
       15., 15., 4., 2., 1., 10., 8., 36., 108., 146., 32., 3., 1., 2.,
       21., 16., 66., 146., 101., 17., 2., 5., 146., 92., 28., 63., 11.,
       2., 2., 26., 65., 12., 17., 33., 6., 1., 2., 14., 11., 4., 23.,
       18., 31., 12., 3., 12., 26., 3., 4., 25., 130., 100., 18., 31.,
       146., 38., 6., 8., 11., 16., 12., 70., 41., 22., 18., 32., 8.,
       13., 6., 4., 0., 0., 0., 0., 0., 0., 0., 0., 1., 0., 0., 0., 3.,
       2., 1., 1., 16., 1., 0., 0., 0., 1., 1., 4., 6., 1., 0., 0., 2.,
       6., 3., 2., 10., 26., 4., 1., 0., 0., 0., 0., 6., 28., 52., 13.,
       0., 0., 0., 0., 2., 45., 43., 3., 0., 0., 0., 0., 1., 12., 2., 0.,
       0., 2., 0., 0., 1., 6., 33., 33., 0., 0., 0., 0., 18., 37., 140.,
       140., 2., 0., 0., 3., 140., 140., 124., 26., 0., 0., 0., 6., 43.,
       38., 3., 0., 0., 0., 0., 0., 0., 0., 5., 14., 0., 0., 0., 0., 53.,
       17., 43., 93., 7., 6., 22., 39., 140., 140., 79., 7., 0., 0., 5.,
       44., 31., 100., 140., 0., 0., 0., 0., 0., 0., 0., 0., 0., 0., 0.,
       0., 0., 4., 8., 9., 2., 0., 0., 4., 4., 11., 74., 140., 55., 11.,
       0., 2., 3., 18., 96., 140., 19., 2., 0., 0., 14., 1., 0., 0., 0.,
       0., 0., 0., 0., 3., 2., 0., 1., 2., 0., 0., 0., 24., 4., 0., 0.,
       0., 0., 0., 1., 4., 0., 0., 0., 0., 0., 3., 2., 49., 25., 1., 0.,
       3., 6., 25., 79., 47., 20., 1., 14., 40., 103., 64., 39., 151.,
       38., 0., 3., 3., 13., 16., 50., 56., 0., 0., 0., 0., 0., 26., 30.,
       99., 6., 0., 0., 0., 6., 41., 151., 15., 1., 0., 0., 4., 151.,
       151., 105., 151., 2., 0., 0., 1., 40., 151., 151., 36., 0., 0.,
       0., 0., 0., 17., 45., 40., 0., 0., 0., 0., 0., 20., 151., 3., 0.,
       0., 0., 0., 18., 55., 31., 1., 0., 0., 0., 0., 4., 55., 33., 1.,
       0., 1., 0., 0., 0., 7., 12., 0., 0., 0., 0., 0., 0., 0., 0., 0.,
       2., 2., 1., 0., 0., 0., 0., 8., 8., 1., 0., 0., 0., 0., 0., 11.,
       2., 0., 0., 2., 2., 0., 0., 1., 1., 2., 6., 22., 59., 61., 1.,
       19., 46., 55., 46., 49., 20., 4., 1., 129., 102., 21., 2., 1., 0.,
       0., 37., 92., 9., 0., 0., 5., 11., 3., 65., 0., 0., 22., 63., 88.,
       73., 63., 7., 40., 9., 6., 21., 129., 88., 71., 30., 129., 108.,
       4., 1., 3., 6., 30., 71., 75., 129., 9., 0., 1., 3., 2., 30., 13.,
       6., 8., 16., 30., 49., 87., 75., 4., 3., 2., 4., 29., 129., 129.,
       29., 20., 32., 6., 3., 27., 51., 88., 41., 10., 129., 73., 6.,
       18., 21., 2., 3., 1., 0., 0., 12., 82., 53., 7., 6., 15., 1., 1.,
       7., 24., 38., 78., 77., 15., 2., 0., 0., 0., 32., 73., 40., 121.,
       8., 0., 0., 0., 1., 12., 82., 12., 2., 0., 18., 54., 12., 1., 4.,
       121., 6., 1., 6., 25., 20., 45., 105., 17., 2., 1., 3., 61., 104.,
       101., 35., 121., 82., 12., 3., 15., 12., 10., 27., 15., 2., 0.,
       3., 18., 13., 5., 2., 121., 54., 4., 6., 16., 14., 13., 42., 35.,
       19., 5., 15., 121., 75., 19., 17., 23., 60., 8., 3., 38., 37.,
       39., 26., 1., 0., 0., 0., 1., 8., 37., 5., 50., 5., 0., 0., 1.,
       10., 121., 121., 13., 2., 0., 0., 7., 62., 121., 56., 2., 0., 0.,
       0., 2., 31., 121., 54., 7., 4., 20., 46., 78., 44., 6., 12., 63.,
       18., 90., 40., 17., 10., 2., 24., 142., 27., 14., 0., 0., 0., 0.,
       99., 24., 0., 0., 0., 0., 0., 12., 34., 0., 0., 1., 3., 70., 142.,
       27., 7., 100., 21., 3., 4., 24., 142., 32., 32., 142., 62., 0.,
       0., 0., 4., 7., 66., 46., 3., 0., 0., 0., 1., 11., 16., 0., 0.,
       0., 0., 18., 142., 17., 1., 14., 1., 0., 0., 16., 142., 142., 56.,
       115., 3., 0., 0., 0., 8., 82., 142., 21., 0., 0., 0., 0., 1., 6.,
       22., 0., 0., 0., 0., 2., 25., 14., 0., 0., 0., 0., 0., 0., 15.,
       72., 14., 0., 0., 0., 0., 0., 0., 31., 30., 0., 0., 0., 0., 0.,
       0., 5., 4., 3., 14., 75., 47., 0., 0., 0., 0., 22., 88., 119.,
       28., 0., 0., 0., 0., 22., 46., 5., 0., 0., 0., 0., 0., 0., 2., 1.,
       0., 1., 2., 0., 0., 6., 4., 73., 107., 3., 2., 6., 8., 129., 106.,
       80., 45., 1., 1., 5., 40., 112., 83., 44., 0., 0., 0., 0., 3., 1.,
       19., 28., 1., 0., 0., 0., 0., 3., 1., 3., 3., 1., 1., 6., 7., 67.,
       101., 94., 17., 3., 1., 6., 23., 18., 129., 129., 12., 1., 0., 0.,
       1., 21., 129., 129., 2., 0., 0., 0., 1., 0., 0., 0., 0., 0., 0.,
       0., 0., 0., 5., 25., 61., 18., 1., 7., 5., 33., 47., 112., 48.,
       11., 2., 20., 124., 72., 73., 26., 0., 0., 0., 6., 95., 0., 0.,
       0., 0., 0., 0., 0., 0., 2., 41., 12., 1., 6., 10., 8., 2., 60.,
       137., 13., 0., 1., 3., 8., 16., 46., 39., 0., 0., 0., 0., 0., 12.,
       12., 13., 12., 0., 0., 1., 0., 2., 88., 22., 6., 0., 5., 20., 86.,
       83., 86., 54., 3., 0., 1., 5., 137., 137., 67., 13., 0., 0., 0.,
       0., 6., 66., 43., 77., 61., 3., 10., 48., 22., 5., 137., 99., 8.,
       0., 0., 1., 11., 38., 132., 13., 0., 0., 0., 0., 35., 69., 5., 0.,
       0., 0., 0., 0., 4., 20., 25., 7., 1., 0., 3., 134., 119., 18.,
       137., 34., 0., 0., 0., 17., 50., 110., 125., 17., 1., 0., 0., 0.,
       0., 28., 2., 1., 2., 2., 0., 0., 0., 1., 0., 14., 33., 8., 0., 0.,
       0., 0., 22., 43., 20., 0., 0., 0., 0., 4., 44., 29., 1., 0., 0.,
       0., 0., 12., 6., 6., 1., 0., 28., 32., 3., 8., 31., 54., 84., 40.,
       47., 21., 2., 2., 135., 102., 33., 0., 1., 1., 1., 71., 98., 25.,
       0., 0., 0., 0., 5., 135., 13., 3., 0., 0., 26., 33., 7., 49., 41.,
       4., 1., 8., 75., 48., 35., 29., 135., 110., 5., 0., 1., 3., 18.,
       57., 73., 135., 17., 0., 0., 0., 1., 20., 28., 51., 6., 0., 6.,
       7., 3., 10., 3., 0., 0., 1., 13., 72., 135., 36., 26., 23., 3.,
       0., 17., 36., 95., 67., 9., 135., 55., 7., 25., 22., 3., 1., 11.,
       135., 123., 1., 1., 0., 0., 2., 1., 0., 0., 0., 5., 1., 0., 0.,
       5., 0., 0., 0., 0., 0., 0., 0., 1., 0., 0., 0., 1., 1., 0., 1.,
       0., 0., 0., 0., 0., 0., 0., 1., 25., 1., 0., 0., 130., 75., 12.,
       8., 130., 12., 0., 0., 6., 11., 12., 45., 46., 7., 0., 0., 10.,
       46., 71., 66., 11., 0., 0., 0., 0., 3., 85., 130., 7., 0., 0., 7.,
       86., 130., 54., 10., 130., 104., 1., 1., 12., 53., 36., 34., 130.,
       130., 0., 0., 0., 9., 53., 87., 42., 14., 1., 0., 0., 0., 83.,
       128., 0., 0., 7., 49., 67., 19., 1., 0., 27., 27., 13., 8., 16.,
       41., 10., 8., 130., 104., 0., 0., 0., 3., 5., 22., 107., 39., 3.,
       1., 0., 0., 0., 3., 6., 2., 60., 120., 21., 0., 0., 1., 58., 16.,
       13., 110., 16., 0., 0., 12., 85., 72., 12., 2., 2., 0., 1., 45.,
