%YAML:1.0
---
mat: !!opencv-matrix
   rows: 30
   cols: 128
   dt: f
   data: [ 32., 92., 15., 2., 38., 26., 9., 9., 13., 79., 57., 39., 88.,
       9., 1., 3., 133., 12., 14., 31., 118., 14., 0., 7., 108., 10., 1.,
       4., 1., 0., 0., 2., 11., 11., 7., 20., 38., 41., 22., 7., 14.,
       26., 111., 90., 118., 58., 6., 5., 133., 47., 61., 47., 32., 6.,
       0., 11., 118., 8., 11., 7., 0., 0., 0., 4., 29., 14., 9., 20.,
       17., 7., 8., 19., 28., 4., 2., 6., 133., 116., 8., 18., 133., 38.,
       9., 2., 45., 45., 9., 43., 67., 34., 51., 8., 0., 0., 0., 2., 15.,
       63., 16., 6., 16., 18., 19., 18., 4., 9., 11., 12., 52., 69., 29.,
       28., 51., 34., 4., 0., 8., 90., 54., 28., 32., 26., 12., 4., 0.,
       0., 8., 42., 0., 0., 2., 22., 22., 26., 19., 2., 9., 42., 28.,
       44., 83., 39., 9., 0., 56., 106., 34., 15., 8., 2., 4., 9., 7.,
       15., 43., 21., 17., 37., 10., 7., 0., 0., 0., 17., 55., 23., 37.,
       2., 41., 17., 7., 127., 129., 20., 11., 2., 129., 46., 9., 29.,
       25., 3., 3., 25., 22., 4., 15., 28., 31., 25., 9., 14., 1., 0.,
       0., 52., 128., 3., 4., 4., 38., 1., 0., 64., 129., 36., 101., 53.,
       129., 32., 8., 7., 16., 23., 98., 56., 25., 22., 10., 6., 11., 3.,
       14., 31., 10., 1., 0., 39., 129., 4., 0., 3., 129., 1., 0., 20.,
       53., 12., 34., 76., 20., 4., 5., 7., 56., 103., 49., 23., 90.,
       27., 9., 5., 20., 26., 3., 14., 9., 44., 60., 8., 2., 0., 0., 11.,
       21., 96., 76., 16., 4., 0., 0., 5., 5., 52., 113., 41., 8., 0.,
       1., 2., 2., 35., 111., 34., 4., 8., 1., 0., 33., 113., 40., 16.,
       39., 1., 3., 5., 113., 59., 21., 24., 60., 9., 1., 2., 42., 44.,
       55., 56., 113., 55., 11., 12., 66., 56., 61., 57., 43., 8., 4.,
       12., 77., 65., 6., 4., 22., 17., 74., 80., 113., 6., 2., 9., 45.,
       23., 13., 43., 49., 6., 5., 35., 111., 64., 35., 30., 79., 3., 1.,
       2., 61., 59., 37., 45., 13., 40., 6., 1., 1., 19., 48., 35., 41.,
       21., 7., 0., 4., 24., 42., 83., 22., 9., 1., 1., 12., 45., 102.,
       45., 7., 0., 0., 0., 2., 33., 113., 44., 10., 0., 0., 1., 138.,
       9., 0., 0., 138., 8., 0., 1., 69., 7., 0., 0., 42., 3., 5., 12.,
       67., 138., 12., 0., 0., 10., 50., 9., 22., 138., 138., 0., 11.,
       1., 0., 2., 138., 14., 0., 1., 138., 8., 0., 4., 93., 10., 1., 5.,
       53., 29., 26., 57., 57., 13., 4., 0., 12., 63., 18., 7., 3., 44.,
       60., 1., 5., 1., 0., 5., 129., 61., 27., 4., 126., 4., 0., 1.,
       44., 38., 70., 73., 33., 16., 5., 15., 80., 81., 38., 13., 20.,
       61., 17., 5., 5., 26., 54., 10., 0., 0., 0., 1., 7., 30., 22., 1.,
       1., 0., 0., 1., 5., 15., 54., 15., 0., 0., 0., 4., 5., 28., 26.,
       4., 0., 0., 3., 7., 3., 24., 40., 1., 15., 18., 13., 43., 72., 2.,
       0., 2., 41., 51., 33., 41., 27., 1., 0., 0., 4., 18., 53., 63.,
       13., 6., 1., 0., 0., 10., 49., 23., 21., 10., 3., 1., 35., 8., 0.,
       5., 122., 5., 1., 15., 122., 9., 2., 17., 105., 20., 1., 5., 12.,
       18., 121., 78., 117., 122., 20., 2., 16., 110., 122., 14., 11.,
       47., 44., 6., 48., 17., 0., 2., 122., 11., 1., 5., 122., 7., 3.,
       5., 77., 25., 3., 14., 19., 15., 14., 15., 33., 122., 68., 2.,
       17., 23., 11., 3., 8., 122., 122., 19., 17., 1., 0., 0., 47., 49.,
       21., 17., 25., 1., 1., 3., 20., 43., 57., 39., 7., 14., 7., 7.,
       7., 41., 41., 6., 2., 6., 3., 5., 9., 25., 32., 6., 31., 101.,
       43., 68., 59., 11., 0., 2., 64., 122., 7., 2., 14., 8., 5., 9.,
       31., 55., 10., 6., 12., 7., 8., 7., 17., 49., 20., 3., 0., 0., 5.,
       4., 35., 65., 7., 12., 73., 122., 29., 12., 122., 122., 2., 5.,
       6., 47., 29., 46., 46., 13., 11., 90., 31., 7., 16., 19., 71.,
       43., 27., 32., 4., 0., 0., 53., 11., 1., 0., 0., 9., 117., 58.,
       23., 77., 4., 1., 46., 21., 50., 72., 102., 49., 2., 2., 114.,
       31., 0., 1., 110., 47., 0., 1., 39., 31., 1., 1., 122., 32., 16.,
       2., 0., 6., 7., 26., 14., 2., 1., 0., 28., 58., 36., 40., 27.,
       33., 0., 3., 28., 16., 4., 16., 122., 15., 3., 24., 72., 41., 4.,
       3., 35., 26., 34., 3., 6., 3., 3., 4., 2., 88., 115., 3., 2., 12.,
       1., 0., 0., 142., 132., 0., 0., 0., 0., 0., 0., 18., 9., 0., 0.,
       0., 0., 0., 0., 66., 26., 19., 11., 1., 0., 0., 2., 142., 28., 1.,
       7., 28., 1., 0., 8., 142., 74., 0., 1., 2., 0., 0., 17., 46., 14.,
       0., 0., 0., 0., 0., 1., 90., 8., 4., 1., 0., 0., 0., 24., 128.,
       7., 2., 7., 14., 1., 1., 116., 142., 6., 0., 0., 1., 0., 0., 142.,
       36., 4., 0., 0., 0., 0., 0., 9., 42., 6., 1., 0., 0., 0., 4., 54.,
       142., 6., 1., 0., 0., 0., 3., 142., 89., 1., 0., 0., 0., 0., 0.,
       110., 9., 2., 0., 0., 0., 0., 0., 2., 4., 34., 68., 7., 0., 0.,
       5., 23., 3., 36., 14., 3., 7., 27., 27., 8., 0., 0., 0., 2., 14.,
       52., 36., 5., 0., 0., 0., 0., 0., 10., 25., 16., 16., 138., 147.,
       61., 4., 0., 0., 2., 147., 147., 43., 2., 3., 1., 7., 13., 33.,
       7., 0., 2., 6., 51., 63., 20., 1., 0., 0., 0., 4., 59., 28., 4.,
       39., 20., 10., 16., 14., 23., 43., 102., 147., 55., 1., 0., 0.,
       0., 5., 147., 79., 3., 0., 0., 0., 23., 22., 47., 0., 0., 0., 0.,
       0., 67., 53., 2., 3., 0., 0., 0., 1., 46., 147., 130., 40., 0.,
       0., 0., 0., 0., 39., 147., 9., 0., 0., 0., 0., 0., 6., 37., 0.,
       0., 0., 0., 0., 10., 12., 3., 20., 46., 26., 1., 0., 13., 70.,
       13., 8., 27., 9., 0., 0., 22., 99., 25., 1., 5., 1., 0., 3., 27.,
       42., 20., 0., 0., 0., 0., 0., 7., 20., 2., 28., 46., 31., 6., 7.,
       59., 96., 30., 48., 115., 68., 10., 6., 31., 64., 30., 115., 91.,
       21., 3., 3., 41., 83., 36., 14., 4., 2., 7., 3., 34., 115., 14.,
       25., 90., 15., 0., 0., 46., 115., 18., 23., 32., 6., 4., 5., 111.,
       115., 40., 115., 17., 2., 7., 13., 21., 106., 115., 69., 11., 7.,
       27., 30., 15., 19., 38., 29., 62., 3., 0., 0., 2., 106., 51., 19.,
       77., 2., 0., 0., 7., 83., 24., 16., 45., 1., 0., 4., 20., 62.,
       23., 29., 7., 0., 1., 8., 25., 46., 70., 45., 12., 0., 0., 0., 0.,
       0., 2., 116., 27., 28., 13., 5., 12., 11., 8., 26., 40., 69., 12.,
       4., 14., 40., 26., 42., 41., 20., 25., 0., 0., 2., 16., 58., 19.,
       2., 4., 1., 0., 1., 25., 95., 38., 118., 107., 26., 3., 4., 20.,
       118., 118., 118., 29., 3., 3., 11., 13., 60., 34., 9., 60., 11.,
       0., 0., 5., 73., 50., 5., 13., 6., 0., 0., 7., 55., 40., 34.,
       118., 96., 14., 5., 18., 118., 56., 22., 34., 12., 6., 4., 59.,
       75., 44., 18., 89., 14., 0., 0., 2., 83., 20., 4., 17., 17., 0.,
       0., 7., 59., 28., 26., 71., 61., 11., 5., 23., 118., 44., 10.,
       49., 24., 2., 2., 35., 61., 61., 29., 94., 31., 4., 2., 5., 62.,
       119., 7., 0., 0., 0., 0., 0., 156., 156., 1., 0., 0., 0., 0., 1.,
       28., 12., 0., 11., 6., 1., 3., 3., 1., 1., 18., 51., 9., 1., 1.,
       0., 64., 45., 0., 0., 0., 1., 2., 13., 156., 127., 0., 0., 0., 0.,
       0., 9., 107., 15., 0., 9., 16., 24., 7., 7., 1., 1., 2., 25., 23.,
       53., 45., 2., 37., 1., 0., 0., 0., 1., 10., 70., 156., 3., 0., 0.,
       0., 0., 4., 112., 126., 0., 0., 0., 0., 6., 9., 28., 0., 0., 0.,
       0., 0., 18., 41., 1., 43., 0., 0., 0., 0., 1., 10., 119., 146.,
       0., 0., 0., 0., 0., 3., 156., 24., 0., 0., 0., 0., 0., 5., 34.,
       0., 0., 0., 0., 0., 1., 9., 1., 21., 40., 81., 67., 1., 1., 1.,
       0., 58., 39., 32., 21., 21., 34., 8., 10., 77., 18., 9., 15., 19.,
       53., 12., 22., 86., 7., 0., 0., 0., 1., 6., 54., 79., 21., 12.,
       11., 4., 30., 34., 31., 130., 44., 2., 0., 3., 58., 52., 90., 84.,
       11., 4., 2., 21., 130., 75., 46., 107., 23., 15., 2., 2., 17.,
       19., 36., 82., 45., 11., 13., 40., 46., 15., 20., 130., 130., 30.,
       10., 24., 21., 8., 27., 42., 114., 72., 19., 50., 100., 16., 18.,
       18., 26., 20., 3., 11., 30., 29., 32., 10., 35., 15., 22., 22.,
       19., 54., 22., 130., 42., 12., 8., 6., 10., 10., 56., 60., 38.,
