%YAML:1.0
---
mat: !!opencv-matrix
   rows: 64
   cols: 128
   dt: f
   data: [ 1., 0., 0., 0., 0., 0., 0., 0., 28., 3., 0., 0., 0., 0., 0.,
       3., 9., 0., 0., 0., 0., 0., 14., 21., 0., 0., 0., 0., 0., 0., 38.,
       27., 36., 2., 0., 0., 0., 0., 0., 5., 191., 23., 0., 0., 0., 0.,
       1., 64., 128., 2., 0., 0., 0., 0., 60., 134., 0., 0., 0., 0., 0.,
       0., 85., 63., 10., 0., 0., 0., 0., 0., 0., 2., 191., 64., 0., 0.,
       0., 0., 0., 20., 191., 36., 0., 0., 0., 0., 13., 50., 1., 0., 0.,
       0., 0., 0., 29., 29., 0., 0., 0., 0., 0., 0., 0., 0., 191., 60.,
       0., 0., 0., 0., 0., 0., 191., 80., 0., 0., 0., 0., 1., 8., 8., 1.,
       0., 0., 0., 0., 8., 13., 0., 0., 0., 0., 0., 0., 0., 0., 177., 0.,
       0., 0., 0., 0., 0., 57., 177., 6., 2., 0., 0., 0., 0., 119., 18.,
       10., 16., 0., 0., 0., 0., 3., 6., 3., 0., 0., 0., 0., 0., 0.,
       177., 40., 0., 0., 0., 0., 0., 63., 177., 61., 22., 0., 0., 0.,
       0., 58., 3., 26., 50., 0., 0., 0., 0., 0., 18., 4., 0., 0., 0.,
       0., 0., 1., 177., 64., 1., 0., 0., 0., 0., 20., 124., 139., 85.,
       0., 0., 0., 0., 3., 0., 69., 131., 0., 0., 0., 0., 0., 0., 0., 0.,
       0., 0., 0., 0., 0., 5., 1., 0., 0., 0., 0., 0., 1., 3., 10., 11.,
       0., 0., 0., 0., 0., 0., 18., 35., 0., 0., 0., 0., 0., 0., 0., 0.,
       0., 0., 0., 0., 0., 1., 0., 0., 0., 0., 0., 1., 7., 4., 4., 4.,
       1., 0., 0., 8., 73., 14., 12., 3., 0., 0., 79., 91., 75., 16., 4.,
       0., 0., 0., 0., 0., 3., 132., 23., 0., 0., 4., 5., 7., 83., 38.,
       35., 49., 73., 77., 52., 18., 99., 95., 132., 56., 22., 9., 23.,
       11., 24., 8., 1., 0., 0., 0., 0., 0., 3., 132., 35., 0., 0., 2.,
       7., 2., 36., 95., 49., 5., 16., 126., 132., 10., 11., 67., 132.,
       46., 19., 93., 112., 7., 4., 0., 0., 0., 0., 0., 0., 0., 0., 16.,
       11., 0., 0., 0., 0., 0., 0., 32., 81., 5., 3., 55., 51., 1., 0.,
       20., 23., 10., 5., 85., 132., 14., 5., 1., 0., 5., 33., 2., 0.,
       0., 3., 0., 5., 103., 87., 1., 0., 2., 1., 2., 89., 114., 7., 0.,
       0., 2., 1., 6., 43., 6., 0., 0., 0., 0., 1., 4., 0., 3., 114.,
       84., 0., 0., 2., 39., 3., 49., 114., 27., 12., 64., 77., 35., 99.,
       52., 5., 11., 82., 82., 29., 98., 87., 2., 0., 0., 4., 3., 18.,
       22., 9., 14., 34., 114., 5., 0., 2., 114., 32., 2., 10., 58., 13.,
       11., 41., 35., 7., 21., 22., 36., 90., 37., 35., 53., 18., 73.,
       7., 1., 6., 12., 49., 21., 15., 14., 33., 100., 4., 1., 4., 97.,
       77., 42., 20., 40., 4., 3., 1., 13., 17., 108., 98., 4., 4., 6.,
       18., 4., 13., 100., 20., 0., 1., 31., 43., 16., 0., 0., 2., 24.,
       84., 64., 16., 7., 1., 12., 56., 118., 70., 30., 14., 117., 12.,
       17., 35., 18., 18., 12., 117., 59., 3., 0., 5., 49., 3., 2., 56.,
       21., 6., 5., 37., 71., 9., 3., 1., 15., 9., 10., 108., 118., 41.,
       13., 9., 118., 24., 9., 16., 11., 12., 14., 79., 52., 3., 0., 40.,
       80., 1., 1., 17., 7., 17., 60., 25., 42., 11., 0., 0., 7., 3.,
       28., 22., 86., 91., 93., 19., 114., 12., 23., 12., 4., 8., 65.,
       93., 22., 5., 9., 110., 75., 0., 0., 3., 1., 12., 76., 2., 1., 1.,
       0., 0., 0., 6., 98., 2., 1., 4., 9., 1., 2., 9., 103., 25., 2.,
       0., 6., 5., 0., 1., 26., 118., 35., 0., 0., 0., 0., 28., 94., 37.,
       48., 3., 0., 0., 34., 54., 23., 44., 87., 1., 7., 21., 24., 96.,
       67., 0., 0., 18., 30., 25., 32., 58., 38., 0., 0., 4., 8., 23.,
       3., 7., 40., 18., 36., 96., 6., 2., 69., 20., 23., 24., 17., 21.,
       59., 72., 13., 54., 62., 0., 1., 69., 113., 25., 12., 113., 61.,
       0., 11., 65., 51., 0., 2., 0., 0., 0., 88., 112., 9., 1., 113.,
       27., 2., 1., 48., 37., 10., 33., 66., 18., 60., 35., 16., 36.,
       65., 14., 24., 14., 33., 72., 84., 66., 27., 14., 1., 0., 2., 32.,
       81., 37., 10., 4., 107., 2., 0., 8., 58., 17., 6., 97., 35., 2.,
       19., 24., 34., 81., 35., 27., 5., 0., 17., 38., 12., 24., 91.,
       69., 3., 8., 17., 71., 75., 0., 0., 0., 81., 0., 9., 94., 56., 3.,
       25., 71., 29., 23., 14., 5., 34., 93., 79., 45., 99., 54., 2., 0.,
       6., 21., 10., 37., 29., 19., 16., 58., 116., 0., 0., 10., 116.,
       29., 14., 25., 78., 1., 1., 26., 55., 13., 76., 38., 44., 43.,
       17., 20., 29., 36., 89., 5., 4., 12., 17., 57., 11., 28., 44.,
       75., 37., 13., 60., 7., 61., 72., 70., 27., 28., 22., 21., 12.,
       11., 21., 116., 60., 1., 1., 30., 62., 6., 37., 99., 8., 0., 5.,
       80., 50., 0., 1., 2., 5., 56., 36., 114., 6., 7., 1., 3., 4., 71.,
       38., 27., 62., 21., 3., 2., 0., 0., 1., 34., 116., 17., 1., 0.,
       0., 0., 7., 56., 59., 52., 12., 8., 6., 11., 60., 7., 9., 123.,
       43., 2., 2., 1., 6., 70., 43., 5., 7., 18., 8., 0., 22., 123., 4.,
       1., 11., 10., 16., 57., 93., 65., 0., 27., 13., 0., 1., 94., 85.,
       9., 4., 123., 89., 3., 6., 25., 11., 1., 5., 27., 18., 75., 54.,
       49., 33., 4., 2., 1., 6., 86., 114., 57., 17., 18., 19., 14., 1.,
       0., 18., 123., 59., 9., 21., 123., 5., 0., 2., 41., 19., 3., 71.,
       45., 1., 4., 7., 34., 123., 38., 16., 0., 0., 11., 15., 9., 51.,
       123., 58., 8., 0., 1., 71., 67., 2., 9., 51., 86., 0., 0., 3.,
       11., 1., 3., 123., 13., 0., 0., 0., 0., 10., 11., 14., 0., 0., 0.,
       0., 0., 5., 27., 5., 1., 2., 2., 46., 80., 1., 1., 1., 11., 26.,
       33., 30., 49., 44., 49., 19., 34., 3., 19., 15., 27., 115., 54.,
       41., 115., 0., 0., 0., 1., 4., 9., 84., 0., 3., 12., 86., 115.,
       6., 0., 0., 9., 42., 115., 43., 98., 25., 1., 2., 115., 42., 98.,
       22., 16., 9., 2., 49., 107., 2., 1., 0., 0., 1., 1., 71., 0., 8.,
       23., 73., 95., 58., 22., 1., 10., 10., 24., 29., 78., 55., 95.,
       9., 115., 43., 4., 1., 9., 24., 43., 53., 96., 21., 4., 0., 0.,
       0., 0., 23., 0., 2., 7., 1., 13., 62., 52., 1., 0., 1., 4., 1.,
       1., 50., 115., 7., 39., 3., 1., 0., 0., 36., 94., 73., 32., 6.,
       6., 0., 0., 0., 1., 23., 7., 2., 20., 69., 50., 2., 0., 1., 22.,
       82., 103., 51., 15., 1., 0., 6., 11., 63., 117., 12., 0., 0., 1.,
       4., 3., 40., 93., 3., 2., 2., 2., 3., 4., 1., 1., 38., 117., 18.,
       0., 1., 27., 31., 81., 57., 87., 13., 9., 9., 117., 46., 86., 32.,
       1., 2., 9., 35., 34., 22., 45., 59., 64., 21., 10., 21., 2., 0.,
       0., 34., 111., 65., 32., 2., 4., 1., 9., 24., 55., 46., 117., 60.,
       90., 25., 14., 9., 2., 42., 117., 44., 16., 15., 21., 100., 56.,
       45., 60., 2., 6., 0., 0., 0., 3., 27., 34., 5., 4., 0., 0., 0.,
       0., 18., 103., 32., 1., 0., 0., 0., 0., 53., 112., 5., 0., 0., 0.,
       1., 5., 50., 117., 2., 0., 3., 9., 3., 21., 97., 21., 4., 61.,
       12., 22., 13., 19., 71., 9., 18., 99., 22., 6., 2., 2., 19., 118.,
       54., 1., 8., 20., 2., 2., 52., 123., 1., 0., 0., 0., 4., 77., 57.,
       24., 13., 64., 20., 0., 1., 123., 102., 11., 6., 123., 71., 8.,
       13., 23., 9., 4., 10., 7., 18., 84., 48., 30., 20., 14., 1., 0.,
       0., 0., 13., 56., 29., 24., 22., 42., 1., 0., 36., 123., 58., 11.,
       39., 123., 4., 0., 3., 33., 27., 3., 87., 9., 1., 19., 17., 39.,
       114., 56., 9., 0., 1., 35., 84., 11., 6., 10., 6., 17., 0., 2.,
       80., 60., 2., 20., 113., 61., 0., 0., 1., 4., 3., 3., 123., 2.,
       0., 0., 0., 0., 16., 21., 4., 0., 0., 1., 5., 6., 6., 65., 38.,
       14., 6., 5., 7., 7., 9., 33., 49., 3., 0., 0., 0., 53., 39., 9.,
       7., 0., 0., 0., 0., 7., 4., 0., 0., 9., 2., 7., 127., 91., 14.,
       33., 4., 127., 46., 27., 75., 51., 21., 23., 69., 41., 9., 7.,
       27., 127., 127., 19., 31., 0., 0., 0., 0., 19., 20., 0., 0., 23.,
       4., 5., 127., 127., 0., 1., 19., 127., 127., 52., 57., 36., 12.,
       30., 62., 17., 36., 77., 104., 60., 19., 5., 3., 0., 0., 0., 0.,
       2., 1., 0., 0., 55., 8., 12., 72., 80., 7., 9., 73., 69., 8., 19.,
       65., 38., 38., 58., 119., 0., 1., 9., 29., 29., 31., 7., 1., 0.,
       0., 0., 0., 0., 0., 0., 0., 1., 46., 92., 18., 0., 0., 0., 0., 4.,
