%YAML:1.0
---
mat: !!opencv-matrix
   rows: 51
   cols: 128
   dt: f
   data: [ 5., 58., 62., 11., 1., 0., 1., 1., 4., 34., 77., 21., 2., 0.,
       0., 0., 4., 25., 72., 42., 6., 0., 0., 0., 6., 28., 38., 21., 2.,
       0., 0., 0., 20., 43., 36., 32., 65., 29., 54., 27., 112., 67.,
       58., 41., 79., 17., 0., 17., 77., 38., 37., 50., 112., 42., 2.,
       16., 72., 43., 29., 89., 82., 2., 1., 8., 26., 32., 77., 61., 95.,
       20., 16., 8., 112., 46., 10., 12., 98., 27., 1., 11., 74., 25.,
       11., 39., 112., 22., 1., 9., 43., 12., 3., 77., 112., 12., 19.,
       11., 61., 12., 11., 24., 34., 27., 28., 98., 35., 42., 19., 7.,
       17., 112., 49., 18., 17., 21., 31., 41., 18., 14., 67., 63., 23.,
       2., 0., 15., 27., 30., 60., 58., 0., 0., 0., 0., 0., 0., 0., 0.,
       11., 0., 0., 0., 0., 0., 0., 1., 3., 0., 0., 0., 0., 0., 0., 1.,
       0., 0., 0., 0., 0., 0., 0., 0., 21., 0., 0., 0., 0., 0., 0., 5.,
       208., 5., 0., 0., 0., 0., 0., 64., 149., 7., 4., 4., 1., 3., 6.,
       32., 2., 7., 18., 3., 0., 1., 10., 10., 34., 5., 0., 0., 0., 0.,
       0., 2., 208., 77., 0., 0., 0., 0., 0., 16., 190., 71., 29., 49.,
       13., 2., 1., 5., 9., 46., 114., 68., 22., 9., 9., 9., 27., 8., 0.,
       0., 0., 0., 0., 0., 208., 66., 0., 0., 0., 0., 0., 0., 143., 43.,
       19., 19., 13., 4., 1., 0., 8., 13., 12., 16., 20., 19., 33., 22.,
       1., 4., 96., 23., 1., 0., 0., 0., 3., 36., 95., 13., 2., 0., 0.,
       0., 4., 39., 82., 27., 5., 0., 0., 0., 4., 29., 31., 30., 5., 0.,
       0., 0., 14., 6., 76., 42., 24., 49., 30., 31., 114., 63., 63.,
       14., 32., 43., 5., 17., 41., 77., 56., 35., 102., 77., 3., 5.,
       30., 91., 87., 60., 27., 3., 0., 4., 59., 25., 10., 18., 92., 30.,
       12., 26., 114., 24., 2., 12., 80., 27., 1., 9., 65., 13., 10., 4.,
       114., 114., 1., 4., 76., 23., 50., 8., 53., 53., 2., 50., 12.,
       34., 32., 41., 23., 27., 55., 2., 114., 26., 5., 31., 22., 5.,
       45., 57., 63., 8., 0., 0., 56., 88., 7., 15., 42., 0., 0., 0.,
       29., 83., 54., 60., 22., 6., 12., 123., 24., 6., 2., 7., 123.,
       48., 16., 33., 8., 1., 1., 4., 39., 7., 24., 86., 74., 1., 1., 3.,
       2., 60., 92., 35., 15., 3., 11., 16., 20., 1., 2., 40., 45., 91.,
       68., 31., 123., 8., 2., 20., 29., 30., 14., 23., 63., 3., 2.,
       106., 123., 4., 1., 25., 43., 11., 5., 16., 43., 26., 36., 94.,
       5., 0., 0., 0., 68., 89., 43., 30., 105., 9., 4., 26., 60., 63.,
       57., 40., 72., 24., 9., 84., 88., 39., 19., 15., 69., 29., 32.,
       61., 27., 3., 12., 27., 0., 0., 0., 0., 4., 24., 13., 0., 1., 0.,
       0., 1., 10., 53., 47., 6., 6., 6., 2., 2., 14., 105., 101., 3.,
       5., 9., 13., 11., 2., 15., 113., 22., 0., 3., 22., 37., 11., 0.,
       0., 0., 1., 16., 113., 25., 3., 0., 0., 1., 0., 49., 75., 4., 2.,
       0., 0., 0., 0., 7., 21., 58., 3., 0., 0., 0., 28., 30., 14., 46.,
       113., 19., 1., 3., 55., 21., 102., 37., 64., 33., 31., 83., 7.,
       113., 82., 11., 43., 62., 25., 14., 28., 50., 39., 113., 13., 1.,
       1., 18., 76., 67., 2., 9., 113., 13., 1., 2., 113., 48., 11., 19.,
       102., 18., 8., 26., 26., 22., 14., 54., 113., 46., 13., 37., 62.,
       34., 5., 20., 25., 65., 14., 32., 40., 28., 3., 8., 50., 41., 41.,
       25., 23., 45., 15., 16., 39., 35., 111., 21., 5., 9., 14., 29.,
       17., 4., 72., 113., 4., 7., 0., 0., 2., 107., 37., 46., 17., 114.,
       25., 23., 19., 21., 1., 0., 16., 19., 84., 106., 2., 4., 11., 29.,
       19., 33., 114., 19., 27., 38., 19., 19., 41., 57., 59., 18., 21.,
       10., 2., 12., 24., 31., 8., 34., 78., 28., 12., 42., 114., 36.,
       14., 32., 20., 22., 13., 67., 83., 12., 7., 38., 114., 36., 16.,
       38., 114., 5., 2., 5., 91., 37., 3., 39., 2., 0., 1., 12., 12.,
       67., 59., 114., 47., 52., 25., 17., 11., 114., 60., 6., 87., 27.,
       32., 96., 46., 27., 75., 38., 114., 4., 1., 3., 64., 30., 7., 39.,
       3., 0., 0., 0., 0., 10., 14., 21., 1., 0., 0., 0., 0., 65., 66.,
       2., 7., 0., 0., 1., 1., 30., 114., 33., 16., 0., 0., 0., 6., 13.,
       19., 37., 1., 8., 89., 33., 2., 0., 0., 0., 6., 60., 72., 12., 0.,
       0., 0., 0., 1., 12., 57., 39., 2., 0., 0., 0., 1., 30., 52., 10.,
       1., 0., 0., 0., 20., 14., 119., 104., 110., 22., 1., 11., 124.,
       119., 73., 22., 11., 6., 1., 23., 33., 24., 61., 89., 70., 79.,
       21., 13., 58., 71., 55., 23., 26., 19., 20., 63., 25., 4., 1.,
       23., 124., 51., 14., 27., 124., 20., 1., 1., 3., 6., 6., 52., 59.,
       7., 5., 2., 10., 81., 50., 15., 10., 2., 3., 9., 34., 19., 44.,
       68., 7., 11., 50., 72., 92., 63., 9., 6., 124., 120., 55., 12.,
       3., 7., 5., 16., 58., 24., 10., 11., 7., 3., 2., 2., 6., 11., 7.,
       9., 25., 5., 2., 3., 0., 0., 0., 0., 0., 0., 1., 0., 99., 0., 0.,
       0., 0., 0., 9., 28., 209., 2., 0., 0., 0., 0., 1., 70., 53., 2.,
       2., 0., 0., 0., 14., 21., 0., 0., 0., 0., 0., 1., 0., 0., 147.,
       5., 0., 0., 2., 9., 2., 7., 209., 45., 2., 0., 0., 0., 0., 9.,
       55., 37., 25., 0., 0., 0., 0., 1., 0., 0., 1., 1., 0., 1., 0., 0.,
       112., 20., 14., 7., 1., 10., 3., 13., 209., 64., 2., 0., 0., 0.,
       0., 11., 51., 59., 9., 0., 0., 0., 0., 0., 0., 0., 2., 2., 0., 0.,
       0., 0., 106., 25., 22., 15., 0., 0., 0., 0., 209., 31., 1., 0.,
       0., 0., 0., 11., 47., 17., 1., 0., 0., 0., 1., 7., 0., 64., 108.,
       10., 1., 0., 0., 1., 0., 8., 108., 69., 3., 0., 0., 0., 1., 48.,
       108., 18., 4., 1., 0., 0., 2., 27., 12., 3., 25., 46., 0., 0., 8.,
       48., 101., 27., 43., 15., 13., 10., 75., 28., 108., 49., 9., 21.,
       24., 38., 45., 100., 80., 17., 64., 57., 18., 14., 69., 98., 31.,
       39., 6., 2., 0., 3., 6., 5., 5., 9., 25., 55., 108., 32., 72.,
       44., 21., 15., 8., 97., 108., 19., 38., 18., 20., 44., 71., 24.,
       76., 74., 53., 12., 15., 74., 74., 37., 20., 43., 0., 0., 0., 1.,
       3., 27., 67., 12., 0., 1., 1., 1., 6., 90., 97., 2., 0., 0., 1.,
       1., 5., 22., 108., 36., 0., 0., 0., 1., 21., 78., 51., 11., 13.,
       2., 51., 50., 4., 16., 16., 14., 118., 30., 23., 15., 3., 32.,
       31., 14., 150., 54., 1., 0., 0., 1., 1., 6., 25., 2., 0., 0., 0.,
       6., 11., 5., 29., 33., 10., 5., 9., 7., 6., 17., 87., 20., 6.,
       25., 15., 18., 21., 27., 150., 44., 1., 1., 0., 0., 3., 42., 53.,
       2., 0., 0., 0., 0., 0., 8., 10., 32., 10., 3., 14., 15., 102.,
       111., 21., 6., 4., 8., 3., 2., 150., 150., 125., 2., 0., 0., 0.,
       0., 49., 150., 23., 0., 0., 0., 0., 0., 0., 21., 1., 0., 0., 0.,
       1., 9., 150., 114., 0., 0., 0., 0., 0., 0., 94., 110., 1., 0., 0.,
       0., 0., 0., 19., 46., 0., 0., 0., 0., 0., 0., 1., 6., 1., 110.,
       146., 11., 1., 0., 2., 2., 3., 110., 77., 0., 0., 0., 0., 2., 2.,
       40., 15., 0., 0., 0., 0., 0., 3., 4., 0., 0., 0., 0., 0., 0., 11.,
       122., 107., 20., 18., 3., 12., 32., 15., 152., 152., 1., 4., 5.,
       4., 6., 105., 152., 57., 0., 0., 0., 0., 1., 29., 19., 0., 0., 0.,
       0., 0., 0., 14., 28., 6., 5., 11., 5., 15., 41., 70., 34., 24.,
       15., 21., 23., 7., 21., 152., 60., 5., 0., 1., 2., 1., 56., 65.,
       7., 0., 0., 0., 0., 0., 4., 6., 25., 16., 11., 4., 51., 48., 2.,
       110., 15., 33., 29., 4., 14., 17., 29., 152., 4., 1., 0., 0., 0.,
       0., 68., 33., 4., 0., 0., 0., 0., 0., 4., 24., 58., 135., 95.,
       37., 25., 26., 14., 75., 83., 43., 30., 59., 55., 15., 35., 5.,
       12., 24., 24., 34., 65., 47., 2., 0., 0., 3., 12., 4., 12., 8.,
       0., 15., 63., 74., 12., 1., 8., 9., 1., 60., 135., 133., 9., 7.,
       5., 5., 5., 96., 62., 90., 32., 12., 25., 75., 68., 2., 0., 2.,
       16., 7., 15., 59., 10., 1., 2., 0., 0., 0., 12., 34., 2., 101.,
       36., 7., 0., 0., 7., 21., 11., 135., 105., 15., 18., 6., 5., 31.,
       84., 11., 10., 8., 29., 10., 9., 41., 18., 0., 0., 0., 0., 2.,
       15., 11., 2., 45., 8., 0., 0., 0., 6., 11., 13., 135., 131., 53.,
