%YAML:1.0
---
mat: !!opencv-matrix
   rows: 62
   cols: 128
   dt: f
   data: [ 0., 0., 0., 0., 0., 0., 0., 0., 0., 0., 0., 0., 0., 0., 0.,
       0., 5., 1., 0., 0., 0., 0., 0., 0., 1., 0., 0., 0., 0., 0., 0.,
       0., 0., 0., 0., 4., 3., 0., 0., 0., 52., 15., 4., 87., 127., 0.,
       0., 0., 228., 45., 3., 13., 16., 0., 0., 4., 64., 7., 5., 0., 0.,
       0., 0., 0., 0., 0., 0., 3., 1., 0., 0., 0., 129., 11., 2., 121.,
       119., 0., 0., 0., 228., 33., 3., 15., 18., 0., 0., 7., 81., 18.,
       24., 6., 1., 0., 0., 1., 0., 0., 0., 0., 0., 0., 0., 0., 94., 5.,
       0., 14., 18., 9., 2., 4., 228., 59., 1., 4., 5., 2., 1., 4., 59.,
       24., 8., 15., 10., 0., 0., 0., 25., 10., 22., 15., 10., 18., 118.,
       59., 108., 27., 6., 2., 14., 2., 33., 81., 19., 6., 2., 16., 118.,
       38., 2., 5., 118., 27., 2., 4., 23., 10., 3., 7., 7., 28., 118.,
       52., 10., 7., 55., 18., 102., 101., 48., 7., 17., 1., 12., 33.,
       21., 7., 1., 40., 118., 17., 7., 12., 118., 10., 1., 4., 24., 6.,
       9., 59., 9., 25., 52., 19., 15., 25., 118., 58., 81., 33., 16.,
       1., 10., 8., 65., 118., 13., 1., 1., 9., 65., 66., 70., 36., 28.,
       0., 0., 1., 3., 4., 56., 84., 11., 46., 118., 33., 17., 4., 36.,
       34., 76., 79., 43., 1., 0., 1., 16., 52., 10., 3., 0., 0., 0., 5.,
       14., 5., 0., 0., 0., 0., 0., 0., 8., 5., 0., 0., 6., 4., 0., 0.,
       0., 0., 0., 3., 11., 6., 17., 7., 0., 0., 0., 1., 17., 55., 70.,
       87., 68., 4., 22., 7., 35., 27., 6., 31., 115., 36., 2., 4., 50.,
       83., 23., 0., 0., 1., 55., 68., 66., 38., 15., 2., 0., 5., 8., 8.,
       57., 115., 93., 36., 20., 0., 20., 26., 115., 72., 10., 19., 55.,
       29., 17., 6., 10., 56., 115., 11., 1., 3., 115., 25., 9., 14.,
       21., 8., 1., 25., 23., 2., 8., 29., 91., 105., 46., 7., 8., 4.,
       58., 28., 6., 25., 115., 58., 13., 8., 2., 6., 115., 40., 1., 2.,
       115., 55., 3., 3., 23., 8., 2., 11., 24., 6., 16., 65., 105., 31.,
       4., 1., 7., 10., 115., 83., 43., 19., 22., 16., 4., 33., 104., 1.,
       0., 1., 69., 29., 3., 25., 118., 13., 1., 29., 94., 15., 13., 57.,
       118., 3., 0., 8., 97., 49., 9., 47., 100., 0., 0., 4., 95., 21.,
       18., 74., 61., 10., 1., 5., 55., 41., 22., 63., 56., 44., 13.,
       41., 66., 31., 118., 69., 19., 9., 3., 10., 75., 70., 37., 2., 0.,
       0., 0., 3., 118., 40., 7., 5., 1., 1., 0., 14., 118., 88., 10.,
       5., 2., 4., 6., 85., 118., 71., 112., 9., 1., 1., 1., 20., 93.,
       118., 42., 0., 0., 0., 0., 0., 2., 24., 4., 1., 1., 0., 0., 1.,
       28., 19., 5., 1., 1., 0., 0., 4., 31., 19., 14., 1., 0., 0., 0.,
       1., 20., 35., 5., 0., 0., 0., 0., 0., 1., 13., 55., 8., 5., 93.,
       107., 0., 0., 12., 118., 33., 28., 7., 4., 0., 0., 30., 12., 29.,
       34., 0., 0., 0., 0., 1., 2., 13., 3., 0., 0., 0., 0., 0., 92.,
       25., 8., 93., 118., 3., 1., 25., 91., 69., 118., 51., 24., 9., 4.,
       19., 91., 118., 109., 6., 1., 1., 2., 24., 24., 39., 8., 0., 0.,
       0., 0., 1., 97., 10., 4., 55., 93., 5., 1., 42., 61., 30., 26.,
       69., 54., 30., 16., 52., 118., 45., 7., 2., 1., 3., 8., 118., 28.,
       19., 6., 2., 1., 0., 0., 6., 93., 13., 5., 52., 56., 2., 0., 5.,
       93., 42., 23., 68., 37., 5., 1., 20., 118., 41., 1., 0., 0., 0.,
       0., 26., 13., 11., 3., 4., 4., 0., 0., 0., 67., 104., 23., 14.,
       22., 2., 0., 0., 18., 29., 42., 13., 0., 0., 0., 0., 0., 22., 42.,
       5., 0., 0., 0., 0., 0., 5., 13., 7., 6., 0., 0., 0., 86., 115.,
       21., 15., 87., 17., 0., 0., 29., 69., 115., 115., 18., 6., 2., 3.,
       94., 115., 99., 19., 1., 1., 1., 9., 15., 24., 20., 3., 2., 0.,
       0., 0., 68., 55., 9., 9., 115., 65., 1., 4., 72., 43., 19., 51.,
       54., 65., 15., 19., 115., 115., 18., 13., 10., 9., 7., 31., 31.,
       63., 5., 0., 0., 0., 0., 0., 25., 25., 2., 1., 115., 59., 1., 1.,
       41., 63., 13., 35., 78., 18., 1., 1., 79., 115., 22., 24., 38.,
       14., 1., 2., 80., 90., 3., 0., 0., 0., 0., 0., 0., 0., 14., 29.,
       5., 0., 0., 0., 4., 21., 55., 36., 22., 3., 0., 0., 5., 10., 31.,
       88., 78., 50., 16., 6., 98., 26., 20., 10., 3., 9., 15., 37., 3.,
       2., 9., 57., 102., 1., 0., 0., 106., 35., 32., 51., 58., 10., 0.,
       9., 23., 17., 36., 88., 82., 66., 30., 20., 109., 46., 22., 7.,
       2., 5., 17., 54., 5., 1., 1., 6., 109., 16., 0., 2., 109., 12.,
       1., 14., 97., 20., 1., 15., 30., 20., 44., 98., 109., 61., 30.,
       22., 109., 76., 31., 9., 2., 5., 18., 64., 2., 1., 1., 11., 99.,
       8., 0., 1., 100., 13., 0., 12., 74., 12., 1., 12., 25., 19., 35.,
       73., 109., 42., 21., 14., 100., 67., 27., 9., 2., 3., 12., 37.,
       1., 6., 86., 21., 4., 2., 27., 3., 6., 43., 91., 6., 0., 5., 42.,
       3., 3., 15., 42., 29., 2., 18., 43., 1., 7., 30., 38., 5., 0.,
       11., 41., 15., 20., 10., 84., 49., 115., 24., 1., 4., 115., 98.,
       95., 18., 19., 5., 1., 7., 54., 22., 40., 76., 115., 5., 0., 0.,
       112., 82., 53., 34., 25., 2., 0., 2., 19., 1., 1., 2., 109., 115.,
       46., 12., 115., 5., 1., 1., 16., 44., 86., 103., 53., 1., 0., 7.,
       115., 75., 34., 21., 115., 7., 1., 12., 37., 35., 47., 52., 3.,
       0., 0., 0., 1., 34., 40., 6., 4., 0., 0., 0., 0., 13., 79., 42.,
       2., 0., 0., 0., 5., 41., 52., 11., 4., 0., 0., 1., 3., 21., 72.,
       22., 3., 3., 2., 37., 120., 1., 0., 0., 120., 48., 12., 32., 58.,
       2., 0., 5., 25., 19., 106., 64., 17., 2., 1., 2., 39., 60., 71.,
       6., 0., 0., 0., 6., 6., 1., 1., 19., 120., 13., 0., 3., 120., 15.,
       2., 14., 91., 26., 3., 40., 28., 12., 19., 46., 59., 61., 27.,
       27., 81., 36., 11., 3., 1., 3., 15., 84., 7., 3., 0., 26., 120.,
       1., 0., 0., 120., 35., 3., 33., 85., 4., 1., 6., 24., 27., 30.,
       89., 59., 13., 7., 5., 91., 94., 16., 4., 1., 1., 3., 12., 5., 2.,
       0., 16., 120., 0., 0., 0., 120., 29., 2., 17., 77., 10., 1., 1.,
       24., 11., 31., 45., 56., 58., 13., 13., 97., 43., 19., 4., 1., 4.,
       8., 47., 1., 3., 11., 46., 77., 47., 21., 5., 76., 75., 29., 27.,
       12., 10., 18., 35., 57., 84., 10., 0., 0., 0., 0., 3., 1., 8., 1.,
       3., 2., 0., 0., 0., 27., 39., 6., 9., 52., 65., 24., 2., 22., 27.,
       59., 94., 84., 45., 35., 33., 111., 111., 66., 18., 2., 2., 3.,
       26., 28., 41., 5., 4., 1., 0., 0., 0., 57., 93., 1., 2., 34., 36.,
       2., 1., 12., 16., 5., 30., 104., 111., 54., 28., 94., 71., 70.,
       46., 19., 17., 34., 79., 42., 111., 29., 2., 0., 0., 0., 1., 28.,
       51., 2., 0., 29., 51., 2., 2., 30., 53., 1., 8., 73., 62., 6., 1.,
       17., 39., 36., 56., 111., 91., 19., 11., 107., 111., 15., 3., 1.,
       4., 10., 26., 1., 0., 2., 3., 0., 4., 3., 6., 2., 0., 0., 0., 0.,
       11., 55., 29., 27., 2., 0., 0., 0., 11., 70., 81., 15., 3., 1.,
       0., 0., 11., 116., 63., 47., 0., 0., 0., 1., 4., 2., 23., 116.,
       10., 5., 2., 2., 55., 110., 116., 72., 32., 11., 12., 22., 116.,
       106., 51., 39., 59., 108., 12., 6., 16., 61., 22., 58., 14., 0.,
       0., 0., 2., 2., 4., 116., 116., 97., 19., 3., 9., 5., 12., 9.,
       20., 116., 104., 43., 51., 8., 2., 1., 8., 64., 51., 13., 3., 3.,
       3., 5., 7., 0., 0., 0., 1., 11., 6., 14., 58., 28., 3., 0., 0.,
       35., 34., 6., 21., 29., 18., 1., 1., 99., 66., 0., 0., 4., 12.,
       1., 1., 116., 115., 23., 18., 0., 2., 34., 118., 32., 28., 1., 4.,
       2., 1., 17., 76., 43., 8., 2., 97., 22., 3., 8., 28., 33., 3., 1.,
       134., 83., 5., 7., 2., 1., 0., 35., 134., 69., 63., 43., 25., 0.,
       1., 134., 22., 20., 49., 37., 61., 47., 57., 17., 3., 4., 46.,
       74., 134., 42., 18., 0., 49., 23., 25., 59., 20., 1., 0., 19.,
       79., 72., 17., 0., 0., 0., 0., 134., 134., 98., 54., 3., 5., 2.,
       8., 14., 20., 98., 134., 50., 29., 2., 3., 1., 3., 5., 55., 28.,
       4., 0., 0., 7., 8., 1., 0., 0., 8., 5., 2., 6., 44., 42., 9., 0.,
       0., 0., 1., 4., 4., 36., 33., 0., 0., 0., 2., 4., 1., 1., 3., 0.,
