%YAML:1.0
---
mat: !!opencv-matrix
   rows: 3
   cols: 128
   dt: f
   data: [ 0., 0., 3., 9., 11., 4., 5., 3., 10., 2., 1., 3., 5., 2., 35.,
       41., 37., 0., 0., 0., 0., 4., 47., 55., 101., 1., 0., 2., 1., 1.,
       7., 91., 20., 0., 1., 3., 6., 10., 14., 31., 128., 15., 4., 3.,
       2., 13., 117., 128., 25., 5., 14., 39., 18., 109., 128., 61., 91.,
       26., 8., 21., 13., 19., 36., 30., 27., 9., 2., 2., 11., 19., 7.,
       10., 128., 128., 98., 29., 1., 3., 5., 24., 17., 35., 128., 128.,
       16., 25., 14., 6., 36., 116., 75., 41., 7., 7., 2., 1., 1., 4.,
       5., 4., 13., 106., 3., 0., 2., 26., 71., 17., 9., 27., 0., 0., 0.,
       5., 91., 40., 1., 1., 0., 0., 1., 62., 57., 6., 0., 0., 0., 0.,
       13., 7., 67., 37., 0., 0., 0., 13., 9., 7., 27., 15., 1., 7., 30.,
       24., 0., 5., 20., 10., 16., 22., 16., 1., 5., 18., 25., 10., 7.,
       1., 0., 1., 90., 2., 5., 2., 0., 0., 1., 42., 130., 8., 2., 4.,
       5., 47., 130., 130., 4., 2., 2., 20., 116., 130., 110., 10., 4.,
       11., 4., 5., 47., 20., 1., 1., 99., 1., 0., 0., 0., 0., 24., 72.,
       130., 61., 30., 70., 15., 11., 20., 45., 8., 10., 21., 130., 130.,
       55., 11., 4., 1., 2., 1., 12., 55., 29., 6., 1., 23., 7., 8., 2.,
       0., 6., 72., 113., 31., 22., 16., 27., 12., 33., 78., 20., 1., 2.,
       3., 42., 46., 130., 36., 1., 0., 0., 0., 1., 13., 67., 4., 0., 1.,
       3., 41., 37., 3., 13., 28., 12., 44., 24., 52., 31., 4., 18., 68.,
       23., 123., 65., 4., 7., 66., 59., 14., 9., 33., 10., 1., 4., 123.,
       110., 8., 4., 27., 4., 9., 7., 5., 15., 36., 85., 34., 4., 1.,
       65., 77., 34., 71., 77., 123., 49., 2., 25., 64., 20., 7., 14.,
       19., 9., 1., 26., 123., 86., 5., 3., 59., 21., 33., 18., 17., 1.,
       1., 101., 14., 4., 35., 71., 76., 39., 36., 24., 123., 76., 20.,
       26., 31., 16., 22., 30., 16., 22., 8., 36., 123., 25., 1., 3.,
       16., 38., 61., 9., 2., 3., 13., 33., 6., 8., 65., 32., 10., 19.,
       40., 13., 13., 88., 38., 23., 13., 49., 35., 6., 2., 39., 58.,
       22., 49., 22., 0., 0. ]
