%YAML:1.0
---
mat: !!opencv-matrix
   rows: 31
   cols: 128
   dt: f
   data: [ 16., 29., 9., 3., 99., 81., 2., 3., 50., 35., 60., 16., 16.,
       41., 29., 18., 53., 76., 35., 4., 36., 60., 12., 3., 56., 14., 1.,
       1., 33., 60., 57., 58., 29., 2., 0., 0., 118., 118., 7., 23.,
       118., 19., 0., 0., 64., 98., 16., 24., 87., 16., 0., 0., 26.,
       118., 63., 34., 88., 9., 0., 0., 0., 7., 37., 81., 4., 0., 0., 0.,
       118., 82., 6., 23., 118., 5., 0., 0., 99., 74., 6., 28., 90., 1.,
       0., 0., 0., 59., 81., 29., 8., 0., 0., 0., 0., 7., 45., 45., 1.,
       10., 15., 5., 70., 31., 2., 1., 88., 0., 0., 0., 66., 48., 11.,
       59., 56., 0., 0., 0., 0., 6., 5., 27., 0., 0., 0., 0., 0., 10.,
       6., 0., 31., 6., 15., 41., 30., 101., 40., 14., 121., 32., 8., 4.,
       42., 18., 13., 25., 34., 10., 3., 9., 121., 36., 4., 9., 68., 9.,
       1., 1., 22., 16., 6., 24., 21., 15., 32., 79., 115., 27., 6., 8.,
       121., 61., 16., 7., 37., 11., 4., 19., 55., 7., 1., 4., 121., 56.,
       5., 16., 79., 17., 4., 8., 29., 16., 5., 23., 9., 5., 2., 6., 84.,
       95., 121., 27., 120., 10., 1., 2., 29., 13., 96., 121., 41., 6.,
       0., 7., 121., 49., 4., 24., 68., 11., 3., 3., 20., 27., 7., 26.,
       0., 0., 0., 0., 0., 16., 72., 5., 0., 0., 0., 3., 35., 14., 53.,
       22., 6., 3., 0., 19., 121., 35., 27., 21., 19., 8., 3., 2., 6.,
       2., 46., 72., 2., 4., 45., 49., 35., 7., 4., 1., 111., 21., 31.,
       29., 12., 4., 0., 38., 69., 21., 34., 8., 0., 0., 0., 19., 0.,
       12., 45., 1., 0., 0., 0., 0., 28., 24., 8., 41., 69., 7., 2., 6.,
       127., 21., 4., 29., 39., 4., 0., 24., 48., 12., 117., 127., 84.,
       4., 1., 5., 54., 104., 127., 21., 7., 3., 1., 8., 31., 12., 7.,
       40., 69., 10., 3., 11., 127., 18., 6., 24., 56., 4., 1., 14., 30.,
       5., 7., 57., 127., 36., 18., 8., 127., 24., 11., 12., 15., 10.,
       28., 72., 45., 11., 5., 30., 50., 6., 2., 6., 127., 11., 3., 13.,
       41., 5., 2., 20., 19., 31., 20., 49., 127., 24., 17., 10., 45.,
       93., 14., 5., 5., 4., 28., 60., 3., 20., 39., 2., 0., 0., 61.,
       32., 6., 30., 46., 1., 0., 0., 70., 47., 37., 59., 20., 0., 0.,
       0., 81., 62., 121., 48., 1., 0., 0., 0., 15., 45., 10., 37., 123.,
       11., 1., 5., 67., 40., 25., 64., 123., 41., 4., 18., 73., 41.,
       123., 107., 29., 1., 0., 0., 65., 88., 70., 1., 0., 0., 0., 0.,
       20., 67., 8., 13., 25., 4., 1., 16., 123., 112., 20., 11., 16.,
       11., 3., 51., 123., 106., 123., 17., 3., 0., 0., 1., 65., 123.,
       74., 1., 0., 0., 0., 0., 0., 9., 35., 1., 0., 0., 0., 0., 20.,
       26., 40., 2., 0., 0., 0., 1., 31., 26., 49., 2., 0., 0., 0., 0.,
       9., 24., 48., 2., 0., 0., 0., 0., 0., 2., 24., 25., 117., 66., 5.,
       0., 0., 2., 85., 101., 57., 1., 0., 0., 0., 5., 4., 42., 41., 0.,
       0., 0., 0., 0., 0., 17., 29., 0., 0., 0., 0., 0., 91., 18., 15.,
       56., 19., 0., 0., 5., 111., 71., 117., 84., 23., 0., 0., 8., 72.,
       117., 117., 11., 1., 0., 0., 4., 9., 39., 33., 0., 0., 0., 0., 0.,
       116., 11., 5., 34., 26., 0., 0., 14., 77., 23., 24., 83., 117.,
       17., 6., 48., 117., 67., 15., 7., 5., 3., 4., 103., 24., 30., 26.,
       1., 0., 0., 0., 2., 105., 7., 5., 32., 30., 0., 0., 6., 99., 34.,
       11., 76., 66., 5., 1., 35., 117., 42., 8., 1., 0., 0., 0., 36.,
       3., 18., 28., 5., 1., 0., 0., 0., 0., 2., 24., 90., 23., 0., 0.,
       0., 3., 40., 62., 120., 50., 1., 5., 1., 44., 120., 35., 17., 5.,
       0., 5., 2., 45., 49., 9., 4., 1., 0., 0., 0., 11., 9., 16., 120.,
       88., 0., 0., 1., 96., 26., 31., 72., 21., 8., 76., 49., 82., 77.,
       4., 17., 20., 42., 96., 24., 75., 98., 15., 8., 2., 1., 1., 1.,
       33., 9., 15., 93., 120., 33., 8., 20., 120., 15., 3., 26., 33.,
       12., 14., 92., 43., 28., 15., 86., 79., 31., 14., 9., 74., 72.,
       13., 3., 2., 1., 1., 10., 83., 51., 21., 41., 28., 13., 13., 37.,
       85., 7., 6., 11., 18., 10., 11., 72., 14., 13., 7., 11., 40., 63.,
       43., 10., 60., 12., 1., 1., 1., 6., 20., 37., 38., 21., 36., 33.,
       128., 22., 0., 2., 128., 32., 0., 2., 49., 11., 0., 3., 79., 52.,
       4., 8., 6., 4., 0., 1., 18., 11., 6., 65., 25., 0., 0., 5., 128.,
       55., 7., 8., 96., 54., 0., 9., 128., 15., 1., 2., 57., 40., 1.,
       26., 61., 36., 40., 43., 53., 12., 0., 4., 62., 14., 39., 51., 8.,
       0., 0., 48., 128., 112., 14., 16., 42., 42., 13., 13., 128., 61.,
       22., 21., 33., 21., 2., 30., 40., 17., 19., 45., 65., 18., 48.,
       43., 99., 8., 7., 5., 4., 3., 23., 76., 31., 18., 12., 13., 10.,
       78., 78., 26., 56., 30., 12., 10., 3., 11., 16., 128., 14., 6.,
       1., 0., 0., 2., 32., 82., 12., 5., 0., 0., 0., 0., 17., 21., 33.,
       11., 2., 10., 116., 67., 14., 7., 116., 36., 1., 1., 32., 27.,
       11., 22., 30., 4., 0., 0., 82., 58., 10., 16., 80., 6., 1., 0.,
       1., 2., 16., 22., 7., 4., 3., 34., 93., 116., 35., 7., 116., 35.,
       8., 25., 39., 33., 23., 30., 60., 7., 0., 0., 116., 80., 3., 9.,
       90., 20., 4., 3., 7., 8., 2., 8., 2., 1., 2., 28., 98., 116., 17.,
       3., 116., 31., 9., 25., 36., 60., 30., 35., 67., 14., 0., 1.,
       116., 65., 1., 8., 74., 8., 0., 1., 18., 14., 5., 30., 0., 0., 1.,
       29., 116., 39., 6., 0., 99., 47., 14., 35., 59., 22., 11., 17.,
       79., 21., 0., 0., 91., 50., 3., 15., 44., 7., 1., 1., 23., 17.,
       5., 18., 0., 0., 0., 2., 78., 60., 10., 1., 66., 19., 2., 6.,
       104., 98., 34., 16., 121., 31., 0., 0., 40., 29., 10., 21., 26.,
       5., 0., 0., 63., 39., 6., 10., 0., 0., 0., 2., 27., 50., 21., 4.,
       26., 10., 6., 65., 121., 121., 42., 12., 121., 32., 7., 18., 42.,
       31., 14., 26., 33., 4., 0., 0., 108., 66., 2., 8., 0., 0., 0., 1.,
       19., 26., 24., 4., 13., 2., 4., 42., 119., 121., 28., 9., 121.,
       41., 9., 18., 33., 42., 25., 31., 36., 10., 0., 1., 121., 53., 1.,
       6., 0., 0., 0., 0., 13., 9., 20., 2., 2., 2., 4., 45., 121., 52.,
       6., 1., 121., 53., 11., 24., 40., 17., 11., 23., 51., 10., 0., 0.,
       77., 45., 3., 12., 5., 9., 11., 119., 110., 0., 1., 1., 51., 34.,
       17., 41., 22., 5., 61., 62., 40., 79., 3., 12., 22., 30., 70.,
       29., 24., 106., 20., 7., 3., 1., 0., 0., 27., 12., 6., 88., 126.,
       37., 2., 4., 126., 65., 5., 19., 29., 14., 10., 35., 42., 29.,
       10., 69., 114., 46., 15., 9., 56., 90., 11., 8., 5., 5., 7., 11.,
       25., 45., 43., 77., 95., 48., 14., 16., 126., 29., 4., 6., 11.,
       21., 21., 90., 31., 13., 10., 15., 48., 74., 42., 8., 44., 17.,
       3., 4., 3., 20., 63., 32., 93., 45., 11., 54., 93., 1., 0., 14.,
       126., 40., 2., 6., 9., 1., 1., 26., 6., 22., 25., 17., 24., 11.,
       4., 2., 18., 18., 25., 8., 2., 3., 5., 7., 7., 4., 2., 20., 113.,
       45., 4., 7., 81., 33., 3., 7., 28., 41., 9., 48., 62., 16., 2.,
       12., 38., 70., 38., 36., 102., 11., 0., 0., 0., 0., 5., 22., 7.,
       6., 2., 21., 121., 72., 2., 3., 121., 48., 3., 15., 38., 27., 2.,
       28., 67., 14., 4., 28., 47., 38., 9., 18., 121., 8., 1., 1., 0.,
       1., 2., 24., 8., 2., 0., 10., 121., 47., 1., 4., 121., 19., 2.,
       20., 81., 20., 0., 20., 96., 23., 9., 62., 75., 16., 1., 9., 121.,
       17., 2., 2., 0., 1., 0., 17., 5., 0., 0., 4., 121., 33., 3., 3.,
       121., 4., 1., 5., 73., 19., 6., 38., 83., 8., 0., 15., 99., 22.,
       2., 17., 121., 6., 0., 1., 1., 1., 1., 25., 6., 1., 0., 27., 111.,
       6., 3., 14., 51., 0., 0., 31., 111., 21., 7., 67., 60., 2., 2.,
       32., 73., 10., 3., 61., 83., 7., 3., 8., 16., 5., 5., 100., 7.,
       3., 3., 75., 111., 13., 2., 3., 76., 12., 4., 24., 67., 30., 19.,
       103., 59., 11., 1., 37., 107., 63., 21., 65., 111., 7., 0., 4.,
       3., 3., 8., 89., 17., 4., 5., 63., 111., 19., 1., 11., 111., 15.,
       5., 23., 35., 15., 5., 76., 56., 5., 7., 32., 49., 51., 21., 49.,
       85., 1., 0., 0., 0., 3., 9., 72., 39., 1., 2., 55., 111., 3., 0.,
