%YAML:1.0
---
mat: !!opencv-matrix
   rows: 40
   cols: 128
   dt: f
   data: [ 68., 2., 0., 0., 55., 76., 11., 34., 121., 6., 0., 0., 1.,
       42., 25., 72., 46., 0., 0., 0., 2., 76., 26., 52., 31., 0., 0.,
       0., 0., 0., 36., 67., 37., 1., 0., 0., 56., 111., 63., 25., 121.,
       18., 0., 0., 2., 29., 33., 46., 72., 2., 0., 0., 11., 121., 30.,
       45., 64., 0., 0., 0., 0., 4., 21., 78., 9., 0., 0., 0., 13., 121.,
       95., 14., 121., 32., 0., 0., 7., 58., 119., 73., 86., 7., 0., 0.,
       19., 100., 26., 53., 55., 0., 0., 0., 2., 14., 10., 69., 23., 0.,
       6., 12., 11., 39., 72., 22., 15., 29., 58., 21., 5., 15., 121.,
       50., 20., 18., 5., 0., 16., 68., 23., 34., 41., 0., 0., 0., 4.,
       19., 12., 46., 89., 5., 8., 11., 1., 0., 0., 10., 31., 41., 96.,
       25., 0., 0., 2., 7., 60., 111., 40., 1., 0., 0., 3., 9., 41., 39.,
       31., 9., 0., 0., 0., 1., 55., 3., 7., 42., 46., 6., 0., 12., 111.,
       24., 40., 52., 30., 4., 21., 63., 80., 49., 19., 35., 16., 0.,
       56., 84., 50., 81., 81., 111., 57., 1., 0., 5., 41., 0., 0., 2.,
       39., 55., 16., 22., 111., 61., 17., 2., 25., 63., 64., 24., 24.,
       61., 84., 54., 26., 5., 49., 24., 65., 22., 10., 77., 97., 100.,
       31., 13., 57., 0., 0., 0., 0., 10., 13., 29., 17., 3., 1., 0., 0.,
       26., 111., 38., 3., 5., 5., 2., 0., 3., 111., 54., 8., 1., 1., 1.,
       3., 91., 111., 33., 1., 94., 90., 53., 28., 13., 0., 0., 27., 23.,
       44., 64., 33., 4., 13., 25., 9., 1., 11., 24., 9., 25., 85., 52.,
       7., 22., 15., 4., 58., 103., 21., 8., 12., 81., 44., 9., 71.,
       131., 1., 1., 131., 85., 38., 8., 10., 24., 5., 23., 65., 1., 24.,
       44., 38., 16., 23., 23., 4., 1., 39., 49., 91., 47., 7., 12., 34.,
       22., 0., 0., 43., 131., 20., 4., 131., 18., 0., 0., 9., 129., 85.,
       104., 57., 1., 7., 13., 42., 112., 21., 29., 0., 0., 18., 21.,
       13., 65., 93., 30., 40., 11., 0., 0., 3., 45., 15., 25., 3., 0.,
       0., 0., 7., 46., 70., 34., 2., 0., 0., 0., 16., 34., 11., 11., 0.,
       0., 0., 0., 15., 32., 23., 1., 0., 5., 41., 24., 4., 1., 0., 0.,
       1., 15., 63., 27., 10., 1., 0., 0., 0., 10., 53., 32., 5., 0., 0.,
       0., 0., 10., 28., 25., 1., 0., 0., 0., 2., 30., 122., 88., 42.,
       9., 0., 0., 122., 69., 91., 74., 21., 8., 0., 9., 38., 61., 70.,
       59., 110., 44., 0., 6., 20., 93., 52., 43., 14., 2., 0., 4., 9.,
       8., 28., 32., 113., 38., 24., 6., 122., 11., 9., 14., 17., 24.,
       10., 19., 74., 18., 2., 1., 122., 122., 1., 7., 86., 61., 16., 5.,
       47., 33., 2., 31., 9., 2., 1., 9., 42., 74., 65., 6., 122., 10.,
       0., 4., 16., 20., 58., 56., 54., 3., 0., 0., 73., 94., 9., 14.,
       50., 0., 0., 0., 29., 64., 38., 62., 0., 7., 13., 24., 13., 0.,
       0., 0., 0., 1., 5., 108., 120., 23., 13., 1., 97., 10., 7., 26.,
       58., 17., 45., 98., 120., 5., 2., 9., 7., 1., 1., 50., 0., 2.,
       13., 55., 48., 2., 0., 0., 3., 18., 66., 120., 120., 40., 15., 3.,
       120., 100., 58., 12., 6., 11., 35., 52., 98., 12., 4., 2., 4., 5.,
       2., 20., 0., 4., 22., 52., 58., 8., 0., 0., 10., 9., 23., 104.,
       120., 98., 24., 10., 120., 38., 14., 8., 3., 18., 24., 64., 79.,
       28., 14., 0., 0., 0., 0., 4., 0., 3., 46., 69., 23., 2., 0., 0.,
       16., 8., 27., 68., 51., 42., 15., 12., 120., 29., 7., 4., 1., 5.,
       7., 31., 29., 32., 19., 0., 0., 0., 0., 1., 1., 24., 91., 36.,
       12., 0., 0., 0., 8., 79., 63., 10., 4., 0., 0., 0., 5., 58., 74.,
       38., 15., 0., 0., 0., 3., 53., 43., 38., 3., 0., 0., 0., 14., 40.,
       42., 41., 114., 3., 2., 3., 114., 100., 31., 9., 30., 7., 3., 18.,
       38., 85., 39., 42., 114., 63., 2., 4., 29., 114., 48., 86., 43.,
       13., 2., 2., 16., 9., 2., 7., 87., 37., 89., 52., 114., 20., 3.,
       5., 17., 6., 99., 79., 22., 12., 3., 12., 111., 84., 84., 12.,
       12., 21., 8., 7., 13., 59., 114., 17., 6., 0., 0., 0., 1., 10.,
       69., 34., 5., 1., 0., 0., 1., 3., 82., 27., 2., 2., 7., 2., 2.,
       12., 89., 18., 0., 4., 7., 1., 0., 11., 101., 10., 0., 52., 114.,
       8., 1., 1., 2., 0., 4., 29., 112., 7., 1., 4., 5., 1., 1., 14.,
       69., 10., 4., 1., 1., 1., 0., 6., 50., 16., 7., 0., 0., 0., 24.,
       68., 81., 13., 25., 37., 12., 23., 114., 85., 68., 6., 22., 12.,
       2., 23., 20., 14., 114., 71., 112., 9., 2., 10., 49., 41., 114.,
       41., 10., 3., 1., 9., 24., 5., 0., 1., 48., 114., 56., 85., 114.,
       21., 1., 10., 53., 74., 40., 57., 24., 2., 7., 49., 114., 83.,
       16., 9., 114., 4., 9., 6., 23., 32., 17., 61., 0., 0., 0., 1., 7.,
       50., 28., 9., 8., 0., 0., 0., 10., 51., 55., 31., 2., 0., 0., 0.,
       17., 114., 66., 6., 28., 0., 0., 0., 5., 31., 76., 54., 3., 9.,
       45., 56., 83., 44., 20., 7., 134., 78., 39., 5., 1., 4., 17., 51.,
       67., 26., 3., 20., 16., 0., 0., 5., 33., 36., 3., 3., 2., 0., 0.,
       0., 13., 18., 44., 84., 134., 31., 5., 5., 134., 118., 41., 11.,
       15., 3., 5., 30., 107., 21., 2., 16., 35., 0., 0., 3., 52., 29.,
       2., 3., 4., 0., 0., 0., 10., 4., 13., 49., 134., 52., 46., 29.,
       134., 24., 10., 2., 11., 5., 33., 115., 96., 11., 3., 12., 21.,
       11., 5., 9., 33., 23., 5., 2., 2., 2., 3., 6., 7., 20., 56., 88.,
       78., 35., 19., 6., 134., 120., 39., 4., 1., 3., 12., 22., 57.,
       32., 15., 3., 0., 3., 2., 1., 2., 11., 21., 2., 0., 1., 1., 1.,
       22., 5., 15., 66., 44., 0., 2., 25., 70., 104., 48., 43., 16., 0.,
       0., 1., 47., 29., 6., 1., 0., 0., 0., 1., 2., 5., 8., 0., 0., 0.,
       0., 0., 6., 1., 3., 113., 118., 6., 1., 7., 118., 35., 12., 35.,
       50., 5., 1., 27., 81., 24., 94., 113., 0., 0., 0., 4., 30., 83.,
       85., 19., 0., 0., 0., 4., 5., 1., 3., 33., 81., 50., 23., 7.,
       116., 42., 17., 34., 49., 22., 9., 17., 40., 20., 44., 118., 30.,
       0., 2., 66., 105., 34., 20., 20., 4., 0., 0., 118., 0., 0., 0.,
       0., 14., 98., 48., 2., 7., 2., 1., 11., 55., 96., 44., 18., 54.,
       0., 0., 17., 32., 10., 11., 118., 35., 0., 0., 54., 18., 0., 0.,
       97., 122., 45., 2., 4., 12., 2., 18., 134., 38., 19., 20., 64.,
       96., 11., 3., 20., 129., 56., 19., 11., 6., 3., 2., 15., 38., 26.,
       5., 1., 0., 0., 0., 0., 7., 2., 3., 9., 47., 3., 47., 134., 24.,
       22., 17., 82., 134., 11., 2., 13., 134., 80., 16., 18., 15., 2.,
       1., 16., 49., 33., 5., 5., 1., 0., 0., 0., 0., 8., 16., 33., 49.,
       0., 1., 2., 26., 14., 12., 76., 134., 26., 11., 23., 134., 43.,
       8., 7., 13., 8., 9., 62., 41., 19., 5., 2., 1., 1., 2., 3., 0.,
       5., 19., 27., 44., 2., 0., 0., 26., 18., 13., 67., 134., 37., 4.,
       6., 134., 75., 10., 5., 5., 5., 3., 10., 15., 22., 25., 0., 0.,
       0., 0., 0., 0., 0., 0., 0., 21., 27., 27., 1., 11., 9., 4., 8.,
       135., 92., 11., 9., 135., 43., 4., 4., 13., 13., 12., 60., 33.,
       2., 0., 0., 0., 5., 20., 20., 1., 1., 2., 3., 39., 22., 7., 2.,
       16., 9., 9., 48., 135., 59., 9., 8., 135., 33., 11., 20., 23.,
       12., 10., 56., 50., 0., 2., 5., 0., 7., 16., 24., 1., 0., 0., 0.,
       41., 38., 4., 5., 14., 3., 1., 10., 135., 98., 16., 16., 135.,
       18., 2., 10., 28., 26., 18., 62., 54., 5., 33., 135., 20., 1., 2.,
       5., 0., 0., 0., 0., 27., 32., 6., 2., 3., 2., 1., 9., 126., 65.,
       17., 7., 91., 16., 3., 12., 34., 22., 22., 59., 19., 2., 6., 115.,
       135., 72., 3., 6., 0., 1., 123., 39., 0., 1., 54., 5., 32., 75.,
       123., 21., 0., 1., 28., 13., 49., 51., 7., 0., 1., 0., 0., 4., 1.,
       0., 0., 11., 26., 6., 0., 0., 3., 9., 123., 27., 3., 10., 84.,
       44., 123., 74., 81., 9., 1., 0., 22., 114., 123., 29., 1., 0., 1.,
       1., 0., 27., 4., 1., 0., 5., 19., 21., 1., 0., 6., 6., 24., 123.,
       43., 30., 64., 33., 123., 75., 18., 20., 4., 0., 5., 97., 123.,
       44., 1., 0., 0., 0., 0., 11., 3., 5., 2., 12., 33., 2., 0., 0.,
       11., 2., 20., 66., 3., 2., 62., 121., 67., 43., 8., 2., 0., 10.,
