%YAML:1.0
---
mat: !!opencv-matrix
   rows: 41
   cols: 128
   dt: f
   data: [ 4., 19., 93., 3., 0., 0., 0., 2., 1., 12., 136., 3., 0., 0.,
       0., 1., 3., 31., 52., 1., 4., 4., 0., 0., 1., 2., 0., 0., 1., 2.,
       0., 0., 8., 40., 139., 19., 5., 16., 70., 13., 20., 53., 139.,
       61., 44., 50., 30., 8., 139., 139., 101., 10., 6., 6., 4., 23.,
       29., 7., 0., 0., 0., 0., 0., 2., 2., 1., 1., 0., 1., 45., 139.,
       16., 17., 5., 3., 7., 33., 139., 139., 37., 139., 12., 2., 2., 4.,
       30., 109., 139., 24., 0., 0., 0., 0., 1., 1., 10., 6., 1., 0., 0.,
       0., 3., 11., 4., 0., 0., 0., 0., 0., 27., 56., 5., 1., 0., 0., 0.,
       3., 10., 51., 24., 0., 0., 0., 0., 2., 3., 1., 2., 71., 45., 33.,
       33., 2., 0., 0., 27., 10., 44., 77., 29., 1., 0., 0., 0., 4., 17.,
       20., 8., 2., 1., 0., 0., 0., 3., 7., 5., 5., 1., 0., 0., 45., 7.,
       29., 117., 34., 17., 3., 38., 117., 83., 73., 93., 17., 9., 1.,
       8., 57., 61., 80., 104., 40., 0., 0., 0., 7., 103., 81., 11., 3.,
       0., 0., 0., 5., 1., 2., 29., 36., 117., 57., 6., 117., 10., 3.,
       24., 29., 83., 41., 51., 42., 35., 13., 79., 117., 40., 4., 3.,
       56., 117., 49., 7., 22., 16., 0., 16., 0., 0., 0., 1., 2., 55.,
       25., 0., 5., 1., 1., 5., 6., 90., 74., 12., 1., 2., 1., 9., 34.,
       117., 76., 5., 65., 13., 1., 0., 21., 66., 31., 75., 8., 56., 64.,
       0., 0., 0., 0., 0., 12., 69., 55., 5., 0., 0., 0., 0., 33., 62.,
       23., 2., 0., 0., 0., 3., 21., 3., 0., 0., 0., 0., 1., 17., 7.,
       72., 83., 1., 1., 10., 87., 21., 19., 92., 130., 48., 6., 30.,
       37., 11., 130., 120., 51., 16., 1., 2., 7., 27., 61., 24., 0., 0.,
       0., 0., 0., 3., 5., 2., 0., 0., 0., 16., 125., 31., 13., 5., 6.,
       7., 5., 81., 130., 46., 113., 11., 2., 2., 0., 6., 72., 130., 64.,
       17., 0., 0., 0., 0., 0., 12., 24., 59., 44., 33., 7., 0., 2., 9.,
       5., 41., 130., 35., 4., 1., 19., 11., 5., 46., 130., 11., 0., 0.,
       10., 16., 19., 66., 130., 1., 0., 0., 0., 6., 2., 41., 32., 4.,
       0., 0., 3., 4., 23., 68., 11., 0., 0., 0., 9., 11., 52., 21., 0.,
       0., 0., 0., 14., 29., 23., 0., 0., 0., 0., 0., 30., 33., 9., 76.,
       132., 118., 22., 1., 0., 0., 132., 132., 49., 2., 0., 0., 0., 9.,
       125., 14., 0., 0., 0., 0., 0., 50., 51., 0., 0., 0., 0., 0., 0.,
       29., 32., 30., 26., 60., 80., 91., 92., 64., 132., 79., 9., 1.,
       0., 1., 33., 132., 132., 5., 0., 0., 0., 0., 0., 59., 41., 0., 0.,
       0., 0., 0., 0., 29., 1., 0., 0., 0., 2., 49., 132., 61., 36., 0.,
       0., 0., 0., 0., 50., 132., 65., 0., 0., 0., 0., 0., 0., 43., 32.,
       0., 0., 0., 0., 0., 0., 18., 2., 15., 84., 2., 0., 0., 6., 6., 5.,
       49., 48., 2., 0., 0., 11., 7., 3., 12., 55., 18., 0., 2., 21., 7.,
       3., 9., 92., 3., 0., 0., 11., 12., 8., 28., 124., 46., 25., 15.,
       6., 3., 124., 124., 98., 17., 14., 4., 1., 8., 27., 28., 93.,
       100., 83., 35., 12., 4., 6., 26., 124., 25., 7., 11., 38., 24.,
       11., 4., 4., 8., 35., 124., 99., 25., 124., 18., 2., 2., 10., 27.,
       64., 124., 44., 2., 1., 4., 39., 88., 112., 40., 4., 3., 2., 1.,
       3., 17., 124., 84., 3., 4., 1., 0., 0., 37., 68., 10., 18., 2.,
       0., 0., 0., 5., 61., 77., 26., 0., 0., 0., 0., 1., 16., 24., 21.,
       0., 0., 0., 0., 0., 16., 16., 75., 51., 29., 27., 0., 0., 1., 34.,
       8., 38., 72., 30., 1., 0., 0., 0., 4., 15., 11., 8., 5., 1., 0.,
       0., 0., 0., 2., 3., 34., 44., 0., 0., 26., 3., 31., 113., 61.,
       51., 14., 45., 113., 82., 83., 76., 15., 21., 11., 25., 53., 43.,
       98., 104., 9., 0., 0., 2., 14., 86., 77., 13., 2., 7., 0., 0., 1.,
       0., 0., 6., 31., 113., 37., 3., 66., 3., 1., 23., 39., 98., 98.,
       68., 37., 19., 40., 113., 113., 67., 23., 29., 113., 80., 38.,
       26., 11., 5., 11., 72., 0., 0., 0., 14., 11., 12., 4., 0., 1., 3.,
       28., 51., 32., 35., 17., 1., 11., 12., 18., 7., 37., 107., 75.,
       26., 38., 2., 5., 13., 29., 12., 42., 81., 12., 12., 33., 2., 0.,
       1., 12., 19., 3., 16., 68., 1., 0., 0., 29., 19., 4., 28., 31.,
       3., 0., 1., 39., 15., 5., 6., 44., 6., 0., 5., 37., 15., 3., 37.,
       129., 17., 1., 2., 30., 12., 19., 48., 129., 52., 28., 23., 15.,
       7., 129., 129., 104., 36., 30., 12., 2., 11., 9., 21., 129., 68.,
       44., 28., 30., 14., 4., 7., 11., 2., 0., 12., 129., 50., 23., 7.,
       10., 10., 34., 129., 129., 47., 129., 18., 3., 4., 18., 43., 83.,
       129., 17., 3., 3., 5., 22., 52., 129., 51., 12., 16., 21., 0., 0.,
       1., 12., 9., 6., 22., 20., 0., 0., 21., 49., 11., 23., 10., 2.,
       0., 0., 3., 33., 43., 28., 1., 0., 0., 0., 0., 7., 11., 5., 56.,
       138., 30., 0., 0., 0., 1., 16., 138., 91., 0., 0., 0., 0., 0.,
       14., 77., 3., 0., 0., 0., 0., 0., 1., 37., 3., 0., 0., 0., 0., 0.,
       28., 49., 138., 70., 47., 20., 4., 8., 138., 138., 60., 1., 0.,
       0., 1., 22., 127., 69., 2., 0., 0., 0., 0., 2., 1., 25., 5., 0.,
       0., 0., 0., 0., 20., 2., 1., 3., 41., 118., 138., 76., 138., 5.,
       0., 0., 0., 1., 56., 138., 99., 19., 1., 0., 0., 0., 0., 19., 0.,
       4., 1., 0., 0., 0., 0., 0., 2., 5., 1., 0., 0., 24., 93., 33.,
       15., 9., 1., 0., 0., 0., 36., 79., 10., 3., 0., 0., 0., 0., 0.,
       7., 0., 0., 0., 0., 0., 0., 0., 0., 5., 32., 38., 23., 3., 0., 0.,
       0., 1., 11., 54., 36., 7., 7., 1., 0., 1., 27., 39., 7., 2., 38.,
       39., 0., 0., 2., 19., 9., 1., 53., 88., 0., 96., 102., 35., 54.,
       34., 14., 19., 17., 40., 53., 96., 112., 112., 21., 6., 9., 112.,
       112., 68., 33., 30., 6., 4., 15., 20., 27., 80., 65., 78., 8., 0.,
       9., 33., 7., 1., 9., 20., 55., 110., 46., 25., 8., 9., 28., 90.,
       112., 112., 38., 112., 10., 11., 7., 41., 22., 74., 100., 37., 4.,
       8., 8., 112., 52., 24., 48., 0., 0., 1., 26., 39., 15., 9., 0.,
       12., 17., 25., 44., 26., 26., 24., 9., 7., 18., 49., 42., 13.,
       14., 18., 13., 2., 26., 60., 11., 6., 16., 22., 11., 3., 16., 32.,
       26., 10., 0., 0., 0., 6., 25., 103., 27., 7., 2., 0., 0., 1., 42.,
       105., 29., 5., 2., 0., 1., 13., 35., 84., 40., 2., 0., 0., 0.,
       42., 82., 21., 32., 102., 10., 1., 1., 112., 36., 46., 31., 82.,
       46., 6., 17., 15., 57., 90., 43., 99., 103., 8., 5., 112., 46.,
       65., 57., 15., 6., 6., 4., 51., 36., 2., 2., 47., 44., 55., 37.,
       112., 4., 0., 9., 74., 40., 53., 71., 36., 5., 7., 49., 112., 75.,
       25., 14., 112., 18., 7., 7., 24., 35., 33., 18., 3., 1., 0., 0.,
       0., 8., 49., 21., 3., 1., 0., 0., 15., 22., 41., 27., 6., 2., 1.,
       3., 47., 109., 83., 5., 30., 5., 1., 3., 9., 19., 112., 37., 11.,
       22., 43., 69., 97., 1., 1., 6., 57., 108., 76., 9., 16., 2., 3.,
       17., 56., 50., 25., 6., 1., 1., 0., 6., 0., 4., 21., 3., 4., 1.,
       0., 0., 14., 28., 11., 65., 108., 12., 20., 14., 108., 46., 18.,
       15., 22., 10., 13., 100., 75., 37., 57., 96., 66., 0., 1., 43.,
       24., 56., 84., 30., 18., 3., 0., 7., 5., 1., 0., 13., 45., 90.,
       108., 62., 108., 48., 4., 16., 23., 100., 68., 32., 93., 21., 7.,
       75., 108., 23., 26., 47., 70., 19., 7., 14., 106., 40., 5., 39.,
       0., 0., 0., 1., 2., 27., 39., 5., 4., 1., 0., 1., 5., 63., 73.,
       7., 15., 0., 0., 3., 13., 50., 91., 37., 13., 1., 0., 0., 42.,
       54., 29., 29., 1., 36., 110., 43., 11., 0., 0., 0., 30., 124.,
       39., 7., 5., 1., 5., 5., 56., 124., 1., 0., 1., 7., 8., 2., 10.,
       19., 2., 5., 18., 31., 19., 4., 28., 66., 53., 18., 19., 10., 1.,
       4., 124., 100., 7., 0., 0., 1., 12., 28., 124., 110., 0., 0., 0.,
       0., 14., 29., 95., 48., 0., 0., 1., 11., 10., 5., 58., 9., 10.,
       22., 10., 7., 5., 16., 124., 40., 1., 0., 0., 0., 1., 32., 124.,
       33., 1., 0., 0., 0., 4., 76., 109., 5., 0., 0., 0., 0., 0., 56.,
       19., 1., 1., 4., 2., 10., 117., 51., 120., 10., 0., 0., 0., 3.,
       15., 107., 109., 6., 0., 0., 0., 0., 0., 124., 15., 0., 0., 0.,
