%YAML:1.0
---
mat: !!opencv-matrix
   rows: 25
   cols: 128
   dt: f
   data: [ 0., 0., 7., 49., 51., 0., 0., 0., 78., 63., 50., 59., 36., 0.,
       0., 4., 39., 20., 2., 27., 5., 0., 0., 2., 2., 22., 55., 94., 10.,
       0., 0., 0., 4., 1., 0., 44., 121., 2., 0., 0., 121., 31., 7., 39.,
       108., 2., 0., 24., 70., 12., 10., 121., 46., 1., 3., 8., 18., 39.,
       24., 121., 85., 28., 18., 2., 2., 0., 0., 8., 117., 69., 14., 0.,
       86., 52., 16., 13., 53., 70., 112., 16., 13., 22., 28., 115., 32.,
       16., 100., 55., 5., 4., 0., 23., 34., 121., 107., 64., 0., 0., 0.,
       1., 4., 20., 10., 0., 0., 0., 0., 1., 1., 31., 88., 2., 0., 0.,
       0., 1., 2., 13., 91., 23., 0., 0., 0., 1., 9., 44., 19., 22., 0.,
       0., 0., 0., 42., 43., 14., 0., 82., 14., 0., 2., 148., 111., 1.,
       5., 148., 28., 0., 1., 25., 17., 2., 11., 72., 5., 0., 0., 7., 8.,
       3., 14., 0., 0., 0., 0., 30., 30., 23., 0., 64., 6., 0., 1., 148.,
       139., 3., 8., 148., 26., 0., 0., 35., 33., 17., 30., 44., 1., 0.,
       0., 2., 10., 41., 58., 0., 0., 0., 0., 12., 23., 22., 0., 21., 1.,
       0., 0., 148., 148., 27., 12., 148., 4., 0., 0., 34., 45., 42.,
       103., 37., 0., 0., 0., 0., 0., 21., 33., 0., 0., 0., 0., 1., 8.,
       12., 0., 0., 0., 0., 0., 17., 68., 56., 7., 16., 0., 0., 0., 2.,
       18., 77., 72., 4., 0., 0., 0., 0., 0., 9., 11., 0., 1., 13., 6.,
       1., 0., 0., 0., 1., 9., 63., 69., 15., 0., 0., 0., 20., 71., 74.,
       15., 1., 0., 0., 0., 4., 14., 7., 0., 0., 0., 0., 0., 0., 5., 55.,
       36., 13., 0., 0., 0., 34., 19., 38., 151., 151., 0., 0., 1., 151.,
       87., 35., 37., 22., 0., 0., 5., 31., 27., 8., 0., 0., 0., 0., 0.,
       12., 18., 32., 58., 51., 0., 0., 1., 92., 20., 9., 128., 151., 1.,
       0., 9., 151., 22., 1., 16., 21., 0., 0., 30., 22., 25., 14., 0.,
       0., 0., 0., 1., 16., 5., 2., 33., 65., 1., 0., 3., 108., 11., 0.,
       77., 151., 4., 0., 16., 151., 30., 2., 4., 6., 1., 0., 25., 6.,
       21., 11., 0., 0., 0., 0., 0., 37., 29., 48., 74., 7., 0., 0., 6.,
       40., 40., 45., 10., 0., 0., 0., 3., 0., 21., 35., 5., 0., 0., 0.,
       0., 0., 2., 2., 3., 0., 0., 0., 0., 74., 16., 24., 52., 31., 34.,
       15., 22., 45., 45., 127., 127., 23., 20., 2., 7., 127., 127., 95.,
       21., 2., 2., 0., 3., 16., 15., 15., 9., 0., 0., 0., 0., 3., 2.,
       5., 9., 8., 121., 73., 2., 36., 9., 16., 43., 68., 127., 54., 24.,
       127., 32., 16., 38., 17., 34., 19., 74., 25., 20., 127., 111.,
       10., 0., 0., 4., 0., 0., 1., 6., 4., 17., 8., 0., 2., 0., 0., 2.,
       24., 112., 41., 13., 23., 1., 2., 31., 85., 53., 46., 49., 28.,
       9., 31., 71., 80., 37., 14., 62., 38., 28., 76., 66., 2., 0., 0.,
       3., 30., 93., 81., 21., 0., 0., 0., 0., 7., 12., 7., 8., 0., 0.,
       0., 0., 0., 0., 5., 5., 0., 0., 0., 0., 21., 16., 42., 92., 38.,
       116., 38., 6., 118., 97., 35., 34., 13., 39., 10., 29., 42., 25.,
       118., 117., 7., 0., 0., 2., 5., 58., 118., 13., 0., 0., 1., 3.,
       3., 0., 0., 1., 17., 118., 56., 7., 79., 3., 2., 24., 62., 88.,
       67., 83., 50., 13., 55., 118., 118., 59., 14., 64., 46., 57., 51.,
       14., 9., 16., 33., 77., 0., 0., 1., 10., 3., 9., 4., 0., 0., 0.,
       0., 6., 27., 38., 15., 3., 17., 6., 0., 1., 41., 118., 35., 19.,
       20., 24., 14., 34., 31., 40., 27., 15., 0., 0., 1., 1., 90., 22.,
       6., 4., 40., 23., 0., 1., 141., 67., 0., 5., 82., 68., 52., 28.,
       15., 31., 28., 32., 23., 49., 48., 40., 7., 50., 30., 13., 5.,
       19., 35., 8., 67., 13., 0., 0., 49., 6., 1., 1., 141., 112., 8.,
       8., 141., 20., 0., 0., 24., 49., 51., 65., 26., 15., 2., 0., 1.,
       141., 97., 11., 44., 26., 25., 7., 14., 9., 12., 58., 14., 2., 0.,
       1., 97., 141., 85., 23., 116., 4., 0., 0., 6., 32., 106., 138.,
       28., 0., 0., 0., 0., 43., 20., 19., 2., 0., 0., 1., 0., 1., 18.,
       33., 0., 0., 1., 1., 0., 17., 25., 4., 0., 0., 1., 1., 0., 3.,
       33., 16., 0., 0., 7., 10., 1., 0., 1., 3., 0., 8., 2., 3., 1., 0.,
       5., 1., 0., 3., 31., 15., 1., 0., 1., 1., 0., 18., 25., 1., 0.,
       0., 1., 0., 0., 2., 6., 3., 0., 0., 1., 1., 5., 143., 8., 19.,
       19., 0., 0., 0., 9., 34., 93., 143., 98., 0., 0., 0., 111., 143.,
       80., 23., 8., 1., 0., 2., 14., 10., 31., 57., 20., 8., 4., 1., 8.,
       143., 30., 20., 29., 17., 6., 3., 57., 45., 33., 119., 143., 1.,
       1., 5., 143., 28., 6., 12., 24., 3., 1., 34., 32., 1., 2., 12.,
       21., 40., 44., 10., 10., 28., 7., 7., 22., 35., 112., 36., 75.,
       12., 8., 37., 113., 50., 22., 13., 143., 1., 0., 3., 7., 1., 0.,
       37., 25., 1., 3., 0., 0., 1., 7., 5., 1., 1., 9., 19., 44., 79.,
       34., 7., 45., 25., 27., 13., 16., 23., 51., 83., 31., 26., 18.,
       20., 52., 8., 1., 9., 56., 34., 4., 1., 1., 0., 0., 0., 2., 4.,
       31., 109., 89., 35., 8., 2., 124., 97., 88., 59., 33., 18., 14.,
       26., 75., 18., 1., 2., 100., 17., 1., 3., 119., 8., 0., 0., 5.,
       1., 0., 3., 2., 3., 5., 44., 124., 57., 5., 3., 124., 68., 15.,
       36., 64., 30., 11., 33., 102., 9., 0., 1., 91., 21., 3., 11.,
       105., 1., 0., 0., 5., 2., 2., 23., 3., 1., 2., 12., 124., 30., 3.,
       2., 124., 25., 5., 11., 88., 20., 9., 49., 89., 3., 0., 0., 41.,
       28., 8., 21., 61., 0., 0., 0., 3., 3., 4., 26., 1., 14., 115.,
       44., 19., 32., 16., 2., 1., 51., 115., 3., 1., 9., 16., 4., 24.,
       84., 115., 3., 9., 8., 16., 11., 40., 34., 4., 0., 0., 1., 4.,
       19., 2., 2., 15., 89., 44., 104., 45., 1., 58., 21., 46., 22.,
       15., 39., 100., 61., 81., 42., 34., 5., 6., 33., 115., 66., 105.,
       16., 1., 0., 0., 0., 2., 31., 3., 1., 7., 115., 19., 15., 55.,
       61., 72., 52., 52., 23., 22., 51., 47., 33., 108., 44., 70., 21.,
       8., 12., 14., 49., 79., 2., 0., 0., 0., 0., 0., 22., 3., 14., 49.,
       5., 7., 23., 44., 72., 2., 12., 52., 3., 19., 115., 72., 21., 46.,
       19., 17., 1., 1., 11., 56., 115., 20., 1., 0., 0., 0., 0., 0.,
       22., 3., 16., 40., 34., 4., 0., 0., 1., 2., 28., 105., 15., 1.,
       0., 0., 0., 0., 21., 82., 3., 0., 0., 0., 0., 0., 23., 21., 1.,
       0., 0., 0., 0., 16., 12., 26., 82., 116., 3., 8., 8., 116., 66.,
       83., 41., 33., 5., 6., 30., 14., 46., 108., 45., 72., 22., 8.,
       12., 58., 116., 46., 19., 19., 1., 1., 12., 16., 4., 1., 43.,
       116., 3., 2., 7., 101., 63., 57., 20., 50., 20., 14., 37., 47.,
       34., 72., 51., 51., 23., 21., 50., 72., 22., 2., 10., 52., 4.,
       17., 116., 15., 2., 1., 13., 116., 42., 17., 28., 50., 1., 2., 2.,
       16., 83., 45., 104., 49., 59., 3., 1., 5., 116., 21., 15., 44.,
       79., 3., 12., 44., 7., 8., 22., 39., 46., 66., 4., 2., 8., 77.,
       118., 46., 11., 31., 45., 3., 7., 34., 129., 14., 49., 49., 18.,
       0., 0., 1., 23., 3., 7., 2., 1., 0., 0., 0., 0., 94., 11., 0.,
       12., 23., 3., 61., 111., 23., 22., 45., 132., 132., 37., 14., 29.,
       132., 131., 63., 67., 12., 8., 4., 17., 39., 10., 2., 4., 0., 0.,
       0., 0., 17., 0., 0., 4., 23., 17., 13., 43., 15., 3., 2., 27.,
       120., 132., 76., 23., 132., 9., 2., 5., 9., 56., 92., 132., 32.,
       1., 0., 1., 1., 1., 1., 10., 1., 0., 0., 1., 3., 5., 1., 1., 0.,
       0., 0., 0., 1., 32., 26., 2., 3., 0., 0., 0., 0., 12., 38., 26.,
       1., 0., 0., 0., 1., 2., 2., 3., 0., 4., 79., 19., 4., 2., 0., 0.,
       2., 33., 90., 14., 8., 18., 8., 0., 1., 35., 66., 14., 4., 19.,
       68., 13., 4., 19., 34., 29., 1., 0., 18., 25., 6., 7., 44., 65.,
       85., 31., 8., 1., 113., 72., 62., 37., 54., 23., 4., 8., 17., 84.,
       86., 36., 73., 72., 5., 4., 18., 77., 84., 99., 18., 6., 6., 1.,
       10., 1., 3., 49., 113., 63., 9., 5., 113., 12., 3., 31., 70., 35.,
       15., 47., 50., 9., 8., 89., 95., 60., 33., 30., 48., 9., 11., 14.,
       48., 62., 46., 32., 1., 0., 0., 8., 24., 41., 88., 7., 29., 0.,
       0., 1., 13., 34., 89., 92., 13., 0., 0., 2., 15., 78., 109., 24.,
