%YAML:1.0
---
mat: !!opencv-matrix
   rows: 61
   cols: 128
   dt: f
   data: [ 38., 26., 7., 2., 0., 0., 0., 2., 31., 28., 47., 7., 0., 0.,
       0., 3., 40., 41., 18., 0., 0., 0., 0., 4., 39., 4., 0., 0., 0.,
       0., 0., 4., 120., 70., 15., 10., 20., 8., 1., 5., 26., 55., 114.,
       61., 100., 36., 3., 6., 120., 120., 50., 6., 5., 3., 2., 16., 64.,
       6., 0., 0., 0., 0., 0., 4., 120., 16., 18., 2., 13., 13., 10.,
       55., 26., 16., 46., 8., 77., 119., 62., 40., 120., 28., 7., 1.,
       4., 14., 40., 120., 63., 5., 0., 0., 0., 0., 0., 6., 26., 99.,
       120., 37., 12., 7., 3., 11., 52., 77., 120., 53., 22., 37., 16.,
       25., 120., 85., 24., 0., 0., 1., 6., 47., 43., 5., 0., 0., 0., 0.,
       0., 7., 6., 34., 56., 8., 0., 0., 3., 10., 42., 77., 48., 10., 1.,
       0., 1., 4., 22., 49., 87., 9., 2., 0., 0., 1., 9., 48., 63., 6.,
       0., 0., 0., 0., 9., 32., 94., 31., 62., 30., 5., 6., 126., 85.,
       67., 27., 16., 17., 4., 12., 37., 32., 117., 30., 101., 53., 3.,
       6., 126., 73., 85., 14., 10., 5., 2., 6., 10., 1., 4., 7., 115.,
       75., 33., 10., 126., 7., 3., 3., 22., 22., 29., 65., 61., 3., 3.,
       9., 126., 93., 20., 11., 126., 7., 3., 2., 14., 22., 26., 49.,
       10., 20., 44., 22., 19., 42., 35., 7., 72., 27., 19., 4., 5., 10.,
       36., 69., 21., 10., 48., 14., 19., 53., 21., 16., 57., 4., 4., 1.,
       1., 11., 30., 81., 51., 46., 47., 15., 3., 2., 79., 117., 112.,
       28., 4., 3., 3., 10., 14., 59., 7., 1., 2., 1., 4., 30., 88., 13.,
       1., 1., 6., 7., 1., 3., 79., 23., 7., 12., 36., 117., 20., 18.,
       72., 93., 117., 88., 31., 46., 9., 5., 13., 25., 37., 4., 34.,
       68., 42., 4., 6., 5., 21., 17., 95., 69., 5., 2., 3., 3., 5., 3.,
       11., 44., 11., 90., 117., 15., 117., 13., 4., 9., 8., 41., 110.,
       117., 29., 0., 7., 30., 88., 92., 55., 18., 25., 8., 24., 20.,
       12., 29., 117., 53., 0., 0., 0., 0., 0., 15., 46., 6., 2., 0., 0.,
       0., 0., 15., 61., 26., 1., 0., 0., 0., 1., 21., 52., 14., 0., 0.,
       0., 0., 0., 6., 79., 13., 65., 67., 11., 6., 8., 16., 9., 3., 25.,
       43., 7., 0., 0., 36., 25., 6., 55., 49., 0., 0., 0., 2., 5., 12.,
       17., 2., 0., 0., 0., 0., 1., 21., 101., 92., 89., 35., 16., 2.,
       1., 9., 100., 117., 70., 9., 0., 12., 19., 40., 58., 23., 2., 0.,
       0., 3., 28., 70., 17., 2., 0., 0., 0., 0., 4., 36., 32., 26., 40.,
       18., 19., 9., 8., 127., 83., 33., 27., 36., 45., 5., 15., 127.,
       83., 127., 40., 26., 17., 0., 2., 14., 29., 32., 5., 0., 0., 0.,
       2., 10., 13., 0., 5., 25., 7., 1., 12., 127., 8., 7., 14., 127.,
       117., 3., 5., 56., 103., 108., 53., 44., 43., 0., 0., 3., 57.,
       99., 51., 2., 0., 0., 0., 14., 4., 43., 50., 0., 0., 0., 10., 4.,
       18., 67., 35., 0., 0., 0., 3., 5., 46., 28., 2., 0., 0., 0., 0.,
       5., 19., 1., 0., 0., 0., 0., 0., 7., 5., 51., 49., 21., 0., 1.,
       50., 16., 36., 80., 58., 16., 0., 0., 24., 37., 64., 56., 48., 8.,
       0., 0., 1., 19., 10., 37., 36., 3., 0., 0., 0., 3., 8., 130., 90.,
       88., 33., 11., 1., 0., 130., 120., 77., 67., 16., 6., 2., 25.,
       49., 88., 93., 47., 81., 56., 3., 12., 5., 130., 130., 56., 11.,
       6., 0., 0., 26., 20., 25., 28., 60., 39., 18., 9., 130., 6., 7.,
       13., 10., 16., 3., 58., 63., 10., 3., 23., 130., 91., 3., 15.,
       27., 40., 47., 28., 63., 35., 9., 5., 9., 15., 41., 14., 35., 50.,
       9., 6., 34., 22., 25., 7., 11., 55., 95., 52., 102., 15., 26., 7.,
       19., 24., 18., 72., 13., 5., 24., 7., 25., 71., 42., 19., 19.,
       28., 47., 49., 113., 19., 8., 14., 114., 99., 56., 35., 44., 8.,
       10., 35., 64., 22., 36., 44., 35., 25., 13., 28., 70., 18., 32.,
       14., 12., 7., 3., 71., 14., 30., 16., 22., 82., 42., 62., 19.,
       114., 31., 11., 7., 36., 28., 63., 109., 47., 27., 30., 71., 20.,
       30., 75., 40., 114., 21., 5., 12., 5., 10., 32., 72., 7., 0., 0.,
       0., 1., 22., 100., 20., 9., 1., 0., 0., 0., 6., 112., 107., 8.,
       0., 0., 0., 0., 13., 97., 69., 26., 0., 0., 0., 0., 5., 47., 65.,
       37., 55., 19., 24., 6., 2., 8., 45., 19., 104., 45., 11., 1., 1.,
       10., 11., 9., 46., 48., 5., 8., 4., 1., 8., 5., 21., 11., 2., 23.,
       32., 26., 15., 26., 12., 22., 125., 95., 15., 4., 23., 139., 91.,
       39., 38., 27., 9., 1., 8., 50., 47., 57., 24., 52., 32., 10., 30.,
       70., 62., 16., 1., 1., 3., 9., 62., 25., 2., 1., 11., 139., 83.,
       10., 15., 139., 19., 0., 2., 56., 23., 1., 8., 79., 8., 0., 1.,
       24., 31., 18., 89., 33., 0., 0., 0., 0., 1., 5., 120., 11., 1.,
       0., 0., 139., 34., 4., 12., 139., 42., 0., 0., 67., 9., 0., 5.,
       126., 13., 0., 0., 0., 0., 0., 55., 22., 0., 0., 0., 0., 0., 0.,
       25., 40., 15., 46., 70., 8., 13., 54., 51., 116., 18., 8., 8., 2.,
       3., 31., 89., 33., 17., 12., 6., 2., 2., 22., 66., 14., 2., 0.,
       0., 0., 0., 28., 42., 32., 19., 28., 54., 24., 5., 88., 94., 116.,
       32., 11., 6., 3., 8., 42., 96., 38., 15., 11., 13., 4., 9., 76.,
       85., 28., 7., 2., 0., 0., 0., 21., 65., 13., 3., 4., 61., 29., 5.,
       83., 116., 109., 20., 2., 3., 1., 5., 111., 116., 40., 16., 10.,
       21., 8., 20., 86., 59., 45., 8., 3., 1., 0., 0., 29., 78., 0., 0.,
       0., 1., 1., 3., 116., 116., 1., 0., 0., 0., 0., 2., 116., 58., 1.,
       0., 0., 0., 0., 4., 106., 46., 1., 0., 0., 0., 0., 0., 44., 37.,
       12., 58., 43., 0., 0., 0., 0., 2., 6., 88., 84., 1., 0., 0., 0.,
       0., 10., 102., 90., 7., 0., 0., 0., 0., 6., 50., 109., 10., 1.,
       0., 0., 0., 21., 87., 109., 2., 2., 2., 1., 3., 24., 62., 109.,
       31., 24., 23., 3., 7., 83., 109., 106., 25., 18., 20., 3., 7.,
       71., 65., 69., 20., 17., 23., 10., 18., 109., 47., 30., 2., 4.,
       33., 24., 55., 80., 20., 8., 13., 33., 101., 22., 44., 109., 27.,
       6., 6., 8., 38., 24., 65., 86., 6., 3., 2., 3., 29., 26., 66.,
       64., 109., 47., 0., 0., 5., 8., 23., 39., 72., 15., 29., 22., 10.,
       7., 12., 82., 61., 11., 14., 9., 5., 11., 32., 101., 15., 5., 4.,
       0., 0., 6., 38., 5., 21., 44., 7., 1., 0., 3., 2., 5., 20., 73.,
       14., 1., 1., 0., 4., 9., 21., 95., 58., 1., 1., 0., 9., 32., 79.,
       61., 36., 5., 9., 2., 1., 8., 72., 90., 42., 13., 2., 3., 3., 87.,
       29., 71., 43., 14., 25., 13., 20., 13., 8., 71., 60., 59., 106.,
       17., 8., 123., 116., 16., 28., 8., 16., 12., 6., 31., 59., 92.,
       15., 17., 123., 12., 5., 123., 46., 27., 7., 7., 19., 9., 21.,
       47., 2., 2., 3., 84., 123., 35., 7., 66., 21., 4., 2., 8., 35.,
       81., 52., 22., 23., 22., 4., 2., 123., 41., 13., 123., 25., 41.,
       3., 1., 24., 35., 54., 28., 19., 53., 28., 12., 32., 13., 4., 18.,
       37., 47., 44., 24., 18., 25., 13., 0., 2., 64., 91., 8., 1., 0.,
       0., 2., 25., 108., 35., 6., 0., 0., 1., 0., 7., 96., 68., 13., 1.,
       0., 0., 0., 9., 92., 57., 11., 0., 0., 0., 7., 10., 32., 65.,
       108., 36., 15., 15., 108., 58., 59., 35., 46., 19., 14., 24., 17.,
       7., 58., 61., 66., 108., 18., 9., 3., 18., 68., 65., 45., 26.,
       15., 9., 7., 7., 12., 30., 108., 61., 27., 12., 108., 21., 9., 8.,
       40., 44., 76., 72., 20., 7., 7., 32., 84., 86., 33., 6., 0., 2.,
       2., 30., 84., 93., 56., 2., 1., 16., 59., 66., 63., 12., 8., 1.,
       48., 91., 41., 3., 2., 8., 35., 14., 14., 10., 6., 67., 75., 40.,
       29., 2., 14., 68., 37., 57., 33., 29., 33., 1., 19., 12., 31.,
       10., 1., 2., 6., 19., 5., 3., 45., 30., 3., 3., 22., 28., 3., 31.,
       107., 25., 13., 2., 9., 32., 6., 32., 54., 66., 78., 29., 1., 4.,
       10., 7., 40., 56., 51., 10., 8., 21., 76., 33., 87., 55., 21.,
       29., 22., 15., 9., 48., 117., 22., 20., 121., 74., 6., 3., 67.,
       101., 21., 55., 79., 16., 6., 12., 36., 52., 72., 91., 21., 0.,
       2., 121., 41., 9., 23., 28., 13., 8., 17., 49., 9., 1., 0., 52.,
       113., 42., 6., 18., 27., 10., 5., 111., 110., 22., 24., 28., 61.,
