%YAML:1.0
---
mat: !!opencv-matrix
   rows: 13
   cols: 128
   dt: f
   data: [ 24., 7., 0., 0., 0., 55., 50., 8., 117., 32., 0., 0., 0., 9.,
       14., 23., 56., 3., 0., 0., 0., 10., 83., 82., 2., 0., 0., 0., 0.,
       1., 55., 117., 6., 0., 0., 0., 0., 69., 116., 36., 117., 11., 0.,
       0., 0., 67., 108., 47., 117., 12., 0., 0., 0., 1., 10., 76., 24.,
       1., 0., 0., 0., 0., 15., 115., 40., 0., 0., 0., 0., 11., 52., 97.,
       13., 0., 0., 0., 0., 98., 117., 36., 117., 28., 0., 0., 0., 44.,
       52., 32., 100., 11., 0., 0., 0., 0., 4., 59., 51., 0., 0., 0., 0.,
       1., 15., 92., 9., 0., 0., 0., 0., 37., 73., 63., 23., 2., 0., 0.,
       0., 56., 117., 55., 35., 1., 0., 0., 0., 0., 15., 71., 0., 13.,
       85., 100., 2., 0., 0., 0., 1., 47., 126., 108., 2., 0., 1., 2.,
       14., 126., 77., 6., 0., 0., 1., 2., 16., 126., 38., 1., 0., 0.,
       0., 0., 10., 10., 27., 126., 41., 0., 0., 0., 75., 28., 54., 49.,
       3., 2., 32., 55., 39., 126., 15., 20., 15., 12., 40., 31., 29.,
       126., 46., 3., 1., 0., 0., 0., 30., 7., 7., 78., 97., 19., 5.,
       16., 126., 19., 4., 21., 19., 5., 7., 58., 27., 35., 14., 95.,
       67., 16., 8., 7., 52., 123., 22., 5., 1., 1., 1., 5., 58., 27.,
       15., 36., 19., 7., 5., 30., 80., 4., 1., 12., 17., 4., 3., 61.,
       11., 8., 2., 13., 38., 48., 33., 6., 67., 13., 0., 1., 1., 11.,
       20., 34., 2., 8., 15., 8., 69., 18., 1., 1., 72., 14., 0., 2.,
       113., 63., 7., 10., 127., 22., 0., 0., 10., 9., 4., 13., 13., 1.,
       0., 1., 70., 58., 3., 5., 9., 20., 19., 8., 27., 17., 6., 3., 39.,
       21., 2., 4., 122., 87., 7., 9., 127., 41., 1., 1., 7., 12., 7.,
       27., 20., 1., 0., 0., 44., 98., 13., 12., 33., 21., 14., 9., 15.,
       40., 45., 12., 37., 11., 2., 13., 76., 95., 21., 25., 127., 8.,
       0., 1., 10., 22., 18., 127., 27., 0., 0., 0., 13., 92., 47., 48.,
       3., 0., 0., 1., 1., 60., 127., 9., 4., 1., 1., 7., 14., 64., 127.,
       38., 45., 0., 0., 0., 2., 3., 84., 127., 9., 0., 0., 0., 4., 58.,
       72., 76., 0., 0., 0., 10., 94., 42., 7., 1., 23., 37., 18., 26.,
       84., 54., 35., 58., 117., 56., 6., 1., 0., 0., 5., 67., 21., 2.,
       0., 0., 6., 9., 10., 10., 0., 0., 0., 1., 36., 64., 24., 5., 8.,
       10., 32., 92., 119., 109., 50., 36., 119., 87., 52., 37., 7., 5.,
       10., 43., 66., 6., 0., 0., 2., 7., 21., 19., 1., 0., 0., 1., 26.,
       31., 30., 5., 6., 4., 6., 37., 119., 119., 73., 9., 119., 19., 7.,
       11., 11., 39., 90., 73., 107., 5., 0., 0., 0., 1., 16., 35., 2.,
       0., 0., 0., 11., 21., 51., 9., 1., 9., 8., 18., 91., 119., 24.,
       0., 86., 21., 11., 12., 11., 28., 18., 41., 94., 5., 0., 0., 0.,
       0., 19., 76., 3., 7., 29., 125., 53., 0., 0., 0., 42., 31., 57.,
       62., 5., 1., 18., 55., 17., 125., 23., 15., 17., 11., 29., 35.,
       2., 125., 67., 5., 1., 0., 0., 0., 18., 12., 7., 110., 125., 20.,
       2., 3., 125., 68., 8., 21., 19., 7., 8., 34., 41., 33., 14., 87.,
       108., 23., 11., 11., 41., 125., 29., 14., 7., 5., 4., 4., 22.,
       23., 22., 80., 92., 26., 8., 13., 125., 20., 3., 7., 13., 10., 9.,
       79., 35., 10., 3., 20., 67., 56., 34., 8., 60., 19., 1., 3., 6.,
       28., 62., 28., 70., 25., 10., 57., 75., 1., 1., 20., 125., 22.,
       2., 4., 12., 5., 0., 41., 11., 21., 14., 11., 29., 21., 8., 5.,
       30., 13., 17., 8., 3., 6., 10., 16., 0., 0., 0., 0., 0., 0., 0.,
       0., 2., 0., 0., 0., 5., 0., 0., 0., 16., 3., 0., 0., 1., 0., 0.,
       0., 2., 0., 0., 0., 0., 0., 0., 0., 0., 0., 0., 0., 8., 1., 0.,
       0., 70., 17., 2., 21., 221., 37., 1., 3., 221., 95., 2., 10., 62.,
       9., 1., 19., 76., 7., 0., 0., 0., 0., 0., 4., 0., 0., 0., 0., 5.,
       2., 0., 0., 59., 3., 0., 3., 221., 141., 6., 12., 221., 13., 0.,
       2., 65., 37., 6., 71., 81., 1., 0., 0., 0., 0., 0., 10., 0., 0.,
       0., 0., 0., 0., 0., 0., 1., 0., 0., 0., 8., 3., 0., 0., 9., 0.,
       0., 0., 2., 1., 0., 1., 1., 0., 0., 0., 0., 0., 0., 0., 34., 62.,
       14., 29., 58., 7., 0., 0., 24., 45., 20., 35., 93., 42., 21., 16.,
       61., 79., 13., 11., 40., 6., 6., 18., 11., 10., 1., 7., 115., 38.,
       0., 0., 86., 111., 6., 8., 18., 7., 0., 0., 9., 17., 28., 77.,
       86., 46., 21., 11., 74., 103., 40., 22., 24., 5., 6., 15., 14.,
       12., 1., 7., 119., 28., 0., 0., 119., 80., 1., 3., 17., 6., 1.,
       4., 28., 9., 4., 24., 119., 62., 2., 5., 119., 30., 5., 7., 35.,
       22., 3., 18., 41., 4., 0., 0., 97., 75., 2., 6., 119., 23., 1.,
       1., 11., 13., 6., 20., 36., 2., 0., 1., 63., 111., 10., 12., 119.,
       30., 0., 3., 38., 58., 10., 20., 64., 6., 0., 0., 38., 68., 9.,
       19., 99., 54., 4., 14., 17., 0., 0., 0., 23., 21., 6., 47., 119.,
       10., 1., 2., 112., 86., 8., 13., 17., 2., 1., 2., 7., 12., 7.,
       44., 119., 8., 0., 1., 119., 26., 0., 8., 22., 3., 1., 7., 32.,
       9., 2., 56., 119., 21., 5., 7., 119., 27., 3., 12., 27., 5., 4.,
       29., 19., 5., 3., 31., 119., 12., 0., 3., 119., 4., 0., 1., 13.,
       9., 1., 23., 16., 7., 10., 25., 74., 87., 32., 25., 74., 31., 11.,
       6., 9., 17., 26., 93., 11., 1., 0., 1., 119., 69., 3., 8., 119.,
       8., 0., 1., 9., 11., 4., 31., 14., 8., 12., 28., 77., 81., 12.,
       14., 101., 38., 13., 7., 9., 18., 13., 56., 15., 1., 0., 1., 113.,
       61., 8., 14., 9., 9., 1., 2., 0., 0., 2., 7., 15., 29., 29., 16.,
       0., 0., 0., 1., 20., 43., 13., 1., 0., 0., 0., 0., 19., 22., 1.,
       0., 0., 0., 0., 0., 2., 0., 4., 112., 8., 0., 4., 7., 29., 77.,
       116., 138., 32., 8., 2., 5., 138., 138., 59., 15., 2., 1., 1.,
       10., 31., 21., 1., 0., 0., 0., 0., 4., 9., 3., 42., 138., 34., 3.,
       4., 8., 72., 16., 11., 122., 45., 56., 71., 111., 138., 30., 3.,
       4., 2., 9., 27., 138., 42., 7., 0., 0., 0., 0., 0., 10., 33., 3.,
       17., 43., 7., 10., 63., 80., 32., 1., 0., 3., 2., 5., 73., 138.,
       24., 0., 0., 0., 0., 0., 19., 109., 9., 4., 0., 0., 0., 0., 1.,
       10., 113., 16., 2., 11., 15., 1., 0., 88., 105., 42., 54., 44.,
       0., 0., 0., 22., 34., 24., 109., 113., 2., 0., 1., 11., 113., 69.,
       24., 16., 0., 0., 0., 13., 112., 6., 5., 10., 5., 0., 0., 108.,
       20., 14., 52., 113., 40., 9., 2., 9., 113., 37., 38., 70., 7., 3.,
       6., 51., 101., 51., 65., 33., 0., 0., 0., 24., 37., 3., 28., 58.,
       9., 0., 0., 38., 24., 30., 53., 51., 50., 31., 23., 17., 98., 17.,
       11., 26., 7., 11., 28., 76., 23., 12., 44., 113., 13., 0., 0., 3.,
       2., 1., 8., 95., 43., 2., 5., 23., 60., 25., 20., 24., 5., 1., 8.,
       93., 29., 5., 6., 89., 13., 0., 2., 18., 16., 1., 3., 80., 30.,
       1., 1., 26., 22., 22., 1., 2., 77., 31., 3., 0., 74., 28., 2., 2.,
       51., 35., 24., 34., 63., 17., 1., 0., 27., 46., 3., 21., 22., 14.,
       0., 0., 71., 113., 2., 2., 77., 30., 0., 0., 15., 32., 7., 4.,
       17., 20., 26., 33., 54., 60., 38., 28., 93., 74., 24., 7., 5.,
       16., 9., 26., 15., 4., 0., 0., 80., 113., 11., 7., 113., 54., 0.,
       0., 6., 15., 5., 12., 28., 6., 4., 10., 49., 113., 51., 18., 113.,
       24., 4., 4., 15., 43., 29., 49., 58., 1., 0., 0., 9., 110., 49.,
       45., 111., 4., 0., 0., 1., 30., 35., 60., 45., 1., 0., 0., 14.,
       102., 59., 59., 109., 5., 0., 1., 17., 113., 41., 47., 106., 1.,
       0., 0., 0., 10., 44., 91., 5., 20., 31., 7., 0., 0., 0., 0., 4.,
       31., 68., 38., 7., 1., 1., 0., 5., 63., 115., 68., 11., 1., 1.,
       1., 6., 115., 88., 42., 22., 5., 0., 0., 4., 35., 115., 56., 10.,
       6., 5., 12., 62., 91., 87., 30., 22., 16., 18., 15., 16., 25.,
       42., 60., 115., 80., 47., 40., 56., 115., 27., 11., 15., 14., 58.,
       115., 19., 23., 31., 18., 44., 43., 22., 44., 115., 37., 11., 4.,
       15., 17., 11., 115., 50., 2., 0., 0., 30., 74., 69., 76., 25., 3.,
       0., 0., 1., 5., 62., 115., 4., 2., 5., 1., 11., 43., 89., 59.,
       35., 5., 1., 1., 0., 0., 26., 115., 27., 18., 0., 0., 0., 1., 6.,
