%YAML:1.0
---
mat: !!opencv-matrix
   rows: 29
   cols: 128
   dt: f
   data: [ 119., 15., 0., 1., 32., 23., 1., 15., 43., 6., 2., 11., 95.,
       119., 23., 31., 119., 8., 2., 2., 7., 25., 24., 107., 11., 0., 0.,
       0., 0., 0., 27., 23., 119., 84., 4., 8., 50., 20., 5., 32., 44.,
       51., 31., 107., 60., 60., 16., 18., 119., 84., 21., 19., 7., 12.,
       12., 45., 30., 2., 0., 0., 0., 0., 21., 18., 119., 5., 0., 6.,
       21., 26., 26., 119., 37., 5., 2., 8., 23., 119., 100., 62., 119.,
       9., 1., 2., 3., 43., 90., 119., 25., 0., 0., 0., 0., 0., 9., 22.,
       39., 0., 0., 0., 0., 26., 43., 73., 20., 0., 0., 0., 0., 13., 29.,
       29., 1., 0., 0., 0., 0., 7., 46., 20., 1., 0., 0., 0., 0., 3.,
       13., 5., 1., 23., 3., 1., 0., 0., 0., 0., 1., 13., 29., 16., 0.,
       0., 0., 0., 6., 36., 29., 4., 0., 0., 0., 0., 4., 17., 2., 0., 0.,
       0., 0., 0., 1., 28., 36., 31., 4., 0., 0., 0., 11., 21., 97.,
       120., 32., 8., 2., 4., 120., 120., 79., 33., 2., 2., 2., 10., 22.,
       25., 30., 10., 0., 0., 0., 0., 27., 33., 120., 111., 5., 1., 1.,
       13., 50., 26., 34., 67., 52., 51., 85., 49., 120., 43., 83., 51.,
       19., 12., 45., 49., 29., 40., 120., 68., 0., 0., 0., 3., 58., 11.,
       28., 59., 4., 1., 11., 120., 59., 7., 32., 119., 16., 4., 18.,
       77., 9., 5., 53., 120., 49., 4., 13., 59., 47., 13., 53., 22., 0.,
       1., 49., 87., 1., 4., 15., 53., 101., 75., 2., 0., 132., 110.,
       32., 20., 27., 44., 10., 9., 129., 36., 0., 0., 3., 45., 74., 25.,
       23., 2., 0., 0., 0., 12., 75., 99., 0., 0., 0., 0., 19., 132.,
       24., 0., 118., 17., 0., 0., 7., 132., 79., 42., 132., 37., 0., 0.,
       0., 5., 29., 89., 20., 0., 0., 0., 0., 1., 42., 74., 0., 0., 0.,
       0., 0., 35., 11., 0., 8., 0., 0., 0., 0., 132., 132., 52., 61.,
       1., 0., 0., 0., 8., 87., 132., 8., 0., 0., 0., 0., 0., 15., 53.,
       0., 0., 0., 0., 0., 0., 1., 0., 0., 0., 0., 0., 0., 4., 36., 14.,
       0., 0., 0., 0., 0., 0., 28., 33., 0., 0., 0., 0., 0., 0., 4., 7.,
       0., 37., 34., 0., 0., 0., 0., 0., 0., 31., 46., 2., 0., 0., 0.,
       0., 0., 30., 29., 0., 0., 0., 0., 0., 0., 8., 3., 0., 0., 0., 0.,
       0., 19., 106., 62., 31., 0., 0., 0., 0., 5., 46., 135., 135., 0.,
       0., 0., 0., 57., 135., 124., 10., 0., 0., 0., 1., 10., 40., 7.,
       0., 0., 0., 0., 0., 61., 53., 32., 135., 12., 0., 1., 7., 101.,
       38., 80., 135., 6., 0., 0., 12., 135., 72., 22., 7., 0., 0., 0.,
       34., 23., 11., 0., 0., 0., 0., 0., 1., 6., 2., 3., 80., 93., 51.,
       18., 10., 124., 9., 10., 58., 28., 21., 33., 116., 135., 7., 0.,
       0., 0., 0., 0., 45., 1., 0., 0., 0., 0., 0., 0., 0., 8., 3., 1.,
       6., 97., 113., 10., 6., 113., 15., 2., 3., 45., 52., 8., 56., 66.,
       12., 1., 12., 71., 50., 13., 33., 68., 6., 0., 1., 0., 1., 15.,
       44., 5., 0., 0., 0., 113., 98., 14., 4., 113., 7., 0., 1., 80.,
       60., 3., 49., 86., 8., 1., 8., 86., 101., 18., 49., 95., 3., 0.,
       0., 1., 3., 17., 73., 1., 0., 0., 18., 113., 35., 6., 1., 113.,
       34., 2., 11., 94., 25., 6., 40., 70., 33., 14., 43., 29., 51.,
       25., 35., 88., 15., 2., 1., 0., 2., 12., 49., 0., 0., 0., 8., 54.,
       83., 12., 3., 39., 1., 0., 3., 21., 44., 43., 112., 22., 2., 1.,
       2., 5., 50., 81., 56., 29., 1., 0., 0., 0., 2., 26., 45., 7., 23.,
       102., 22., 3., 1., 3., 1., 33., 26., 24., 7., 76., 91., 10., 4.,
       118., 13., 0., 4., 43., 93., 24., 30., 39., 3., 3., 27., 48., 63.,
       106., 44., 48., 52., 77., 42., 9., 3., 36., 30., 118., 67., 8.,
       2., 18., 51., 17., 55., 90., 5., 0., 5., 53., 118., 16., 29., 69.,
       5., 7., 35., 28., 32., 52., 17., 11., 6., 4., 5., 6., 5., 118.,
       118., 50., 9., 0., 18., 35., 29., 84., 118., 53., 6., 5., 63.,
       64., 50., 15., 26., 89., 7., 6., 9., 14., 17., 27., 30., 0., 0.,
       0., 0., 0., 0., 66., 20., 0., 0., 0., 1., 11., 45., 47., 11., 11.,
       0., 0., 4., 14., 79., 100., 28., 21., 0., 1., 2., 11., 26., 37.,
       45., 14., 30., 22., 20., 9., 23., 14., 15., 16., 37., 46., 93.,
       14., 1., 5., 10., 49., 115., 28., 4., 0., 0., 2., 8., 4., 21.,
       23., 0., 0., 0., 0., 0., 28., 56., 23., 51., 26., 1., 20., 28.,
       59., 16., 9., 72., 36., 2., 24., 49., 70., 35., 79., 36., 3., 0.,
       17., 57., 6., 57., 115., 2., 0., 0., 0., 0., 40., 72., 32., 99.,
       39., 1., 7., 21., 115., 56., 9., 73., 36., 0., 1., 9., 15., 15.,
       109., 115., 115., 10., 4., 4., 7., 115., 115., 16., 17., 10., 15.,
       12., 41., 13., 5., 83., 67., 1., 2., 45., 115., 45., 5., 25., 25.,
       12., 2., 54., 7., 4., 2., 31., 72., 97., 46., 5., 8., 8., 6., 4.,
       13., 34., 94., 25., 2., 1., 24., 59., 33., 0., 0., 1., 15., 17.,
       36., 23., 46., 13., 6., 14., 132., 16., 3., 1., 1., 2., 3., 62.,
       38., 1., 0., 0., 0., 0., 0., 19., 1., 9., 70., 132., 71., 23.,
       16., 1., 34., 132., 132., 26., 4., 6., 34., 23., 132., 132., 13.,
       0., 0., 0., 3., 32., 60., 7., 0., 0., 0., 0., 0., 9., 0., 1., 1.,
       15., 46., 116., 132., 3., 22., 16., 5., 2., 2., 18., 132., 90.,
       132., 18., 1., 0., 0., 0., 60., 132., 58., 1., 0., 0., 0., 0., 0.,
       19., 6., 4., 2., 0., 0., 11., 52., 11., 5., 2., 0., 0., 0., 3.,
       104., 32., 15., 0., 0., 0., 0., 0., 34., 58., 20., 0., 0., 0., 0.,
       0., 0., 13., 3., 56., 53., 1., 0., 0., 0., 0., 0., 30., 59., 3.,
       0., 0., 0., 0., 0., 30., 44., 0., 0., 0., 0., 0., 0., 18., 13.,
       0., 0., 0., 0., 0., 7., 93., 77., 16., 5., 5., 9., 6., 6., 62.,
       132., 117., 8., 0., 0., 1., 64., 132., 132., 12., 0., 0., 0., 1.,
       31., 61., 12., 0., 0., 0., 0., 0., 3., 4., 2., 35., 67., 48., 38.,
       7., 61., 19., 35., 132., 101., 24., 5., 18., 132., 59., 19., 9.,
       0., 0., 1., 60., 92., 21., 5., 2., 0., 0., 0., 8., 0., 2., 2., 3.,
       51., 86., 7., 0., 30., 0., 1., 9., 53., 132., 75., 67., 132., 2.,
       0., 0., 0., 2., 19., 132., 28., 10., 6., 13., 4., 0., 0., 8., 2.,
       63., 120., 14., 0., 0., 0., 0., 16., 64., 12., 1., 1., 0., 10.,
       6., 2., 3., 10., 7., 2., 1., 22., 4., 0., 5., 9., 2., 8., 6., 15.,
       2., 39., 109., 91., 18., 1., 0., 14., 9., 135., 135., 8., 2., 10.,
       6., 2., 9., 31., 24., 43., 49., 72., 49., 16., 13., 17., 48., 45.,
       7., 7., 6., 24., 41., 33., 3., 0., 0., 0., 4., 74., 63., 135.,
       16., 0., 0., 2., 7., 15., 135., 49., 2., 1., 2., 25., 97., 116.,
       59., 7., 4., 1., 0., 1., 11., 130., 88., 2., 0., 0., 0., 0., 16.,
       135., 103., 45., 0., 0., 0., 0., 0., 52., 135., 8., 0., 0., 0.,
       0., 1., 41., 39., 0., 0., 0., 0., 0., 0., 37., 9., 0., 5., 54.,
       46., 1., 0., 0., 0., 2., 24., 56., 42., 11., 3., 0., 0., 10., 35.,
       50., 37., 16., 6., 1., 1., 14., 16., 11., 9., 4., 6., 12., 9.,
       12., 26., 58., 95., 103., 42., 1., 1., 124., 118., 48., 19., 22.,
       30., 12., 11., 58., 23., 5., 8., 21., 95., 76., 42., 45., 9., 0.,
       0., 0., 4., 60., 94., 9., 2., 0., 2., 64., 124., 16., 6., 124.,
       14., 0., 1., 10., 87., 33., 64., 108., 2., 0., 0., 0., 26., 105.,
       78., 2., 0., 0., 0., 0., 2., 73., 85., 0., 0., 0., 0., 6., 101.,
       28., 1., 51., 0., 0., 0., 3., 76., 115., 120., 39., 0., 0., 0.,
       0., 0., 28., 96., 0., 0., 0., 0., 0., 0., 23., 24., 83., 44., 6.,
       3., 4., 39., 21., 9., 168., 99., 0., 0., 0., 1., 1., 8., 43., 5.,
       0., 0., 1., 6., 19., 17., 0., 0., 0., 0., 55., 87., 11., 1., 57.,
       10., 18., 19., 8., 16., 13., 23., 168., 55., 1., 0., 0., 1., 1.,
       40., 120., 6., 0., 0., 0., 1., 22., 36., 0., 0., 0., 0., 10., 64.,
       39., 7., 23., 2., 3., 2., 1., 17., 78., 71., 168., 40., 0., 0.,
       0., 0., 7., 70., 168., 15., 0., 0., 0., 1., 13., 33., 0., 0., 0.,
       0., 1., 16., 29., 8., 6., 1., 0., 1., 10., 39., 34., 8., 168.,
       40., 2., 1., 1., 3., 6., 18., 168., 27., 0., 0., 0., 1., 6., 16.,
       4., 0., 0., 0., 0., 13., 24., 5., 1., 0., 12., 21., 112., 70., 9.,
