%YAML:1.0
---
mat: !!opencv-matrix
   rows: 103
   cols: 128
   dt: f
   data: [ 2., 11., 9., 8., 51., 42., 8., 1., 102., 2., 0., 0., 19., 29.,
       20., 30., 178., 11., 0., 0., 0., 0., 0., 20., 37., 1., 0., 0., 0.,
       0., 0., 1., 3., 5., 3., 3., 18., 76., 42., 12., 96., 2., 0., 0.,
       14., 70., 37., 13., 178., 21., 0., 0., 1., 3., 1., 8., 59., 3.,
       0., 0., 0., 0., 0., 0., 0., 0., 0., 5., 56., 164., 12., 4., 62.,
       0., 0., 20., 48., 41., 7., 22., 178., 5., 0., 0., 2., 2., 1., 54.,
       69., 1., 0., 0., 0., 0., 0., 3., 0., 7., 13., 15., 80., 119., 0.,
       0., 42., 0., 0., 7., 33., 70., 24., 46., 178., 4., 0., 0., 0., 0.,
       4., 87., 43., 3., 0., 0., 0., 0., 0., 4., 0., 0., 10., 62., 39.,
       46., 7., 0., 149., 35., 18., 6., 1., 10., 5., 7., 156., 17., 0.,
       0., 0., 0., 0., 18., 22., 0., 0., 0., 0., 0., 0., 2., 0., 0., 0.,
       1., 49., 156., 35., 0., 142., 15., 0., 0., 8., 96., 38., 18.,
       156., 38., 0., 0., 0., 1., 2., 13., 25., 1., 0., 0., 0., 0., 0.,
       1., 0., 0., 5., 7., 102., 88., 6., 0., 67., 1., 2., 4., 38., 69.,
       17., 34., 156., 8., 0., 0., 0., 2., 3., 72., 18., 1., 0., 0., 0.,
       0., 0., 3., 0., 1., 1., 1., 71., 138., 6., 0., 51., 0., 0., 1.,
       21., 57., 16., 24., 156., 0., 0., 0., 0., 2., 2., 56., 8., 0., 0.,
       0., 0., 0., 0., 2., 2., 0., 0., 0., 27., 144., 49., 2., 144., 49.,
       0., 0., 3., 43., 31., 22., 144., 51., 0., 0., 0., 0., 0., 2., 0.,
       0., 0., 0., 0., 0., 0., 0., 0., 1., 1., 1., 20., 144., 36., 0.,
       109., 11., 0., 0., 9., 144., 52., 18., 144., 36., 0., 0., 0., 3.,
       4., 12., 8., 0., 0., 0., 0., 0., 0., 0., 0., 2., 47., 53., 36.,
       87., 4., 0., 35., 0., 14., 28., 63., 144., 17., 30., 144., 11.,
       0., 0., 2., 10., 9., 54., 27., 4., 0., 0., 0., 0., 0., 0., 0., 0.,
       14., 22., 27., 94., 38., 2., 4., 0., 10., 19., 11., 31., 79., 85.,
       73., 4., 0., 0., 2., 10., 31., 91., 29., 4., 0., 0., 0., 0., 0.,
       2., 0., 0., 0., 0., 0., 0., 0., 0., 1., 3., 26., 23., 0., 0., 0.,
       0., 72., 51., 78., 21., 0., 0., 0., 14., 73., 93., 15., 0., 0.,
       0., 0., 17., 0., 0., 0., 9., 6., 0., 0., 0., 27., 20., 27., 137.,
       60., 0., 0., 2., 137., 65., 30., 40., 5., 0., 0., 14., 72., 48.,
       62., 58., 12., 0., 0., 12., 0., 0., 0., 94., 28., 0., 0., 0., 75.,
       12., 6., 137., 89., 1., 1., 27., 137., 57., 18., 37., 11., 0., 0.,
       45., 41., 39., 35., 137., 70., 1., 3., 9., 0., 0., 0., 108., 62.,
       30., 7., 0., 54., 31., 3., 55., 15., 9., 9., 13., 103., 108., 23.,
       16., 2., 1., 3., 25., 27., 9., 12., 46., 17., 6., 71., 119., 123.,
       23., 19., 9., 1., 0., 0., 69., 3., 4., 19., 123., 107., 2., 1.,
       1., 105., 6., 6., 74., 67., 6., 5., 57., 123., 12., 4., 0., 0.,
       0., 1., 53., 116., 74., 87., 31., 2., 0., 0., 11., 4., 10., 60.,
       123., 71., 6., 3., 3., 123., 48., 28., 30., 18., 5., 4., 33.,
       106., 50., 35., 0., 0., 0., 0., 10., 20., 57., 107., 12., 1., 0.,
       0., 1., 6., 23., 73., 55., 32., 15., 12., 10., 118., 80., 52., 4.,
       3., 5., 10., 33., 23., 83., 123., 0., 0., 0., 0., 0., 0., 2., 4.,
       0., 0., 0., 0., 0., 0., 9., 16., 0., 0., 0., 0., 0., 1., 32., 47.,
       0., 0., 0., 0., 0., 0., 41., 85., 0., 0., 0., 0., 0., 0., 0., 0.,
       0., 0., 0., 2., 2., 0., 0., 0., 0., 0., 0., 14., 12., 2., 0., 0.,
       0., 0., 0., 43., 52., 0., 0., 0., 4., 63., 120., 63., 26., 0., 0.,
       0., 0., 1., 8., 89., 69., 8., 9., 11., 16., 36., 42., 65., 35.,
       120., 29., 10., 6., 3., 3., 36., 105., 26., 0., 0., 0., 29., 116.,
       86., 78., 0., 0., 0., 0., 2., 26., 118., 88., 5., 2., 2., 5., 64.,
       120., 60., 22., 120., 56., 7., 5., 17., 33., 21., 53., 118., 24.,
       0., 0., 9., 29., 20., 46., 0., 0., 0., 0., 0., 7., 53., 40., 0.,
       0., 0., 1., 81., 120., 24., 7., 102., 49., 5., 6., 82., 80., 5.,
       8., 120., 59., 1., 1., 1., 4., 3., 14., 1., 33., 30., 22., 15.,
       0., 0., 1., 27., 127., 57., 5., 2., 0., 0., 12., 8., 127., 62.,
       0., 0., 0., 0., 2., 0., 122., 89., 3., 0., 0., 0., 0., 14., 1.,
       1., 21., 39., 8., 1., 4., 127., 26., 3., 8., 13., 5., 5., 60.,
       18., 106., 92., 56., 43., 5., 4., 14., 29., 127., 127., 7., 1.,
       0., 0., 7., 10., 2., 1., 11., 16., 21., 7., 5., 88., 38., 29.,
       50., 10., 5., 2., 7., 38., 12., 23., 127., 55., 1., 0., 28., 127.,
       28., 11., 8., 2., 0., 0., 127., 2., 2., 5., 38., 13., 0., 0., 1.,
       2., 9., 25., 43., 6., 1., 9., 12., 37., 1., 5., 37., 5., 1., 11.,
       127., 71., 0., 0., 0., 0., 0., 0., 127., 4., 1., 1., 77., 140.,
       0., 0., 1., 32., 2., 2., 24., 16., 3., 9., 33., 32., 7., 5., 1.,
       3., 8., 10., 14., 10., 6., 7., 5., 9., 7., 4., 3., 17., 0., 0.,
       17., 140., 22., 0., 4., 140., 7., 1., 3., 22., 26., 16., 65., 13.,
       10., 9., 3., 55., 96., 15., 13., 32., 25., 9., 2., 9., 7., 0., 1.,
       9., 0., 0., 3., 140., 65., 48., 11., 111., 22., 2., 2., 14., 21.,
       105., 63., 15., 11., 4., 13., 89., 79., 61., 7., 26., 8., 0., 0.,
       23., 23., 65., 18., 0., 0., 0., 0., 15., 38., 140., 32., 1., 0.,
       0., 0., 0., 16., 140., 49., 0., 0., 0., 0., 3., 72., 140., 2., 0.,
       0., 0., 0., 1., 40., 140., 6., 17., 23., 6., 106., 58., 1., 2.,
       3., 106., 125., 3., 2., 1., 0., 0., 2., 126., 41., 3., 1., 3., 3.,
       2., 92., 80., 8., 0., 0., 0., 0., 1., 90., 5., 6., 1., 21., 30.,
       34., 35., 9., 103., 92., 1., 0., 2., 4., 39., 37., 135., 74., 0.,
       0., 0., 0., 3., 60., 88., 15., 5., 0., 0., 0., 2., 28., 23., 0.,
       0., 1., 3., 18., 50., 73., 42., 2., 0., 0., 0., 4., 135., 126.,
       135., 9., 1., 0., 0., 1., 23., 135., 51., 33., 5., 0., 0., 1., 3.,
       17., 51., 3., 0., 0., 0., 1., 6., 68., 55., 14., 5., 2., 0., 2.,
       20., 28., 135., 22., 2., 1., 0., 1., 6., 19., 25., 8., 3., 3., 0.,
       1., 13., 17., 3., 50., 106., 16., 1., 1., 8., 4., 1., 19., 98.,
       66., 4., 1., 1., 0., 0., 20., 113., 30., 9., 2., 1., 0., 0., 5.,
       74., 27., 16., 1., 0., 0., 17., 91., 70., 38., 28., 17., 38., 16.,
       77., 19., 77., 86., 32., 22., 20., 36., 13., 22., 111., 18., 90.,
       69., 20., 17., 7., 24., 113., 26., 8., 2., 1., 3., 19., 85., 49.,
       19., 17., 68., 51., 33., 113., 61., 14., 29., 32., 33., 34., 25.,
       29., 22., 9., 39., 113., 38., 19., 10., 22., 4., 5., 17., 48.,
       23., 10., 10., 2., 0., 0., 0., 3., 47., 113., 46., 13., 13., 4.,
       3., 2., 99., 113., 15., 3., 7., 5., 11., 17., 51., 113., 7., 5.,
       0., 0., 0., 8., 86., 78., 11., 14., 81., 45., 21., 13., 0., 0.,
       2., 20., 88., 107., 1., 2., 4., 4., 14., 4., 112., 107., 5., 13.,
       12., 4., 5., 3., 59., 112., 22., 0., 0., 0., 0., 37., 11., 4.,
       11., 23., 7., 13., 25., 112., 27., 13., 11., 24., 14., 9., 56.,
       29., 43., 30., 31., 112., 44., 12., 34., 15., 79., 82., 40., 21.,
       62., 22., 14., 6., 1., 1., 2., 4., 41., 112., 13., 93., 56., 19.,
       20., 12., 40., 109., 17., 30., 19., 18., 47., 75., 20., 80., 77.,
       26., 23., 29., 10., 23., 112., 50., 40., 19., 0., 0., 0., 0., 8.,
       55., 18., 7., 1., 1., 0., 0., 30., 112., 24., 2., 1., 2., 1., 3.,
       42., 110., 43., 1., 4., 18., 7., 8., 66., 104., 13., 1., 42., 95.,
       14., 2., 0., 2., 1., 0., 9., 89., 74., 5., 0., 0., 0., 0., 15.,
       115., 32., 9., 1., 0., 0., 0., 3., 74., 33., 15., 1., 0., 0., 13.,
       66., 73., 40., 27., 15., 39., 16., 59., 15., 89., 102., 24., 21.,
       21., 32., 9., 19., 115., 22., 69., 74., 21., 14., 3., 19., 115.,
       30., 7., 3., 1., 3., 19., 100., 78., 34., 27., 36., 23., 19.,
       115., 63., 12., 32., 39., 20., 17., 23., 32., 22., 8., 30., 115.,
       54., 11., 12., 10., 4., 5., 16., 55., 19., 7., 8., 7., 5., 1., 0.,
       2., 52., 115., 69., 29., 29., 6., 5., 2., 85., 115., 21., 6., 14.,
       9., 20., 33., 33., 115., 12., 3., 0., 0., 1., 12., 79., 82., 6.,
