%YAML:1.0
---
mat: !!opencv-matrix
   rows: 67
   cols: 128
   dt: f
   data: [ 0., 1., 4., 25., 4., 0., 5., 4., 0., 8., 90., 67., 2., 0., 3.,
       3., 6., 86., 71., 3., 0., 0., 2., 5., 9., 21., 1., 0., 0., 0., 3.,
       9., 13., 17., 22., 71., 80., 5., 1., 5., 73., 7., 50., 107., 62.,
       14., 34., 66., 55., 116., 35., 2., 26., 75., 50., 25., 96., 81.,
       0., 0., 3., 2., 2., 7., 56., 18., 8., 13., 116., 34., 3., 25.,
       116., 17., 1., 9., 116., 28., 6., 27., 97., 15., 0., 6., 116.,
       70., 33., 35., 116., 21., 0., 0., 13., 6., 13., 68., 15., 36.,
       52., 46., 41., 24., 20., 13., 116., 3., 5., 27., 42., 5., 12.,
       116., 42., 3., 8., 2., 14., 24., 69., 63., 10., 3., 2., 0., 1.,
       2., 29., 63., 0., 0., 0., 0., 0., 0., 0., 0., 2., 2., 1., 1., 0.,
       0., 0., 3., 18., 4., 1., 0., 0., 0., 20., 103., 3., 0., 0., 0.,
       0., 0., 30., 132., 0., 0., 0., 0., 1., 5., 10., 5., 16., 17., 15.,
       30., 38., 38., 13., 6., 132., 62., 14., 10., 5., 5., 5., 78., 70.,
       26., 5., 10., 7., 0., 3., 119., 14., 0., 0., 0., 1., 7., 42., 92.,
       12., 2., 1., 5., 24., 132., 132., 49., 132., 90., 17., 3., 19.,
       106., 49., 28., 45., 132., 28., 5., 12., 4., 0., 2., 98., 12., 0.,
       0., 0., 5., 13., 62., 22., 9., 6., 8., 10., 71., 52., 49., 10.,
       36., 15., 5., 69., 132., 28., 2., 75., 113., 9., 1., 6., 49., 19.,
       5., 1., 2., 2., 24., 8., 25., 116., 9., 4., 21., 55., 59., 8.,
       30., 86., 7., 59., 92., 43., 4., 0., 4., 14., 21., 12., 31., 10.,
       4., 0., 0., 0., 0., 8., 13., 32., 108., 77., 4., 10., 1., 52., 8.,
       47., 116., 55., 11., 38., 67., 27., 116., 34., 4., 23., 63., 55.,
       23., 45., 116., 8., 2., 4., 3., 0., 0., 60., 27., 14., 28., 116.,
       4., 0., 7., 116., 26., 2., 20., 109., 6., 8., 31., 63., 22., 3.,
       49., 116., 49., 17., 19., 116., 48., 2., 6., 21., 3., 3., 24.,
       14., 33., 40., 45., 43., 19., 26., 16., 114., 5., 3., 22., 34.,
       5., 13., 97., 22., 3., 1., 18., 35., 32., 51., 34., 29., 1., 2.,
       2., 3., 2., 20., 54., 1., 2., 3., 28., 4., 11., 117., 6., 1., 5.,
       65., 64., 3., 18., 99., 4., 31., 61., 67., 6., 0., 6., 34., 27.,
       14., 41., 10., 2., 0., 0., 0., 3., 3., 3., 9., 120., 80., 1., 4.,
       1., 37., 3., 62., 120., 32., 3., 41., 76., 7., 88., 63., 4., 6.,
       72., 90., 27., 28., 120., 11., 0., 5., 17., 2., 0., 27., 9., 4.,
       23., 120., 13., 0., 6., 120., 35., 0., 11., 71., 6., 11., 46.,
       39., 12., 1., 17., 81., 79., 27., 15., 84., 64., 1., 12., 73.,
       29., 1., 3., 17., 17., 10., 22., 120., 12., 0., 3., 120., 28., 1.,
       8., 70., 6., 0., 13., 43., 11., 3., 56., 60., 14., 11., 5., 45.,
       4., 0., 21., 43., 7., 26., 58., 5., 117., 92., 0., 0., 17., 20.,
       0., 30., 117., 10., 5., 25., 1., 0., 0., 8., 13., 2., 30., 117.,
       3., 2., 13., 16., 25., 11., 11., 22., 6., 32., 62., 22., 33., 5.,
       7., 76., 109., 46., 2., 117., 103., 1., 11., 47., 11., 0., 8.,
       62., 19., 1., 46., 117., 3., 2., 19., 105., 27., 0., 2., 8., 1.,
       19., 75., 18., 0., 12., 110., 90., 10., 3., 46., 117., 3., 0.,
       14., 46., 13., 5., 117., 34., 9., 0., 26., 98., 42., 65., 46.,
       81., 24., 0., 1., 2., 1., 24., 74., 4., 0., 9., 28., 2., 0., 37.,
       117., 15., 1., 0., 1., 1., 7., 9., 99., 3., 2., 0., 0., 2., 14.,
       43., 23., 4., 3., 0., 0., 0., 0., 12., 23., 0., 0., 7., 17., 3.,
       4., 0., 0., 1., 11., 29., 23., 5., 2., 0., 0., 3., 3., 4., 118.,
       52., 0., 0., 3., 15., 0., 12., 102., 10., 0., 15., 75., 2., 2.,
       23., 95., 56., 23., 0., 0., 97., 52., 61., 55., 31., 10., 0., 7.,
       54., 16., 3., 71., 118., 19., 0., 8., 118., 45., 8., 14., 19., 2.,
       3., 67., 3., 1., 5., 41., 106., 64., 0., 1., 118., 16., 2., 17.,
       64., 34., 2., 12., 59., 12., 0., 1., 118., 118., 5., 4., 30., 96.,
       63., 2., 18., 77., 31., 0., 7., 5., 40., 95., 26., 12., 7., 5.,
       118., 24., 2., 28., 20., 16., 6., 7., 71., 7., 0., 0., 7., 82.,
       12., 1., 0., 1., 5., 1., 2., 96., 105., 1., 119., 99., 2., 3.,
       28., 27., 1., 6., 71., 30., 1., 76., 119., 1., 1., 4., 33., 18.,
       5., 46., 87., 3., 41., 105., 7., 12., 6., 9., 15., 36., 119., 43.,
       119., 4., 0., 31., 52., 6., 2., 119., 85., 8., 1., 119., 119.,
       15., 12., 31., 119., 24., 1., 27., 31., 3., 22., 99., 34., 7., 0.,
       0., 17., 20., 40., 28., 17., 0., 0., 6., 11., 15., 28., 119., 9.,
       1., 0., 18., 55., 70., 119., 42., 72., 7., 0., 2., 4., 5., 94.,
       119., 21., 4., 0., 0., 3., 4., 1., 16., 5., 2., 0., 0., 0., 1.,
       6., 14., 8., 3., 0., 0., 0., 2., 18., 7., 8., 4., 0., 0., 0., 0.,
       10., 9., 5., 3., 0., 0., 0., 0., 0., 2., 0., 0., 0., 0., 7., 5.,
       0., 0., 0., 0., 6., 13., 5., 8., 0., 0., 0., 5., 19., 18., 7., 4.,
       0., 0., 1., 1., 3., 124., 33., 1., 0., 2., 0., 0., 0., 13., 16.,
       7., 0., 0., 4., 6., 54., 127., 56., 14., 0., 0., 79., 70., 87.,
       66., 34., 4., 0., 5., 42., 12., 3., 112., 127., 6., 0., 11., 6.,
       17., 4., 7., 21., 17., 0., 0., 15., 3., 6., 56., 127., 116., 1.,
       3., 127., 19., 7., 15., 71., 40., 2., 22., 47., 17., 1., 5., 127.,
       122., 2., 4., 14., 72., 83., 35., 2., 3., 1., 0., 10., 5., 40.,
       127., 72., 19., 7., 4., 127., 30., 2., 29., 29., 15., 3., 6., 45.,
       4., 0., 0., 21., 127., 14., 1., 3., 5., 1., 6., 24., 18., 0., 0.,
       17., 2., 4., 34., 133., 79., 1., 4., 133., 9., 4., 7., 43., 22.,
       1., 23., 27., 8., 0., 5., 133., 70., 0., 4., 8., 43., 98., 62.,
       6., 3., 0., 0., 23., 6., 31., 133., 96., 21., 5., 3., 133., 23.,
       2., 21., 24., 13., 2., 8., 38., 2., 0., 0., 41., 133., 11., 2.,
       30., 42., 105., 24., 2., 51., 12., 8., 45., 27., 27., 46., 29.,
       60., 35., 25., 133., 14., 2., 7., 14., 24., 5., 15., 56., 3., 0.,
       0., 2., 29., 5., 2., 11., 12., 1., 0., 0., 133., 40., 1., 16.,
       38., 42., 27., 14., 76., 18., 3., 133., 66., 12., 15., 8., 5., 6.,
       14., 49., 26., 0., 0., 2., 2., 0., 4., 17., 1., 1., 3., 1., 5.,
       20., 75., 8., 10., 27., 13., 0., 0., 0., 13., 3., 20., 12., 0.,
       2., 5., 3., 4., 2., 1., 0., 0., 9., 54., 21., 3., 30., 2., 18.,
       102., 4., 0., 0., 10., 10., 60., 133., 149., 15., 1., 0., 1., 99.,
       149., 72., 9., 0., 0., 0., 2., 23., 13., 0., 0., 0., 4., 7., 2.,
       18., 5., 91., 149., 4., 3., 6., 6., 63., 21., 35., 149., 34., 48.,
       18., 20., 149., 57., 9., 6., 3., 8., 4., 49., 56., 3., 0., 4., 2.,
       0., 0., 7., 13., 3., 16., 42., 7., 49., 118., 37., 83., 8., 12.,
       45., 41., 67., 21., 16., 149., 4., 2., 6., 3., 3., 1., 44., 31.,
       0., 0., 23., 16., 0., 0., 5., 8., 5., 5., 25., 13., 3., 92., 116.,
       44., 57., 32., 77., 25., 4., 29., 41., 57., 76., 10., 2., 0., 0.,
       0., 9., 1., 2., 3., 3., 0., 0., 0., 0., 2., 1., 1., 116., 62., 1.,
       16., 24., 116., 33., 12., 116., 39., 0., 2., 89., 94., 36., 44.,
       5., 0., 0., 0., 77., 2., 11., 22., 7., 0., 0., 0., 0., 6., 2., 2.,
       116., 86., 14., 23., 12., 72., 88., 36., 22., 9., 5., 64., 25.,
       32., 93., 116., 19., 0., 4., 35., 16., 42., 82., 34., 3., 0., 0.,
       2., 6., 1., 0., 1., 9., 29., 50., 110., 26., 2., 3., 4., 51., 25.,
       14., 116., 25., 11., 20., 66., 81., 13., 12., 64., 19., 29., 108.,
       48., 2., 0., 3., 9., 8., 44., 61., 39., 23., 15., 2., 4., 62.,
       24., 99., 64., 14., 9., 0., 0., 1., 11., 25., 5., 6., 1., 0., 0.,
       0., 0., 0., 1., 13., 5., 0., 0., 0., 16., 3., 6., 35., 118., 7.,
       8., 96., 118., 92., 30., 33., 82., 1., 0., 22., 59., 39., 75.,
       65., 0., 0., 0., 7., 5., 43., 60., 22., 1., 0., 0., 0., 6., 2.,
       1., 46., 118., 2., 1., 13., 59., 95., 49., 24., 86., 3., 8., 20.,
       16., 47., 118., 91., 4., 2., 33., 58., 33., 72., 87., 38., 3., 1.,
       11., 21., 1., 1., 1., 16., 118., 51., 15., 6., 9., 5., 3., 7.,
       35., 22., 63., 118., 2., 2., 4., 37., 92., 11., 65., 100., 30.,
